DEPT[M],CALIPER[,DEN(CDL),RES(16N),RES(64N),RES[OHM],SANG[DEG,SP[MM],GAM(NAT)
0.52,0,0,0,0,0,0,0,3.18623
0.54,0,0,0,0,0,0,0,8.49196
0.56,0,0,0,0,0,0,0,13.8024
0.58,0,0,0,0,0,0,0,19.1127
0.6,0,0,0,0,0,0,0,24.4231
0.62,0,0,0,0,0,0,0,29.7335
0.64,0,0,0,0,0,0,0,33.9827
0.66,0,0,0,0,0,0,0,38.231
0.68,0,0,0,0,0,0,0,44.6016
0.7,0,0,0,0,0,0,-83.895,50.9741
0.72,0,0,0,0,0,0,-83.9686,57.3465
0.74,0,0,0,0,0,0,-83.9686,61.0661
0.76,0,0,0,0,0,0,-83.9686,64.7834
0.78,0,0,0,0,0,0,-83.9686,67.9701
0.8,0,0,0,0,0,0,-83.9686,71.1563
0.82,0,0,0,0,0,0,-83.9686,76.4648
0.84,0,0,0,0,0,0,-83.9686,81.7752
0.86,0,0,0,0,0,0,-83.9686,83.9021
0.88,0,0,0,0,0,0,-83.9686,86.0263
0.9,0,0,0,0,0,0,-83.9686,88.1505
0.92,0,0,0,0,0,0,-83.9686,89.744
0.94,0,0,0,0,0,0,-83.9686,91.3372
0.96,0,0,0,0,0,0,-83.9686,87.6245
0.98,0,0,0,0,0,0,-84.9355,83.9073
1,0,0,0,0,0,0,-84.9364,80.19
1.02,0,0,0,0,0,0,-84.9364,78.0644
1.04,0,0,0,0,0,0,-84.9364,75.9403
1.06,0,0,0,0,0,0,-84.9364,74.3467
1.08,0,0,0,0,0,0,-84.9364,72.7536
1.1,0,0,0,0,0,0,-84.9364,68.5076
1.12,0,0,0,0,0,0,-84.9364,64.2593
1.14,0,0,0,0,0,0,-84.9364,60.011
1.16,0,0,0,0,0,0,-84.9364,62.1296
1.18,0,0,0,0,0,0,-84.9364,64.2537
1.2,0,0,0,0,0,0,-84.9364,65.3167
1.22,0,0,0,0,0,0,-84.9364,66.3788
1.24,0,0,0,0,0,0,-84.9364,67.4409
1.26,0,0,0,0,0,0,-85.6564,68.503
1.28,0,0,0,0,0,0,-85.657,67.9733
1.3,0,0,0,1903.54,0,0,-85.657,67.4423
1.32,0,0,0,2317.64,0,0,-85.657,66.9113
1.34,0,0,0,2318,0,0,-85.657,66.3802
1.36,0,0,0,2292.9,0,0,-85.657,65.8492
1.38,0,0,0,2292.88,0,0,-85.657,66.3793
1.4,0,0,0,2211.72,0,0,-85.657,66.9103
1.42,0,0,0,2211.65,0,0,-85.657,69.5637
1.44,0,0,0,2211.65,0,0,-85.657,70.6271
1.46,0,0,0,2562.45,0,0,-85.657,71.6892
1.48,0,0,0,2562.76,0,0,-85.657,70.629
1.5,0,0,0,2892.22,0,0,-85.657,69.5669
1.52,0,0,0,2892.51,0,0,-85.657,67.9743
1.54,0,0,0,2892.47,0,0,-91.726,66.3812
1.56,0,0,0,2892.47,0,0,-91.7313,64.788
1.58,0,0,0,2892.47,0,0,-91.7313,62.6643
1.6,0,0,0,2892.47,0,0,-91.7313,60.5402
1.62,0,0,0,2892.47,0,0,-91.7313,58.9466
1.64,0,0,0,2892.51,0,0,-91.7313,57.3535
1.66,0,0,0,2892.51,0,0,-91.7313,54.1687
1.68,0,0,0,2892.51,0,0,-91.7313,50.9824
1.7,0,0,0,2892.51,0,0,-91.7313,52.5714
1.72,0,0,0,2892.51,0,0,-91.7313,56.2868
1.74,0,0,0,2892.47,0,0,-91.7313,60.0041
1.76,0,0,0,2892.47,0,0,-91.7313,60.0073
1.78,0,0,0,2892.51,0,0,-91.7313,60.0073
1.8,0,0,0,2892.51,0,0,-91.7313,60.5379
1.82,0,0,0,2892.47,0,0,-88.9334,61.0689
1.84,0,0,0,2892.47,0,0,-88.931,61.6
1.86,0,0,0,2892.47,0,0,-88.931,62.131
1.88,0,0,0,2892.47,0,0,-88.931,62.662
1.9,0,0,0,2892.47,0,0,-88.931,64.2542
1.92,0,0,2805.86,2892.56,0,0,-88.931,65.8473
1.94,0,0,2855.85,2892.56,0,0,-88.931,70.6239
1.96,0,0,2855.89,2892.47,0,0,-88.931,75.4032
1.98,0,0,2855.89,2892.47,0,0,-88.931,80.1826
2,0,0,2855.89,2892.51,0,0,-88.931,81.7785
2.02,0,0,2855.89,2892.51,0,0,-88.931,83.3716
2.04,0,0,2855.89,2892.51,0,0,-88.931,84.4341
2.06,0,0,2855.89,2892.47,0,0,-88.931,85.4962
2.08,0,0,2855.94,2892.47,0,0,-88.931,88.15
2.1,0,0,2855.94,2892.47,0,0,-109.01,90.8052
2.12,0,0,2855.85,2892.47,3524.1,0,-109.027,89.7464
2.14,0,0,2855.85,2892.47,3527.25,0,-109.027,86.562
2.16,0,0,2855.89,2892.56,3527.25,0,-109.027,83.3758
2.18,0,0,2855.89,2892.56,3527.13,0,-109.027,83.373
2.2,0,0,2855.89,2892.47,3527.13,0,-109.027,83.373
2.22,0,0,2855.89,2892.47,3527.25,0.794228,-109.027,83.9035
2.24,0,0,2855.89,2892.47,3527.25,0.715631,-109.027,84.4346
2.26,0,0,2855.89,2892.47,3527.25,0.715562,-109.027,86.5574
2.28,0,0,2855.89,2892.47,3527.19,0.715562,-109.027,88.6815
2.3,0,0,2855.85,2892.51,3527.19,0.715562,-109.027,90.8056
2.32,0,0,2855.85,2892.51,3527.25,0.417282,-109.027,93.4604
2.34,0,0,2855.85,2892.47,3527.25,0.417022,-109.027,96.1155
2.36,0,0,2855.94,2892.47,3527.19,0.417022,-109.027,96.1179
2.38,0,0,2855.94,2892.47,3527.19,0.699246,-115.179,96.1179
2.4,0,0,2855.89,2892.47,3527.19,0.699495,-115.184,93.9956
2.42,0,0,2855.89,2892.56,3527.25,0.699495,-115.184,91.8715
2.44,0,0,2855.89,2892.56,3527.25,0.699495,-115.184,89.7473
2.46,0,0,2855.89,2892.56,3527.19,0.699495,-115.184,90.8066
2.48,0,0,2855.89,2892.47,3527.19,0.699495,-115.184,91.8687
2.5,0,0,2855.89,2892.47,3527.19,0.699495,-115.184,91.8696
2.52,0,0,2855.89,2892.47,3527.19,0.699495,-115.184,91.8696
2.54,0,0,2855.85,2892.47,3527.19,0.699495,-115.184,94.5225
2.56,0,0,2855.85,2892.51,3527.19,0.699495,-115.184,97.1777
2.58,0,0,2855.89,2892.51,3527.19,0.699495,-115.184,99.8328
2.6,0,0,2855.89,2892.51,3527.19,0.846209,-115.184,101.957
2.62,0,0,2855.89,2892.47,3527.19,0.846338,-115.184,104.082
2.64,0,0,2855.89,2892.47,3527.25,0.846338,-115.184,107.797
2.66,12.6644,0,2855.89,2892.56,3527.25,0.629383,-146.002,111.515
2.68,12.6756,0,2855.94,2892.56,3527.25,0.629191,-146.029,108.865
2.7,12.6752,0,2855.94,2892.56,3527.19,0.629191,-146.029,106.21
2.72,12.6752,0,2855.85,2892.47,3527.19,0.629191,-146.029,103.555
2.74,12.6756,0,2855.85,2892.47,3527.25,0.629191,-146.029,101.961
2.76,12.6756,0,2855.85,2892.47,3527.25,0.629191,-146.029,100.368
2.78,12.6682,0,2855.89,2892.47,3527.19,0.629191,-146.029,97.7133
2.8,12.6682,0,2855.89,2892.51,3527.19,0.629191,-146.029,95.0581
2.82,12.6682,0,2855.89,2892.51,3527.25,0.629191,-146.029,98.2393
2.84,12.6895,0,2855.89,2892.51,3527.25,0.629191,-146.029,101.426
2.86,12.6896,2.05777,2855.89,2892.47,3527.25,0.629191,-146.029,104.612
2.88,12.6882,2.05959,2855.89,2892.47,3527.19,0.46983,-146.029,103.553
2.9,12.6882,2.19458,2855.89,2892.47,3527.19,0.46969,-146.029,102.491
2.92,12.6845,2.19468,2855.89,2892.47,3527.19,0.289829,-146.029,100.368
2.94,12.6845,2.12988,2855.89,2892.56,3527.19,0.28967,-169.358,98.2439
2.96,12.6766,2.12981,2855.85,2892.56,3527.19,0.28967,-169.379,100.364
2.98,12.6766,2.14523,2855.85,2892.47,3527.19,0.28967,-169.379,102.488
3,12.665,2.14521,2855.94,2892.47,3527.19,0.28967,-169.379,104.613
3.02,12.665,2.14521,2855.94,2892.47,3527.25,0.28967,-169.379,104.084
3.04,12.6631,2.10521,2855.89,2892.47,3527.25,0.28967,-169.379,103.553
3.06,12.6631,2.10518,2855.89,2892.47,3527.19,0.28967,-169.379,104.614
3.08,12.6649,2.16334,2855.89,2380.5,3527.19,0.28967,-169.379,105.676
3.1,12.665,2.16339,2855.89,2380.05,3527.19,0.28967,-169.379,103.554
3.12,12.6608,2.05936,2855.89,747.559,3527.25,0.28967,-169.379,101.43
3.14,12.6608,2.05926,2855.85,746.118,3527.25,0.28967,-169.379,99.306
3.16,12.6589,2.0869,2855.85,746.118,3527.19,0.219613,-169.379,100.896
3.18,12.6589,2.08693,2855.89,312.345,3527.19,0.219551,-169.379,102.489
3.2,12.6589,2.17536,2855.89,311.962,3527.19,0.219551,-169.379,105.674
3.22,12.6612,2.1653,2855.89,241.336,3527.19,0.2284,-223.176,108.86
3.24,12.6612,2.0864,2855.89,241.275,3527.19,0.228407,-223.223,107.271
3.26,12.6612,2.10137,2855.89,110.882,3527.19,0.228407,-223.223,105.678
3.28,12.6612,2.18438,2855.89,110.768,3527.19,0.228407,-223.223,104.085
3.3,12.6622,2.17609,2855.89,110.768,3527.19,0.228407,-223.223,105.675
3.32,12.6622,2.18631,2855.89,64.8289,3527.19,0.228407,-223.223,107.268
3.34,12.6603,2.18539,2855.94,64.7889,3527.25,0.228407,-223.223,107.8
3.36,12.6603,2.14462,2855.94,64.5569,3527.25,0.228407,-223.223,108.331
3.38,12.6617,2.16251,2855.85,64.5567,3527.19,0.228407,-223.223,105.679
3.4,12.6617,2.16253,2855.85,66.8768,3527.19,0.228407,-223.223,101.963
3.42,12.6598,2.15254,2855.89,66.8789,3527.19,0.228407,-223.223,98.2453
3.44,12.6598,2.15253,2855.89,66.8789,3527.25,0.166489,-223.223,97.7115
3.46,12.6612,2.2284,2855.89,61.0321,3527.25,0.166434,-223.223,97.1804
3.48,12.6612,2.22847,2855.89,61.027,3527.19,0.0988073,-223.223,94.5271
3.5,12.6557,2.10134,2855.89,59.9597,3527.19,0.0987484,-274.49,91.8719
3.52,12.6557,2.10123,2815.67,59.9588,3527.19,0.0987484,-274.535,95.053
3.54,12.6557,2.13724,2815.64,57.4994,3527.25,0.0987484,-274.535,98.7699
3.56,12.6617,2.13728,2658.88,57.4973,3527.25,0.0987484,-274.535,102.487
3.58,12.6617,2.05868,2658.75,57.4973,3527.19,0.0987484,-274.535,98.7763
3.6,12.6631,2.03256,2483.4,49.7479,3527.19,0.0987484,-274.535,95.059
3.62,12.6631,2.14991,2483.24,49.7412,3527.19,0.0987484,-274.535,93.9947
3.64,12.677,2.1789,2483.24,46.6322,3527.19,0.0987484,-274.535,92.9326
3.66,12.677,2.12588,2233,46.6294,3527.19,0.0987484,-274.535,92.9317
3.68,12.6766,2.14396,2232.78,49.5992,3527.19,0.0987484,-274.535,91.3399
3.7,12.6766,2.22511,1857.66,49.6018,3527.19,0.0987484,-274.535,89.7468
3.72,12.6752,2.20089,1857.33,49.6018,3527.25,0.0733232,-274.535,87.0926
3.74,12.6752,2.20087,1288.67,52.5252,3527.25,0.0733008,-274.535,84.4374
3.76,12.6756,2.1839,1288.17,52.5278,3527.19,0.0733008,-274.535,84.435
3.78,12.6756,2.18389,1288.17,57.5393,3527.19,0.0887771,-259.435,84.435
3.8,12.6766,2.16318,844.383,57.5437,3480.79,0.0887906,-259.421,86.0268
3.82,12.6766,2.16316,843.996,62.6945,3480.75,0.0887906,-259.421,88.681
3.84,12.6761,2.17309,550.916,62.699,3480.75,0.0887906,-259.421,91.3362
3.86,12.6761,2.1731,550.661,62.699,3028.91,0.0887906,-259.421,94.522
3.88,12.6761,2.17546,154.243,69.3345,3028.51,0.0887906,-259.421,97.7082
3.9,12.6756,2.17546,153.893,69.3404,2320.44,0.0887906,-259.421,96.1193
3.92,12.6756,2.13816,153.893,76.8112,2319.82,0.0887906,-259.421,94.5262
3.94,12.6789,2.18216,32.824,76.8178,1186.84,0.0887906,-259.421,95.0554
3.96,12.6789,2.07747,32.7171,76.029,1185.84,0.0887906,-259.421,95.0558
3.98,12.6826,2.08659,15.6765,76.0283,1185.84,0.0887906,-259.421,95.0558
4,12.6826,2.11094,15.6616,76.0283,918.596,0.328081,-259.421,97.1781
4.02,12.6784,2.12269,17.4481,61.3186,918.36,0.328293,-259.421,99.3022
4.04,12.6784,2.26211,17.4497,61.3056,917.078,0.36844,-259.421,100.365
4.06,12.6826,2.23218,17.4497,54.9485,917.077,0.368475,-100.952,101.427
4.08,12.6826,2.23215,18.1368,54.9429,577.965,0.368475,-100.812,103.02
4.1,12.6821,2.15948,18.1374,57.959,577.665,0.368475,-100.812,106.205
4.12,12.6821,2.15941,17.771,57.9617,577.665,0.368475,-100.812,109.391
4.14,12.6817,2.15719,17.7707,57.9617,403.446,0.368475,-100.812,112.047
4.16,12.6817,2.15719,16.3964,63.2516,403.292,0.368475,-100.812,114.702
4.18,12.6812,2.0727,16.3952,63.2563,435.525,0.368475,-100.812,115.235
4.2,12.6812,2.07263,16.3952,70.4951,435.553,0.368475,-100.812,115.766
4.22,12.6784,2.13943,14.7461,70.5015,456.77,0.368475,-100.812,113.113
4.24,12.6784,2.13948,14.7447,80.4781,456.788,0.368475,-100.812,110.458
4.26,12.6784,1.83723,11.4924,80.4869,456.788,0.368475,-100.812,107.803
4.28,12.6784,1.8478,11.4895,80.4869,409.984,0.33589,-100.812,104.617
4.3,12.6784,1.59755,12.3598,62.4826,409.943,0.335861,-100.812,101.431
4.32,12.6821,1.59734,12.3606,62.4667,391.058,0.439209,-100.812,103.551
4.34,12.6821,1.42208,12.3606,46.3186,391.041,0.4393,-102.416,105.675
4.36,12.6789,1.45897,12.9103,46.3043,358.342,0.4393,-102.418,105.677
4.38,12.6789,1.22481,12.9108,55.8635,358.313,0.4393,-102.418,105.677
4.4,12.6803,1.2224,14.056,55.8717,358.313,0.4393,-102.418,104.615
4.42,12.6803,1.09581,14.057,55.8717,301.89,0.4393,-102.418,105.145
4.44,12.6812,1.16341,15.7977,61.6258,301.842,0.4393,-102.418,105.676
4.46,12.6812,1.26059,15.7992,61.6307,298.345,0.4393,-102.418,104.615
4.48,12.6807,1.37296,15.7992,70.6331,298.342,0.4393,-102.418,103.553
4.5,12.6807,1.37306,18.2729,70.6408,319.617,0.4393,-102.418,100.9
4.52,12.6803,1.4775,18.275,70.6408,319.635,0.4393,-102.418,98.2444
4.54,12.6803,1.47759,21.115,86.3249,319.635,0.4393,-102.418,97.1809
4.56,12.6817,1.34599,21.1175,86.3388,343.008,0.770599,-102.418,97.18
4.58,12.6817,1.34587,20.9801,114.273,343.029,0.770892,-102.418,97.18
4.6,12.6747,1.15878,20.98,114.298,380.857,0.733549,-102.418,95.5883
4.62,12.6747,1.15861,20.98,132.627,380.89,0.733516,-160.535,93.9951
4.64,12.6817,0.958453,16.4909,132.643,412.307,0.733516,-160.586,94.5243
4.66,12.6817,0.958277,16.4869,132.643,412.335,0.733516,-160.586,95.0554
4.68,12.6817,0.834818,15.1585,137.33,412.335,0.733516,-160.586,95.5864
4.7,12.6817,0.836103,15.1573,137.334,428.014,0.733516,-160.586,96.648
4.72,12.6798,0.880454,16.6232,96.4531,428.028,0.733516,-160.586,97.7101
4.74,12.6798,0.934112,16.6245,96.4171,451.75,0.733516,-160.586,95.5887
4.76,12.6826,1.02718,16.6245,97.0203,451.771,0.733516,-160.586,93.4646
4.78,12.6826,1.07012,18.3193,97.0208,451.48,0.733516,-160.586,91.871
4.8,12.6798,1.27099,18.3208,97.0208,451.48,0.733516,-160.586,90.2779
4.82,12.6798,1.30629,20.7486,81.5687,451.48,0.733516,-160.586,89.7459
4.84,12.6798,1.55424,20.7508,81.5551,472.987,0.458204,-160.586,93.99
4.86,12.6807,1.49279,23.7741,100.905,473.006,0.457961,-160.586,98.2383
4.88,12.6807,1.67308,23.7767,100.922,469.334,0.558893,-156.225,97.7115
4.9,12.6812,1.6519,23.7767,131.966,469.331,0.55898,-156.221,97.1804
4.92,12.6812,1.72938,18.4171,131.993,479.182,0.55898,-156.221,97.7105
4.94,12.6784,1.71392,18.4125,182.898,479.19,0.55898,-156.221,98.2416
4.96,12.6784,1.70805,13.5568,182.942,479.19,0.55898,-156.221,97.7115
4.98,12.6728,1.60903,13.5526,182.942,498.542,0.55898,-156.221,97.1804
5,12.6728,1.59371,16.5302,250.181,498.558,0.55898,-156.221,96.6494
5.02,12.6793,1.54834,16.5328,250.238,441.845,0.55898,-156.221,97.1795
5.04,12.6793,1.5483,16.5328,325.782,441.795,0.55898,-156.221,97.7105
5.06,12.6812,1.48554,18.6399,325.849,343.815,0.55898,-156.221,97.711
5.08,12.6812,1.48548,18.6418,371.045,343.729,0.55898,-156.221,97.711
5.1,12.6812,1.36743,22.2606,371.085,343.729,0.55898,-156.221,98.2416
5.12,12.6812,1.36733,22.2637,371.085,290.979,0.612223,-156.221,97.7115
5.14,12.6831,1.39755,22.2637,525.699,290.933,0.61227,-156.221,96.6499
5.16,12.6831,1.39758,26.9819,525.835,315.763,0.470609,-156.221,96.6489
5.18,12.6803,1.52419,26.9861,775.946,315.785,0.470484,-75.9474,96.6489
5.2,12.6803,1.5243,34.7734,776.167,385.146,0.470484,-75.8765,100.893
5.22,12.6807,1.49018,34.7802,1171.47,385.207,0.470484,-75.8765,105.142
5.24,12.6807,1.48734,40.8268,1171.82,385.207,0.470484,-75.8765,105.676
5.26,12.6821,1.54393,40.8322,1171.82,471.53,0.470484,-75.8765,101.432
5.28,12.6821,1.55912,40.8322,1466.52,471.606,0.470484,-75.8765,97.1837
5.3,12.6831,1.66187,44.3593,1466.78,543.998,0.470484,-75.8765,97.7105
5.32,12.6831,1.66464,44.3624,918.072,544.062,0.470484,-75.8765,98.2416
5.34,12.6775,1.68664,36.5752,917.588,544.062,0.470484,-75.8765,98.2421
5.36,12.6775,1.66076,36.5683,541.958,565.862,0.470484,-75.8765,98.2421
5.38,12.6844,1.67643,42.34,541.626,565.881,0.470484,-75.8765,99.3032
5.4,12.6845,1.65007,42.3451,541.626,538.077,0.653581,-75.8765,100.365
5.42,12.6845,1.75024,42.3451,684.782,538.053,0.653739,-75.8765,99.305
5.44,12.6854,1.74119,48.2086,684.905,491.831,0.653739,-81.9867,99.3041
5.46,12.6854,1.63691,48.2137,867.457,491.791,0.744166,-81.9919,99.3041
5.48,12.6891,1.62173,67.8197,867.614,491.791,0.744243,-81.9919,106.732
5.5,12.6891,1.63104,67.8366,917.962,459.266,0.744243,-81.9919,114.167
5.52,12.6886,1.61717,99.4445,918.006,459.239,0.744243,-81.9919,117.357
5.54,12.6886,1.60103,99.4716,878.563,466.991,0.744243,-81.9919,120.543
5.56,12.6872,1.62515,150.181,878.528,466.997,0.744243,-81.9919,121.607
5.58,12.6872,1.64865,150.225,878.528,556.468,0.744243,-81.9919,122.669
5.6,12.6886,1.63395,150.225,760.805,556.547,0.744243,-81.9919,123.731
5.62,12.6886,1.63394,227.044,760.701,556.547,0.744243,-81.9919,124.262
5.64,12.6863,1.70017,227.112,439.78,668.516,0.744243,-81.9919,124.793
5.66,12.6863,1.70023,346.578,439.496,668.614,0.744243,-81.9919,124.794
5.68,12.6826,1.7152,346.684,199.177,763.505,0.37295,-81.9919,124.794
5.7,12.6826,1.71521,522.264,198.965,763.589,0.372622,-81.9919,129.039
5.72,12.6845,1.7845,522.419,198.965,841.227,0.372622,-75.3676,133.287
5.74,12.6845,1.78457,522.419,196.227,841.296,0.586099,-75.3617,137.535
5.76,12.6845,1.79328,832.031,196.225,894.511,0.586288,-75.3617,139.661
5.78,12.6877,1.7933,832.305,241.235,894.558,0.586288,-75.3617,141.785
5.8,12.6877,1.80281,1231.01,241.275,894.558,0.586288,-75.3617,140.195
5.82,12.6761,1.76861,1231.36,241.275,894.442,0.586288,-75.3617,138.602
5.84,12.6761,1.81223,1720.91,313.709,894.442,0.586288,-75.3617,141.784
5.86,12.6538,1.78878,1721.34,313.773,1036.25,0.586288,-75.3617,144.971
5.88,12.6538,1.75956,1721.34,440.035,1036.38,0.586288,-75.3617,146.035
5.9,12.6515,1.74841,2026.2,440.147,1265.8,0.586288,-75.3617,139.668
5.92,12.6515,1.81272,2026.46,673.279,1266,0.586288,-75.3617,133.296
5.94,12.6543,1.8084,1346.34,673.48,1266,0.586288,-75.3617,130.107
5.96,12.6543,1.8084,1345.76,673.48,1339.62,0.789664,-75.3617,126.921
5.98,12.6538,1.68702,768.888,1039.93,1339.68,0.789838,-75.3617,129.571
6,12.6538,1.68692,768.393,1040.25,1822.89,0.759201,-89.7422,132.226
6.02,12.6538,1.82124,768.393,1620.99,1823.3,0.759175,-89.7546,131.698
6.04,12.6538,1.82136,923.501,1621.49,2725.66,0.759175,-89.7546,126.922
6.06,12.6487,1.69921,923.634,2559.61,2726.44,0.759175,-89.7546,122.143
6.08,12.6487,1.6991,1399.57,2560.44,2726.44,0.759175,-89.7546,124.792
6.1,12.6524,1.68854,1399.99,2892.22,3407.11,0.759175,-89.7546,127.447
6.12,12.6524,1.68854,2196.08,2892.51,3407.71,0.759175,-89.7546,122.143
6.14,12.651,1.71054,2196.78,2892.51,2828.4,0.759175,-89.7546,116.833
6.16,12.651,1.71568,2331.09,2892.51,2827.89,0.759175,-89.7546,111.523
6.18,12.651,1.69635,2331.21,2892.51,2612.52,0.759175,-89.7546,110.987
6.2,12.6529,1.74423,2331.21,2892.47,2612.33,0.759175,-89.7546,110.456
6.22,12.6529,1.81902,1991.87,2892.47,2612.33,0.759175,-89.7546,108.864
6.24,12.6519,1.79515,1991.57,2892.47,3439.88,0.644495,-89.7546,107.271
6.26,12.6519,1.7328,1149.49,2892.47,3440.61,0.644393,-89.7546,104.617
6.28,12.6524,1.75082,1148.75,2892.51,3527.17,0.495987,-81.9782,101.962
6.3,12.6524,1.689,443.22,2892.51,3527.25,0.495856,-81.9713,102.49
6.32,12.6515,1.64768,442.597,2892.51,3527.19,0.495856,-81.9713,103.021
6.34,12.6515,1.57897,442.597,2892.47,3527.19,0.495856,-81.9713,103.552
6.36,12.6496,1.58805,279.706,2892.47,3341.14,0.495856,-81.9713,101.43
6.38,12.6496,1.58805,279.562,2892.56,3340.97,0.495856,-81.9713,99.306
6.4,12.6533,1.59885,320.652,2892.56,3340.97,0.495856,-81.9713,97.7124
6.42,12.6533,1.59886,320.688,2892.47,2773.25,0.495856,-81.9713,96.1193
6.44,12.6492,1.62598,320.688,2892.47,2772.76,0.495856,-81.9713,97.7097
6.46,12.6492,1.626,367.275,2892.47,1835.48,0.495856,-81.9713,100.364
6.48,12.6529,1.56345,367.315,2753.72,1834.68,0.495856,-81.9713,103.019
6.5,12.6529,1.5634,405.611,2753.6,1165.82,0.495856,-81.9713,102.491
6.52,12.6524,1.54886,405.644,2358.15,1165.25,0.500982,-81.9713,101.96
6.54,12.6524,1.54884,546.46,2357.81,1165.25,0.500986,-81.9713,102.49
6.56,12.6547,1.59063,546.581,2073.03,1197.83,1.30442,-73.4337,103.021
6.58,12.6547,1.57714,546.581,2072.78,1197.86,1.30513,-73.4262,103.552
6.6,12.6529,1.65234,816.157,2072.78,1399.76,1.30513,-73.4262,101.43
6.62,12.6529,1.64271,816.396,2020.72,1399.94,1.30513,-73.4262,99.306
6.64,12.6524,1.59894,1268.01,2020.67,1399.94,1.30513,-73.4262,100.896
6.66,12.6524,1.63956,1268.41,2324.93,1564.72,1.30513,-73.4262,102.489
6.68,12.6524,1.62895,2025.06,2325.2,1564.86,1.30513,-73.4262,101.96
6.7,12.6543,1.60221,2025.73,2617.03,1625.25,1.30513,-73.4262,101.429
6.72,12.6543,1.6891,2836.52,2617.29,1625.3,1.30513,-73.4262,102.489
6.74,12.6524,1.65598,2837.23,2617.29,1976.77,1.30513,-73.4262,103.551
6.76,12.6524,1.61819,2837.23,2892.22,1977.08,1.30513,-73.4262,104.614
6.78,12.6487,1.6193,2847.63,2892.47,1977.08,1.30513,-73.4262,106.737
6.8,12.6487,1.7145,2847.64,2892.51,2407.12,1.33124,-73.4262,108.861
6.82,12.645,1.73095,2849.34,2892.51,2407.5,1.33127,-73.4262,107.802
6.84,12.645,1.68702,2849.34,2892.47,3040.61,0.521395,-90.6248,106.74
6.86,12.6524,1.72972,2848.56,2892.47,3041.17,0.52068,-90.64,105.678
6.88,12.6524,1.72975,2848.56,2892.47,3526.76,0.52068,-90.64,103.554
6.9,12.6552,1.73758,2846.73,2892.51,3527.19,0.52068,-90.64,101.43
6.92,12.6552,1.73758,2846.72,2892.51,3527.25,0.52068,-90.64,99.8365
6.94,12.6543,1.7838,2846.72,2892.51,3527.25,0.52068,-90.64,98.2434
6.96,12.6543,1.78384,2842.24,2892.51,3527.25,0.52068,-90.64,100.895
6.98,12.6538,1.79859,2842.23,2892.47,3527.19,0.52068,-90.64,103.55
7,12.6538,1.7986,2832.34,2892.47,3527.19,0.52068,-90.64,103.022
7.02,12.6538,1.74367,2832.33,2892.51,3527.25,0.52068,-90.64,103.021
7.04,12.6538,1.74362,2815.88,2892.51,3527.25,0.52068,-90.64,103.021
7.06,12.6533,1.82291,2815.87,2892.51,3527.19,0.52068,-90.64,102.491
7.08,12.6533,1.79992,2815.87,2886.2,3527.19,0.572901,-90.64,101.96
7.1,12.6529,1.76586,2787.42,2886.2,3527.25,0.572947,-90.64,104.612
7.12,12.6529,1.8,2787.4,2625.23,3527.25,0.507712,-102.983,107.267
7.14,12.6529,1.7969,2739.21,2625,3527.25,0.507654,-102.994,105.147
7.16,12.651,1.77071,2739.17,2231.22,3527.13,0.507654,-102.994,103.023
7.18,12.651,1.70065,2673.57,2230.88,3527.13,0.507654,-102.994,100.899
7.2,12.6524,1.71324,2673.51,2230.88,3527.25,0.507654,-102.994,101.428
7.22,12.6524,1.7188,2673.51,1596.13,3527.25,0.507654,-102.994,101.959
7.24,12.6557,1.72007,2661.14,1595.57,3527.19,0.507654,-102.994,100.368
7.26,12.6557,1.7559,2661.13,1967.03,3527.19,0.507654,-102.994,98.7745
7.28,12.6538,1.73968,2782.29,1967.35,3527.19,0.507654,-102.994,97.7119
7.3,12.6538,1.77941,2782.4,1967.35,3527.25,0.507654,-102.994,96.6499
7.32,12.6543,1.79088,2803.75,2779.68,3527.25,0.507654,-102.994,95.5878
7.34,12.6543,1.79089,2803.77,2780.4,3527.19,0.0803381,-102.994,96.1174
7.36,12.6533,1.69192,2803.77,2698.22,3527.19,0.0799608,-102.994,96.6485
7.38,12.6533,1.69183,2814.39,2698.15,3527.25,0.0799608,-102.994,91.3432
7.4,12.6557,1.72122,2814.4,2622.55,3527.25,0.152613,-103.55,86.0329
7.42,12.6557,1.72125,2839.41,2622.49,3527.25,0.152677,-103.55,88.1504
7.44,12.6524,1.8076,2839.43,2582.86,3527.19,0.152677,-103.55,90.2746
7.46,12.6524,1.80767,2850.89,2582.83,3527.19,0.152677,-103.55,92.3988
7.48,12.6552,1.77643,2850.9,2582.83,3527.19,0.152677,-103.55,92.4006
7.5,12.6552,1.7764,2850.9,2597.63,3527.19,0.152677,-103.55,92.4006
7.52,12.6533,1.76869,2854.2,2597.64,3527.19,0.152677,-103.55,88.6865
7.54,12.6533,1.77714,2854.2,2671.56,3527.19,0.152677,-103.55,84.9693
7.56,12.6552,1.88112,2854.47,2671.63,3527.19,0.152677,-103.55,82.3132
7.58,12.6552,1.88086,2854.47,2671.63,3527.19,0.152677,-103.55,79.6581
7.6,12.6547,1.86337,2853.42,2788.98,3527.19,0.152677,-103.55,77.0029
7.62,12.6547,1.8332,2853.42,2789.08,3527.25,0.17594,-103.55,74.8782
7.64,12.6547,1.76971,2845.63,2836.6,3527.25,0.175961,-103.55,72.7541
7.66,12.6487,1.7903,2845.62,2836.64,3527.19,0.175961,-103.55,73.8134
7.68,12.6487,1.55164,2845.62,2892.46,3527.19,0.405974,-150.497,74.8754
7.7,12.6603,1.56146,2813.24,2892.51,3527.19,0.406177,-150.538,72.2235
7.72,12.6603,1.45796,2813.21,2892.51,3527.25,0.406177,-150.538,69.5683
7.74,12.6631,1.42968,2743.86,2892.47,3527.25,0.406177,-150.538,66.9131
7.76,12.6631,1.31056,2743.8,2892.47,3527.19,0.406177,-150.538,63.1968
7.78,12.6622,1.3143,2607.43,2892.51,3527.19,0.406177,-150.538,59.4795
7.8,12.6622,1.34458,2607.31,2892.51,3527.19,0.406177,-150.538,62.6597
7.82,12.6626,1.35958,2607.31,2892.51,3527.19,0.406177,-150.538,65.8459
7.84,12.6626,1.3596,2344.46,2892.51,3527.19,0.406177,-150.538,63.1959
7.86,12.664,1.51457,2344.23,2892.47,3527.19,0.406177,-150.538,60.5407
7.88,12.664,1.51471,2506.12,2892.47,3527.19,0.406177,-150.538,57.8855
7.9,12.6585,1.6997,2506.26,2892.47,3527.25,0.391916,-150.538,61.0666
7.92,12.6584,1.69986,2506.26,2892.51,3527.25,0.391903,-150.538,64.2528
7.94,12.6617,1.77609,2855.54,2892.51,3527.19,0.310833,-150.538,65.3168
7.96,12.6617,1.77615,2855.85,2892.37,3527.19,0.310761,-234.044,66.3789
7.98,12.6612,1.81239,2855.89,2892.37,3364.21,0.310761,-234.116,70.0938
8,12.6612,1.81242,2855.89,2790.01,3364.07,0.310761,-234.116,73.8111
8.02,12.6617,1.85227,2855.89,2789.92,3364.07,0.310761,-234.116,77.5282
8.04,12.6617,1.83526,2855.89,2789.92,2785.62,0.310761,-234.116,79.1233
8.06,12.6617,1.79584,2855.89,2618.28,2785.13,0.310761,-234.116,80.7163
8.08,12.6622,1.76206,2855.89,2618.12,3254.81,0.310761,-234.116,82.3095
8.1,12.6622,1.80901,2855.89,2367.79,3255.21,0.310761,-234.116,83.9026
8.12,12.6622,1.81177,2855.89,2367.56,3255.21,0.310761,-234.116,85.4958
8.14,12.6622,1.67052,2855.89,2005.63,3526.94,0.310761,-234.116,87.0888
8.16,12.6617,1.67441,2855.89,2005.3,3527.19,0.310761,-234.116,88.682
8.18,12.6617,1.59785,2855.89,2005.3,3527.19,0.309662,-234.116,90.275
8.2,12.6612,1.59282,2855.89,1461.31,3527.19,0.309661,-234.116,91.8682
8.22,12.6612,1.58185,2824.01,1460.84,3527.19,0.309661,-234.116,88.1555
8.24,12.6631,1.55939,2823.98,606.824,3527.19,0.394837,-117.508,84.4382
8.26,12.6631,1.55937,2831.18,606.09,3527.25,0.39491,-117.408,86.5574
8.28,12.6612,1.68687,2831.18,302.238,3527.25,0.39491,-117.408,88.6815
8.3,12.6612,1.68698,2842.08,301.977,3527.25,0.39491,-117.408,90.8057
8.32,12.6654,1.58511,2842.09,301.977,3527.19,0.39491,-117.408,87.624
8.34,12.6654,1.58503,2842.09,283.926,3527.19,0.39491,-117.408,84.4378
8.36,12.664,1.50907,2849.65,283.91,3527.25,0.39491,-117.408,83.9045
8.38,12.664,1.509,2849.66,337.182,3527.25,0.39491,-117.408,83.3734
8.4,12.6649,1.30528,2852.96,337.227,3527.25,0.39491,-117.408,80.1896
8.42,12.665,1.30509,2852.96,445.348,3527.19,0.39491,-117.408,77.0033
8.44,12.6645,1.18435,2853.23,445.441,3527.19,0.39491,-117.408,73.8172
8.46,12.6645,1.15932,2853.24,445.441,3527.19,0.399179,-117.408,76.9978
8.48,12.6636,1.02928,2850.58,624.598,3527.19,0.399183,-117.408,80.1839
8.5,12.6636,1.02486,2850.58,624.76,3527.19,0.399183,-117.408,78.0644
8.52,12.6649,0.924612,2850.58,875.422,3527.19,0.435623,-84.3898,75.9404
8.54,12.665,0.985018,2840.59,875.649,3527.19,0.435656,-84.3598,77.5302
8.56,12.665,0.943922,2840.58,1211.78,3527.25,0.435656,-84.3598,79.1232
8.58,12.6659,1.00218,2817.77,1212.09,3527.25,0.435656,-84.3598,80.1858
8.6,12.6659,1.03023,2817.75,1212.09,3527.19,0.435656,-84.3598,80.1867
8.62,12.664,1.03681,2779.27,1629.86,3527.19,0.435656,-84.3598,80.1867
8.64,12.664,1.1282,2779.24,1630.22,3527.25,0.435656,-84.3598,82.8395
8.66,12.6663,1.11202,2779.24,1693.1,3527.25,0.435656,-84.3598,85.4948
8.68,12.6663,1.15312,2718.45,1693.15,3527.19,0.435656,-84.3598,85.4971
8.7,12.6677,1.1549,2718.4,1643.5,3527.19,0.435656,-84.3598,85.4971
8.72,12.6677,1.24067,2621.88,1643.46,3527.19,0.435656,-84.3598,83.9054
8.74,12.6682,1.29119,2621.79,1643.46,3527.25,0.504856,-84.3598,83.904
8.76,12.6682,1.29123,2469.02,1453.76,3527.25,0.504915,-84.3598,83.904
8.78,12.6682,1.49406,2468.89,1453.59,3527.13,0.524941,-84.3598,84.9652
8.8,12.6682,1.49423,2468.89,1259.12,3527.13,0.524958,-129.003,86.0273
8.82,12.6761,1.48042,2221.89,1258.95,3527.25,0.524958,-129.042,87.0893
8.84,12.6761,1.48041,2221.68,1038.9,3527.25,0.524958,-129.042,88.1514
8.86,12.6682,1.50574,1822.71,1038.71,3527.25,0.524958,-129.042,90.8051
8.88,12.6682,1.50577,1822.34,1038.71,3527.19,0.524958,-129.042,88.1546
8.9,12.6612,1.40229,1399.37,877.792,3527.19,0.524958,-129.042,85.4995
8.92,12.6612,1.4022,1398.98,877.646,3527.19,0.524958,-129.042,84.436
8.94,12.6617,1.28275,1398.98,652.645,3527.19,0.524958,-129.042,83.3739
8.96,12.6617,1.282,989.594,652.441,3424.89,0.524958,-129.042,81.2507
8.98,12.6566,1.12902,989.242,429.759,3424.8,0.524958,-129.042,79.1266
9,12.6566,1.1101,829.508,429.557,3424.8,0.524958,-129.042,79.1247
9.02,12.6566,1.03934,829.37,429.557,2903.27,0.571108,-129.042,79.1247
9.04,12.6594,1.05791,914.758,225.52,2902.79,0.57115,-129.042,79.1247
9.06,12.6594,1.10932,914.831,225.345,2056.31,0.347719,-135.11,83.8997
9.08,12.6566,1.11985,914.831,34.3002,2055.55,0.347516,-135.116,88.6792
9.1,12.6566,1.25873,1361.21,34.1361,1715.45,0.347516,-135.116,89.7445
9.12,12.6561,1.28994,1361.62,24.0665,1715.14,0.347516,-135.116,90.8066
9.14,12.6561,1.56879,1991,24.0578,1715.14,0.347516,-135.116,89.2158
9.16,12.6543,1.63524,1991.57,24.0578,1881.61,0.347516,-135.116,87.6227
9.18,12.6543,1.813,2566.44,31.1109,1881.76,0.347516,-135.116,86.0296
9.2,12.6533,1.75447,2566.96,31.1173,2240.64,0.347516,-135.116,84.4364
9.22,12.6533,1.75442,2566.96,27.5443,2240.95,0.347516,-135.116,82.8434
9.24,12.6538,1.72141,2855.69,27.5411,2798.71,0.347516,-135.116,84.9643
9.26,12.6538,1.72138,2855.94,24.0608,2799.18,0.347516,-135.116,87.0884
9.28,12.6538,1.62406,2851.41,24.0578,2799.18,0.347516,-135.116,86.5597
9.3,12.6538,1.62398,2851.4,24.0578,3439.48,0.279213,-135.116,86.0286
9.32,12.6529,1.53694,2827.53,19.139,3440.03,0.279155,-135.116,85.4976
9.34,12.6529,1.53686,2827.51,19.1348,3527.11,0.281566,-125.611,87.6195
9.36,12.651,1.34535,2827.51,18.5315,3527.19,0.281568,-125.603,89.7436
9.38,12.651,1.34518,2807.13,18.531,3527.25,0.281568,-125.603,92.3983
9.4,12.6519,1.17194,2807.11,20.6655,3527.25,0.281568,-125.603,95.0534
9.42,12.6519,1.17554,2767.03,20.6674,3527.25,0.281568,-125.603,95.0558
9.44,12.6529,0.998305,2767,20.6674,3527.13,0.281568,-125.603,95.0558
9.46,12.6529,1.0402,2697.05,26.4215,3527.13,0.281568,-125.603,95.0558
9.48,12.6529,0.934919,2696.99,26.4264,3527.25,0.281568,-125.603,90.2808
9.5,12.6529,0.966108,2696.99,33.8511,3527.25,0.281568,-125.603,85.5012
9.52,12.6529,0.867939,2581.28,33.8574,3527.19,0.281568,-125.603,88.1499
9.54,12.6533,0.880758,2581.17,40.1219,3527.19,0.281568,-125.603,90.8052
9.56,12.6533,0.896365,2387.09,40.1273,3527.19,0.281568,-125.603,91.8686
9.58,12.6524,0.893192,2386.92,40.1273,3527.25,0.171095,-125.603,92.9308
9.6,12.6524,1.02555,2041.4,40.7306,3527.25,0.171,-125.603,93.9928
9.62,12.6515,1.06076,2041.09,40.7311,3527.19,0.283907,-102.973,96.6467
9.64,12.6515,1.30507,2041.09,40.0815,3527.19,0.284004,-102.953,99.3017
9.66,12.6533,1.30036,1392.66,40.0809,3527.19,0.284004,-102.953,98.7735
9.68,12.6533,1.5221,1392.11,40.1737,3527.19,0.284004,-102.953,98.2425
9.7,12.651,1.49692,247.077,40.1738,3527.19,0.284004,-102.953,99.8338
9.72,12.651,1.4969,246.093,41.1482,3527.25,0.284004,-102.953,101.427
9.74,12.6538,1.51272,71.5168,41.1491,3527.25,0.284004,-102.953,103.02
9.76,12.6538,1.51273,71.3669,41.1491,3258.48,0.284004,-102.953,99.8379
9.78,12.6538,1.61462,71.3669,42.2164,3258.25,0.284004,-102.953,96.6517
9.8,12.6538,1.61471,48.3252,42.2173,2650.65,0.284004,-102.953,97.7101
9.82,12.6552,1.62337,48.3054,40.1291,2650.13,0.284004,-102.953,98.7722
9.84,12.6552,1.62337,18.484,40.1273,2650.13,0.284004,-102.953,99.8342
9.86,12.6533,1.51704,18.4584,38.6888,1833.57,0.393287,-102.953,100.896
9.88,12.6533,1.51695,11.7245,38.6876,1832.87,0.393381,-102.953,101.958
9.9,12.6533,1.5944,11.7187,38.6876,490.092,0.431717,-162.344,104.612
9.92,12.6533,1.58578,11.7187,39.7549,488.874,0.431751,-162.398,107.267
9.94,12.6515,1.57321,12.9555,39.7558,299.447,0.431751,-162.398,102.495
9.96,12.6515,1.60755,12.9566,44.8602,299.275,0.431751,-162.398,97.7151
9.98,12.6519,1.65232,12.4528,44.8646,299.275,0.431751,-162.398,97.711
10,12.6519,1.64796,12.4523,52.7068,301.49,0.431751,-162.398,97.711
10.02,12.6519,1.65859,12.1316,52.7136,301.492,0.431751,-162.398,97.711
10.04,12.6506,1.67053,12.1314,52.7136,232.945,0.431751,-162.398,96.1193
10.06,12.6506,1.65624,12.1314,63.2931,232.886,0.431751,-162.398,94.5262
10.08,12.6519,1.61996,15.1089,63.3027,180.893,0.431751,-162.398,96.1165
10.1,12.6519,1.60606,15.1115,72.3974,180.848,0.431751,-162.398,97.7096
10.12,12.6519,1.61408,17.6768,72.4057,180.848,0.431751,-162.398,96.6498
10.14,12.6519,1.65732,17.679,64.6102,155.028,0.457846,-162.398,95.5878
10.16,12.6515,1.62377,22.5805,64.6031,155.005,0.45787,-162.398,94.5257
10.18,12.6515,1.67924,22.5847,64.6031,152.44,0.352422,-319.98,95.5859
10.2,12.6552,1.72643,22.5847,51.5637,152.438,0.352326,-320.123,96.648
10.22,12.6552,1.72647,17.8208,51.5525,161.589,0.352326,-320.123,95.5878
10.24,12.6543,1.71661,17.8165,26.9121,161.597,0.352326,-320.123,94.5257
10.26,12.6543,1.7166,11.0826,26.8909,161.597,0.352326,-320.123,92.4024
10.28,12.6529,1.7393,11.0769,18.7702,195.113,0.352326,-320.123,90.2783
10.3,12.6529,1.73932,11.7182,18.7632,195.141,0.352326,-320.123,91.8682
10.32,12.6543,1.75218,11.7187,18.7632,244.919,0.352326,-320.123,91.8696
10.34,12.6543,1.7522,13.2762,11.5707,244.962,0.352326,-320.123,91.8696
10.36,12.6515,1.66383,13.2776,11.5645,286.172,0.352326,-320.123,90.8084
10.38,12.6515,1.66376,13.2776,14.5807,286.207,0.352326,-320.123,89.7463
10.4,12.6529,1.71425,14.2853,14.5833,286.207,0.352326,-320.123,90.8065
10.42,12.6529,1.70891,14.2862,19.6413,291.045,0.427534,-320.123,91.8687
10.44,12.6501,1.78301,12.4081,19.6457,291.049,0.427598,-320.123,92.9307
10.46,12.6501,1.79404,12.4064,19.6457,288.368,0.48735,-329.031,93.4622
10.48,12.6501,1.86925,10.7116,22.8938,288.366,0.487401,-329.038,93.9933
10.5,12.6552,1.88354,10.7101,22.8967,284.635,0.487401,-329.038,91.8714
10.52,12.6552,1.83304,10.7101,31.3882,284.632,0.487401,-329.038,89.7474
10.54,12.652,1.83948,10.4352,31.3959,275.889,0.487401,-329.038,85.5008
10.56,12.6519,1.71989,10.435,30.4679,275.881,0.487401,-329.038,81.2527
10.58,12.6538,1.70357,11.6718,30.467,275.881,0.487401,-329.038,79.6571
10.6,12.6538,1.69377,11.6729,30.467,259.911,0.487401,-329.038,80.1863
10.62,12.6538,1.67224,13.6426,32.6016,259.897,0.487401,-329.038,80.7173
10.64,12.6538,1.65734,13.6443,32.6035,234.135,0.487401,-329.038,79.6567
10.66,12.6519,1.65374,13.6443,34.9701,234.111,0.487401,-329.038,78.5945
10.68,12.6519,1.65374,16.805,34.9721,200.073,0.487401,-329.038,80.1853
10.7,12.6519,1.71413,16.8078,44.0672,200.042,0.452257,-329.038,81.7785
10.72,12.6519,1.71418,19.6478,44.075,200.042,0.452226,-329.038,80.1882
10.74,12.6538,1.73166,19.6504,44.075,166.06,0.79861,-365.432,78.595
10.76,12.6538,1.73168,18.8717,59.1563,166.031,0.798907,-365.463,77.0019
10.78,12.651,1.65359,18.871,59.1692,134.613,0.798907,-365.463,75.9393
10.8,12.651,1.65352,18.871,83.7633,134.586,0.798907,-365.463,74.8773
10.82,12.6482,1.60542,16.0767,83.7844,105.675,0.798907,-365.463,74.3458
10.84,12.6482,1.60538,16.0743,115.617,105.651,0.798907,-365.463,73.8148
10.86,12.6506,1.5703,10.8521,115.645,105.651,0.798907,-365.463,73.8143
10.88,12.6506,1.55726,10.8476,115.645,84.6085,0.798907,-365.463,73.8143
10.9,12.6524,1.53501,10.3895,120.888,84.5904,0.798907,-365.463,73.8143
10.92,12.6524,1.53691,10.3891,120.893,69.5521,0.798907,-365.463,72.7531
10.94,12.6538,1.54247,10.3891,75.0481,69.5392,0.798907,-365.463,71.6911
10.96,12.6538,1.57711,11.0763,75.0065,59.5136,0.798907,-365.463,76.996
10.98,12.6538,1.67979,11.0769,60.9004,59.505,0.851045,-365.463,82.3061
11,12.651,1.73323,12.5427,60.8876,59.505,0.851093,-365.463,83.9026
11.02,12.651,1.74662,12.544,60.8876,56.9404,0.674382,-327.22,85.4957
11.04,12.6482,1.71616,15.5215,-4.58812,56.9381,0.674222,-327.185,87.0889
11.06,12.6482,1.82659,15.5241,-4.64437,59.9689,0.674222,-327.185,86.5597
11.08,12.6487,1.7876,15.5241,99914.2,59.9717,0.674222,-327.185,86.0286
11.1,12.6487,1.82388,14.5164,100000,67.4322,0.674222,-327.185,88.1504
11.12,12.6496,1.8159,14.5155,100000,67.439,0.674222,-327.185,90.2747
11.14,12.6496,1.76104,22.3483,100000,67.439,0.674222,-327.185,88.6848
11.16,12.6478,1.76355,22.3554,100000,78.164,0.674222,-327.185,87.0916
11.18,12.6478,1.76355,19.8361,100000,78.1732,0.674222,-327.185,85.4986
11.2,12.6454,1.74551,19.8338,100000,94.6105,0.674222,-327.185,87.6195
11.22,12.6454,1.7455,19.8338,100000,94.6246,0.674222,-327.185,89.7435
11.24,12.6505,1.67473,22.5365,100000,117.007,0.674222,-327.185,89.7454
11.26,12.6506,1.67467,22.5388,100000,117.026,0.624707,-327.185,89.7454
11.28,12.6468,1.68988,25.2873,100000,117.026,0.624662,-327.185,89.2149
11.3,12.6468,1.6899,25.2897,100000,143.023,0.435195,-222.51,88.6838
11.32,12.6468,1.79476,34.1766,100000,143.045,0.435033,-222.42,88.1528
11.34,12.6468,1.79485,34.1842,100000,165.078,0.435033,-222.42,87.6217
11.36,12.6478,1.79985,34.1842,88.617,165.097,0.435033,-222.42,87.0907
11.38,12.6478,1.7961,49.1178,2.78662,171.567,0.435033,-222.42,84.9679
11.4,12.6482,1.8422,49.1306,30.1649,171.573,0.435033,-222.42,82.8438
11.42,12.6482,1.87283,74.0963,30.1884,171.573,0.435033,-222.42,81.7808
11.44,12.6473,1.92081,74.1177,60.071,178.975,0.435033,-222.42,80.7188
11.46,12.6473,1.90605,103.16,60.0981,178.982,0.435033,-222.42,79.6566
11.48,12.6473,2.00156,103.185,60.0981,195.535,0.435033,-222.42,82.8391
11.5,12.6835,2.00707,103.185,106.92,195.55,0.435033,-222.42,86.0254
11.52,12.6835,1.95396,95.3066,106.96,230.055,0.435033,-222.42,84.4365
11.54,12.6845,1.85806,95.2995,192.9,230.086,0.271164,-222.42,82.8433
11.56,12.6845,1.84331,46.8821,192.973,230.086,0.271024,-222.42,84.4336
11.58,12.6877,1.87033,46.8382,309.308,293.095,0.248217,-84.6841,86.0268
11.6,12.6877,1.71319,34.1957,309.408,293.15,0.248197,-84.5657,87.6199
11.62,12.6937,1.66774,34.1842,309.408,396.378,0.248197,-84.5657,86.5601
11.64,12.6937,1.52374,34.1842,320.544,396.467,0.248197,-84.5657,85.4981
11.66,12.7002,1.56932,13.7536,320.554,551.979,0.248197,-84.5657,84.9666
11.68,12.7002,1.56936,13.736,96.5273,552.113,0.248197,-84.5657,84.4356
11.7,12.7006,1.53139,13.5528,96.3242,552.113,0.248197,-84.5657,83.3739
11.72,12.7006,1.53136,13.5526,19.4367,784.438,0.248197,-84.5657,82.3119
11.74,12.7072,1.56263,18.9581,19.367,784.649,0.248197,-84.5657,82.8415
11.76,12.7072,1.56265,18.9627,19.367,1144.85,0.248197,-84.5657,84.4336
11.78,12.7064,1.69212,18.9627,-2.95322,1145.18,0.248197,-84.5657,86.0268
11.8,12.7064,1.69223,28.1702,-2.97239,1750.68,0.248197,-84.5657,88.1505
11.82,12.7072,1.88692,28.1781,99914.2,1751.2,0.418095,-84.5657,90.2747
11.84,12.7072,1.88709,54.5181,100000,1751.2,0.418241,-84.5657,88.1541
11.86,12.706,2.05694,54.5407,100000,2730.96,0.467404,-119.581,86.03
11.88,12.706,2.04416,92.516,100000,2731.8,0.467446,-119.611,88.6811
11.9,12.6956,2.05778,92.5486,100000,3526.5,0.467446,-119.611,88.6834
11.92,12.6956,1.93581,92.5486,100000,3527.19,0.467446,-119.611,88.6834
11.94,12.6914,1.93018,161.121,100000,3527.25,0.467446,-119.611,88.1528
11.96,12.6914,1.87183,161.183,123.884,3527.25,0.467446,-119.611,87.6217
11.98,12.6914,1.83032,266.95,38.0838,3527.25,0.467446,-119.611,89.7435
12,12.691,1.8419,267.046,82.2138,3527.19,0.467446,-119.611,91.8678
12.02,12.691,1.93546,439.14,82.2517,3527.19,0.467446,-119.611,91.8696
12.04,12.7195,1.87278,439.296,82.2517,3527.19,0.467446,-119.611,93.4613
12.06,12.7195,1.81289,653.579,198.117,3527.19,0.467446,-119.611,95.0544
12.08,12.7175,1.86693,653.773,198.222,3527.19,0.467446,-119.611,93.9946
12.1,12.7175,1.82203,653.773,338.586,3527.19,0.366805,-119.611,92.9326
12.12,12.7187,1.84376,767.149,338.714,3527.19,0.366714,-119.611,96.1152
12.14,12.7187,1.95818,767.247,557.451,3527.25,0.391677,-131.193,99.3012
12.16,12.7167,1.98224,733.394,557.649,3527.25,0.391699,-131.204,101.957
12.18,12.7167,1.98227,733.365,557.649,3527.19,0.391699,-131.204,104.612
12.2,12.7154,1.97769,646.695,902.847,3527.19,0.391699,-131.204,107.267
12.22,12.7154,1.97768,646.621,903.144,3527.19,0.391699,-131.204,107.8
12.24,12.7175,1.94365,646.621,1427.6,3527.19,0.391699,-131.204,108.331
12.26,12.7175,1.94362,651.98,1428.05,3392.37,0.391699,-131.204,112.046
12.28,12.7162,1.85543,651.985,1674.18,3392.25,0.391699,-131.204,115.763
12.3,12.7162,1.85535,408.787,1674.39,3392.25,0.391699,-131.204,112.583
12.32,12.7265,1.7575,408.578,1674.39,2945.3,0.391699,-131.204,109.397
12.34,12.7265,1.75742,328.001,1602.23,2944.91,0.391699,-131.204,106.21
12.36,12.7532,1.65092,327.932,1602.17,2173.94,0.786172,-131.204,107.269
12.38,12.7532,1.66911,327.932,1707.97,2173.27,0.786511,-131.204,108.331
12.4,12.7512,1.61153,428.894,1708.06,1383.41,0.786511,-131.204,106.209
12.42,12.7512,1.59639,428.981,2276.69,1382.73,0.752921,-196.07,104.085
12.44,12.7791,1.64134,636.758,2277.18,1382.73,0.752892,-196.126,100.9
12.46,12.7791,1.70786,636.947,2277.18,1315.7,0.752892,-196.126,97.7137
12.48,12.7783,1.83085,841.701,2505.8,1315.64,0.752892,-196.126,94.5277
12.5,12.7783,1.88914,841.887,2506.01,1175.17,0.752892,-196.126,96.1165
12.52,12.7783,1.95448,841.887,2005.43,1175.05,0.752892,-196.126,97.7096
12.54,12.7758,1.9412,783.71,2004.97,1414.85,0.752892,-196.126,95.0581
12.56,12.7758,1.96689,783.66,837.277,1415.05,0.752892,-196.126,92.403
12.58,12.7787,1.92529,824.842,836.218,1415.05,0.752892,-196.126,91.3394
12.6,12.7787,1.90966,824.877,836.218,2046.4,0.752892,-196.126,90.2774
12.62,12.7771,1.84715,1178.06,33.2932,2046.97,0.752892,-196.126,89.2153
12.64,12.7771,1.75225,1178.36,32.6035,3105.84,0.707248,-196.126,87.6227
12.66,12.7783,1.73248,1178.36,14.274,3106.8,0.707207,-196.126,86.0295
12.68,12.7783,1.72202,1538.72,14.2582,3526.81,0.707207,-196.126,84.4365
12.7,12.7791,1.74685,1539.05,9.57142,3527.19,0.697186,-142.801,82.8433
12.72,12.7791,1.74687,2248.68,9.5674,3527.19,0.697177,-142.755,82.8419
12.74,12.7799,1.70462,2249.33,9.5674,3527.19,0.697177,-142.755,82.8419
12.76,12.7799,1.70458,2855.34,7.52573,3527.19,0.697177,-142.755,82.8419
12.78,12.7791,1.73067,2855.89,7.52387,3527.19,0.697177,-142.755,81.2502
12.8,12.7791,1.7307,2855.89,5.66781,3527.19,0.697177,-142.755,79.6572
12.82,12.7783,1.67642,2855.89,5.66613,3527.25,0.697177,-142.755,78.064
12.84,12.7783,1.67637,2855.89,6.82622,3527.25,0.697177,-142.755,76.4709
12.86,12.7779,1.63311,2855.89,6.82722,3527.25,0.697177,-142.755,76.4695
12.88,12.7779,1.63308,2855.89,9.0546,3527.19,0.697177,-142.755,76.4695
12.9,12.7791,1.69303,2855.85,9.05652,3527.19,0.697177,-142.755,79.653
12.92,12.7791,1.74595,2855.85,9.05652,3527.25,0.506698,-142.755,80.7169
12.94,12.7787,1.76478,2855.85,12.5368,3527.25,0.506535,-142.755,81.779
12.96,12.7787,1.76059,2855.94,12.5398,3527.19,0.506535,-142.755,81.7799
12.98,12.8029,1.81025,2855.94,18.9432,3527.19,0.513112,-134.197,81.7799
13,12.803,1.82652,2855.89,18.949,3527.19,0.513118,-134.189,82.3104
13.02,12.8087,1.80877,2855.89,27.4405,3527.19,0.513118,-134.189,82.8415
13.04,12.8087,1.80843,2752.82,27.4482,3527.19,0.513118,-134.189,78.5973
13.06,12.8087,1.8408,2752.74,27.4482,3527.19,0.513118,-134.189,75.4103
13.08,12.8108,1.78348,2752.74,32.4134,3527.19,0.513118,-134.189,72.2239
13.1,12.8108,1.74365,2421.6,32.4177,3527.25,0.513118,-134.189,71.6906
13.12,12.8112,1.70541,2421.3,26.1996,3527.25,0.513118,-134.189,71.1596
13.14,12.8112,1.65482,1888.07,26.1942,3527.25,0.513118,-134.189,72.7508
13.16,12.8132,1.64543,1887.59,26.3798,3527.19,0.513118,-134.189,74.344
13.18,12.8132,1.59421,962.16,26.38,3527.19,0.513118,-134.189,74.3453
13.2,12.8231,1.65163,961.321,26.38,3527.25,0.58724,-134.189,73.8148
13.22,12.8231,1.61789,961.321,25.0808,3527.25,0.587303,-134.189,73.2837
13.24,12.8317,1.6377,94.7144,25.0796,3424.95,0.587303,-133.757,77.5279
13.26,12.8317,1.63772,93.9699,22.8987,3424.86,0.61501,-133.757,81.776
13.28,12.8354,1.76041,46.0083,22.8967,3424.86,0.615036,-133.757,84.4328
13.3,12.8354,1.76051,45.9671,25.2168,2948.96,0.615036,-133.757,87.0878
13.32,12.8342,1.79058,27.8727,25.2189,2948.53,0.615036,-133.757,87.6208
13.34,12.8342,1.7906,27.8572,25.2189,2187.11,0.615036,-133.757,88.1519
13.36,12.8334,1.80566,27.8572,37.7943,2186.46,0.615036,-133.757,88.6829
13.38,12.8334,1.80567,19.1536,37.8051,952.323,0.615036,-133.757,90.2751
13.4,12.8363,1.70643,19.1461,49.9165,951.263,0.615036,-133.757,91.8682
13.42,12.8363,1.70634,11.7251,49.9269,951.263,0.615036,-133.757,87.6249
13.44,12.8317,1.66254,11.7187,48.5812,54.6748,0.615036,-133.757,83.3766
13.46,12.8317,1.66429,11.1232,48.5801,53.9045,0.615036,-133.757,86.0259
13.48,12.8297,1.67842,11.1227,48.5801,33.3881,0.408062,-133.757,88.681
13.5,12.8297,1.67693,11.0311,47.0952,33.3695,0.407875,-133.757,91.3363
13.52,12.8297,1.67307,11.031,47.0939,31.9706,0.407875,-103.022,91.3386
13.54,12.8293,1.67068,11.031,41.0614,31.9693,0.53414,-102.994,91.3385
13.56,12.8293,1.64766,11.3058,41.0562,31.9693,0.534249,-102.994,89.7469
13.58,12.8297,1.6616,11.3061,42.9124,31.7362,0.534249,-102.994,88.1537
13.6,12.8297,1.66033,13.3216,42.9139,31.736,0.534249,-102.994,88.6829
13.62,12.8297,1.66573,13.3234,42.9139,32.2606,0.534249,-102.994,89.2139
13.64,12.8297,1.74727,17.2169,41.7539,32.261,0.534249,-102.994,90.2755
13.66,12.8297,1.76121,17.2205,41.7529,35.1754,0.534249,-102.994,87.093
13.68,12.8297,1.75976,17.2205,42.7273,35.178,0.534249,-102.994,83.9069
13.7,12.828,1.73638,17.9992,42.7282,39.7827,0.534249,-102.994,83.3734
13.72,12.828,1.73636,17.9999,42.9138,39.7867,0.534249,-102.994,82.8424
13.74,12.8272,1.86269,13.3732,42.9139,39.7867,0.534249,-102.994,81.2502
13.76,12.8272,1.8628,13.3693,42.9139,46.1398,0.404447,-102.994,79.6571
13.78,12.8293,1.94371,13.3693,39.6657,46.1455,0.404329,-102.994,75.9416
13.8,12.8293,1.94378,13.3693,39.6629,50.1672,0.786165,-103.714,72.7551
13.82,12.835,1.97548,13.3693,34.6977,50.1709,0.786511,-103.715,69.5687
13.84,12.835,1.9755,13.7815,34.6934,51.8029,0.786511,-103.715,68.5048
13.86,12.8363,2.0297,13.7819,32.8373,51.8043,0.786511,-103.715,67.4427
13.88,12.8363,2.02975,16.5762,32.8357,51.8043,0.786511,-103.715,65.8501
13.9,12.8404,2.02758,16.5786,32.8357,53.145,0.786511,-103.715,64.257
13.92,12.8404,2.00185,21.5259,34.6918,53.1461,0.786511,-103.715,62.1333
13.94,12.8457,2.01994,21.5302,34.6934,50.6397,0.786511,-103.715,61.0703
13.96,12.8457,2.00267,21.5302,36.8744,50.6376,0.786511,-103.715,60.0082
13.98,12.8469,2.07929,28.9966,36.8763,47.4902,0.786511,-103.715,58.4156
14,12.8469,2.0209,29.0034,42.2591,47.4873,0.786511,-103.715,56.8224
14.02,12.8506,2.08219,34.8666,42.2637,47.4873,0.786511,-103.715,57.3516
14.04,12.8506,2.0476,34.8719,46.3009,43.1157,0.917053,-103.715,57.8827
14.06,12.8531,2.01242,28.6423,46.3043,43.1119,0.917165,-103.715,54.6998
14.08,12.8531,2.03933,28.6366,46.3043,37.3414,0.696922,-91.3095,51.5134
14.1,12.8531,2.15757,28.6366,55.167,37.3365,0.696733,-91.2989,48.3274
14.12,12.8486,2.17349,23.5977,55.1751,34.4221,0.696733,-91.2989,50.9774
14.14,12.8486,2.06967,23.5933,57.2168,34.4196,0.696733,-91.2989,53.6324
14.16,12.8556,2.03827,15.8059,57.2186,34.4196,0.696733,-91.2989,52.5737
14.18,12.8556,2.07493,15.7992,54.7593,32.8458,0.696733,-91.2989,51.5117
14.2,12.8564,2.05933,13.921,54.7571,32.8444,0.696733,-91.2989,52.0413
14.22,12.8564,2.14268,13.9194,54.7571,33.6021,0.696733,-91.2989,52.5723
14.24,12.8428,2.12367,13.9194,43.5274,33.6028,0.696733,-91.2989,53.1033
14.26,12.8428,2.02507,12.4078,43.5177,34.3605,0.696733,-91.2989,53.6344
14.28,12.8018,2.04245,12.4064,40.7799,34.3612,0.696733,-91.2989,54.1654
14.3,12.8017,2.04247,13.1852,40.7775,34.3612,0.696733,-91.2989,53.6353
14.32,12.8038,2.12922,13.1859,36.23,36.4596,0.808053,-91.2989,53.1043
14.34,12.8038,2.1293,14.0562,36.2261,36.4614,0.808148,-91.2989,54.6955
14.36,12.7972,2.15226,14.057,36.2261,38.6763,0.669159,-49.3506,56.2887
14.38,12.7972,2.15228,14.057,37.8966,38.6782,0.66904,-49.3146,57.8818
14.4,12.7935,2.13773,14.7441,37.898,43.5162,0.66904,-49.3146,58.4137
14.42,12.7935,2.13772,14.7447,39.2437,43.5203,0.66904,-49.3146,58.9448
14.44,12.791,2.07399,13.5537,39.2449,43.5203,0.66904,-49.3146,57.8841
14.46,12.791,2.07393,13.5526,49.1753,51.3309,0.66904,-49.3146,56.822
14.48,12.7874,2.21765,12.3158,49.1838,51.3376,0.66904,-49.3146,62.1269
14.5,12.7873,2.16699,12.3148,49.1838,60.6055,0.66904,-49.3146,67.4373
14.52,12.7861,2.18058,12.3148,44.8221,60.6134,0.66904,-49.3146,72.7474
14.54,12.7861,2.22992,11.307,44.8181,69.0069,0.66904,-49.3146,67.977
14.56,12.775,2.25455,11.3061,44.7717,69.0141,0.66904,-49.3146,63.1979
14.58,12.775,2.25271,10.5274,44.7717,69.0141,0.66904,-49.3146,64.2547
14.6,12.7594,2.18068,10.5267,42.2196,74.0849,0.6853,-49.3146,65.3167
14.62,12.7594,2.18733,10.939,42.2173,74.0895,0.685315,-49.3146,65.3177
14.64,12.7594,2.11057,10.9393,42.2173,73.0987,0.642034,-18.8475,65.3177
14.66,12.7524,2.06712,11.7181,37.5769,73.0978,0.641995,-18.8198,66.3789
14.68,12.7524,2.00472,11.7187,37.5729,69.5424,0.641995,-18.8198,67.9714
14.7,12.7467,2.00465,11.7187,34.6959,69.5392,0.641995,-18.8198,69.5646
14.72,12.7467,2.07251,13.9174,34.6934,69.5392,0.641995,-18.8198,71.1577
14.74,12.7458,2.04058,13.9194,37.9881,62.0783,0.641995,-18.8198,72.7508
14.76,12.7458,2.01365,14.5607,37.9909,62.0719,0.641995,-18.8198,73.2828
14.78,12.7405,2.05164,14.5613,39.4758,47.6164,0.641995,-18.8198,73.8138
14.8,12.7405,2.09965,13.9658,39.4771,47.604,0.641995,-18.8198,73.2837
14.82,12.7487,2.12168,13.9653,39.4771,30.8753,0.641995,-18.8198,74.3444
14.84,12.7487,2.1217,13.9653,44.7205,30.8609,0.641995,-18.8198,75.4064
14.86,12.6585,2.08625,11.0793,44.7253,26.0813,0.641995,-18.8198,75.938
14.88,12.6584,2.08622,11.0769,45.6997,26.0772,0.746382,-18.8198,76.469
14.9,12.658,2.16474,10.3897,45.7006,26.0772,0.746471,-18.8198,71.1637
14.92,12.658,2.1648,10.3891,38.8792,25.9606,0.972539,-33.5089,65.8533
14.94,12.6589,2.11054,9.24392,38.8734,25.9605,0.972733,-33.5216,64.257
14.96,12.6589,2.11049,9.24294,38.8734,25.6691,0.972733,-33.5216,67.4391
14.98,12.6589,2.15027,9.24294,33.5369,25.6688,0.972733,-33.5216,68.503
15,12.6589,2.1503,9.65522,33.5323,24.7945,0.972733,-33.5216,67.4427
15.02,12.6589,2.0909,9.65557,33.5787,24.7937,0.972733,-33.5216,66.3807
15.04,12.6589,2.11014,9.793,33.5788,24.7937,0.972733,-33.5216,66.9103
15.06,12.6589,2.09697,9.79311,30.9339,23.5115,0.972733,-33.5216,67.4414
15.08,12.6589,2.11328,12.2668,30.9315,23.5103,0.972733,-33.5216,67.4418
15.1,12.6589,2.10405,12.2689,30.9315,22.8109,0.972733,-33.5216,67.4418
15.12,12.6589,2.09241,12.2689,31.2099,22.8102,0.972733,-33.5216,68.503
15.14,12.6589,2.11149,11.1237,31.2101,22.2857,0.972733,-33.5216,69.0345
15.16,12.6557,2.09659,11.1227,35.8041,22.2852,0.99669,-33.5216,69.5655
15.18,12.6557,2.14272,11.2143,35.8081,22.2852,0.996711,-33.5216,69.0354
15.2,12.6529,2.10634,11.2144,49.358,22.2852,0.821805,-31.238,68.5044
15.22,12.6575,2.13362,10.5731,49.3696,22.2852,0.821655,-31.236,66.3817
15.24,12.6575,2.16568,10.5725,49.3696,22.5184,0.821655,-31.236,64.2574
15.26,12.658,2.12472,10.5725,49.3696,22.5186,0.821655,-31.236,65.8473
15.28,12.658,2.10209,9.42732,49.3696,23.4512,0.821655,-31.236,66.9099
15.3,12.658,2.10858,9.42633,44.7759,23.452,0.821655,-31.236,67.9719
15.32,12.6571,2.10419,8.69339,44.7717,23.452,0.821655,-31.236,70.0952
15.34,12.6571,2.10419,8.69277,35.0738,24.0348,0.821655,-31.236,72.2193
15.36,12.6589,2.05653,9.56313,35.065,24.0353,0.821655,-31.236,71.6906
15.38,12.6589,2.05648,9.56388,35.065,24.7931,0.821655,-31.236,71.1596
15.4,12.6557,2.06454,9.88453,31.1206,24.7937,0.821655,-31.236,72.7509
15.42,12.6557,2.05865,9.88481,31.1173,25.3766,0.821655,-31.236,74.344
15.44,12.6566,2.07427,9.88481,35.6184,25.3771,0.591166,-31.236,75.9371
15.46,12.6566,2.13802,11.0758,35.6223,25.3771,0.590968,-23.0891,75.4079
15.48,12.658,2.13011,11.0769,33.1629,25.4937,0.880174,-23.0821,74.8768
15.5,12.658,2.1301,11.4433,33.1608,25.4938,0.880422,-23.0821,73.8152
15.52,12.6575,2.09385,11.4436,33.1608,25.4938,0.880422,-23.0821,72.7532
15.54,12.6575,2.1147,9.79453,40.8174,25.4938,0.880422,-23.0821,71.1605
15.56,12.6552,2.09617,9.79311,40.824,25.4355,0.880422,-23.0821,69.5674
15.58,12.6552,2.119,9.79311,29.7799,25.4355,0.880422,-23.0821,67.9743
15.6,12.6575,2.06595,8.60215,29.7704,25.2606,0.880422,-23.0821,64.7895
15.62,12.6575,2.0659,8.60107,28.0999,25.2605,0.880422,-23.0821,61.6032
15.64,12.6575,2.07965,8.50946,28.0984,25.2605,0.880422,-23.0821,61.0699
15.66,12.6575,2.07967,8.50937,28.0984,25.0273,0.880422,-23.0821,60.5388
15.68,12.6575,2.07355,8.0055,30.0009,25.0271,0.880422,-23.0821,60.0078
15.7,12.658,2.10467,8.00505,30.0026,24.7357,0.743597,-23.0821,59.4767
15.72,12.658,2.03349,8.00505,22.996,24.7354,0.743479,-23.0821,58.4151
15.74,12.6594,1.98931,8.00505,22.9896,23.9777,0.743479,-26.5589,58.9448
15.76,12.6594,1.94253,8.00505,36.0749,23.977,0.942576,-26.5619,59.4758
15.78,12.658,1.98273,9.05864,36.0867,23.977,0.942757,-26.5619,58.9457
15.8,12.658,1.88013,9.05955,29.3121,23.5107,0.942757,-26.5619,58.4147
15.82,12.6594,1.88496,12.3578,29.306,23.5103,0.942757,-26.5619,56.8224
15.84,12.6594,1.93098,12.3606,29.306,23.6852,0.942757,-26.5619,55.2294
15.86,12.6575,1.95457,12.3606,30.3268,23.6853,0.942757,-26.5619,55.7585
15.88,12.6575,1.95459,12.498,30.3277,23.5687,0.942757,-26.5619,58.4118
15.9,12.6584,1.94508,12.4981,19.7476,23.5686,0.942757,-26.5619,57.8836
15.92,12.6584,1.94507,11.3987,19.7386,23.5686,0.942757,-26.5619,57.3526
15.94,12.6566,1.90429,11.3978,11.0146,23.3355,0.942757,-26.5619,56.8215
15.96,12.6566,1.90425,9.10736,11.0071,23.3353,0.942757,-26.5619,57.3517
15.98,12.6575,2.05366,9.1054,11.0071,23.5684,1.21088,-26.5619,57.8827
16,12.6575,2.05379,9.1054,26.3204,23.5686,1.21111,-26.5619,56.822
16.02,12.6557,1.99565,8.00599,26.3336,24.1515,1.21111,-33.6802,57.8822
16.04,12.6557,1.9956,8.00505,35.335,24.152,0.798008,-33.6863,62.1274
16.06,12.6566,2.04211,9.24188,35.3436,24.152,0.797613,-33.6863,66.3761
16.08,12.6566,2.02641,9.24294,37.1998,23.9772,0.797613,-33.6863,70.6244
16.1,12.6566,2.03728,8.64743,37.2014,23.977,0.797613,-33.6863,69.5669
16.12,12.6566,2.01498,8.64692,17.296,23.9187,0.797613,-33.6863,68.5049
16.14,12.6561,1.95874,8.64692,17.277,23.9187,0.797613,-33.6863,70.0957
16.16,12.6561,1.97446,10.296,17.277,23.7438,0.797613,-33.6863,71.6888
16.18,12.6561,1.98422,10.2974,25.4441,23.7437,0.797613,-33.6863,72.7513
16.2,12.6575,1.95297,7.32017,25.4511,23.7437,0.797613,-33.6863,73.8133
16.22,12.6575,1.96012,7.31733,31.762,23.7437,0.797613,-33.6863,74.8755
16.24,12.6557,2.03619,6.81343,31.7675,23.7437,0.797613,-33.6863,74.3458
16.26,12.6557,2.11625,6.813,29.3545,24.0351,1.08744,-33.6863,73.8148
16.28,12.6575,2.10367,6.813,29.3524,24.0353,1.08769,-33.6863,74.8754
16.3,12.6575,2.02174,7.40851,29.3524,23.8605,1.08769,-33.0485,75.9376
16.32,12.6566,1.9992,7.40902,26.0113,23.8603,1.16258,-33.048,76.469
16.34,12.6566,2.01705,5.71411,26.0085,23.8603,1.16265,-33.048,77.0001
16.36,12.6557,2.0347,5.71265,30.5556,23.6272,1.16265,-33.048,77.5311
16.38,12.6557,2.03472,9.37734,30.5599,23.627,1.16265,-33.048,78.5927
16.4,12.6566,1.97779,9.38048,27.9613,22.9275,1.16265,-33.048,79.6548
16.42,12.6566,1.97774,7.59395,27.9591,22.9269,1.16265,-33.048,82.8392
16.44,12.6575,1.92193,7.59241,27.9591,22.9269,1.16265,-33.048,86.0254
16.46,12.6575,1.92189,7.59241,30.0009,22.9269,1.16265,-33.048,86.5587
16.48,12.658,1.85157,7.95888,30.0026,22.9269,1.16265,-33.048,87.0898
16.5,12.658,1.85151,7.9592,22.1604,23.1018,1.16265,-33.048,87.6208
16.52,12.6543,1.83171,5.11907,22.1536,23.1019,1.16265,-33.048,91.8659
16.54,12.6543,1.83169,5.11663,14.3585,23.3351,0.573328,-33.048,96.1138
16.56,12.6561,1.77602,2.36811,14.3511,23.3353,0.572766,-33.048,95.0567
16.58,12.6561,1.78886,2.36575,14.3511,24.3262,0.572766,-52.5717,93.9946
16.6,12.6552,1.70694,2.36575,10.2212,24.327,0.979323,-52.5885,93.4632
16.62,12.6552,1.73406,6.25911,10.2176,24.1522,0.979672,-52.5885,92.9322
16.64,12.6524,1.72765,6.26283,8.77909,24.152,0.979672,-52.5885,92.4011
16.66,12.6524,1.7347,8.69068,8.77785,24.152,0.979672,-52.5885,94.5229
16.68,12.6524,1.76547,8.69277,18.1514,24.2103,0.979672,-52.5885,96.6471
16.7,12.6547,1.78483,9.42563,18.1595,24.2104,0.979672,-52.5885,96.1184
16.72,12.6547,1.81418,9.42633,18.1595,23.3943,0.979672,-52.5885,95.5873
16.74,12.6571,1.81318,4.47901,14.4936,23.3936,0.979672,-52.5885,99.3009
16.76,12.6571,1.83509,4.47476,14.4904,22.461,0.979672,-52.5885,103.018
16.78,12.6575,1.82683,4.47476,9.1545,22.4602,0.979672,-52.5885,107.796
16.8,12.6575,1.76606,6.49033,9.1494,22.4602,0.979672,-52.5885,110.454
16.82,12.6594,1.74,6.49206,10.7735,22.8099,1.15803,-52.5885,113.109
16.84,12.6594,1.74639,8.04956,10.7749,22.8102,1.15819,-52.5885,110.989
16.86,12.6571,1.74366,8.05089,14.4405,23.1599,1.28999,-36.3785,108.865
16.88,12.6571,1.74365,7.31796,14.444,23.1603,1.29012,-36.3631,106.74
16.9,12.658,1.65562,7.31733,14.444,22.9854,1.29012,-36.3631,104.616
16.92,12.658,1.65555,7.31733,14.8152,22.9853,1.29012,-36.3631,103.023
16.94,12.6584,1.62183,6.17211,14.8155,21.8778,1.29012,-36.3631,99.3073
16.96,12.6584,1.6218,6.17113,8.50461,21.8768,1.29012,-36.3631,98.7735
16.98,12.658,1.62094,7.49958,8.49919,21.8768,1.29012,-36.3631,101.426
17,12.658,1.62094,7.50072,13.882,22.518,1.29012,-36.3631,104.081
17.02,12.6552,1.59351,6.8594,13.8867,22.5186,1.29012,-36.3631,103.553
17.04,12.6552,1.59348,6.85885,18.295,22.81,1.29012,-36.3631,103.022
17.06,12.658,1.67637,6.85885,18.2988,22.8102,1.29012,-36.3631,108.327
17.08,12.658,1.67517,7.6834,18.2988,22.5771,1.29012,-36.3631,113.638
17.1,12.6603,1.78474,7.68411,20.1086,22.5769,1.15606,-36.3631,116.295
17.12,12.6603,1.77701,6.03516,20.1101,22.5769,1.15594,-13.5498,117.889
17.14,12.6612,1.77207,6.03359,25.4929,22.5769,1.22933,-13.528,119.482
17.16,12.6612,1.79189,3.4225,25.4976,22.5769,1.22939,-13.528,119.484
17.18,12.6598,1.83486,3.42025,33.1078,22.5186,1.22939,-13.528,119.484
17.2,12.6598,1.81831,3.42025,33.1143,22.5186,1.22939,-13.528,117.361
17.22,12.6598,1.87537,2.87055,33.1143,22.3437,1.22939,-13.528,115.237
17.24,12.6598,1.86751,2.87008,24.0192,22.3435,1.22939,-13.528,116.296
17.26,12.6575,1.89573,2.32038,24.0114,22.3435,1.22939,-13.528,121.603
17.28,12.6575,1.88862,2.3199,27.2593,22.3435,1.22939,-13.528,125.321
17.3,12.6622,1.89472,4.51872,27.2624,22.3435,1.22939,-13.528,128.508
17.32,12.6622,1.86269,4.5206,14.7798,21.8772,1.22939,-13.528,131.695
17.34,12.6598,1.90273,4.5206,14.7691,21.8768,1.22939,-13.528,137.534
17.36,12.6598,1.89132,3.60452,14.7691,21.702,1.22939,-13.528,143.375
17.38,12.6552,1.80756,3.60365,21.7761,21.7018,1.35983,-13.528,145.503
17.4,12.6552,1.7894,2.22939,21.7821,21.7018,1.35994,10.3777,147.627
17.42,12.6617,1.96158,2.22821,23.1742,21.7601,0.803224,10.3983,143.914
17.44,12.6617,1.98403,2.68629,23.1754,21.7602,0.802746,10.3983,143.381
17.46,12.6631,1.8456,2.68669,15.1939,22.1682,0.802746,10.3983,142.85
17.48,12.6631,1.85912,3.8319,15.1871,22.1685,0.802746,10.3983,138.605
17.5,12.6631,1.86312,3.83289,15.1871,22.9846,0.802746,10.3983,134.356
17.52,12.6617,1.86238,3.83289,12.9597,22.9853,0.802746,10.3983,132.23
17.54,12.6617,1.89443,3.97031,12.9578,22.9853,0.802746,10.3983,130.106
17.56,12.6589,1.90132,3.97043,8.68863,23.0436,0.802746,10.3983,131.696
17.58,12.6589,1.86914,2.36713,8.68497,23.0436,0.802746,10.3983,134.35
17.6,12.6636,1.865,2.36575,14.0678,22.519,0.802746,10.3983,135.414
17.62,12.6636,1.93598,3.51086,14.0724,22.5186,0.802746,10.3983,137.537
17.64,12.6659,1.91782,3.51195,14.0724,22.2854,0.802746,10.3983,139.661
17.66,12.6659,1.82986,4.51974,17.4599,22.2852,0.836858,10.3983,134.357
17.68,12.6673,1.86977,4.5206,17.4628,21.5857,0.836887,29.4283,129.047
17.7,12.6673,1.8698,4.5206,16.21,21.5851,1.05614,29.4446,133.286
17.72,12.6687,1.86477,4.97869,16.2088,21.5851,1.05635,29.4446,137.535
17.74,12.6687,1.86476,4.97908,15.6056,20.8274,1.05635,29.4446,135.417
17.76,12.6612,1.9045,6.35334,15.6051,20.8267,1.05635,29.4446,130.109
17.78,12.6612,1.90453,6.35452,23.1682,20.3022,1.05635,29.4446,124.799
17.8,12.6696,1.86629,8.41591,23.1754,20.3017,1.05635,29.4446,122.141
17.82,12.6696,1.86626,8.41768,23.1754,20.4183,1.05635,29.4446,119.486
17.84,12.6682,1.89004,8.41768,16.8181,20.4184,1.05635,29.4446,120.545
17.86,12.6682,1.89006,6.21908,16.8126,20.6515,1.05635,29.4446,121.607
17.88,12.6687,1.85163,6.21698,14.1212,20.6517,1.05635,29.4446,125.852
17.9,12.6687,1.89812,7.04153,14.1189,20.6517,1.05635,29.4446,127.978
17.92,12.6728,2.03167,7.04224,8.272,20.71,1.05065,29.4446,130.633
17.94,12.6728,2.03219,3.92726,8.26697,20.7101,1.05064,34.6496,133.819
17.96,12.6766,2.06529,3.92458,8.26697,21.293,0.777544,34.654,137.005
17.98,12.6766,2.04125,3.92458,4.41546,21.2935,0.77731,34.654,133.824
18,12.6766,1.99612,5.57369,4.41215,22.4009,0.77731,34.654,130.638
18.02,12.6766,2.00545,5.57511,3.99451,22.4019,0.77731,34.654,133.819
18.04,12.6775,2.03314,5.84996,3.99416,22.4019,0.77731,34.654,137.005
18.06,12.6775,1.98672,5.85019,5.15425,23.1596,0.77731,34.654,138.069
18.08,12.6775,2.00143,3.83462,5.15525,23.1603,0.77731,34.654,143.376
18.1,12.6775,2.0113,3.83289,14.5752,24.2677,0.77731,34.654,148.686
18.12,12.6775,2.05655,3.83289,14.5833,24.2687,0.77731,34.654,146.038
18.14,12.6747,2.03563,3.23737,14.5833,24.2687,0.77731,34.654,143.383
18.16,12.6747,1.93042,3.23686,11.7063,24.2687,0.77731,34.654,143.38
18.18,12.6784,1.88467,2.22907,11.7038,24.2687,0.77731,34.654,143.38
18.2,12.6784,2.02954,2.22821,16.1117,24.735,0.647051,34.654,148.155
18.22,12.6784,2.05099,3.64827,16.116,24.7354,0.646926,43.0684,150.813
18.24,12.6784,1.94455,3.64949,15.0951,24.5605,0.862411,43.0756,149.223
18.26,12.678,1.96312,3.64949,15.0942,24.5604,0.862596,43.0756,149.752
18.28,12.678,1.96313,4.47397,15.0942,23.9776,0.862596,43.0756,151.344
18.3,12.6789,1.99891,4.47476,16.9967,23.977,0.862596,43.0756,149.754
18.32,12.6789,1.99894,4.24571,16.9984,23.977,0.862596,43.0756,144.447
18.34,12.6789,2.01802,4.24552,13.8429,23.4524,0.862596,43.0756,138.606
18.36,12.6789,2.01804,3.92489,13.8402,23.452,0.862596,43.0756,132.765
18.38,12.6803,1.94865,3.92458,9.71027,23.2188,0.862596,43.0756,134.351
18.4,12.6803,1.94859,5.80273,9.70673,23.2186,0.862596,43.0756,138.597
18.42,12.6789,1.89088,5.80435,11.5629,23.1603,0.862596,43.0756,141.254
18.44,12.6789,1.89084,5.80435,11.5645,23.1603,0.862596,43.0756,139.134
18.46,12.6798,1.98648,4.20105,11.5645,23.1603,0.862596,43.0756,135.949
18.48,12.6798,1.99759,4.19967,13.1422,23.0437,0.930433,43.0756,134.885
18.5,12.6738,2.00754,3.64997,13.1436,23.0436,0.930491,48.9389,134.884
18.52,12.6738,1.98216,3.64949,4.41964,22.6939,0.805808,48.9439,134.884
18.54,12.6798,1.93447,2.13781,4.41215,22.6936,0.805701,48.9439,134.884
18.56,12.6798,1.95557,2.13651,2.92723,22.4021,0.805701,48.9439,134.353
18.58,12.6798,1.94889,2.13651,2.92595,22.4019,0.805701,48.9439,137.536
18.6,12.6798,1.91305,1.17453,2.92595,22.9265,0.805701,48.9439,141.784
18.62,12.6798,1.85119,1.17371,2.78675,22.9269,0.805701,48.9439,141.257
18.64,12.6798,1.84468,1.08209,2.78662,22.9269,0.805701,48.9439,137.542
18.66,12.6798,1.81753,1.08201,8.35508,23.0435,0.805701,48.9439,138.069
18.68,12.6798,1.84446,1.26525,8.35986,23.0436,0.805701,48.9439,138.07
18.7,12.6789,1.84448,1.2654,9.10225,23.1019,0.805701,48.9439,137.009
18.72,12.6789,1.83066,3.69326,9.10296,23.1019,0.805701,48.9439,135.947
18.74,12.6789,1.88959,3.69534,9.84542,23.1602,0.805701,48.9439,139.129
18.76,12.6789,1.90946,3.69534,9.84606,23.1603,1.02401,55.2598,142.315
18.78,12.6789,1.8577,2.87087,9.84606,23.1603,1.0242,55.2653,147.093
18.8,12.6789,1.89628,2.87008,5.76252,23.2769,0.968924,55.2653,144.445
18.82,12.6798,1.88012,3.92368,5.75902,23.277,0.968876,55.2653,139.667
18.84,12.6798,1.85123,3.92458,9.61053,23.4518,0.968876,55.2653,136.48
18.86,12.6752,1.96599,3.78717,9.61384,23.452,0.968876,55.2653,135.946
18.88,12.6752,1.9621,3.78704,8.17532,23.5685,0.968876,55.2653,136.476
18.9,12.6752,1.98406,3.78704,8.17409,23.5686,0.968876,55.2653,135.946
18.92,12.6784,1.98532,4.38255,8.17409,24.5013,0.968876,55.2653,134.354
18.94,12.6784,2.04854,4.38306,9.89086,24.5021,0.968876,55.2653,132.761
18.96,12.6784,2.03459,3.65012,9.8925,24.5021,0.968876,55.2653,131.698
18.98,12.6784,1.89278,3.64949,11.1918,24.5603,0.968876,55.2653,131.167
19,12.678,1.88921,2.45847,11.1929,24.5604,0.968876,55.2653,127.452
19.02,12.678,2.05814,2.45745,10.5433,24.677,0.866818,62.9184,122.674
19.04,12.6803,2.06469,2.96134,10.5427,24.6771,0.86673,62.925,116.833
19.06,12.6803,1.95029,2.96178,9.01139,24.6771,0.86673,62.925,114.175
19.08,12.6789,1.95219,2.96178,9.01007,24.6771,0.873164,62.925,114.173
19.1,12.6789,1.95219,3.32824,9.01007,24.6771,0.87317,62.925,114.704
19.12,12.6784,1.93129,3.32856,16.0164,24.5605,0.87317,62.925,115.235
19.14,12.6784,1.93127,1.08394,16.0231,24.5604,0.87317,62.925,117.888
19.16,12.6789,1.96371,1.08201,13.0532,24.269,0.87317,62.925,120.013
19.18,12.6789,1.96374,0.715542,13.0507,24.2687,0.87317,62.925,116.831
19.2,12.6761,1.95136,0.715227,8.17874,24.1521,0.87317,62.925,112.054
19.22,12.6761,1.95135,0.715227,8.17409,24.152,0.87317,62.925,109.396
19.24,12.6789,1.97324,0.62361,12.0256,24.2103,0.87317,62.925,108.863
19.26,12.6789,1.97326,0.623532,12.0289,24.2104,0.87317,62.925,109.393
19.28,12.6784,1.97569,2.22668,12.0289,24.2104,0.87317,62.925,107.272
19.3,12.6784,2.01341,2.22821,11.6113,24.1521,0.724605,65.9286,105.147
19.32,12.6793,2.08031,2.45725,11.6109,24.152,0.724478,65.9312,104.084
19.34,12.6793,2.05495,2.45745,11.9821,23.6274,0.711232,65.9312,103.022
19.36,12.678,2.03306,2.54906,11.9825,23.627,0.711221,65.9312,105.144
19.38,12.678,2.04705,2.54914,12.7249,23.3938,0.711221,65.9312,106.737
19.4,12.6793,2.08018,2.54914,12.7256,23.3936,0.711221,65.9312,109.392
19.42,12.6793,2.03277,1.58716,12.6328,23.3936,0.711221,65.9312,115.23
19.44,12.6784,2.05485,1.58634,12.6327,23.5685,0.711221,65.9312,115.235
19.46,12.6784,2.08226,2.50251,5.25447,23.5686,0.711221,65.9312,116.296
19.48,12.6784,2.09139,2.5033,5.24813,23.9184,0.711221,65.9312,122.134
19.5,12.677,2.06832,2.04521,5.24813,23.9187,0.711221,65.9312,125.322
19.52,12.677,2.00752,2.04482,6.82586,23.8021,0.711221,65.9312,124.264
19.54,12.6775,1.98988,2.04482,6.82722,23.802,0.711221,65.9312,123.202
19.56,12.6775,1.94916,2.41129,7.29126,23.6271,0.711221,66.2398,120.017
19.58,12.677,1.96628,2.4116,7.29166,23.627,0.64159,66.2401,120.015
19.6,12.677,1.97354,2.86969,7.15244,23.627,0.641531,66.2401,125.32
19.62,12.6747,1.99702,2.87008,7.15233,22.9859,0.902897,66.2401,131.691
19.64,12.6747,1.96529,2.64104,7.84838,22.9853,0.903146,66.2401,135.942
19.66,12.6766,1.95749,2.64084,7.84898,22.7521,0.903146,66.2401,137.538
19.68,12.6766,1.95748,2.27437,7.84898,22.7519,0.903146,66.2401,138.069
19.7,12.678,2.02565,2.27406,5.62181,22.3439,0.903146,66.2401,139.131
19.72,12.678,2.02572,2.27406,5.61968,22.3435,0.903146,66.2401,140.193
19.74,12.6756,2.03064,4.15221,7.52224,22.3435,0.903146,66.2401,141.255
19.76,12.6756,2.03064,4.15382,7.52387,21.9938,0.903146,66.2401,144.44
19.78,12.6784,2.04645,3.28354,9.70465,21.9935,0.903146,66.2401,144.442
19.8,12.6784,2.04646,3.28271,9.70673,21.4106,0.903146,66.2401,142.851
19.82,12.6784,2.01959,2.04588,8.87146,21.4101,0.903146,67.7213,140.196
19.84,12.6784,2.01957,2.04482,8.87074,20.1278,0.903146,67.7226,138.072
19.86,12.6789,2.01685,3.00671,8.87074,20.1267,0.935302,67.7226,141.784
19.88,12.6789,2.04217,3.00762,4.27676,19.0775,0.935333,67.7226,145.501
19.9,12.678,2.0263,3.00762,4.27282,19.0766,1.03096,67.7226,143.382
19.92,12.678,1.98452,2.82439,4.41203,19.0766,1.03104,67.7226,141.258
19.94,12.6775,2.05676,2.82423,4.41215,18.1441,1.03104,67.7226,145.5
19.96,12.6775,2.04705,2.96166,9.00613,18.1432,1.03104,67.7226,149.749
19.98,12.6775,2.04164,2.96178,9.01007,17.3854,1.03104,67.7226,157.181
20,12.6775,2.057,3.28244,6.22584,17.3848,1.03104,67.7226,161.432
20.02,12.6793,2.04884,3.28271,6.22345,17.2099,1.03104,67.7226,161.966
20.04,12.6793,2.04147,3.2369,7.80118,17.2098,1.03104,67.7226,161.436
20.06,12.6793,2.01713,3.23686,7.80254,18.1424,1.03104,67.7226,158.783
20.08,12.6793,2.05169,1.35871,7.80254,18.1432,1.03104,67.7226,158.78
20.1,12.6798,2.09899,1.3571,11.19,18.1432,1.03104,73.2362,158.78
20.12,12.6798,2.07707,1.3571,11.1929,19.0757,1.0814,73.2409,160.902
20.14,12.6784,2.08917,1.76938,7.66623,19.0766,1.08144,73.2409,163.027
20.16,12.6784,2.05418,1.76973,7.66321,20.0092,0.782905,73.2409,162.498
20.18,12.6798,1.99122,1.86135,9.79778,20.01,0.782649,73.2409,159.845
20.2,12.6798,2.0202,1.86143,9.79961,20.8842,0.782649,73.2409,158.781
20.22,12.678,2.01482,1.81562,12.3518,20.8851,0.782649,73.2409,159.311
20.24,12.678,1.99473,1.81558,12.354,22.2257,0.782649,73.2409,156.658
20.26,12.6775,2.04035,1.99881,12.354,22.2269,0.782649,73.2409,153.473
20.28,12.6775,2.04301,1.99897,12.4932,22.9845,0.782649,73.2409,150.287
20.3,12.6766,2.04842,1.99897,12.4933,22.9853,0.782649,73.2409,150.284
20.32,12.6766,2.04185,1.31184,11.3797,22.9853,0.782649,73.2409,151.345
20.34,12.6793,2.01767,1.31125,11.3787,23.5681,0.782649,73.2409,150.815
20.36,12.6793,2.02326,1.95251,11.0539,23.5686,0.782649,73.3232,148.162
20.38,12.6775,2.11026,1.95312,11.0536,23.5686,0.19529,73.3233,144.976
20.4,12.6775,2.09296,2.45702,10.5896,23.5686,0.194786,73.3233,138.606
20.42,12.678,2.05421,2.45745,10.5892,23.1023,0.194786,73.3233,132.234
20.44,12.678,2.07834,2.32004,9.42917,23.1019,1.0957,73.3233,129.576
20.46,12.6789,2.13644,2.3199,9.42806,22.5773,1.09656,73.3233,126.92
20.48,12.6789,2.14348,2.3199,9.42806,22.5769,1.09656,73.3233,131.163
20.5,12.6766,2.07613,1.2205,8.77841,22.5769,1.09656,73.3233,135.411
20.52,12.6766,2.05998,1.21955,8.77785,21.7609,1.09656,73.3233,134.884
20.54,12.6775,2.26568,1.12794,5.52959,21.7602,1.09656,73.3233,131.7
20.56,12.6775,2.25142,1.12786,5.5268,21.4104,1.09656,73.3233,127.983
20.58,12.6775,2.1168,2.22726,5.15557,21.4101,1.09656,73.3233,126.919
20.6,12.6775,2.10315,2.22821,5.15525,21.177,1.09656,73.3233,126.918
20.62,12.6775,2.13954,1.58689,4.27357,21.1768,1.09656,73.3233,125.326
20.64,12.6766,2.12282,1.58634,4.27282,20.8853,1.09656,62.0081,123.733
20.66,12.6766,2.13928,1.907,4.50484,20.8851,1.21748,61.9984,129.568
20.68,12.6752,2.14221,1.90727,4.50504,20.8851,1.21759,61.9984,135.41
20.7,12.6752,2.19987,1.90727,4.50504,20.3605,1.20016,61.9984,136.476
20.72,12.6793,2.21389,2.77764,4.27302,20.36,1.20014,61.9984,134.354
20.74,12.6793,2.14914,2.77838,4.27282,20.4183,1.20014,61.9984,134.353
20.76,12.6789,2.14578,1.95383,8.17074,20.4184,1.20014,61.9984,135.944
20.78,12.6793,2.14577,1.95312,8.17409,20.8846,1.20014,61.9984,140.721
20.8,12.6793,2.04593,2.50282,7.75645,20.8851,1.20014,61.9984,146.031
20.82,12.6789,2.04585,2.5033,7.75609,21.0017,1.20014,61.9984,151.341
20.84,12.6789,2.15028,3.09881,6.41038,21.0018,1.20014,61.9984,151.876
20.86,12.6585,2.15032,3.09932,6.40923,21.2932,1.20014,61.9984,152.407
20.88,12.6584,2.14378,3.09932,6.40923,21.2935,1.20014,61.9984,153.469
20.9,12.6552,2.14377,3.09932,0.840769,21.2935,1.20014,60.9286,149.756
20.92,12.6552,2.15711,3.09932,0.835986,21.2935,1.08001,60.9277,146.569
20.94,12.6547,2.15712,2.8703,5.05833,21.2935,1.07991,60.9277,148.158
20.96,12.6547,2.24424,2.87008,5.06236,21.002,0.909991,60.9277,149.751
20.98,12.6547,2.09356,2.68685,8.12501,21.0018,0.909845,60.9277,151.875
21,12.6571,2.09344,2.68669,8.12764,21.2349,0.909845,60.9277,153.999
21.02,12.6571,2.05407,2.64088,8.12764,21.2351,0.909845,60.9277,153.47
21.04,12.6543,2.05402,2.64084,9.19493,21.2351,0.909845,60.9277,152.939
21.06,12.6538,2.21497,2.32018,9.19585,21.2351,0.909845,60.9277,153.47
21.08,12.6538,2.21511,2.3199,7.33969,21.2351,0.909845,60.9277,149.756
21.1,12.6557,2.29949,2.3199,7.3381,21.1185,0.909845,60.9277,146.569
21.12,12.6557,2.29956,2.2741,4.78589,21.1184,0.909845,60.9277,148.158
21.14,12.6557,2.11289,2.27406,4.7837,21.2933,0.909845,60.9277,149.751
21.16,12.6543,2.1011,1.4495,4.73729,21.2935,0.909845,60.9277,150.814
21.18,12.6543,2.10109,1.44879,4.73725,21.4683,0.909845,63.417,151.876
21.2,12.6557,2.20288,1.44879,6.31483,21.4685,1.22825,63.4192,149.755
21.22,12.6557,2.20298,1.44879,6.31634,21.9348,1.22856,63.4192,147.63
21.24,12.6524,2.1747,1.08233,6.31634,21.9352,0.84597,63.4192,144.445
21.26,12.6524,2.11889,1.08201,8.49732,22.3432,0.845641,63.4192,146.034
21.28,12.6538,2.10826,1.17362,8.49919,22.3435,0.845641,63.4192,151.341
21.3,12.6538,2.14552,1.17371,8.40638,22.3435,0.845641,63.4192,156.121
21.32,12.6543,2.14556,1.17371,8.4063,22.7516,0.845641,63.4192,160.9
21.34,12.6543,2.14556,1.08209,7.43182,22.7519,0.845641,63.4192,163.027
21.36,12.6524,2.10503,1.08201,7.43099,22.8685,0.845641,63.4192,165.151
21.38,12.6524,2.11461,1.99818,5.76045,22.8686,0.845641,63.4192,163.561
21.4,12.6529,2.21812,1.99897,5.75902,23.16,0.845641,63.4192,161.968
21.42,12.6529,2.23192,1.95316,5.75902,23.1603,0.845641,63.4192,162.497
21.44,12.6524,2.08357,1.95312,5.48062,23.102,0.845641,66.5871,164.62
21.46,12.6524,2.08343,1.63246,5.48035,23.1019,1.04785,66.5901,165.683
21.48,12.6529,2.07802,1.63219,7.15089,23.1602,1.04802,66.5901,165.684
21.5,12.6529,2.07802,1.63219,7.15233,23.1603,1.10931,66.5901,165.684
21.52,12.6519,2.14812,0.257929,6.73469,23.1603,1.10936,66.5901,163.031
21.54,12.6519,2.15613,0.256748,6.73433,23.102,1.10936,66.5901,160.376
21.56,12.6515,2.10527,1.31035,6.91995,23.1019,1.10936,66.5901,158.782
21.58,12.6515,2.12144,1.31125,6.92011,23.1019,1.10936,66.5901,155.597
21.6,12.6529,2.27784,2.1358,6.92011,23.1019,1.10936,66.5901,155.064
21.62,12.6529,2.25349,2.13651,8.77626,22.8105,1.10936,66.5901,154.533
21.64,12.6533,2.25347,2.13651,8.77785,22.8102,1.10936,66.5901,151.879
21.66,12.6533,2.28578,2.31975,5.39038,22.6354,1.10936,66.5901,150.285
21.68,12.6524,2.24427,2.3199,5.38747,22.6352,1.10936,66.5901,148.692
21.7,12.6524,2.22232,1.81606,7.24344,22.6352,1.10936,66.5901,143.916
21.72,12.6515,2.2223,1.81558,7.24521,22.1689,0.943381,64.0391,139.136
21.74,12.6515,2.19617,1.12845,7.0596,22.1685,0.943238,64.0369,137.01
21.76,12.6524,2.21229,1.12786,7.05944,22.6348,0.905265,64.0369,137.008
21.78,12.6524,2.2331,1.17366,7.05944,22.6352,0.905232,64.0369,134.355
21.8,12.6519,2.2087,1.17371,6.08496,23.1015,0.905232,64.0369,135.414
21.82,12.6519,2.20968,1.54018,6.08412,23.1019,0.905232,64.0369,134.884
21.84,12.6519,2.206,1.54049,5.57368,23.1019,0.905232,64.0369,132.231
21.86,12.6519,2.18604,1.54049,5.57324,23.5099,0.905232,64.0369,132.759
21.88,12.6533,2.19766,2.27343,5.89807,23.5103,0.905232,64.0369,134.351
21.9,12.6533,2.20792,2.27406,5.89835,23.5103,0.905232,64.0369,135.944
21.92,12.6538,2.19256,2.09082,6.31598,23.5103,0.905232,64.0369,132.232
21.94,12.6538,2.17215,2.09067,6.31634,23.3355,0.905232,64.0369,130.637
21.96,12.6552,2.19536,1.86162,6.31634,23.3353,0.905232,64.0369,132.758
21.98,12.6552,2.21449,1.86143,6.36274,22.869,0.905232,59.7166,133.821
22,12.6561,2.26757,1.44915,6.36278,22.8686,0.294828,59.7128,136.475
22.02,12.6561,2.25338,1.44879,5.80599,22.344,0.294304,59.7128,136.477
22.04,12.6547,2.23305,1.44879,5.80546,22.3435,1.04652,59.7128,133.824
22.06,12.6547,2.23977,1.35718,3.99571,22.3435,1.04717,59.7128,133.291
22.08,12.6575,2.19521,1.3571,3.99416,22.0521,1.04717,59.7128,132.76
22.1,12.6575,2.16834,1.76938,3.99416,22.0518,1.04717,59.7128,132.229
22.12,12.6538,2.18822,1.76973,4.45819,21.6438,1.04717,59.7128,131.167
22.14,12.6538,2.20923,1.67811,4.45859,21.6435,1.04717,59.7128,133.289
22.16,12.6543,2.17425,1.67803,5.94351,21.4686,1.04717,59.7128,132.76
22.18,12.6543,2.18582,1.76965,5.94479,21.4685,1.04717,59.7128,134.351
22.2,12.6566,2.29726,1.76973,5.85199,21.2936,1.04717,59.7128,138.597
22.22,12.6566,2.28985,1.76973,5.8519,21.2935,1.04717,59.7128,139.662
22.24,12.6543,2.23826,2.22782,5.48067,21.2935,1.04717,59.7128,142.316
22.26,12.6543,2.21334,2.22821,5.48035,21.1769,1.21781,62.2433,144.971
22.28,12.6543,2.27766,1.40373,5.48035,21.1768,1.21796,62.2455,142.321
22.3,12.6543,2.29366,1.40295,7.61493,21.5848,0.737751,62.2455,139.665
22.32,12.6543,2.32551,1.90684,7.61676,21.5851,0.737339,62.2455,137.541
22.34,12.6543,2.33551,1.90727,6.78149,22.2263,0.737339,62.2455,140.722
22.36,12.6533,2.2383,1.81567,6.78078,22.2269,0.737339,62.2455,144.969
22.38,12.6533,2.24658,1.81558,9.05456,22.6932,0.737339,62.2455,145.504
22.4,12.6543,2.25477,1.81558,9.05652,22.6936,0.737339,62.2455,144.443
22.42,12.6543,2.21822,1.49492,6.68992,22.6936,0.737339,62.2455,141.789
22.44,12.6538,2.15523,1.49464,6.68789,22.6936,0.737339,62.2455,139.135
22.46,12.6538,2.13588,1.40302,6.68789,22.6936,0.737339,62.2455,141.254
22.48,12.6547,2.28045,1.40295,5.80622,22.4604,0.737339,62.2455,143.378
22.5,12.6547,2.31925,1.44875,5.80546,22.4602,0.737339,62.2455,140.197
22.52,12.6524,2.35394,1.44879,5.20227,22.4019,0.737339,59.5918,137.011
22.54,12.6524,2.33811,1.63203,5.20169,22.4019,0.90113,59.5893,138.069
22.56,12.6594,2.31302,1.63219,4.36642,22.1687,0.901271,59.5893,135.948
22.58,12.6594,2.32471,1.63219,4.36571,22.1685,0.80871,59.5893,133.823
22.6,12.6589,2.34491,1.63219,3.34482,22.1685,0.80863,59.5893,129.046
22.62,12.6589,2.35522,1.63219,3.34394,22.052,0.80863,59.5893,124.267
22.64,12.6547,2.27552,1.58638,3.34394,22.0518,0.80863,59.5893,123.202
22.66,12.6547,2.25691,1.58634,2.92631,21.3524,0.80863,59.5893,122.14
22.68,12.6547,2.42581,0.990827,2.92595,21.3518,0.80863,59.5893,123.2
22.7,12.6547,2.4566,0.990315,2.78675,20.5941,0.80863,59.5893,126.384
22.72,12.6547,2.40631,0.990315,2.78662,20.5934,0.80863,59.5893,129.571
22.74,12.6557,2.34958,1.12774,3.38987,20.302,0.80863,59.5893,130.104
22.76,12.6557,2.38725,1.12786,3.39039,20.3017,0.80863,59.5893,130.635
22.78,12.6603,2.38966,1.49429,3.11199,20.3017,0.80863,59.5893,126.922
22.8,12.6603,2.54441,1.49464,3.11173,20.36,0.84732,55.0838,123.204
22.82,12.6575,2.53818,1.40302,3.11173,20.36,0.847353,55.08,123.731
22.84,12.6575,2.42303,1.40295,2.04444,20.4183,0.853597,55.08,124.262
22.86,12.6589,2.41928,1.40295,2.04352,20.4184,0.853602,55.08,124.793
22.88,12.6589,2.2253,1.40295,2.73958,20.3601,0.853602,55.08,123.202
22.9,12.6594,2.2257,1.40295,2.74018,20.36,0.853602,55.08,121.609
22.92,12.6594,2.35845,1.95265,3.71466,20.36,0.853602,55.08,127.444
22.94,12.6585,2.44427,1.95312,3.71549,20.36,0.853602,55.08,133.285
22.96,12.6584,2.44435,1.72408,3.15865,20.36,0.853602,55.08,134.352
22.98,12.6617,2.39042,1.72388,3.15817,20.5349,0.853602,55.08,135.414
23,12.6617,2.39037,2.27358,1.76606,20.5351,0.853602,55.08,132.762
23.02,12.6585,2.40491,2.27406,1.76486,20.5351,0.853602,55.08,130.637
23.04,12.6584,2.40492,1.72435,1.76486,20.5351,0.853602,55.08,130.635
23.06,12.6571,2.30576,1.72388,4.22426,20.5933,0.853602,55.08,130.105
23.08,12.6571,2.30567,1.72388,4.22637,20.5934,0.671511,56.088,129.574
23.1,12.6552,2.4715,1.49484,5.85051,20.5934,0.671354,56.0889,125.859
23.12,12.6552,2.44128,1.49464,5.8519,20.8848,0.740873,56.0889,122.142
23.14,12.6533,2.3557,1.35722,5.66629,20.8851,0.740933,56.0889,116.302
23.16,12.6533,2.35024,1.3571,5.66613,20.9434,0.740933,56.0889,112.583
23.18,12.6552,2.44797,1.03644,5.94455,20.9434,0.740933,56.0889,110.988
23.2,12.6552,2.46937,1.03616,5.94479,21.2348,0.740933,56.0889,112.579
23.22,12.6538,2.3762,0.852929,5.94479,21.2351,0.740933,56.0889,113.641
23.24,12.6538,2.37847,0.852771,3.48539,21.2351,0.740933,56.0889,112.05
23.26,12.6543,2.33186,0.852771,3.48328,21.2351,0.740933,56.0889,110.457
23.28,12.6543,2.34399,0.852771,2.97288,21.2351,0.740933,56.0889,108.334
23.3,12.6543,2.37422,0.852771,2.97239,21.1768,0.740933,56.0889,106.209
23.32,12.6543,2.33938,0.761154,2.97239,21.1768,0.740933,56.0889,104.616
23.34,12.6561,2.36126,0.761075,2.97239,21.0602,0.715054,62.2402,100.9
23.36,12.6561,2.3553,0.898488,3.48279,21.0601,0.715032,62.2455,96.1225
23.38,12.6566,2.4728,0.898619,3.48328,20.8269,0.715032,62.2455,91.8732
23.4,12.6566,2.50088,0.807002,3.48328,20.8267,0.74265,62.2455,87.6249
23.42,12.6543,2.44436,0.806923,3.85451,20.6519,0.742674,62.2455,89.7436
23.44,12.6543,2.45408,0.806923,3.85482,20.6517,0.742674,62.2455,91.8676
23.46,12.6547,2.40245,0.577881,4.31886,20.6517,0.742674,62.2455,90.2778
23.48,12.6547,2.40902,0.577684,4.31926,20.5352,0.742674,62.2455,88.6847
23.5,12.6575,2.46716,0.715109,4.59768,20.5351,0.742674,62.2455,86.561
23.52,12.6575,2.42761,0.715227,4.59792,20.4768,0.742674,62.2455,85.4981
23.54,12.6584,2.53183,0.94427,4.73713,20.4767,0.742674,62.2455,84.436
23.56,12.6584,2.50155,0.944467,4.73725,20.4184,0.742674,62.2455,85.4962
23.58,12.6571,2.65783,0.761233,4.73725,20.4184,0.742674,62.2455,86.5583
23.6,12.6571,2.70618,0.761075,5.66533,20.4184,0.742674,62.2455,85.498
23.62,12.6631,2.6796,0.440416,5.66613,20.4184,0.894313,64.2616,84.436
23.64,12.6631,2.64389,0.44014,3.53155,20.4184,0.894443,64.2634,82.3127
23.66,12.6682,2.7453,0.44014,3.52972,20.4184,0.905615,64.2634,80.1886
23.68,12.6682,2.69549,1.12727,3.99376,20.4184,0.905625,64.2634,81.7785
23.7,12.6696,2.69545,1.12786,3.99416,20.3601,0.905625,64.2634,83.9022
23.72,12.6696,2.71566,1.63175,3.99416,20.36,0.905625,64.2634,82.3123
23.74,12.6691,2.65875,1.63219,5.06144,20.6515,0.905625,64.2634,80.1886
23.76,12.6691,2.66238,1.44895,5.06236,20.6517,0.905625,64.2634,80.1868
23.78,12.6719,2.63639,1.44879,5.89755,20.7683,0.905625,64.2634,81.2478
23.8,12.6719,2.6044,1.54041,5.89835,20.7684,0.905625,64.2634,82.31
23.82,12.671,2.62144,1.54049,5.75913,21.0598,0.905625,64.2634,83.3721
23.84,12.671,2.61409,1.54049,5.75902,21.0601,0.905625,64.2634,81.7812
23.86,12.671,2.72858,0.945035,5.75902,21.0601,0.905625,64.2634,79.1272
23.88,12.6719,2.73645,0.944467,5.24857,21.1767,0.779103,64.5308,78.0635
23.9,12.6719,2.61302,0.761233,5.24813,21.1768,0.778994,64.5311,74.8791
23.92,12.6701,2.6107,0.761075,5.34094,21.0602,0.812342,64.5311,72.2235
23.94,12.6701,2.73399,0.761075,5.34102,21.0601,0.81237,64.5311,75.4044
23.96,12.6705,2.75279,0.761075,5.89787,21.0018,0.81237,64.5311,78.5909
23.98,12.6705,2.61133,0.852693,5.89835,21.0018,0.81237,64.5311,78.0631
24,12.6696,2.59367,0.852771,4.50623,21.06,0.81237,64.5311,77.532
24.02,12.6696,2.62775,0.852771,4.50504,21.0601,0.81237,64.5311,76.4705
24.04,12.6714,2.61822,1.03601,4.50504,21.0601,0.81237,64.5311,75.4083
24.06,12.6715,2.61821,1.03616,3.99459,21.1184,0.81237,64.5311,75.938
24.08,12.6715,2.75555,1.17359,3.99416,21.1184,0.81237,64.5311,77.5302
24.1,12.6715,2.75567,1.17371,3.76214,21.235,0.81237,64.5311,75.4092
24.12,12.6742,2.55791,1.1279,3.76194,21.2351,0.81237,64.5311,71.6933
24.14,12.6742,2.55774,1.12786,3.48351,21.4683,0.81237,64.5311,71.6901
24.16,12.6779,2.62768,1.17367,3.48328,21.4685,0.737181,61.2394,72.7513
24.18,12.678,2.62774,1.17371,4.36495,21.7599,0.737116,61.2365,71.691
24.2,12.6807,2.49465,1.17371,4.36571,21.7602,0.79575,61.2365,69.0372
24.22,12.6807,2.49453,1.44856,4.36571,21.7602,0.795801,61.2365,66.382
24.24,12.6752,2.41714,1.44879,4.45851,22.0516,0.795801,61.2365,63.7268
24.26,12.6752,2.44132,0.853283,4.45859,22.0518,0.795801,61.2365,62.6634
24.28,12.6789,2.5665,0.852771,4.87619,22.0518,0.795801,61.2365,62.6625
24.3,12.6789,2.56734,1.03601,4.87659,22.0518,0.795801,61.2365,63.7237
24.32,12.677,2.54314,1.03616,4.78378,22.1101,0.795801,61.2365,66.9081
24.34,12.677,2.55811,1.03616,4.7837,22.1102,0.795801,61.2365,66.9108
24.36,12.6761,2.44291,1.31099,4.8301,22.285,0.795801,61.2365,61.0749
24.38,12.6761,2.44554,1.31125,4.83014,22.2852,0.795801,61.2365,55.233
24.4,12.6803,2.5533,1.49448,4.83014,22.2852,0.795801,61.2365,55.7585
24.42,12.6803,2.57734,1.49464,5.06216,22.1686,0.841045,60.3725,56.2896
24.44,12.6803,2.4416,1.44884,5.06236,22.1685,0.841084,60.3717,56.29
24.46,12.6803,2.42834,1.44879,5.34078,21.9354,0.817073,60.3717,56.29
24.48,12.678,2.37987,1.44879,5.34102,21.9352,0.817052,60.3717,57.8818
24.5,12.678,2.42385,1.40299,4.87698,22.0517,0.817052,60.3717,58.4137
24.52,12.6761,2.40543,1.40295,4.87659,22.0518,0.817052,60.3717,56.2921
24.54,12.6761,2.40034,1.26552,4.87659,22.0518,0.817052,60.3717,55.7594
24.56,12.6784,2.4249,1.2654,4.18053,21.9353,0.817052,60.3717,55.2284
24.58,12.6784,2.44189,1.49445,4.17993,21.9352,0.817052,60.3717,54.6974
24.6,12.6803,2.37799,1.49464,3.66949,22.11,0.817052,60.3717,54.1663
24.62,12.6803,2.38279,1.21979,3.66905,22.1102,0.817052,60.3717,55.7576
24.64,12.6798,2.34961,1.21955,3.0194,22.1685,0.817052,60.3717,57.3507
24.66,12.6798,2.33771,1.21955,3.01884,22.1685,0.817052,60.3717,60.5356
24.68,12.6798,2.21508,0.990512,3.48288,22.1685,0.817052,56.2777,62.1301
24.7,12.6798,2.21222,0.990315,3.48328,22.1102,0.890526,56.2742,64.2538
24.72,12.6821,2.43736,0.898698,4.04012,22.1102,0.890589,56.2742,65.3168
24.74,12.6821,2.43755,0.898619,4.0406,22.1685,0.832577,56.2742,66.3788
24.76,12.6845,2.28037,0.898619,4.0406,22.1685,0.832527,56.2742,67.9715
24.78,12.6845,2.28999,0.898619,3.9014,22.1102,0.832527,56.2742,69.5645
24.8,12.6826,2.41118,1.12766,3.90127,22.1102,0.832527,56.2742,73.8106
24.82,12.6826,2.43889,1.12786,3.53004,22.2268,0.832527,56.2742,75.4061
24.84,12.6886,2.50151,1.12786,3.52972,22.2269,0.832527,56.2742,76.4686
24.86,12.6886,2.45848,1.12786,3.90091,22.2269,0.832527,56.2742,78.5916
24.88,12.6886,2.2622,1.12786,3.90127,22.2852,0.832527,56.2742,80.716
24.9,12.6886,2.30613,1.26528,3.39083,22.2852,0.832527,56.2742,79.126
24.92,12.6914,2.23394,1.2654,3.39039,22.4018,0.832527,56.2742,77.5329
24.94,12.6914,2.25017,1.17379,3.39039,22.4019,0.832527,56.2742,79.1232
24.96,12.6923,2.44532,1.17371,4.31846,22.4602,0.832527,56.3976,80.7164
24.98,12.6923,2.45867,1.21952,4.31926,22.4602,0.895307,56.3978,82.8401
25,12.69,2.38134,1.21955,3.48399,22.4602,0.895361,56.3978,83.9031
25.02,12.69,2.34893,1.21955,3.48328,22.4602,0.836626,56.3978,84.4345
25.04,12.6886,2.28972,1.31117,4.08652,22.4602,0.83657,56.3978,84.4351
25.06,12.6886,2.30487,1.31125,4.08704,22.1688,0.83657,56.3978,84.9656
25.08,12.6812,2.31917,1.35706,3.80862,22.1685,0.83657,56.3978,83.9049
25.1,12.6812,2.30558,1.3571,3.80838,22.2268,0.83657,56.3978,82.8428
25.12,12.6928,2.23783,1.17386,3.85478,22.2269,0.83657,56.3978,82.8419
25.14,12.6928,2.26388,1.17371,3.85482,22.1686,0.83657,56.3978,82.8419
25.16,12.6979,2.28647,1.17371,3.29798,22.1685,0.83657,56.3978,79.1279
25.18,12.6979,2.25066,1.1279,3.2975,21.9937,0.83657,56.3978,78.0635
25.2,12.671,2.37167,1.12786,3.2975,21.9935,0.83657,56.3978,78.5932
25.22,12.671,2.38716,0.990433,3.94715,21.9935,0.83657,56.3978,76.4713
25.24,12.6561,2.29198,0.990315,3.94771,21.9352,0.869665,52.6946,74.3472
25.26,12.6561,2.27613,0.761272,3.66929,21.9352,0.869693,52.6914,73.2842
25.28,12.6561,2.24945,0.761075,3.66905,21.8769,0.837033,52.6914,72.2222
25.3,12.6561,2.29729,0.898501,4.13309,21.8768,0.837002,52.6914,70.0989
25.32,12.6566,2.38456,0.898619,4.13349,21.8768,0.837002,52.6914,70.097
25.34,12.6566,2.3703,1.03604,4.22629,21.8768,0.837002,52.6914,70.6276
25.36,12.6552,2.34494,1.03616,4.22637,21.8768,0.837002,52.6914,70.6281
25.38,12.6552,2.38371,1.03616,4.22637,21.8185,0.837002,52.6914,70.6281
25.4,12.6594,2.33513,0.944546,4.17997,21.8185,0.837002,52.6914,70.0975
25.42,12.6594,2.31158,0.944467,4.17993,21.8185,0.837002,52.6914,69.5664
25.44,12.6575,2.22913,0.898663,4.04073,21.8185,0.837002,52.6914,71.6881
25.46,12.6575,2.22493,0.898619,4.0406,21.8185,0.837002,52.6914,73.8125
25.48,12.658,2.22493,0.990236,3.94779,21.8185,0.837002,52.6914,73.2837
25.5,12.658,2.3286,0.990315,3.94771,21.8768,0.837002,48.2271,72.7527
25.52,12.6584,2.3012,1.08192,3.94771,21.8768,0.804482,48.2233,72.2217
25.54,12.6584,2.27025,1.08201,3.15885,22.2849,0.804451,48.2233,70.0988
25.56,12.6649,2.26125,1.08201,3.15817,22.2852,0.797796,48.2233,67.4441
25.58,12.665,2.26016,1.17363,3.11177,22.2852,0.79779,48.2233,68.503
25.6,12.6654,2.2512,1.17371,3.11173,22.4018,0.79779,48.2233,69.565
25.62,12.6654,2.27594,0.898855,3.11173,22.4019,0.79779,48.2233,72.2189
25.64,12.6645,2.32154,0.898619,3.11173,22.5185,0.79779,48.2233,74.8741
25.66,12.6645,2.32158,1.03604,3.66857,22.5186,0.79779,48.2233,76.4681
25.68,12.6603,2.18209,1.03616,3.66905,22.7517,0.79779,48.2233,77.5306
25.7,12.6603,2.18561,0.944546,3.66905,22.7519,0.79779,48.2233,77.5315
25.72,12.6598,2.12696,0.944467,3.62265,22.577,0.79779,48.2233,78.5927
25.74,12.6598,2.142,0.990276,3.62261,22.5769,0.79779,48.2233,84.9606
25.76,12.6598,2.18913,0.990315,3.62261,22.5769,0.79779,48.2233,90.8025
25.78,12.658,2.16955,0.898707,3.62261,22.6935,0.832491,32.1162,96.6434
25.8,12.658,2.17745,0.898619,3.01936,22.6936,0.832524,32.1008,96.6489
25.82,12.6589,2.18892,0.898619,3.01884,22.577,0.871943,32.1008,96.6489
25.84,12.6589,2.02703,0.944428,3.7613,22.5769,0.871977,32.1008,98.2407
25.86,12.6561,2.02881,0.944467,3.76194,22.5186,0.871977,32.1008,97.7115
25.88,12.6561,1.9356,0.944467,3.76194,22.5186,0.871977,32.1008,97.1804
25.9,12.6594,1.96632,0.944467,3.80834,22.5186,0.871977,32.1008,98.7717
25.92,12.6594,1.95593,1.08189,3.80838,22.5186,0.871977,32.1008,102.487
25.94,12.6589,1.97246,1.08201,4.36517,22.5186,0.871977,32.1008,106.204
25.96,12.6589,1.97248,1.08201,4.36571,22.5186,0.871977,32.1008,109.922
25.98,12.6584,1.9599,1.08201,3.80886,22.4603,0.871977,32.1008,112.578
26,12.6584,1.95989,1.08201,3.80838,22.4602,0.871977,32.1008,115.233
26.02,12.6566,2.03603,1.03621,3.80838,22.4602,0.871977,32.1008,117.888
26.04,12.6566,2.03611,1.03616,3.43715,22.6351,0.813301,12.7416,117.36
26.06,12.6571,2.04273,0.944546,3.43683,22.6352,0.81325,12.725,117.359
26.08,12.6571,2.04274,0.944467,3.62245,22.6935,0.888068,12.725,118.421
26.1,12.6561,2.02052,1.03608,3.62261,22.6936,0.888132,12.725,119.483
26.12,12.6561,2.0205,1.03616,3.39059,22.6353,0.888132,12.725,122.136
26.14,12.6547,2.11074,1.03616,3.39039,22.6352,0.888132,12.725,124.792
26.16,12.6547,2.10901,0.623886,3.20477,22.5769,0.888132,12.725,119.488
26.18,12.6561,2.20959,0.623532,3.20461,22.5769,0.888132,12.725,114.178
26.2,12.6561,2.18666,0.715149,2.87979,22.5769,0.888132,12.725,109.929
26.22,12.6547,2.13919,0.715227,2.87951,22.4603,0.888132,12.725,111.517
26.24,12.6547,2.13074,0.715227,2.87951,22.4602,0.888132,12.725,120.007
26.26,12.6547,2.18474,0.715227,3.06512,22.6351,0.888132,12.725,126.912
26.28,12.6547,2.16149,0.85264,3.06528,22.6352,0.888132,12.725,133.815
26.3,12.6557,2.10193,0.852771,3.2973,22.8101,0.888132,12.725,133.822
26.32,12.6557,2.11115,0.852771,3.2975,22.8102,0.843404,23.8756,133.822
26.34,12.6557,2.12074,0.944388,3.71513,22.8102,0.843365,23.8851,130.638
26.36,12.6557,2.10815,0.944467,3.71549,22.9268,0.847493,23.8851,127.452
26.38,12.6515,2.10161,0.898659,3.71549,22.9269,0.847497,23.8851,127.449
26.4,12.6515,2.13302,0.898619,3.57628,23.0435,0.847497,23.8851,129.041
26.42,12.6529,2.1769,0.715385,3.57616,23.0436,0.847497,23.8851,130.103
26.44,12.6529,2.16226,0.715227,3.48336,23.2767,0.847497,23.8851,131.165
26.46,12.6524,2.07063,0.898462,3.48328,23.277,0.847497,23.8851,132.228
26.48,12.6524,2.10716,0.898619,3.25126,23.5684,0.847497,23.8851,134.351
26.5,12.6538,2.08585,0.898619,3.25106,23.5686,0.847497,23.8851,136.475
26.52,12.6538,2.06741,0.990228,3.01906,23.5686,0.847497,23.8851,135.416
26.54,12.6515,2.10973,0.990315,3.01884,23.5686,0.847497,23.8851,133.823
26.56,12.6515,2.08709,1.17355,3.01884,23.5686,0.847497,23.8851,132.23
26.58,12.6506,2.21771,1.17371,2.27638,23.6269,0.910391,48.1201,133.29
26.6,12.6506,2.22702,1.1279,2.27574,23.627,0.910445,48.1409,134.882
26.62,12.6519,2.13624,1.12786,2.69337,23.9767,0.910445,48.1409,135.414
26.64,12.6519,2.11807,1.12786,2.69373,23.977,0.852432,48.1409,135.945
26.66,12.6496,2.16812,0.990433,3.529,24.0353,0.852382,48.1409,129.048
26.68,12.6496,2.18108,0.990315,3.52972,24.0353,0.852382,48.1409,122.145
26.7,12.6506,2.15749,1.08193,3.57612,24.0353,0.852382,48.1409,114.18
26.72,12.6515,2.14377,1.08201,3.57616,24.2102,0.852382,48.1409,113.112
26.74,12.6515,2.26859,0.944585,3.57616,24.2104,0.852382,48.1409,114.703
26.76,12.651,2.28737,0.944467,3.57616,24.2104,0.852382,48.1409,117.357
26.78,12.651,2.20632,0.944467,3.57616,24.2104,0.852382,48.1409,120.012
26.8,12.6552,2.18446,0.944467,3.48335,24.2687,0.852382,48.1409,116.301
26.82,12.6552,2.30644,0.85285,3.48328,24.2687,0.852382,48.1409,112.583
26.84,12.6538,2.32062,0.852771,3.29766,24.2687,0.852382,48.1409,112.049
26.86,12.6538,2.16306,0.852771,3.2975,24.3853,0.94443,51.494,111.519
26.88,12.6385,2.1179,0.89858,3.01908,24.3854,0.944518,51.4972,110.987
26.9,12.6385,2.19196,0.898619,3.01884,24.502,0.895363,51.4972,108.865
26.92,12.6385,2.26158,0.944428,3.01884,24.5021,0.895321,51.4972,104.088
26.94,12.6385,2.26164,0.944467,3.29723,24.2689,0.895321,51.4972,102.492
26.96,12.6385,2.1347,1.03608,3.2975,24.2687,0.895321,51.4972,100.899
26.98,12.638,2.13459,1.03616,3.94715,23.8024,0.895321,51.4972,99.8361
27,12.638,2.21274,1.03616,3.94771,23.802,0.895321,51.4972,98.774
27.02,12.6376,2.21281,0.944555,4.13331,23.7437,0.895321,51.4972,98.7731
27.04,12.6376,2.17655,0.944467,4.13349,23.7437,0.895321,51.4972,98.7731
27.06,12.6376,2.17652,0.944467,4.3191,23.7437,0.895321,51.4972,97.1813
27.08,12.6376,2.10862,0.944467,4.31926,23.8019,0.895321,51.4972,96.1188
27.1,12.6371,2.1067,0.944467,4.31926,23.802,0.895321,51.4972,95.5873
27.12,12.6371,2.10669,0.944467,3.94803,23.8603,0.914509,51.4972,96.1174
27.14,12.638,2.12495,0.807041,3.94771,23.8603,0.914526,52.6493,96.6485
27.16,12.638,2.12496,0.806923,3.7621,23.8603,0.914526,52.6503,97.1795
27.18,12.6371,2.14036,0.806923,3.76194,23.8603,0.910555,52.6503,97.7105
27.2,12.6371,2.14038,0.577881,3.85474,23.8603,0.910552,52.6503,99.3028
27.22,12.6376,1.98833,0.577684,3.85482,23.7438,0.910552,52.6503,104.079
27.24,12.6376,1.9882,0.715109,3.85482,23.7437,0.910552,52.6503,106.736
27.26,12.6371,2.1393,0.715227,3.48359,23.5105,0.910552,52.6503,106.739
27.28,12.6371,2.13943,0.94427,3.48328,23.5103,0.910552,52.6503,105.147
27.3,12.6362,2.08505,0.944467,3.52968,23.3937,0.910552,52.6503,103.554
27.32,12.6362,2.09335,0.898659,3.52972,23.3936,0.910552,52.6503,101.961
27.34,12.6362,2.18862,0.898619,2.78726,23.5685,0.910552,52.6503,106.735
27.36,12.6362,2.18038,0.898619,2.78662,23.5686,0.910552,52.6503,111.513
27.38,12.6362,2.09153,1.03604,2.97224,23.5686,0.910552,52.6503,113.11
27.4,12.6362,2.07815,1.03616,2.97239,23.4521,0.914408,51.7862,114.172
27.42,12.6366,2.0965,0.898737,2.97239,23.452,0.914411,51.7854,115.234
27.44,12.6366,2.11701,0.898619,3.76118,23.5103,0.931328,51.7854,114.705
27.46,12.6371,2.1914,0.898619,3.76194,23.5103,0.931344,51.7854,115.235
27.48,12.6371,2.17585,0.898619,3.43711,23.6269,0.931344,51.7854,117.358
27.5,12.6352,2.18695,0.852811,3.43683,23.627,0.931344,51.7854,119.482
27.52,12.6352,2.17876,0.852771,3.39043,23.7435,0.931344,51.7854,120.014
27.54,12.6348,2.14381,0.852771,3.39039,23.7437,0.931344,51.7854,120.545
27.56,12.6348,2.19336,0.89858,3.25118,23.7437,0.931344,51.7854,120.015
27.58,12.6366,2.25979,0.898619,3.25106,24.21,0.931344,51.7854,116.831
27.6,12.6366,2.21138,0.990228,3.25106,24.2104,0.931344,51.7854,113.645
27.62,12.6366,2.22997,0.990315,2.78702,24.5601,0.931344,51.7854,109.397
27.64,12.6366,2.26937,1.08193,2.78662,24.5604,0.931344,51.7854,105.149
27.66,12.6348,2.34068,1.08201,2.87943,24.3855,0.931344,51.7854,102.493
27.68,12.6348,2.29045,1.12782,2.87951,24.3854,0.950284,49.543,99.8374
27.7,12.6362,2.29458,1.12786,2.87951,23.9774,0.950301,49.5411,98.774
27.72,12.6362,2.26508,1.12786,2.87951,23.977,0.958906,49.5411,97.7119
27.74,12.6338,2.32802,1.03624,3.25074,23.977,0.958914,49.5411,97.1804
27.76,12.6338,2.33803,1.03616,3.25106,23.8604,0.958914,49.5411,92.9353
27.78,12.6343,2.14704,0.944546,3.25106,23.8603,0.958914,49.5411,92.4011
27.8,12.6343,2.15267,0.944467,3.39027,23.9186,0.958914,49.5411,95.0535
27.82,12.6343,2.28908,0.990276,3.39039,23.9187,0.958914,49.5411,97.7087
27.84,12.6343,2.27542,0.990315,3.576,24.385,0.958914,49.5411,98.2416
27.86,12.6352,2.21002,0.990315,3.57616,24.3854,0.958914,49.5411,98.7726
27.88,12.6352,2.23393,0.898698,3.43695,24.6768,0.958914,49.5411,96.6508
27.9,12.6352,2.17404,0.898619,3.43683,24.6771,0.958914,49.5411,94.5266
27.92,12.6352,2.13641,0.852811,3.43683,24.6771,0.958914,49.5411,96.6471
27.94,12.6338,2.22735,0.852771,3.29763,24.3857,0.947651,48.6771,99.8321
27.96,12.6338,2.25867,0.715346,3.2975,24.3854,0.94764,48.6763,105.672
27.98,12.6343,2.1552,0.715227,3.76154,24.1522,0.938145,48.6763,112.574
28,12.6343,2.17374,0.669419,3.76194,24.152,0.938137,48.6763,119.478
28.02,12.6334,2.15613,0.66938,3.80834,23.9772,0.938137,48.6763,119.484
28.04,12.6334,2.14787,0.66938,3.80838,23.977,0.938137,48.6763,119.484
28.06,12.6343,2.14455,0.898422,3.57636,23.977,0.938137,48.6763,121.075
28.08,12.6343,2.13388,0.898619,3.57616,23.7439,0.938137,48.6763,123.199
28.1,12.6338,2.1546,0.944423,3.57616,23.7437,0.938137,48.6763,125.853
28.12,12.6338,2.17662,0.944467,3.52976,23.6854,0.938137,48.6763,128.509
28.14,12.6334,2.27722,0.944467,3.52972,23.6853,0.938137,48.6763,131.164
28.16,12.6334,2.28087,0.944467,3.57612,23.7436,0.938137,48.6763,133.289
28.18,12.6329,2.15907,0.761233,3.57616,23.7437,0.938137,48.6763,135.413
28.2,12.6329,2.18577,0.761075,3.29774,23.6271,0.938137,48.6763,132.231
28.22,12.6352,2.37607,0.761075,3.2975,23.627,0.987471,47.3802,129.045
28.24,12.6352,2.34135,0.806884,3.15829,23.627,0.987514,47.3791,129.573
28.26,12.6329,2.20126,0.806923,3.15817,23.3355,0.976828,47.3791,132.226
28.28,12.6329,2.18774,0.761115,3.15817,23.3353,0.976819,47.3791,132.759
28.3,12.6324,2.18404,0.761075,3.06536,22.9273,0.976819,47.3791,134.882
28.32,12.6324,2.19155,0.761075,3.06528,22.9269,0.976819,47.3791,137.006
28.34,12.6348,2.25301,0.761075,3.62213,22.9852,0.976819,47.3791,132.763
28.36,12.6348,2.27642,0.852684,3.62261,22.9853,0.976819,47.3791,128.515
28.38,12.632,2.28482,0.852771,3.5298,23.1018,0.976819,47.3791,122.675
28.4,12.632,2.27049,0.852771,3.52972,23.1019,0.976819,47.3791,116.833
28.42,12.6329,2.30811,0.944388,3.11208,23.1019,0.976819,47.3791,114.175
28.44,12.6329,2.29991,0.944467,3.11173,23.2185,0.976819,47.3791,118.417
28.46,12.6306,2.15955,0.990276,3.11173,23.2186,0.976819,47.3791,123.197
28.48,12.6306,2.17721,0.990315,3.15813,23.3352,0.971059,42.9559,126.384
28.5,12.6329,2.18829,0.852889,3.15817,23.3353,0.971054,42.9521,129.571
28.52,12.6329,2.17329,0.852771,3.15817,23.3936,0.971054,42.9521,131.695
28.54,12.6301,2.15564,0.852771,3.15817,23.3936,0.967001,42.9521,133.82
28.56,12.6301,2.15753,0.806963,3.25098,23.5685,0.966998,42.9521,134.352
28.58,12.6324,2.20482,0.806923,3.25106,23.5686,0.966998,42.9521,134.883
28.6,12.6324,2.17561,0.99014,3.06546,23.5686,0.966998,42.9521,134.884
28.62,12.632,2.13561,0.990315,3.06528,23.9767,0.966998,42.9521,136.475
28.64,12.632,2.19068,0.944506,3.06528,23.977,0.966998,42.9521,141.252
28.66,12.6297,2.15362,0.944467,3.06528,24.385,0.966998,42.9521,142.317
28.68,12.6297,2.09327,0.990276,3.06528,24.3854,0.966998,42.9521,143.379
28.7,12.6301,2.15797,0.990315,2.87967,24.9683,0.966998,42.9521,142.319
28.72,12.6301,2.17933,0.990315,2.87951,24.9688,0.966998,42.9521,141.257
28.74,12.6324,2.00498,0.990315,2.32266,24.9688,0.966998,42.9521,138.073
28.76,12.6324,2.0008,0.990315,2.32218,25.4351,0.930375,39.2695,137.009
28.78,12.6315,2.13567,0.807081,2.32218,25.4355,0.930343,39.2663,139.661
28.8,12.6315,2.15229,0.806923,2.5542,25.2023,0.92741,39.2663,141.255
28.82,12.6491,2.10931,0.89854,2.5544,25.2021,0.927407,39.2663,143.378
28.84,12.6492,2.1228,0.898619,1.90475,25.0273,0.927407,39.2663,142.319
28.86,12.638,2.09102,0.852815,1.90419,25.0271,0.927407,39.2663,141.257
28.88,12.638,2.07121,0.852771,3.34271,24.7939,0.927407,39.2663,138.603
28.9,12.6329,2.15209,0.852771,3.34394,24.7937,0.927407,39.2663,135.948
28.92,12.6329,2.184,0.761154,3.06552,24.7937,0.927407,39.2663,130.64
28.94,12.6301,2.17053,0.761075,3.06528,24.7937,0.927407,39.2663,125.861
28.96,12.6301,2.16818,0.898501,3.06528,24.7937,0.927407,39.2663,121.611
28.98,12.6297,2.22611,0.898619,3.20449,24.9686,0.927407,39.2663,118.955
29,12.6297,2.19394,0.944428,3.20461,24.9688,0.927407,39.2663,116.3
29.02,12.6311,2.22356,0.944467,3.15821,25.2602,0.927407,39.2663,113.645
29.04,12.6311,2.21901,0.85285,3.15817,25.2605,0.911941,38.0937,110.989
29.06,12.6297,2.12606,0.852771,3.483,25.6102,0.911928,38.0927,103.559
29.08,12.6297,2.13421,0.852771,3.48328,25.6105,0.913892,38.0927,96.1243
29.1,12.6375,2.10786,0.806967,3.11208,25.6105,0.913894,38.0927,95.0568
29.12,12.6376,2.10257,0.806923,3.11173,25.6105,0.913894,38.0927,98.2393
29.14,12.6329,2.16657,0.806923,3.11173,25.6105,0.913894,38.0927,99.3032
29.16,12.6329,2.17744,0.806923,3.34374,25.4356,0.913894,38.0927,102.488
29.18,12.6297,2.17006,0.852728,3.34394,25.4355,0.913894,38.0927,105.674
29.2,12.6297,2.17775,0.852771,3.52956,25.552,0.913894,38.0927,102.493
29.22,12.6311,2.20748,0.761154,3.52972,25.5521,0.913894,38.0927,99.3068
29.24,12.6311,2.21492,0.761075,3.57612,25.4939,0.913894,38.0927,100.896
29.26,12.6311,2.13757,0.761075,3.57616,25.4938,0.913894,38.0927,102.489
29.28,12.6334,2.13799,0.898501,3.25134,25.4938,0.913894,38.0927,102.49
29.3,12.6334,2.24539,0.898619,3.25106,25.2607,0.923538,35.7885,103.552
29.32,12.6278,2.24901,0.761194,3.25106,25.2605,0.923546,35.7865,104.614
29.34,12.6278,2.17157,0.761075,2.92623,25.1439,0.946123,35.7865,108.329
29.36,12.6464,2.13297,0.577859,2.92595,25.1438,0.946142,35.7865,112.045
29.38,12.6464,2.17928,0.577684,2.78674,24.794,0.946142,35.7865,111.518
29.4,12.6436,2.15732,0.577684,2.78662,24.7937,0.946142,35.7865,110.987
29.42,12.6436,2.16818,0.669301,2.69381,24.5606,0.946142,35.7865,115.762
29.44,12.6431,2.21082,0.66938,2.69373,24.5604,0.946142,35.7865,121.072
29.46,12.6431,2.21086,0.531954,2.69373,24.5604,0.946142,35.7865,124.791
29.48,12.619,2.07465,0.531836,2.60092,24.5021,0.946142,35.7865,130.1
29.5,12.619,2.07453,0.852496,2.60085,24.5021,0.946142,35.7865,134.349
29.52,12.6129,2.10578,0.852771,3.15764,24.3272,0.946142,35.7865,132.231
29.54,12.6129,2.10581,0.806963,3.15817,24.327,0.946142,35.7865,130.106
29.56,12.6083,2.16642,0.806923,3.29738,24.327,0.946142,35.7865,133.288
29.58,12.6083,2.16648,0.806923,3.2975,24.327,0.934851,42.0201,136.474
29.6,12.6092,2.2472,0.898532,3.6223,24.327,0.934841,42.0255,137.538
29.62,12.6092,2.24728,0.898619,3.62261,24.0939,0.973235,42.0255,141.253
29.64,12.6111,2.17102,0.852811,3.62261,24.0937,0.973268,42.0255,142.317
29.66,12.6111,2.20921,0.852771,3.39059,24.2686,0.973268,42.0255,138.074
29.68,12.6153,2.14319,0.94438,3.39039,24.2687,0.973268,42.0255,133.826
29.7,12.6153,2.13461,0.944467,3.29758,24.5019,0.973268,42.0255,132.76
29.72,12.6055,2.17809,0.807041,3.2975,24.5021,0.973268,42.0255,131.698
29.74,12.6055,2.14906,0.806923,3.39031,24.6769,0.973268,42.0255,131.167
29.76,12.6027,2.04161,0.806923,3.39039,24.6771,0.973268,42.0255,130.636
29.78,12.6027,2.10225,0.944349,3.34398,24.6771,0.973268,42.0255,133.819
29.8,12.5999,2.14551,0.944467,3.34394,24.9102,0.973268,42.0255,140.719
29.82,12.5999,2.11413,0.944467,3.34394,24.9104,0.973268,42.0255,144.439
29.84,12.6023,2.14075,0.944467,3.34394,24.9687,0.906781,50.2547,142.851
29.86,12.6023,2.16044,0.990271,3.34394,24.9688,0.906724,50.2617,141.258
29.88,12.6756,2.1089,0.990315,3.62237,24.5607,0.906724,50.2617,141.787
29.9,12.6756,2.12252,0.944506,3.62261,24.5604,0.942678,50.2617,142.318
29.92,12.763,2.10449,0.944467,2.92655,23.8609,0.942709,50.2617,142.849
29.94,12.7631,2.0914,0.944467,2.92595,23.8603,0.942709,50.2617,143.38
29.96,12.7656,2.04183,0.807041,3.38999,23.8603,0.942709,50.2617,140.197
29.98,12.7656,2.06098,0.806923,3.39039,23.4523,0.942709,50.2617,133.827
30,12.7643,2.15456,0.806923,3.39039,23.452,0.942709,50.2617,130.638
30.02,12.7643,2.13766,0.806923,3.29759,23.6268,0.942709,50.2617,129.574
30.04,12.7725,2.12799,0.806923,3.2975,23.627,0.942709,50.2617,128.512
30.06,12.7726,2.14351,0.806923,3.15829,23.8018,0.942709,50.2617,129.042
30.08,12.7676,2.14658,0.806923,3.15817,23.802,0.942709,50.2617,129.573
30.1,12.7676,2.1301,0.761119,3.06537,23.6271,0.942709,50.2617,131.165
30.12,12.784,2.16036,0.761075,3.06528,23.627,0.844639,49.7886,131.166
30.14,12.7841,2.19122,0.94431,3.06528,23.627,0.844554,49.7882,132.758
30.16,12.7812,2.09897,0.944467,2.87967,23.5687,0.911985,49.7882,133.821
30.18,12.7812,2.06693,0.944467,2.87951,23.5686,0.912043,49.7882,134.352
30.2,12.7689,2.15744,0.944467,2.7867,23.6269,0.912043,49.7882,131.169
30.22,12.7689,2.17758,1.03608,2.78662,23.627,0.912043,49.7882,127.983
30.24,12.7746,2.22589,1.03616,3.29706,23.5687,0.912043,49.7882,124.266
30.26,12.7746,2.21116,1.03616,3.2975,23.5686,0.912043,49.7882,120.549
30.28,12.8083,2.10873,0.852929,3.20469,23.5686,0.912043,49.7882,118.423
30.3,12.8083,2.1208,0.852771,3.20461,23.8601,0.912043,49.7882,115.769
30.32,12.8091,2.23165,0.89858,3.20461,23.8603,0.912043,49.7882,117.889
30.34,12.8091,2.21931,0.898619,3.15821,24.0352,0.912043,49.7882,121.074
30.36,12.8087,2.15705,0.898619,3.15817,24.0353,0.912043,49.7882,121.077
30.38,12.8087,2.15322,0.898619,3.20457,24.0936,0.912043,49.7882,124.791
30.4,12.8058,2.18369,0.898619,3.20461,24.0937,0.789098,53.697,128.508
30.42,12.8058,2.14991,0.898619,3.11181,24.152,0.788993,53.7004,127.45
30.44,12.7927,2.13653,0.898619,3.11173,24.152,0.83222,53.7004,126.388
30.46,12.7927,2.15736,0.944428,3.15813,24.152,0.832261,53.7004,122.673
30.48,12.7754,2.20973,0.944467,3.15817,24.0354,0.832261,53.7004,120.017
30.5,12.7754,2.19418,0.898659,3.15817,24.0353,0.832261,53.7004,120.545
30.52,12.7808,2.1979,0.898619,3.20457,23.8605,0.832261,53.7004,120.015
30.54,12.7808,2.23057,0.807002,3.20461,23.8603,0.832261,53.7004,119.484
30.56,12.7808,2.22681,0.806923,3.34382,23.6272,0.832261,53.7004,116.831
30.58,12.7808,2.24942,0.89854,3.34394,23.627,0.832261,53.7004,114.175
30.6,12.782,2.18564,0.898619,2.92635,23.3939,0.832261,53.7004,112.051
30.62,12.782,2.19076,0.898619,2.92595,23.3936,0.832261,53.7004,109.927
30.64,12.7804,2.1942,0.852811,2.92595,23.3936,0.832261,53.7004,107.272
30.66,12.7804,2.15954,0.852771,2.92595,23.2188,0.695937,58.1441,108.331
30.68,12.7787,2.19337,0.761163,2.92595,23.2186,0.69582,58.148,109.923
30.7,12.7787,2.20209,0.761075,3.29718,22.7523,0.835763,58.148,109.925
30.72,12.7787,2.23915,0.898501,3.2975,22.7519,0.835883,58.148,109.925
30.74,12.7721,2.24688,0.898619,3.11189,22.5188,0.835883,58.148,103.027
30.76,12.7721,2.16192,0.898619,3.11173,22.5186,0.835883,58.148,96.1238
30.78,12.7812,2.16646,0.761194,3.15813,22.2271,0.835883,58.148,93.9956
30.8,12.7812,2.03485,0.761075,3.15817,22.2269,0.835883,58.148,91.8714
30.82,12.8017,2.00554,0.806884,3.15817,22.2269,0.835883,58.148,89.7473
30.84,12.8017,1.96141,0.806923,2.87975,21.8771,0.835883,58.148,89.2149
30.86,12.8161,1.99113,0.852732,2.87951,21.8768,0.835883,58.148,89.2144
30.88,12.8161,1.87176,0.852771,3.11153,21.7603,0.835883,58.148,91.8673
30.9,12.8169,1.87282,0.806963,3.11173,21.7602,0.835883,58.148,94.5225
30.92,12.8169,1.87282,0.806923,2.97251,21.8184,0.835883,58.148,91.8719
30.94,12.8145,1.77297,0.806923,2.97239,21.8185,0.769341,54.3835,89.2169
30.96,12.8145,1.77287,0.89854,2.92599,21.8185,0.769278,54.3799,86.0309
30.98,12.8075,1.71316,0.898619,2.92595,21.9351,0.866179,54.3799,83.3753
31,12.8075,1.71311,0.807002,2.92595,21.9352,0.866262,54.3799,85.4953
31.02,12.8038,1.83295,0.806923,2.92595,22.3432,0.866262,54.3799,87.6193
31.04,12.8038,1.83307,0.852732,2.92595,22.3435,0.866262,54.3799,89.7436
31.06,12.8038,1.75565,0.852771,3.20437,22.6933,0.866262,54.3799,88.1537
31.08,12.8038,1.75559,0.852771,3.20461,22.6936,0.866262,54.3799,86.5606
31.1,12.7997,1.81032,0.852771,3.01902,23.2764,0.866262,54.3799,86.0287
31.12,12.7997,1.80096,0.852771,3.01884,23.277,0.866262,54.3799,85.4976
31.14,12.8013,1.79267,0.852771,3.20445,23.277,0.866262,54.3799,83.3748
31.16,12.8013,1.81405,0.852771,3.20461,23.8015,0.866262,54.3799,83.373
31.18,12.8017,1.76397,0.898575,3.20461,23.802,0.866262,54.3799,83.373
31.2,12.8017,1.7706,0.898619,3.0654,24.5015,0.886019,49.3806,81.7812
31.22,12.7997,1.71279,0.761194,3.06528,24.5021,0.886036,49.3763,80.1881
31.24,12.7997,1.68806,0.761075,2.97247,25.2598,0.886036,49.3763,79.1256
31.26,12.7976,1.7369,0.806884,2.97239,25.2605,0.802842,49.3763,78.0635
31.28,12.7976,1.73101,0.806923,3.0652,26.4845,0.80277,49.3763,77.532
31.3,12.7964,1.68674,0.806923,3.06528,26.4856,0.80277,49.3763,77.001
31.32,12.7964,1.67968,0.852732,3.01888,26.4856,0.80277,49.3763,78.0617
31.34,12.7976,1.6753,0.852771,3.01884,28.2925,0.80277,49.3763,81.2461
31.36,12.7976,1.6823,0.806963,3.01884,28.294,0.80277,49.3763,80.1877
31.38,12.7853,1.66618,0.806923,2.78682,30.5673,0.80277,49.3763,79.6562
31.4,12.7853,1.66181,0.89854,2.78662,30.5692,0.80277,49.3763,79.1251
31.42,12.7841,1.69689,0.898619,2.97224,33.7751,0.80277,49.3763,73.8188
31.44,12.7841,1.69232,0.898619,2.97239,33.7778,0.80277,49.3763,68.509
31.46,12.7754,1.72951,0.669576,3.0652,38.2077,0.80277,49.3763,64.7898
31.48,12.7754,1.74884,0.66938,3.06528,38.2115,0.788318,49.3146,65.3172
31.5,12.7964,1.68015,0.806805,2.92607,38.2115,0.788305,49.3146,65.8483
31.52,12.7964,1.66011,0.806923,2.92595,44.6809,0.661829,49.3146,64.7877
31.54,12.7832,1.64372,0.806923,2.92595,44.6871,0.661708,49.3146,64.7867
31.56,12.7832,1.66598,0.806923,3.01876,53.1389,0.661708,49.3146,66.3784
31.58,12.7841,1.65797,0.715306,3.01884,53.1461,0.661708,49.3146,67.9715
31.6,12.7841,1.66885,0.715227,2.92604,62.3548,0.661708,49.3146,69.0339
31.62,12.8001,1.66216,0.715227,2.92595,62.3636,0.661708,49.3146,70.0961
31.64,12.8001,1.64694,0.806845,2.83314,62.3636,0.661708,49.3146,70.097
31.66,12.8017,1.72249,0.806923,2.83306,71.6897,0.661708,49.3146,69.5664
31.68,12.8017,1.68927,0.806923,2.83306,71.6977,0.661708,49.3146,69.566
31.7,12.8009,1.62325,0.806923,2.83306,79.858,0.661708,49.3146,68.5048
31.72,12.8009,1.63714,0.806923,2.83306,79.865,0.661708,49.3146,67.9733
31.74,12.8099,1.70972,0.806923,2.87947,82.2548,0.661708,49.3146,65.8506
31.76,12.81,1.74269,0.89854,2.87951,82.2569,0.706059,47.6893,63.7264
31.78,12.7927,1.8012,0.898619,2.7867,83.1895,0.706097,47.6879,64.7858
31.8,12.7927,1.78615,0.898619,2.78662,83.1903,0.63165,47.6879,65.8478
31.82,12.7906,2.01254,0.852811,2.83302,83.1903,0.631586,47.6879,70.0934
31.84,12.7906,1.99901,0.852771,2.83306,84.0063,0.631586,47.6879,74.3417
31.86,12.7923,2.03014,0.761154,2.83306,84.007,0.631586,47.6879,78.59
31.88,12.7923,2.06714,0.761075,2.87947,86.3969,0.631586,47.6879,81.2465
31.9,12.7931,2.25843,0.806884,2.87951,86.3989,0.631586,47.6879,83.9017
31.92,12.7931,2.19107,0.806923,2.7403,86.6321,0.631586,47.6879,90.8016
31.94,12.7931,2.3615,0.806923,2.74018,86.6323,0.631586,47.6879,97.7044
31.96,12.7927,2.35183,0.806923,2.55456,87.1569,0.631586,47.6879,99.3028
31.98,12.7927,2.39879,0.806923,2.5544,87.1573,0.631586,47.6879,100.896
32,12.796,2.32641,0.806923,2.22954,87.1573,0.631586,47.6879,105.142
32.02,12.796,2.42177,0.806923,2.2293,91.6459,0.683848,43.9227,109.921
32.04,12.798,2.35418,0.715297,2.2293,91.6494,0.683887,43.9198,113.109
32.06,12.798,2.35413,0.715227,1.9973,96.7199,0.738111,43.9198,117.355
32.08,12.819,2.35583,0.806836,1.99708,96.7248,0.738162,43.9198,121.604
32.1,12.819,2.38892,0.806923,1.90428,100.688,0.738162,43.9198,125.321
32.12,12.7693,2.38268,0.852728,1.90419,100.692,0.738162,43.9198,129.039
32.14,12.7693,2.38267,0.852771,1.85779,104.189,0.738162,43.9198,131.695
32.16,12.7894,2.31342,0.852771,1.85775,104.192,0.738162,43.9198,134.351
32.18,12.7894,2.31337,0.806958,1.85775,104.192,0.738162,43.9198,138.067
32.2,12.7607,2.27275,0.806923,1.95056,106.116,0.738162,43.9198,142.846
32.22,12.7606,2.27272,0.761119,1.95063,106.117,0.738162,43.9198,147.624
32.24,12.7964,2.36944,0.761075,1.85784,105.942,0.738162,43.9198,148.69
32.26,12.7964,2.36953,0.761075,1.85775,105.942,0.738162,43.9198,149.752
32.28,12.7927,2.31735,0.761075,1.67215,104.485,0.738162,43.9198,149.222
32.3,12.7927,2.3173,0.761075,1.67197,104.484,0.663074,43.5084,148.691
32.32,12.7931,2.30812,0.806888,1.53275,102.91,0.663003,43.508,149.221
32.34,12.7931,2.27829,0.806923,1.53264,102.909,0.782647,43.508,145.507
32.36,12.7898,2.22294,0.852736,1.53264,102.909,0.782739,43.508,141.79
32.38,12.7898,2.25345,0.852771,1.48623,105.415,0.782739,43.508,142.318
32.4,12.7919,2.42785,0.806967,1.4862,105.417,0.782739,43.508,142.849
32.42,12.7919,2.40048,0.806923,1.4398,108.273,0.782739,43.508,142.849
32.44,12.7849,2.27936,0.852728,1.43975,108.276,0.782739,43.508,142.849
32.46,12.7849,2.27924,0.852771,1.71815,107.751,0.782739,43.508,142.849
32.48,12.78,2.24858,0.852771,1.71842,107.751,0.782739,43.508,142.849
32.5,12.7799,2.23028,0.898584,1.6256,107.751,0.782739,43.508,141.788
32.52,12.7726,2.16628,0.898619,1.62553,106.527,0.782739,43.508,140.726
32.54,12.7726,2.20481,0.944432,1.62553,106.526,0.782739,43.508,142.848
32.56,12.7717,2.08312,0.944467,1.62553,103.145,0.818348,43.508,145.502
32.58,12.7717,2.07198,0.898663,1.62553,103.142,0.818382,60.9728,148.157
32.6,12.7721,2.13847,0.898619,1.71833,102.151,0.818382,60.9895,148.16
32.62,12.7721,2.14051,0.852815,1.71842,102.15,0.515992,60.9895,148.16
32.64,12.7721,2.03409,0.852771,1.85761,100.635,0.515703,60.9895,148.16
32.66,12.7721,2.11042,0.852771,1.85775,100.633,0.515703,60.9895,148.69
32.68,12.7701,2.04544,0.898584,1.71852,100.633,0.515703,60.9895,146.568
32.7,12.7701,2.06242,0.898619,1.71842,94.979,0.515703,60.9895,146.036
32.72,12.7717,1.92746,1.08184,1.71842,94.9746,0.515703,60.9895,149.219
32.74,12.7717,1.97979,1.08201,1.67202,86.1157,0.515703,60.9895,151.344
32.76,12.775,1.92819,1.12782,1.67197,86.1072,0.515703,60.9895,153.468
32.78,12.775,2.03943,1.12786,1.81117,76.2575,0.515703,60.9895,155.592
32.8,12.8198,1.87629,1.12786,1.8113,76.2481,0.515703,60.9895,157.716
32.82,12.8198,1.99289,1.35692,1.8113,74.5575,0.515703,60.9895,159.841
32.84,12.8408,1.80754,1.3571,1.8113,74.5563,0.734046,54.9199,159.842
32.86,12.8408,1.92828,1.81523,1.67208,74.5563,0.734213,54.9152,158.251
32.88,12.8588,1.92682,1.81558,1.67197,79.5695,0.617232,54.9152,158.249
32.9,12.8589,2.0327,2.36523,1.67197,79.5733,0.617143,54.9152,158.249
32.92,13.4021,1.95341,2.36575,1.53277,85.1102,0.617143,54.9152,159.31
32.94,13.4026,1.98631,3.32764,1.53264,85.1155,0.617143,54.9152,160.372
32.96,13.4026,2.10457,3.32856,1.62544,89.545,0.617143,54.9152,159.843
32.98,14.6969,2.05178,3.32856,1.62553,89.5492,0.617143,54.9152,159.312
33,14.6981,2.06671,4.65713,1.53271,89.5492,0.617143,54.9152,157.72
33.02,14.9038,2.06815,4.65815,1.53264,92.3473,0.617143,54.9152,157.718
33.04,14.9553,2.02374,6.90298,1.53264,92.3494,0.617143,54.9152,157.718
33.06,14.9554,2.05234,6.9047,1.39344,94.5059,0.617143,54.9152,157.718
33.08,15.1701,2.09263,10.3858,1.39331,94.5079,0.617143,54.9152,157.718
33.1,15.1703,2.06812,10.3891,1.16131,95.4987,0.617143,54.9152,162.493
33.12,15.0209,2.20074,13.8703,1.16109,95.4997,0.399773,51.6856,167.272
33.14,15.0207,2.19874,13.8736,1.34669,95.9077,0.399566,51.6825,165.685
33.16,15.1164,2.19906,13.8736,1.34687,95.908,0.388941,51.6825,164.092
33.18,15.1165,2.29711,16.0268,1.30046,95.908,0.388933,51.6825,163.029
33.2,15.1153,2.29718,16.0284,1.30042,95.9663,0.388933,51.6825,161.967
33.22,15.1153,2.50018,17.4484,1.30042,95.9664,0.388933,51.6825,159.314
33.24,15.2122,2.5073,17.4497,1.39322,96.6075,0.388933,51.6825,156.659
33.26,15.2123,2.48801,18.2742,1.39331,96.6081,0.388933,51.6825,154.004
33.28,15.2564,2.48492,18.275,1.43971,97.6572,0.388933,51.6825,156.654
33.3,15.2564,2.37021,18.733,1.43975,97.6582,0.388933,51.6825,159.309
33.32,15.3268,2.37957,18.7335,1.7182,98.416,0.388933,51.6825,168.863
33.34,15.3269,2.37958,18.7335,1.71842,98.4166,0.388933,51.6825,178.422
33.36,15.3269,2.36515,18.9167,1.71842,98.4166,0.388933,51.6825,186.388
33.38,15.3431,2.3652,18.9169,1.95046,98.1834,0.405968,51.6208,192.762
33.4,15.3431,2.24759,19.2833,1.95063,98.1832,0.405981,51.6207,199.133
33.42,15.342,2.20067,19.2836,2.32183,96.5513,0.633748,51.6207,204.445
33.44,15.342,2.15974,19.5127,2.32218,96.5498,0.633966,51.6207,209.755
33.46,15.3855,2.22161,19.5129,2.60058,94.0436,0.633966,51.6207,212.943
33.48,15.3856,2.17514,19.7877,2.60085,94.0412,0.633966,51.6207,216.129
33.5,15.4416,2.17694,19.788,3.20415,90.6602,0.633966,51.6207,218.786
33.52,15.4417,2.27164,19.788,3.20461,90.6576,0.633966,51.6207,219.318
33.54,15.6382,2.33739,20.1087,3.20461,90.6576,0.633966,51.6207,218.788
33.56,15.6383,2.33744,20.1089,4.2718,87.2772,0.633966,51.6207,220.91
33.58,15.6383,2.26916,20.2463,4.27282,87.274,0.633966,51.6207,223.034
33.6,15.6383,2.2691,20.2464,5.98959,85.4089,0.633966,51.6207,223.567
33.62,15.7224,2.30958,20.3839,5.99123,85.4072,0.633966,51.6207,224.098
33.64,15.7225,2.30962,20.384,8.2648,85.1157,0.633966,51.6207,227.812
33.66,15.8264,2.23344,20.384,8.26697,85.1155,0.498552,49.7896,231.53
33.68,15.8265,2.23338,20.2007,11.562,86.2231,0.498449,49.7882,230.471
33.7,15.8254,2.24893,20.2006,11.5645,86.2239,0.872405,49.7882,225.695
33.72,15.8254,2.24894,20.0174,11.5645,86.2239,0.872691,49.7882,224.1
33.74,15.8578,2.26041,20.0172,14.9052,87.8558,0.872691,49.7882,215.61
33.76,15.8579,2.24458,19.8798,14.9084,87.8574,0.872691,49.7882,207.113
33.78,15.8634,2.24177,19.8797,16.7644,89.8973,0.872691,49.7882,200.208
33.8,15.8634,2.26454,19.6506,16.7662,89.8992,0.872691,49.7882,193.304
33.82,15.8627,2.32333,19.6504,17.6479,91.5897,0.872691,49.7882,184.277
33.84,15.8627,2.29859,19.6504,17.6486,91.591,0.872691,49.7882,177.372
33.86,15.8582,2.32374,19.6046,17.7414,91.591,0.872691,49.7882,171.53
33.88,15.8582,2.28321,19.6046,17.7415,93.1649,0.872691,49.7882,167.811
33.9,15.8398,2.19336,19.6046,17.7415,93.1661,0.872691,49.7882,167.278
33.92,15.8398,2.25586,19.6046,17.0919,93.6324,1.20538,49.7882,167.277
33.94,15.9014,2.20797,19.7878,17.0913,93.6329,1.2057,49.3562,167.277
33.96,15.9014,2.21089,19.788,14.1681,93.3997,1.2057,49.3558,168.869
33.98,15.7551,2.2444,19.788,14.1653,93.3995,0.843082,49.3558,170.462
34,15.7549,2.20914,19.9712,22.5188,92.5834,0.842736,49.3558,172.055
34.02,16.0735,2.24099,19.9714,22.5252,92.5828,0.842736,49.3558,174.71
34.04,16.0737,2.25692,20.2462,22.5252,92.5828,0.842736,49.3558,177.895
34.06,15.7493,2.37509,20.2464,22.5252,92.6411,0.842736,49.3558,179.489
34.08,15.749,2.38389,20.338,22.5252,92.6411,0.842736,49.3558,181.082
34.1,15.7129,2.24414,20.3381,22.8036,93.2822,0.842736,49.3558,184.267
34.12,15.7129,2.23042,20.5214,22.8038,93.2828,0.842736,49.3558,187.453
34.14,15.6889,2.28083,20.5215,23.2678,92.7583,0.842736,49.3558,188.518
34.16,15.6889,2.25593,20.5215,23.2683,92.7578,0.842736,49.3558,189.58
34.18,15.638,2.21144,20.6132,23.3611,92.7578,0.842736,49.3558,192.764
34.2,15.638,2.25284,20.6132,23.3612,93.2241,0.340951,50.1993,195.951
34.22,15.5255,2.24115,20.7506,23.3612,93.2245,0.340568,50.2,201.258
34.24,15.5254,2.23601,20.7508,23.6396,93.749,1.38351,50.2,208.691
34.26,15.5995,2.27072,20.8424,23.6398,93.7495,1.3845,50.2,216.125
34.28,15.5996,2.2922,20.8425,24.011,93.7495,1.3845,50.2,221.968
34.3,15.6619,2.33702,20.8425,24.0114,93.7495,1.3845,50.2,227.81
34.32,15.6619,2.29618,20.8425,24.2898,93.5747,1.3845,50.2,227.815
34.34,15.9171,2.24163,20.8425,24.29,93.5745,1.3845,50.2,227.815
34.36,15.9173,2.24674,20.7508,24.4757,93.5745,1.3845,50.2,227.815
34.38,16.1551,2.3,20.7508,24.4758,93.9243,1.3845,50.2,227.285
34.4,16.1553,2.28009,20.6592,24.4758,93.9245,1.3845,50.2,226.754
34.42,15.9194,2.12771,20.6591,23.7798,94.7405,1.3845,50.2,225.692
34.44,15.9191,2.13204,20.3842,23.7792,94.7413,1.3845,50.2,224.63
34.46,15.7367,2.21737,20.384,23.64,94.9161,1.3845,50.2,222.507
34.48,15.7365,2.23413,20.0634,23.6398,94.9163,2.05839,51.1462,220.383
34.5,15.7073,2.2849,20.063,23.8255,94.858,2.05903,51.1471,218.258
34.52,15.7073,2.32197,20.063,23.8256,94.858,1.83486,51.1471,219.318
34.54,15.5624,2.30554,19.4217,23.8256,94.858,1.83469,51.1471,222.503
34.56,15.5623,2.28973,19.4212,23.408,94.45,1.83469,51.1471,224.627
34.58,15.4805,2.32745,18.4593,23.4076,94.4496,1.83469,51.1471,221.976
34.6,15.4804,2.31675,18.4584,23.5932,93.1674,1.83469,51.1471,217.199
34.62,15.459,2.282,20.657,23.5934,93.1661,1.83469,51.1471,212.42
34.64,15.459,2.31578,20.6591,23.8254,91.4177,1.83469,51.1471,209.763
34.66,15.5423,2.32891,20.6591,23.8256,91.416,1.83469,51.1471,207.107
34.68,15.5424,2.28657,20.43,23.6864,89.2591,1.83469,51.1471,209.227
34.7,15.5424,2.15141,20.4298,23.6863,89.2575,1.83469,51.1471,211.882
34.72,15.6961,2.16156,20.3382,23.6863,89.2575,1.83469,51.1471,207.64
34.74,15.6963,2.30376,20.3381,23.9183,87.917,1.2174,51.1471,206.044
34.76,15.9687,2.28911,20.2465,23.9185,87.9157,1.21681,51.1677,204.451
34.78,15.9689,2.25175,20.2464,24.0113,86.4586,0.801352,51.1677,202.858
34.8,15.7061,2.22794,20.2464,24.0114,86.4573,0.800956,51.1677,201.265
34.82,15.7059,2.18076,20.2464,24.197,86.1658,0.800956,51.1677,197.549
34.84,15.4983,2.18213,20.2464,24.1972,86.1656,0.800956,51.1677,194.362
34.86,15.4981,2.1932,20.4297,24.3828,86.1656,0.800956,51.1677,195.421
34.88,15.5173,2.26637,20.4298,24.3829,85.2912,0.800956,51.1677,197.014
34.9,15.5173,2.26643,20.613,24.3829,85.2905,0.800956,51.1677,198.076
34.92,15.4963,2.36617,20.6132,24.1509,84.8242,0.800956,51.1677,199.138
34.94,15.4963,2.36626,20.8422,24.1507,84.8238,0.800956,51.1677,198.078
34.96,15.3473,2.32364,20.8425,24.1507,82.7256,0.800956,51.1677,194.894
34.98,15.3472,2.3236,21.0715,24.1507,82.7236,0.800956,51.1677,191.708
35,15.4383,2.28236,21.0717,24.4756,81.616,0.800956,51.1677,193.297
35.02,15.4383,2.28232,21.0717,24.4758,81.6152,0.942233,51.1883,194.89
35.04,15.452,2.32876,21.0717,24.1974,81.6152,0.942341,51.1883,201.259
35.06,15.452,2.32879,21.0717,24.1972,82.4311,0.943608,51.1883,203.385
35.08,15.4129,2.25743,21.3007,24.1972,82.4319,0.943609,51.1883,197.552
35.1,15.4129,2.28073,21.3009,24.29,84.0638,0.943609,51.1883,186.936
35.12,15.4468,2.16084,21.4842,24.29,84.0654,0.943609,51.1883,180.559
35.14,15.4468,2.09827,21.4843,23.9188,85.5225,0.943609,51.1883,181.083
35.16,15.2964,2.1832,21.4843,23.9185,85.5238,0.943609,51.1883,181.615
35.18,15.2963,2.20307,21.4843,23.5008,86.6897,0.943609,51.1883,185.329
35.2,15.4202,2.23708,21.4843,23.5005,86.6906,0.943609,51.1883,189.047
35.22,15.4203,2.24818,21.6217,23.5005,86.6906,0.943609,51.1883,185.336
35.24,15.4162,2.22844,21.6219,23.4077,88.3808,0.943609,51.1883,183.741
35.26,15.4162,2.25244,21.9425,23.4076,88.3824,0.943609,51.1883,185.861
35.28,15.4103,2.39169,21.9428,23.5004,91.4714,0.989427,49.8306,183.741
35.3,15.4103,2.4046,22.126,23.5005,91.4743,0.989471,49.8293,181.617
35.32,15.3483,2.32156,22.1262,23.5005,94.3307,0.989471,49.8293,184.799
35.34,15.3483,2.31317,22.1262,23.5005,94.3329,0.975887,49.8293,187.985
35.36,15.3619,2.42788,22.5843,23.6861,94.3329,0.975877,49.8293,185.334
35.38,15.362,2.40874,22.5847,23.6863,96.6647,0.975877,49.8293,182.679
35.4,15.3756,2.39812,23.3176,23.6863,96.6664,0.975877,49.8293,181.086
35.42,15.3756,2.4009,23.3183,24.0575,98.4732,0.975877,49.8293,179.492
35.44,15.3634,2.26104,24.0053,24.0578,98.4749,0.975877,49.8293,177.899
35.46,15.3634,2.24123,24.006,24.0578,99.5823,0.975877,49.8293,171.531
35.48,15.3631,2.37607,24.8304,24.0578,99.5834,0.975877,49.8293,165.159
35.5,15.3631,2.33226,24.8312,24.0578,99.9331,0.975877,49.8293,165.683
35.52,15.2919,2.34574,24.8312,24.0578,99.9334,0.975877,49.8293,166.215
35.54,15.2918,2.39273,25.8849,24.0578,99.9334,0.975877,49.8293,162.5
35.56,15.3283,2.49991,25.8857,24.197,99.4671,0.949822,48.6362,158.784
35.58,15.3284,2.48881,27.1224,24.1972,99.4667,0.949797,48.6351,155.067
35.6,15.345,2.36489,27.1236,24.2436,99.1753,0.92225,48.6351,148.166
35.62,15.345,2.4104,28.1313,24.2436,99.175,0.922223,48.6351,143.915
35.64,15.3111,2.5371,28.1323,24.4292,99.4664,0.922223,48.6351,147.094
35.66,15.311,2.4722,28.8195,24.4294,99.4667,0.922223,48.6351,150.281
35.68,15.2554,2.35936,28.82,24.5222,99.3501,0.922223,48.6351,148.692
35.7,15.2553,2.34975,28.82,24.5223,99.35,0.922223,48.6351,147.099
35.72,15.2148,2.43052,29.049,24.6615,99.35,0.922223,48.6351,142.323
35.74,15.2147,2.41294,29.0492,24.6616,99.758,0.922223,48.6351,132.769
35.76,15.2744,2.56664,28.7744,24.6616,99.7584,0.922223,48.6351,125.863
35.78,15.2745,2.5126,28.7742,24.8936,102.206,0.922223,48.6351,126.917
35.8,15.2439,2.48433,27.8123,24.8938,102.209,0.922223,48.6351,129.571
35.82,15.2439,2.46079,27.8113,25.3115,105.823,0.922223,48.6351,131.165
35.84,15.0685,2.42256,27.8113,25.3118,105.826,1.00463,45.5488,131.166
35.86,15.0684,2.39375,26.9867,25.7295,108.565,1.00469,45.5465,131.166
35.88,15.0372,2.26854,26.9861,25.7298,108.567,0.99862,45.5465,131.166
35.9,15.0372,2.27535,26.6196,25.7762,108.567,0.998615,45.5465,133.819
35.92,15.0372,2.35589,26.6193,25.7762,111.132,0.998615,45.5465,137.535
35.94,14.9374,2.3237,26.6193,25.7762,111.134,0.998615,45.5465,139.661
35.96,14.9373,2.23797,26.6193,26.2402,112.999,0.998615,45.5465,141.785
35.98,14.9377,2.27805,26.7567,26.2407,113.001,0.998615,45.5465,142.848
36,14.9377,2.27147,26.7568,26.2407,111.486,0.998615,45.5465,143.911
36.02,14.9122,2.2664,26.7568,26.2407,111.484,0.998615,45.5465,143.911
36.04,14.9122,2.28313,27.1692,26.1014,111.484,0.998615,45.5465,141.258
36.06,14.9048,2.33909,27.1695,26.1013,105.714,0.998615,45.5465,138.603
36.08,14.9048,2.43954,27.4901,26.6117,105.709,0.998615,45.5465,138.601
36.1,14.918,2.42805,27.4904,26.6122,100.93,1.01019,49.6607,139.662
36.12,14.918,2.42804,27.9026,26.6122,100.925,1.0102,49.6646,142.316
36.14,14.9841,2.39629,27.903,26.705,98.011,1.0102,49.6646,148.154
36.16,14.9842,2.39626,27.903,26.7051,98.0082,1.0105,49.6646,148.69
36.18,14.9501,2.35191,28.8193,26.7515,96.2594,1.0105,49.6646,146.568
36.2,14.95,2.35187,28.82,26.7516,96.2581,1.0105,49.6646,144.444
36.22,14.9525,2.38803,29.5529,27.0763,96.2581,1.0105,49.6646,143.912
36.24,14.9525,2.38806,29.5536,27.0767,94.5679,1.0105,49.6646,143.381
36.26,14.9636,2.37375,29.7368,26.7983,94.5663,1.0105,49.6646,143.911
36.28,14.9636,2.37373,29.737,26.798,93.1675,1.0105,49.6646,144.442
36.3,14.9369,2.427,29.3247,26.798,93.1661,1.0105,49.6646,144.442
36.32,14.9369,2.47755,29.3243,26.8908,92.1169,1.0105,49.6646,141.789
36.34,14.9361,2.51186,28.7746,26.8909,92.1161,1.0105,49.6646,137.011
36.36,14.9361,2.48837,28.7742,27.1229,92.1161,1.0105,50.6316,133.824
36.38,14.9352,2.44282,28.7742,27.1231,92.5824,0.900588,50.6324,130.638
36.4,14.9352,2.43217,28.3161,27.1231,92.5828,0.900504,50.6324,130.105
36.42,14.9283,2.46028,28.3157,27.1231,93.8067,0.901219,50.6324,129.574
36.44,14.9283,2.4574,27.766,27.1231,93.8079,0.90122,50.6324,134.348
36.46,14.9003,2.43689,27.7655,27.1695,94.9152,0.90122,50.6324,139.127
36.48,14.9003,2.39293,27.5364,27.1695,94.9163,0.90122,50.6324,141.785
36.5,14.8584,2.21979,27.5363,27.0767,95.4409,0.90122,50.6324,141.787
36.52,14.8584,2.21273,27.3072,27.0767,95.4413,0.90122,50.6324,144.44
36.54,14.8572,2.32525,27.307,27.1695,95.0333,0.90122,50.6324,145.504
36.56,14.8572,2.35493,27.307,27.1695,95.033,0.90122,50.6324,146.565
36.58,14.8567,2.46125,27.2154,27.1695,95.033,0.90122,50.6324,148.158
36.6,14.8567,2.44275,27.2153,26.752,94.1004,0.90122,50.6324,149.751
36.62,14.8604,2.32619,27.2611,26.7516,94.0996,0.90122,50.6324,152.936
36.64,14.8604,2.37603,27.2612,26.7516,92.4094,0.918551,49.1718,152.939
36.66,14.86,2.38373,27.307,26.7516,92.4078,0.918568,49.1704,149.755
36.68,14.86,2.35687,27.307,26.6587,90.5424,0.918568,49.1704,147.1
36.7,14.8551,2.34928,27.4903,26.6587,90.5409,0.914733,49.1704,146.567
36.72,14.8551,2.33251,27.4904,26.9371,91.0072,0.91473,49.1704,146.567
36.74,14.8551,2.39269,27.4904,26.9373,91.0076,0.91473,49.1704,146.567
36.76,14.8551,2.42607,27.4904,26.9373,91.0076,0.91473,49.1704,147.628
36.78,14.8539,2.58888,27.4904,26.9373,93.8052,0.91473,49.1704,148.69
36.8,14.8539,2.56234,27.353,26.9373,93.8079,0.91473,49.1704,150.813
36.82,14.8613,2.60696,27.3529,27.0766,97.1306,0.91473,49.1704,151.345
36.84,14.8613,2.60647,27.0322,27.0767,97.1331,0.91473,49.1704,150.815
36.86,14.8658,2.43687,27.0319,27.6336,99.5815,0.91473,49.1704,146.039
36.88,14.8658,2.42318,26.4364,27.634,99.5834,0.91473,49.1704,141.26
36.9,14.8596,2.59161,26.4359,27.402,102.09,0.91473,49.1704,138.603
36.92,14.8596,2.54551,26.4359,27.4018,102.092,1.00756,46.5168,135.948
36.94,14.844,2.63611,26.5275,27.4946,102.092,1.00765,46.5142,127.457
36.96,14.844,2.61007,26.5276,27.4947,106.755,1.00757,46.5142,118.961
36.98,14.8428,2.53061,26.8025,27.7267,106.759,1.00757,46.5142,114.707
37,14.8428,2.52642,26.8027,27.7269,113.113,1.00757,46.5142,115.235
37.02,14.8148,2.61132,27.3524,27.7269,113.118,1.00757,46.5142,114.705
37.04,14.8148,2.57291,27.3529,27.4948,117.606,1.00757,46.5142,112.582
37.06,14.7274,2.53448,27.3529,27.4947,117.61,1.00757,46.5142,110.458
37.08,14.7273,2.54553,28.0399,27.3555,116.677,1.00757,46.5142,110.986
37.1,14.7273,2.55574,28.0406,27.3553,116.676,1.00757,46.5142,111.517
37.12,14.6994,2.56639,28.8651,26.7521,116.676,1.00757,46.5142,106.213
37.14,14.6993,2.45308,28.8658,26.7516,113.471,1.00757,46.5142,100.902
37.16,14.7001,2.51241,30.0112,26.4267,113.468,1.00757,46.5142,98.2441
37.18,14.7001,2.68751,30.012,26.4264,110.495,1.06561,46.0822,96.6501
37.2,14.701,2.65241,30.012,26.4264,110.493,1.06565,46.0818,95.057
37.22,14.701,2.56374,31.661,26.2873,108.919,1.06565,46.0818,92.4031
37.24,14.7133,2.56848,31.6626,26.2871,108.917,1.06548,46.0818,89.748
37.26,14.7133,2.48,33.3573,26.0087,108.917,1.06548,46.0818,90.8065
37.28,14.7219,2.44446,33.3589,26.0085,108.976,1.06548,46.0818,91.8686
37.3,14.7219,2.44442,34.5499,26.1477,108.976,1.06548,46.0818,90.278
37.32,14.7162,2.56628,34.551,26.1478,109.326,1.06548,46.0818,88.6846
37.34,14.7162,2.56637,35.284,26.1478,109.326,1.06548,46.0818,88.1527
37.36,14.6837,2.5045,35.2846,25.7765,110.317,1.06548,46.0818,90.8055
37.38,14.6837,2.50445,35.6052,25.7762,110.318,1.06548,46.0818,93.4602
37.4,14.6964,2.51118,35.6055,25.5442,110.318,1.06548,46.0818,91.8711
37.42,14.6965,2.51119,35.6055,25.544,113.057,1.06548,46.0818,90.278
37.44,14.6973,2.46572,35.4681,25.1264,113.059,1.06548,46.0818,89.7459
37.46,14.6973,2.46568,35.4679,25.126,116.265,1.09643,45.0533,89.2149
37.48,14.7125,2.51217,35.6054,24.4299,116.268,1.09646,45.0523,87.6225
37.5,14.7125,2.51423,35.6055,24.4294,118.425,1.09646,45.0523,86.56
37.52,14.7084,2.58959,35.7887,24.4294,118.427,1.09963,45.0523,84.9673
37.54,14.7084,2.56955,35.7889,23.362,119.651,1.09964,45.0523,87.0886
37.56,14.6948,2.54363,36.5218,23.3612,119.652,1.09964,45.0523,88.1513
37.58,14.6948,2.53522,36.5224,21.83,120.876,1.09964,45.0523,86.5607
37.6,14.572,2.49074,37.2553,21.8285,120.877,1.09964,45.0523,84.9676
37.62,14.5719,2.46364,37.256,19.9261,120.877,1.09964,45.0523,88.1493
37.64,14.4508,2.47229,37.256,19.9243,122.217,1.09964,45.0523,91.3355
37.66,14.4507,2.478,37.9432,17.9752,122.219,1.09964,45.0523,91.8692
37.68,14.3961,2.48695,37.9437,17.9737,122.802,1.09964,45.0523,89.7471
37.7,14.396,2.47916,38.4935,17.9737,122.802,1.09964,45.0523,90.8067
37.72,14.2535,2.51905,38.4939,15.7929,121.695,1.09964,45.1757,94.5212
37.74,14.2534,2.55163,38.7229,15.7908,121.694,1.10156,45.1759,98.2385
37.76,14.2517,2.54135,38.7232,12.8677,119.595,1.10157,45.1759,101.425
37.78,14.2517,2.59017,38.9522,12.8649,119.593,1.1116,45.1759,104.611
37.8,14.2517,2.55881,38.9524,10.7305,117.612,1.11161,45.1759,104.084
37.82,14.1717,2.55115,38.9524,10.7285,117.61,1.11161,45.1759,103.553
37.84,14.1716,2.54643,39.1356,9.75391,117.61,1.11161,45.1759,103.022
37.86,14.3137,2.5208,39.1358,9.75317,116.386,1.11161,45.1759,102.491
37.88,14.3138,2.42983,39.4564,9.75317,116.385,1.11161,45.1759,104.612
37.9,14.5015,2.44112,39.4567,9.75317,117.667,1.11161,45.1759,107.798
37.92,14.5016,2.48133,39.5941,9.75317,117.668,1.11161,45.1759,110.984
37.94,14.5349,2.46189,39.5943,9.79957,120.291,1.11161,45.1759,114.17
37.96,14.5349,2.48028,39.5943,9.79961,120.293,1.11161,45.1759,117.356
37.98,14.4922,2.52187,39.2278,9.93884,121.751,1.11161,45.1759,118.421
38,14.4922,2.5219,39.2275,9.93894,121.752,1.11352,45.1347,119.483
38.02,14.2293,2.54106,38.4945,10.1246,121.752,1.11352,45.1347,123.198
38.04,14.2291,2.54107,38.4939,10.1247,121.46,1.11382,45.1347,122.14
38.06,14.0386,2.52581,37.761,10.1247,121.46,1.11382,45.1347,120.547
38.08,14.0384,2.52579,37.7603,9.93912,121.518,1.11382,45.1347,121.607
38.1,13.9563,2.67961,36.7985,9.93894,121.519,1.11382,45.1347,122.669
38.12,13.9562,2.67975,36.7975,10.0781,123.034,1.11382,45.1347,118.426
38.14,13.7739,2.48905,36.7975,10.0783,123.035,1.11382,45.1347,114.177
38.16,13.7738,2.48886,35.7438,10.1711,123.035,1.11382,45.1347,113.643
38.18,13.7048,2.64917,35.743,10.1712,124.201,1.11382,45.1347,112.581
38.2,13.7047,2.67097,33.6356,10.1712,124.202,1.11382,45.1347,110.988
38.22,13.6965,2.29792,33.634,10.032,124.26,1.11382,45.1347,113.109
38.24,13.6965,2.22918,30.4277,10.0318,124.26,1.11382,45.1347,115.233
38.26,13.694,2.07332,30.4247,10.171,124.26,1.11382,45.1347,114.174
38.28,13.694,2.08745,26.0733,10.1712,124.26,1.11191,40.2593,113.112
38.3,13.6981,2.18335,26.0691,10.4032,123.095,1.11191,40.2547,112.581
38.32,13.6981,2.20143,26.0691,10.4034,123.094,1.09878,40.2547,112.049
38.34,13.6998,2.17658,20.3883,10.5426,123.094,1.09877,40.2547,108.865
38.36,13.6998,2.22201,20.384,10.5427,119.596,1.09877,40.2547,106.21
38.38,13.6723,2.22495,13.2385,10.5427,119.593,1.09877,40.2547,104.616
38.4,13.6722,2.29135,13.2317,10.4035,113.882,1.09877,40.2547,106.206
38.42,13.6102,2.68272,6.81912,10.4034,113.876,1.09877,40.2547,107.799
38.44,13.6102,2.75789,6.813,10.589,106.183,1.09877,40.2547,105.679
38.46,13.5884,2.66253,4.15636,10.5892,106.176,1.09877,40.2547,103.554
38.48,13.5884,2.69477,4.15382,10.682,96.0325,1.09877,40.2547,102.491
38.5,13.5872,2.75155,4.15382,10.682,96.0247,1.09877,40.2547,101.429
38.52,13.5872,2.70875,3.7415,10.7749,96.0247,1.09877,40.2547,98.7751
38.54,13.5736,2.75915,3.74119,10.7749,82.5589,1.07556,35.9545,98.2424
38.56,13.5736,2.62414,3.42056,10.7749,82.5486,1.07554,35.9513,98.242
38.58,13.6023,2.6082,3.42025,10.9605,64.1313,1.09761,35.9513,94.5283
38.6,13.6024,2.40802,3.83249,10.9607,64.1137,1.09763,35.9513,90.8111
38.62,13.5416,2.53217,3.83289,10.8215,45.7547,1.09763,35.9513,87.6243
38.64,13.5415,2.42693,4.15352,10.8214,45.7372,1.09763,35.9513,84.4381
38.66,13.045,2.49445,4.15382,11.0998,38.3339,1.09763,35.9513,78.5981
38.68,13.0446,2.46523,4.15382,11.1,38.3282,1.09763,35.9513,75.9405
38.7,12.9999,2.69015,4.33707,11.3321,38.3282,1.09763,35.9513,73.8159
38.72,12.9998,2.64342,4.33721,11.3323,35.3558,1.09763,35.9513,68.509
38.74,12.9998,2.65929,4.61204,11.3323,35.353,1.09763,35.9513,64.2597
38.76,12.6625,2.55077,4.6123,11.2395,34.945,1.09763,35.9513,62.664
38.78,12.6622,2.51288,4.93293,11.2394,34.9446,1.09763,35.9513,61.0709
38.8,12.6575,2.5444,4.93324,11.3786,35.5274,1.09763,35.9513,58.9473
38.82,12.6575,2.51393,4.93324,11.3787,35.528,1.06354,33.9555,56.8227
38.84,12.6547,2.53246,5.20811,11.5179,36.1692,1.06351,33.954,53.6373
38.86,12.6547,2.60195,5.20832,11.518,36.1697,1.07366,33.954,51.5123
38.88,12.6538,2.60062,5.34574,11.518,36.1697,1.07367,33.954,50.4496
38.9,12.6538,2.62625,5.34587,11.75,36.6942,1.07367,33.954,48.857
38.92,12.6552,2.62628,5.39167,11.7502,36.6947,1.07367,33.954,47.2639
38.94,12.6552,2.62628,5.39172,11.8894,37.161,1.07367,33.954,49.3845
38.96,12.6543,2.6627,5.30011,11.8896,37.1614,1.07367,33.954,51.5087
38.98,12.6543,2.66274,5.30002,12.168,37.6278,1.07367,33.954,52.572
39,12.6533,2.45771,5.30002,12.1682,37.6282,1.07367,33.954,53.634
39.02,12.6533,2.45755,5.34583,12.3075,37.6282,1.07367,33.954,54.1655
39.04,12.6482,2.63615,5.34587,12.3076,37.9196,1.07367,33.954,54.6965
39.06,12.6482,2.63629,5.30006,12.3076,37.9198,1.07367,33.954,55.758
39.08,12.6468,2.45209,5.30002,13.0036,38.153,0.974634,31.5677,59.4727
39.1,12.6468,2.45192,5.39163,13.0042,38.1532,0.974539,31.5654,63.19
39.12,12.6417,2.59612,5.39172,13.4682,38.0949,0.974539,31.5654,67.9683
39.14,12.6417,2.6192,5.34591,13.4687,38.0949,0.947166,31.5654,72.7477
39.16,12.6422,2.67057,5.34587,14.1648,38.0949,0.94714,31.5654,76.4667
39.18,12.6422,2.64213,5.34587,14.1653,38.0949,0.94714,31.5654,80.1839
39.2,12.6403,2.4475,5.30005,14.6758,38.0949,0.94714,31.5654,82.3093
39.22,12.6403,2.48032,5.30002,14.6762,37.9783,0.94714,31.5654,83.9025
39.24,12.6422,2.53556,5.34582,14.6762,37.9782,0.94714,31.5654,84.4346
39.26,12.6422,2.54872,5.34587,15.6042,37.6868,0.94714,31.5654,86.0267
39.28,12.6399,2.49319,5.25426,15.6051,37.6865,0.94714,31.5654,87.6198
39.3,12.6399,2.48481,5.25417,16.3475,37.3951,0.94714,31.5654,89.2129
39.32,12.6408,2.47856,5.3458,16.3482,37.3948,0.94714,31.5654,90.8063
39.34,12.6408,2.46255,5.34587,17.6476,37.1033,0.94714,31.5654,89.7462
39.36,12.638,2.489,5.34587,17.6486,37.1031,0.887793,30.0223,86.5616
39.38,12.638,2.49167,5.25426,17.6486,37.1031,0.887748,30.0211,89.7424
39.4,12.6357,2.3811,5.25417,18.7622,36.5203,0.877914,30.0211,93.4592
39.42,12.6357,2.36546,5.25417,18.7632,36.5197,0.877905,30.0211,97.1764
39.44,12.6348,2.51643,5.25417,19.784,35.9952,0.877905,30.0211,100.894
39.46,12.6348,2.51989,5.25417,19.785,35.9947,0.877905,30.0211,104.611
39.48,12.6357,2.57199,5.25417,20.2491,35.8781,0.877905,30.0211,104.084
39.5,12.6357,2.59393,5.25417,20.2494,35.878,0.877905,30.0211,103.553
39.52,12.6362,2.45427,5.29998,20.4351,35.6448,0.877905,30.0211,104.614
39.54,12.6362,2.43687,5.30002,20.4352,35.6447,0.877905,30.0211,104.084
39.56,12.632,2.67494,5.16261,20.4352,35.6447,0.877905,30.0211,104.614
39.58,12.632,2.67589,5.16248,20.6208,35.6447,0.877905,30.0211,105.145
39.6,12.6338,2.49638,5.20828,20.621,35.6447,0.877905,30.0211,105.676
39.62,12.6338,2.4903,5.20832,20.5282,35.5281,0.848898,30.0211,107.268
39.64,12.6334,2.4318,5.16252,20.5281,35.528,0.84887,29.836,108.861
39.66,12.6334,2.43621,5.16248,20.4817,35.4697,0.84887,29.8358,111.516
39.68,12.6311,2.4547,5.16248,20.4817,35.4696,0.853134,29.8358,114.171
39.7,12.6311,2.47092,5.2541,20.3888,35.4696,0.853137,29.8358,116.826
39.72,12.6324,2.54624,5.25417,20.3888,35.2948,0.853137,29.8358,118.42
39.74,12.6324,2.57597,5.25417,20.3888,35.2946,0.853137,29.8358,120.013
39.76,12.6334,2.59061,5.25417,20.2032,35.0615,0.853137,29.8358,121.606
39.78,12.6334,2.52212,5.16256,20.203,35.0613,0.853137,29.8358,123.199
39.8,12.6334,2.57574,5.16248,20.4814,34.9447,0.853137,29.8358,120.548
39.82,12.6334,2.59256,5.20829,20.4817,34.9446,0.853137,29.8358,117.892
39.84,12.6343,2.45584,5.20832,20.2032,35.0029,0.853137,29.8358,115.237
39.86,12.6343,2.44997,5.20832,20.203,35.0029,0.853137,29.8358,113.113
39.88,12.6329,2.43767,5.25413,20.435,35.0029,0.853137,29.8358,113.642
39.9,12.6329,2.43505,5.25417,20.4352,35.0612,0.833901,32.4483,117.886
39.92,12.6371,2.44733,5.07095,20.4352,35.0613,0.833883,32.4508,122.135
39.94,12.6371,2.49502,5.07078,20.3888,34.9447,0.839445,32.4508,123.2
39.96,12.6366,2.43259,5.11658,20.3888,34.9446,0.83945,32.4508,124.262
39.98,12.6366,2.4051,5.11663,20.296,34.7697,0.83945,32.4508,130.1
40,12.6366,2.42965,5.11663,20.2959,34.7696,0.83945,32.4508,135.941
40.02,12.6366,2.41759,5.11663,20.1567,34.7113,0.83945,32.4508,134.885
40.04,12.6366,2.52968,5.11663,20.1566,34.7112,0.83945,32.4508,134.353
40.06,12.6366,2.55855,5.11663,20.1566,34.7112,0.83945,32.4508,136.475
40.08,12.6366,2.36393,5.11663,20.0174,34.7112,0.83945,32.4508,138.599
40.1,12.6366,2.36915,5.16243,20.0172,34.7112,0.83945,32.4508,140.723
40.12,12.6366,2.50833,5.16248,19.9708,34.7112,0.83945,32.4508,144.969
40.14,12.6366,2.48311,5.07087,19.9708,34.7112,0.83945,32.4508,149.218
40.16,12.6371,2.39524,5.07078,20.1564,34.7695,0.83945,32.4508,153.997
40.18,12.6371,2.36357,5.07078,20.1566,34.7696,0.854741,34.2614,161.43
40.2,12.6357,2.41794,5.20822,20.1101,34.7696,0.854752,34.2628,166.211
40.22,12.6357,2.45046,5.20832,20.1101,34.5947,0.855353,34.2628,168.868
40.24,12.6357,2.49683,5.25413,20.1101,34.5946,0.855353,34.2628,171.523
40.26,12.6357,2.50418,5.25417,20.4349,34.4197,0.855353,34.2628,174.178
40.28,12.6366,2.38537,5.16256,20.4352,34.4196,0.855353,34.2628,176.833
40.3,12.6366,2.36351,5.16248,20.4352,34.303,0.855353,34.2628,177.897
40.32,12.6366,2.43501,5.20829,20.4352,34.3029,0.855353,34.2628,178.959
40.34,12.6366,2.49822,5.20832,20.2032,34.2446,0.855353,34.2628,180.021
40.36,12.6371,2.46676,5.20832,20.203,34.2445,0.855353,34.2628,182.675
40.38,12.6371,2.4052,5.07091,20.203,34.2445,0.855353,34.2628,187.982
40.4,12.6357,2.36963,5.07078,20.203,34.3028,0.855353,34.2628,187.457
40.42,12.6357,2.39701,5.20819,20.203,34.3029,0.855353,34.2628,184.804
40.44,12.6376,2.43924,5.20832,20.1566,34.3029,0.864905,34.2628,189.046
40.46,12.6376,2.43548,5.20832,20.1566,34.3029,0.864914,35.0239,193.294
40.48,12.638,2.40469,5.20832,20.1566,33.9531,0.864914,35.0247,195.951
40.5,12.638,2.41884,5.07088,20.1566,33.9528,0.861859,35.0247,198.606
40.52,12.6385,2.36307,5.07078,19.8781,33.8946,0.861857,35.0247,198.608
40.54,12.6385,2.36846,5.07078,19.8779,33.8945,0.861857,35.0247,196.486
40.56,12.6385,2.22838,5.20819,19.8779,33.8945,0.861857,35.0247,197.545
40.58,12.638,2.22825,5.20832,19.9707,34.1276,0.861857,35.0247,198.077
40.6,12.638,2.28693,5.16252,19.9708,34.1279,0.861857,35.0247,198.608
40.62,12.6403,2.2985,5.16248,20.2028,34.4193,0.861857,35.0247,197.017
40.64,12.6403,2.35829,5.11667,20.203,34.4196,0.861857,35.0247,195.424
40.66,12.6394,2.38643,5.11663,20.2958,34.711,0.861857,35.0247,194.361
40.68,12.6394,2.20696,5.11663,20.2959,34.7112,0.861857,35.0247,193.299
40.7,12.6403,2.21156,5.11663,20.2495,34.653,0.861857,35.0247,190.114
40.72,12.6403,2.28868,5.11663,20.2494,34.6529,0.846521,34.819,185.867
40.74,12.6394,2.30263,5.02502,20.2494,34.6529,0.846506,34.8188,187.985
40.76,12.6394,2.30264,5.02493,20.1102,34.4781,0.865272,34.8188,190.11
40.78,12.638,2.20581,5.07074,20.1101,34.4779,0.86529,34.8188,192.234
40.8,12.638,2.20571,5.07078,19.8781,34.4196,0.86529,34.8188,191.175
40.82,12.6376,2.17629,5.11659,19.8779,34.4196,0.86529,34.8188,190.112
40.84,12.6376,2.17627,5.11663,19.553,34.3613,0.86529,34.8188,187.989
40.86,12.6399,2.22885,5.11663,19.5528,34.3612,0.86529,34.8188,185.865
40.88,12.6399,2.22889,5.11663,19.5528,34.3612,0.86529,34.8188,180.558
40.9,12.6399,2.25577,5.11663,19.5992,34.4778,0.86529,34.8188,174.187
40.92,12.6399,2.25579,5.16243,19.5992,34.4779,0.86529,34.8188,172.058
40.94,12.6385,2.19155,5.16248,19.8312,34.303,0.86529,34.8188,172.587
40.96,12.6385,2.18487,5.16248,19.8314,34.3029,0.86529,34.8188,173.118
40.98,12.6385,2.2833,5.16248,19.5994,34.1863,0.86529,34.8188,168.343
41,12.6385,2.29305,5.07085,19.5992,34.1862,0.80356,37.3495,163.563
41.02,12.6362,2.25437,5.07078,19.6456,34.0113,0.803513,37.3514,157.723
41.04,12.6362,2.25753,5.07078,19.6457,34.0112,0.8635,37.3514,156.657
41.06,12.6362,2.33298,5.11658,19.6457,34.0112,0.863545,37.3514,152.943
41.08,12.6362,2.29562,5.11663,19.3209,33.9529,0.863545,37.3514,148.695
41.1,12.6352,2.21755,5.02502,19.3206,33.9528,0.863545,37.3514,147.099
41.12,12.6352,2.25392,5.02493,19.2278,33.8363,0.863545,37.3514,147.628
41.14,12.6352,2.39285,5.07074,19.2277,33.8362,0.863545,37.3514,148.159
41.16,12.6352,2.40694,5.07078,19.0885,33.8362,0.863545,37.3514,142.853
41.18,12.6366,2.37589,5.07078,19.0883,33.8362,0.863545,37.3514,137.543
41.2,12.6366,2.30836,5.07078,18.9491,33.8362,0.863545,37.3514,127.987
41.22,12.6352,2.46512,5.07078,18.949,33.8362,0.863545,37.3514,118.961
41.24,12.6352,2.50836,5.07078,18.949,33.8362,0.863545,37.3514,113.117
41.26,12.6338,2.39945,5.07078,18.949,33.6613,0.794875,42.021,110.458
41.28,12.6338,2.38623,5.20819,18.949,33.6612,0.794809,42.0255,107.803
41.3,12.6329,2.36075,5.20832,18.8098,33.5446,0.868056,42.0255,107.27
41.32,12.6329,2.36921,5.02507,18.8097,33.5445,0.868126,42.0255,106.739
41.34,12.6306,2.44436,5.02493,19.0417,33.4862,0.868126,42.0255,104.616
41.36,12.6306,2.40959,5.02493,19.0419,33.4861,0.868126,42.0255,102.492
41.38,12.6324,2.35582,5.11654,18.7635,33.4861,0.868126,42.0255,96.124
41.4,12.6324,2.33947,5.11663,18.7632,33.7193,0.868126,42.0255,91.8736
41.42,12.632,2.54876,5.07082,18.7632,33.7195,0.868126,42.0255,87.6253
41.44,12.632,2.52943,5.07078,18.8096,33.9526,0.868126,42.0255,90.8045
41.46,12.6301,2.57192,4.93337,18.8097,33.9528,0.868126,42.0255,93.9907
41.48,12.6301,2.58472,4.93324,18.6705,33.9528,0.868126,42.0255,97.7082
41.5,12.6301,2.36419,4.93324,18.6704,33.9528,0.868126,42.0255,101.425
41.52,12.6301,2.38465,4.97905,18.6704,33.8363,0.868126,42.0255,106.204
41.54,12.6301,2.53592,4.97908,18.6704,33.8362,0.866573,42.6427,110.983
41.56,12.6301,2.48215,5.07069,18.5776,33.8362,0.866572,42.6432,112.579
41.58,12.6297,2.37857,5.07078,18.5775,33.7196,0.863117,42.6432,113.641
41.6,12.6297,2.42602,4.97917,18.5775,33.7195,0.863114,42.6432,114.703
41.62,12.6273,2.4804,4.97908,18.4383,33.5446,0.863114,42.6432,118.948
41.64,12.6273,2.4792,5.02489,18.4381,33.5445,0.863114,42.6432,123.197
41.66,12.6278,2.61817,5.02493,18.4381,33.3696,0.863114,42.6432,123.201
41.68,12.6278,2.62562,5.02493,18.4381,33.3695,0.863114,42.6432,123.201
41.7,12.6278,2.39786,4.88749,18.2525,33.3695,0.863114,42.6432,124.793
41.72,12.6283,2.4112,4.88739,18.2524,33.2529,0.863114,42.6432,127.447
41.74,12.6283,2.45666,4.93319,18.2524,33.2528,0.863114,42.6432,126.919
41.76,12.6264,2.41734,4.93324,18.0204,33.0779,0.863114,42.6432,123.735
41.78,12.6264,2.44744,4.84163,18.0201,33.0778,0.863114,42.6432,120.549
41.8,12.6269,2.44243,4.84154,18.0665,33.0778,0.863114,42.6432,125.32
41.82,12.6269,2.30622,4.79573,18.0666,33.0778,0.877198,41.5733,130.101
41.84,12.6246,2.29103,4.79569,17.8345,33.1361,0.877209,41.5725,133.819
41.86,12.6245,2.38525,4.79569,17.8344,33.1361,0.845698,41.5725,131.168
41.88,12.6259,2.38412,4.79569,17.556,33.1361,0.845674,41.5725,131.166
41.9,12.6259,2.38412,4.79569,17.5557,32.903,0.845674,41.5725,133.289
41.92,12.6222,2.37034,4.79569,17.5557,32.9028,0.845674,41.5725,128.516
41.94,12.6222,2.37032,4.79569,17.3701,32.8445,0.845674,41.5725,120.023
41.96,12.6259,2.1756,4.79569,17.3699,32.8444,0.845674,41.5725,111.526
41.98,12.6259,2.17542,4.79569,17.5556,32.4947,0.845674,41.5725,110.457
42,12.6232,2.09163,4.74988,17.5557,32.4944,0.845674,41.5725,109.395
42.02,12.6232,2.09157,4.74984,17.4629,32.2029,0.845674,41.5725,110.455
42.04,12.6245,2.0743,4.74984,17.4628,32.2027,0.845674,41.5725,112.578
42.06,12.6245,2.07428,4.70404,17.4164,32.2027,0.845674,41.5725,113.641
42.08,12.6255,2.15086,4.704,17.4164,32.1444,0.888467,42.2308,115.764
42.1,12.6255,2.16223,4.704,17.4164,32.1444,0.888508,42.2314,114.705
42.12,12.6306,2.14789,4.704,17.2772,32.2609,0.894514,42.2314,112.052
42.14,12.6306,2.15709,4.704,17.277,32.261,0.89452,42.2314,109.396
42.16,12.6352,2.09408,4.704,17.277,32.3193,0.89452,42.2314,110.986
42.18,12.6352,2.12911,4.704,17.277,32.3194,0.89452,42.2314,112.579
42.2,12.6357,2.26478,4.704,17.1378,32.2611,0.89452,42.2314,112.049
42.22,12.6357,2.25556,4.704,17.1377,32.261,0.89452,42.2314,107.805
42.24,12.6343,2.25966,4.704,17.0449,32.261,0.89452,42.2314,103.026
42.26,12.6343,2.24329,4.704,17.0448,32.0862,0.89452,42.2314,99.3077
42.28,12.6348,2.20272,4.704,17.0448,32.086,0.89452,42.2314,95.5904
42.3,12.6348,2.17625,4.704,17.0448,32.2026,0.89452,42.2314,89.751
42.32,12.6352,2.17225,4.61237,17.0448,32.2027,0.89452,42.2314,83.9085
42.34,12.6352,2.13962,4.6123,16.8592,31.9695,0.89452,42.2314,86.0266
42.36,12.6343,2.03366,4.6123,16.8591,31.9693,0.840727,42.3548,88.1507
42.38,12.6343,2.02013,4.5665,17.0446,31.7945,0.840686,42.3549,88.6829
42.4,12.6362,1.91127,4.56645,17.0448,31.7943,0.883674,42.3549,84.9696
42.42,12.6362,1.95149,4.56645,17.0448,31.7943,0.883715,42.3549,82.3134
42.44,12.6371,1.97663,4.56645,17.0912,31.6195,0.883715,42.3549,77.5361
42.46,12.6371,1.99427,4.47484,17.0913,31.6193,0.883715,42.3549,72.7568
42.48,12.6352,2.04337,4.47476,16.952,31.4444,0.883715,42.3549,69.0378
42.5,12.6352,2.09686,4.47476,16.9519,31.4443,0.883715,42.3549,65.3205
42.52,12.6352,1.98035,4.47476,16.8127,31.2694,0.883715,42.3549,67.4402
42.54,12.6352,1.98674,4.47476,16.8126,31.2693,0.883715,42.3549,69.5644
42.56,12.6352,2.15357,4.38315,16.8126,31.2693,0.883715,42.3549,73.2797
42.58,12.6352,2.13659,4.38306,16.859,31.0362,0.883715,42.3549,75.9359
42.6,12.6343,2.16739,4.47467,16.8591,31.0359,0.883715,42.3549,78.5911
42.62,12.6343,2.15952,4.47476,16.5343,30.9194,0.812268,42.3549,83.3684
42.64,12.6352,2.02661,4.38313,16.5339,30.9193,0.8122,42.9105,88.1487
42.66,12.6352,1.99601,4.38306,16.6268,30.9193,0.8122,42.9109,89.7442
42.68,12.6362,2.01322,4.42887,16.6268,30.9193,0.862953,42.9109,91.3373
42.7,12.6362,1.99874,4.42891,16.6732,30.7444,0.862991,42.9109,93.9917
42.72,12.6362,1.9703,4.42891,16.6733,30.7442,0.862991,42.9109,96.1159
42.74,12.6362,1.96252,4.42891,16.6733,30.7442,0.862991,42.9109,98.24
42.76,12.6352,1.92105,4.42891,16.3949,30.5694,0.862991,42.9109,99.3031
42.78,12.6352,1.96581,4.3831,16.3946,30.5692,0.862991,42.9109,100.365
42.8,12.6352,1.93729,4.38306,16.2554,30.3361,0.862991,42.9109,103.019
42.82,12.6362,1.94198,4.38306,16.2553,30.3359,0.862991,42.9109,105.675
42.84,12.6362,1.93431,4.38306,16.4409,30.2776,0.862991,42.9109,106.207
42.86,12.6352,1.96293,4.33725,16.4411,30.2775,0.862991,42.9109,106.738
42.88,12.6352,1.95339,4.33721,16.4411,30.3358,0.862991,42.9109,108.33
42.9,12.6371,1.97102,4.33721,16.4411,30.3359,0.79437,42.3349,109.923
42.92,12.6371,2.02346,4.29141,16.4411,30.3359,0.794304,42.3343,112.578
42.94,12.6385,1.98213,4.29137,16.3019,30.2776,0.880912,42.3343,112.58
42.96,12.6385,1.94809,4.24556,16.3017,30.2775,0.880994,42.3343,112.58
42.98,12.6371,1.93387,4.24552,16.0697,30.161,0.880994,42.3343,108.335
43,12.6371,1.93386,4.38296,16.0695,30.1609,0.880994,42.3343,104.087
43.02,12.6366,1.83673,4.38306,15.9767,30.0443,0.880994,42.3343,104.614
43.04,12.6366,1.83665,4.38306,15.9766,30.0442,0.880994,42.3343,105.145
43.06,12.6362,1.83375,4.24565,16.2086,29.8693,0.880994,42.3343,101.962
43.08,12.6362,1.83375,4.24552,16.2088,29.8692,0.880994,42.3343,102.49
43.1,12.6357,1.89261,4.38293,16.2088,29.8692,0.880994,42.3343,102.49
43.12,12.6357,1.89267,4.38306,15.9768,29.8692,0.880994,42.3343,101.429
43.14,12.6338,1.93598,4.24562,15.9766,29.8692,0.880994,42.3343,100.367
43.16,12.6338,1.93601,4.24552,16.1158,29.7526,0.825784,42.3343,97.713
43.18,12.6389,1.94081,4.24552,16.116,29.7525,0.825742,42.9104,95.0579
43.2,12.6389,1.94205,4.24552,15.7911,29.7525,0.825742,42.9109,95.0558
43.22,12.6366,2.03429,4.24552,15.7908,29.7525,0.880547,42.9109,95.0558
43.24,12.6366,2.01955,4.15391,15.7444,29.7525,0.8806,42.9109,92.4032
43.26,12.6376,2.02756,4.15382,15.7444,29.7525,0.8806,42.9109,90.809
43.28,12.6376,2.02712,4.19963,15.7444,29.7525,0.8806,42.9109,89.2159
43.3,12.6366,2.15317,4.19967,15.7444,29.5776,0.8806,42.9109,90.806
43.32,12.6366,2.12369,4.24548,15.7444,29.5775,0.8806,42.9109,92.3994
43.34,12.6376,2.19038,4.24552,15.6052,29.4609,0.8806,42.9109,92.9313
43.36,12.6376,2.16848,4.24552,15.6051,29.4608,0.8806,42.9109,93.4623
43.38,12.6362,2.08309,4.15391,15.5587,29.4608,0.8806,42.9109,93.9932
43.4,12.6362,2.04259,4.15382,15.5586,29.4608,0.8806,42.9109,97.1769
43.42,12.6371,2.21367,4.06221,15.5586,29.4608,0.8806,42.9109,99.3021
43.44,12.6371,2.2416,4.06213,15.4658,29.5774,0.861375,41.1624,96.6515
43.46,12.6343,2.15975,4.24534,15.4657,29.5775,0.861356,41.1607,93.9963
43.48,12.6343,2.14736,4.24552,15.4193,29.9272,0.861356,41.1607,95.055
43.5,12.6357,2.15095,4.1997,15.4193,29.9275,0.896833,41.1607,96.1171
43.52,12.6357,2.15917,4.19967,14.9088,30.0441,0.89686,41.1607,100.363
43.54,12.6366,2.19689,4.19967,14.9084,30.0442,0.89686,41.1607,104.611
43.56,12.6366,2.20315,4.10806,14.0732,30.0442,0.89686,41.1607,107.798
43.58,12.6362,2.3476,4.10797,14.0724,30.0442,0.89686,41.1607,112.576
43.6,12.6362,2.32578,4.10797,14.0724,30.0442,0.89686,41.1607,122.66
43.62,12.6357,2.27935,4.10797,13.7476,30.3356,0.89686,41.1607,130.097
43.64,12.6357,2.25935,4.06216,13.7473,30.3359,0.89686,41.1607,137.533
43.66,12.6376,2.27271,4.06213,14.8611,30.8022,0.89686,41.1607,149.213
43.68,12.6376,2.28059,4.06213,14.862,30.8026,0.89686,41.1607,160.896
43.7,12.6445,2.3133,4.06213,15.094,30.7443,0.89686,41.1607,168.864
43.72,12.6445,2.31852,4.06213,15.0942,30.7442,0.882998,41.6955,172.584
43.74,12.645,2.37387,4.01632,14.955,30.7442,0.882984,41.696,172.587
43.76,12.645,2.35395,4.01628,14.9549,30.8608,0.852324,41.696,172.587
43.78,12.6454,2.31403,4.10789,14.9549,30.8609,0.852295,41.696,173.118
43.8,12.6454,2.34368,4.10797,14.9085,30.8026,0.852295,41.696,173.649
43.82,12.6454,2.28662,3.97053,14.9084,30.8026,0.852295,41.696,174.18
43.84,12.6454,2.21926,3.97043,14.4907,30.6277,0.852295,41.696,178.956
43.86,12.6454,2.18453,4.01624,14.4904,30.6276,0.852295,41.696,183.736
43.88,12.645,2.20733,4.01628,14.1192,30.4527,0.852295,41.696,186.392
43.9,12.645,2.30808,4.01628,14.1189,30.4526,0.852295,41.696,189.047
43.92,12.6441,2.31994,3.97047,14.1189,30.4526,0.852295,41.696,192.233
43.94,12.6441,2.24066,3.97043,14.3045,30.5108,0.852295,41.696,192.766
43.96,12.6459,2.22205,3.97043,14.3047,30.5109,0.852295,41.696,193.297
43.98,12.6459,2.30547,3.97043,13.7013,30.1611,0.811673,41.696,194.89
44,12.6454,2.32948,3.97043,13.7009,30.1609,0.811642,39.9472,196.483
44.02,12.6454,2.17452,3.97043,13.8401,30.1609,0.811642,39.9458,192.77
44.04,12.6468,2.16586,3.97043,13.8402,30.1609,0.898772,39.9458,189.052
44.06,12.6468,2.16585,3.97043,13.6082,30.0443,0.898838,39.9458,181.092
44.08,12.6464,2.01645,3.97043,13.608,30.0442,0.898838,39.9458,171.534
44.1,12.6464,2.0163,3.97043,13.608,30.0442,0.898838,39.9458,163.037
44.12,12.6454,1.92837,3.97043,13.7008,29.9276,0.898838,39.9458,158.254
44.14,12.6454,1.92829,3.83299,13.7009,29.9275,0.898838,39.9458,153.474
44.16,12.645,1.99398,3.83289,14.0257,29.8109,0.898838,39.9458,150.817
44.18,12.645,1.99403,3.5122,14.026,29.8108,0.898838,39.9458,148.162
44.2,12.6468,1.9775,3.51195,14.1188,29.8691,0.898838,39.9458,146.037
44.22,12.6468,1.97749,3.51195,14.1189,29.8692,0.898838,39.9458,143.913
44.24,12.6454,2.02336,3.51195,13.7013,29.8692,0.898838,39.9458,140.728
44.26,12.6454,2.04391,3.51195,13.7009,29.6943,0.880335,41.139,134.359
44.28,12.6459,2.15408,3.74097,13.7009,29.6942,0.880317,41.1401,127.986
44.3,12.6459,2.15855,3.74119,14.4897,29.2279,0.882256,41.1401,124.797
44.32,12.6436,2.1549,3.74119,14.4904,29.2275,0.882258,41.1401,121.61
44.34,12.6436,2.22553,3.74119,14.3512,29.2275,0.882258,41.1401,118.424
44.36,12.6468,2.27897,3.87863,14.3511,29.2275,0.882258,41.1401,115.238
44.38,12.6468,2.26446,3.87873,13.7479,29.2275,0.882258,41.1401,114.705
44.4,12.6441,2.34833,3.87873,13.7473,29.2275,0.882258,41.1401,114.174
44.42,12.6441,2.29981,3.69552,13.7473,29.2275,0.882258,41.1401,112.051
44.44,12.6436,2.31815,3.69534,13.1905,29.4023,0.882258,41.1401,109.927
44.46,12.6436,2.26124,3.64954,13.19,29.4025,0.882258,41.1401,107.803
44.48,12.645,2.42483,3.64949,13.4685,29.4608,0.882258,41.1401,108.862
44.5,12.645,2.40962,3.60368,13.4687,29.4608,0.882258,41.1401,109.924
44.52,12.6464,2.55275,3.60365,13.9792,29.694,0.882258,41.1401,108.333
44.54,12.6464,2.5674,3.60365,13.9795,29.6942,0.892025,41.5927,106.74
44.56,12.6557,2.41202,3.64945,13.9795,29.9273,0.892034,41.5931,107.8
44.58,12.6557,2.38882,3.64949,13.9795,29.9275,0.876697,41.5931,110.453
44.6,12.6687,2.42815,3.42047,13.9795,29.9275,0.876682,41.5931,111.517
44.62,12.6687,2.51746,3.42025,14.5827,30.2189,0.876682,41.5931,111.518
44.64,12.6803,2.47654,3.51188,14.5833,30.2192,0.876682,41.5931,111.518
44.66,12.6803,2.42378,3.51195,13.9336,30.569,0.876682,41.5931,111.518
44.68,12.6937,2.55862,3.46614,13.9331,30.5692,0.876682,41.5931,111.518
44.7,12.6937,2.56381,3.4661,13.7939,31.4436,0.876682,41.5931,110.987
44.72,12.7006,2.48031,3.4661,13.7938,31.4443,0.876682,41.5931,109.395
44.74,12.7006,2.45907,3.51191,13.701,31.4443,0.876682,41.5931,111.516
44.76,12.8041,2.74747,3.51195,13.7009,31.4443,0.876682,41.5931,113.11
44.78,12.8042,2.77593,3.51195,13.7009,31.4443,0.876682,41.5931,110.989
44.8,12.7393,2.7574,3.51195,13.2369,29.2296,0.88983,41.5931,106.212
44.82,12.7393,2.60133,3.60358,13.2364,29.2275,0.889843,42.3749,101.432
44.84,12.6692,2.56722,3.60365,13.4685,28.7028,0.889843,42.3755,101.428
44.86,12.6691,2.56937,3.46621,13.4687,28.7024,0.857762,42.3755,101.428
44.88,12.6687,2.53885,3.4661,13.5151,28.819,0.857738,42.3755,100.898
44.9,12.6687,2.54935,3.4661,13.5151,28.8191,0.857738,42.3755,101.428
44.92,12.6687,2.48355,3.69512,13.1439,28.8191,0.857738,42.3755,99.3061
44.94,12.6687,2.4359,3.69534,13.1436,29.0522,0.857738,42.3755,98.7736
44.96,12.6687,2.55491,3.60373,13.1436,29.0524,0.857738,42.3755,98.2425
44.98,12.6687,2.61327,3.60365,13.654,29.2273,0.857738,42.3755,96.1195
45,12.6705,2.67465,3.51202,13.6544,29.2275,0.857738,42.3755,93.9954
45.02,12.6705,2.69668,3.51195,13.4224,29.2275,0.857738,42.3755,92.4018
45.04,12.6668,2.72596,3.51195,13.4222,29.2275,0.857738,42.3755,90.809
45.06,12.6668,2.72818,3.37454,12.9118,29.1109,0.857738,42.3755,93.4602
45.08,12.6696,2.52713,3.37441,12.9113,29.1108,0.861506,42.4167,97.1764
45.1,12.6696,2.49785,3.37441,12.9113,29.1108,0.86151,42.4167,98.241
45.12,12.6677,2.54999,3.37441,13.0505,29.1108,0.882168,42.4167,99.8336
45.14,12.6677,2.56119,3.60347,13.0507,29.1108,0.882188,42.4167,101.427
45.16,12.6677,2.66083,3.60365,13.7004,29.0525,0.882188,42.4167,96.6526
45.18,12.6677,2.64923,3.51202,13.7009,29.0524,0.882188,42.4167,91.8732
45.2,12.6677,2.55012,3.51195,13.5152,28.9359,0.882188,42.4167,91.3389
45.22,12.6673,2.55909,3.51195,13.5151,28.9358,0.882188,42.4167,90.808
45.24,12.6673,2.43279,3.74097,13.0047,28.9358,0.882188,42.4167,93.4602
45.26,12.6682,2.38069,3.74119,13.0042,28.8775,0.882188,42.4167,92.9322
45.28,12.6682,2.45263,3.55797,13.0042,28.8774,0.882188,42.4167,89.2179
45.3,12.6663,2.52752,3.5578,12.8186,28.8191,0.882188,42.4167,86.0312
45.32,12.6663,2.47242,3.51199,12.8185,28.8191,0.882188,42.4167,82.8444
45.34,12.6687,2.44274,3.51195,12.9113,28.9357,0.882188,42.4167,86.0257
45.36,12.6687,2.42352,3.42032,12.9113,28.9358,0.875085,41.7583,89.212
45.38,12.6663,2.43662,3.42025,12.8649,28.8192,0.875079,41.7578,90.2755
45.4,12.6663,2.43663,3.42025,12.8649,28.8191,0.852358,41.7578,90.2765
45.42,12.6659,2.37001,3.37445,12.8649,28.8191,0.852336,41.7578,90.2765
45.44,12.6659,2.36995,3.37441,12.5865,28.7025,0.852336,41.7578,91.3375
45.46,12.6691,2.63407,3.42021,12.5862,28.7024,0.852336,41.7578,92.3996
45.48,12.6691,2.63433,3.42025,12.5862,28.6441,0.852336,41.7578,91.3394
45.5,12.6673,2.54729,3.42025,12.5862,28.6441,0.852336,41.7578,90.2773
45.52,12.6673,2.54722,3.42025,12.8183,28.819,0.852336,41.7578,88.6846
45.54,12.6668,2.80224,3.32865,12.8185,28.8191,0.852336,41.7578,87.0918
45.56,12.6668,2.80248,3.32856,12.7257,28.7608,0.852336,41.7578,86.0292
45.58,12.6677,2.55029,3.32856,12.7256,28.7607,0.852336,41.7578,87.6198
45.6,12.6677,2.56677,3.46597,12.7256,28.7607,0.852336,41.7578,87.6213
45.62,12.6668,2.48615,3.4661,12.54,28.7025,0.866317,42.0047,87.0908
45.64,12.6668,2.46928,3.42029,12.5398,28.7024,0.86633,42.0049,86.5596
45.66,12.6659,2.62317,3.42025,13.0503,28.7024,0.864468,42.0049,82.8448
45.68,12.6659,2.61585,3.32863,13.0507,28.7024,0.864467,42.0049,79.1275
45.7,12.6687,2.57329,3.32856,12.3545,28.819,0.864467,42.0049,78.594
45.72,12.6687,2.58482,3.32856,12.354,28.8191,0.864467,42.0049,78.0631
45.74,12.6687,2.73044,3.23695,12.4468,28.4111,0.864467,42.0049,81.2458
45.76,12.6687,2.72367,3.23686,12.4469,28.4107,0.864467,42.0049,80.7183
45.78,12.6673,2.46743,3.46588,12.4469,28.4107,0.864467,42.0049,78.0651
45.8,12.6673,2.47666,3.4661,12.2613,28.7604,0.864467,42.0049,77.532
45.82,12.6659,2.58825,3.4661,12.2611,28.7607,0.864467,42.0049,77.0009
45.84,12.6659,2.58201,3.4661,12.3075,28.8773,0.864467,42.0049,77.5311
45.86,12.6659,2.66957,3.28285,12.3076,28.8774,0.864467,42.0049,78.0622
45.88,12.6659,2.67112,3.28271,12.6324,28.8191,0.864467,42.0049,79.1236
45.9,12.665,2.43834,3.28271,12.6327,28.8191,0.904656,41.5112,78.0636
45.92,12.665,2.47887,3.23691,12.2615,28.8191,0.904695,41.5107,77.0015
45.94,12.6663,2.67941,3.23686,12.2611,28.8774,0.885166,41.5107,79.1226
45.96,12.6663,2.63702,3.37428,12.2611,28.8774,0.885148,41.5107,81.2468
45.98,12.6677,2.60266,3.37441,11.6114,28.9357,0.885148,41.5107,83.902
46,12.6677,2.60122,3.23697,11.6109,28.9358,0.885148,41.5107,86.5572
46.02,12.6659,2.71035,3.23686,11.5181,28.9941,0.885148,41.5107,86.5592
46.04,12.6659,2.72539,3.23686,11.518,28.9941,0.885148,41.5107,86.5592
46.06,12.6654,2.7254,3.19106,11.7964,28.9358,0.885148,41.5107,90.8035
46.08,12.6654,2.69894,3.19102,11.7967,28.9358,0.885148,41.5107,95.0518
46.1,12.6663,2.55751,3.14521,11.7967,28.9358,0.885148,41.5107,96.1169
46.12,12.6663,2.55092,3.14517,11.7967,29.1106,0.885148,41.5107,97.179
46.14,12.6659,2.71114,3.19098,11.7967,29.1108,0.885148,41.5107,98.2412
46.16,12.6659,2.78478,3.19102,11.8895,29.1691,0.913003,41.5107,95.5889
46.18,12.6659,2.57255,3.28264,11.8896,29.1691,0.913024,41.5107,92.9337
46.2,12.6659,2.54166,3.28271,11.8896,29.1108,0.913024,41.5107,92.9317
46.22,12.6673,2.5647,3.28271,11.8896,29.1108,0.882256,41.5107,92.9317
46.24,12.6673,2.53385,3.1453,11.8432,29.1108,0.882227,41.5107,90.8095
46.26,12.6659,2.73858,3.14517,11.8431,29.2856,0.882227,41.5107,87.6243
46.28,12.6659,2.77576,3.23678,11.8431,29.2858,0.882227,41.5107,89.2129
46.3,12.6663,2.61565,3.23686,11.6575,29.3441,0.882227,41.5107,90.2754
46.32,12.6663,2.57164,3.09942,11.6574,29.3441,0.882227,41.5107,91.3377
46.34,12.6659,2.43942,3.09932,11.5645,29.3441,0.882227,41.5107,87.6241
46.36,12.6659,2.47372,3.19095,11.5645,29.3441,0.882227,41.5107,83.9068
46.38,12.664,2.60815,3.19102,11.6573,29.4607,0.882227,41.5107,81.7819
46.4,12.664,2.59126,3.19102,11.6574,29.4608,0.882227,41.5107,78.5967
46.42,12.6654,2.41847,3.09941,11.4254,29.4608,0.882227,41.5107,76.4715
46.44,12.6654,2.43397,3.09932,11.4251,29.4608,0.8985,41.2022,78.5916
46.46,12.6654,2.48737,3.05351,11.4251,29.4608,0.898516,41.2019,79.1242
46.48,12.6654,2.50153,3.05347,12.0285,29.4608,0.908557,41.2019,75.4102
46.5,12.6654,2.57505,3.19091,12.0289,29.4608,0.908565,41.2019,71.693
46.52,12.6645,2.57374,3.19102,12.1681,29.4608,0.908565,41.2019,72.2208
46.54,12.6645,2.52098,3.09941,12.1682,29.4608,0.908565,41.2019,72.7517
46.56,12.6654,2.52093,3.09932,12.2146,29.5774,0.908565,41.2019,76.4659
46.58,12.6654,2.52093,3.09932,12.2147,29.5775,0.908565,41.2019,80.1832
46.6,12.665,2.52226,3.00771,12.2147,29.5775,0.908565,41.2019,84.431
46.62,12.665,2.49468,3.00762,11.8899,29.694,0.908565,41.2019,88.1488
46.64,12.6626,2.52818,2.87018,11.8896,29.6942,0.908565,41.2019,91.8667
46.66,12.6626,2.5282,2.87008,11.6575,29.5193,0.908565,41.2019,96.6453
46.68,12.6649,2.49206,3.00752,11.6574,29.5191,0.908565,41.2019,101.425
46.7,12.665,2.49203,3.00762,11.2861,29.5774,0.908565,41.2019,104.081
46.72,12.6645,2.44214,3.00762,11.2858,29.5775,0.889731,40.5024,106.736
46.74,12.6645,2.44209,3.05343,11.4714,29.4026,0.889713,40.5018,107.269
46.76,12.664,2.2992,3.05347,11.4716,29.4025,0.877753,40.5018,112.575
46.78,12.664,2.29906,3.00767,11.4716,29.4025,0.877741,40.5018,116.294
46.8,12.6645,2.21154,3.00762,11.4716,29.519,0.877741,40.5018,118.419
46.82,12.6645,2.21146,3.00762,11.4716,29.5191,0.877741,40.5018,120.544
46.84,12.6645,2.03229,3.00762,11.1467,29.3443,0.877741,40.5018,125.321
46.86,12.6645,2.04424,3.00762,11.1465,29.3441,0.877741,40.5018,130.101
46.88,12.665,2.00603,3.00762,11.5641,29.4024,0.877741,40.5018,132.757
46.9,12.665,2.03223,3.00762,11.5645,29.4025,0.877741,40.5018,135.412
46.92,12.6654,2.07456,2.91601,11.8893,29.4025,0.877741,40.5018,139.128
46.94,12.6654,2.12426,2.91593,11.8896,29.3442,0.877741,40.5018,141.785
46.96,12.6636,2.00168,2.87012,11.8896,29.3441,0.877741,40.5018,144.44
46.98,12.6636,2.06122,2.87008,11.7039,29.4607,0.86255,40.5018,143.912
47,12.6636,2.07017,2.96171,11.7038,29.4608,0.862538,40.2549,143.381
47.02,12.6636,2.11824,2.96178,11.3789,29.4608,0.862538,40.2547,140.727
47.04,12.6631,2.11828,2.91597,11.3787,29.4608,0.886913,40.2547,138.072
47.06,12.6631,2.11693,2.91593,11.3323,29.4025,0.886937,40.2547,135.948
47.08,12.6636,2.11693,2.91593,11.3323,29.4025,0.886937,40.2547,134.885
47.1,12.6636,2.06254,3.09914,11.3323,29.4025,0.886937,40.2547,132.762
47.12,12.6617,2.07136,3.09932,10.7755,29.4607,0.886937,40.2547,127.985
47.14,12.6617,2.01643,3.09932,10.7749,29.4608,0.886937,40.2547,123.204
47.16,12.6631,1.93949,3.09932,11.5639,29.694,0.886937,40.2547,120.017
47.18,12.6631,1.93358,3.05351,11.5645,29.6942,0.886937,40.2547,116.831
47.2,12.664,1.81872,3.05347,11.1468,29.6942,0.886937,40.2547,114.706
47.22,12.664,1.85141,3.05347,11.1465,29.6942,0.886937,40.2547,112.582
47.24,12.6631,1.72467,3.00767,11.5177,29.6942,0.886937,40.2547,109.927
47.26,12.6631,1.74843,3.00762,11.518,29.6942,0.85272,44.41,103.558
47.28,12.6636,1.78785,2.96182,11.518,29.6942,0.852687,44.414,97.7166
47.3,12.6636,1.81073,2.96178,11.3324,29.7524,0.883647,44.414,95.5889
47.32,12.6622,1.78971,2.82434,11.3323,29.7525,0.883676,44.414,93.4643
47.34,12.6622,1.80394,2.82423,11.4251,29.8691,0.883676,44.414,89.2176
47.36,12.6636,1.71427,2.91586,11.4251,29.8692,0.883676,44.414,84.9693
47.38,12.6636,1.72891,2.91593,11.6571,29.8109,0.883676,44.414,79.6608
47.4,12.6626,1.60598,2.91593,11.6574,29.8108,0.883676,44.414,74.3504
47.42,12.6626,1.61345,2.96173,11.1934,29.8108,0.883676,44.414,69.5705
47.44,12.664,1.59386,2.96178,11.1929,30.1022,0.883676,44.414,66.3828
47.46,12.664,1.60454,2.82436,11.1929,30.1025,0.883676,44.414,63.1966
47.48,12.6617,1.60071,2.82423,11.425,30.4523,0.883676,44.414,63.1935
47.5,12.6617,1.59003,2.96167,11.4251,30.4526,0.883676,44.414,63.1935
47.52,12.6612,1.76121,2.96178,11.75,30.9189,0.883676,44.414,62.1323
47.54,12.6612,1.76878,2.96178,11.7502,30.9193,0.851118,37.8724,61.0704
47.56,12.6626,1.66702,2.96178,11.4255,31.0358,0.851087,37.8662,61.5999
47.58,12.6626,1.72471,2.96178,11.4251,31.0359,0.90232,37.8662,62.6615
47.6,12.6636,1.76759,2.96178,11.7035,31.0359,0.902369,37.8662,62.6625
47.62,12.6636,1.76763,2.96178,11.7038,31.5605,0.902369,37.8662,63.193
47.64,12.6677,1.80736,2.96178,11.7038,31.561,0.902369,37.8662,63.7242
47.66,12.6677,1.86361,2.96178,12.1215,32.0273,0.902369,37.8662,64.2552
47.68,12.6682,1.71998,2.91596,12.1218,32.0277,0.902369,37.8662,64.7862
47.7,12.6682,1.70997,2.91593,12.1682,32.8438,0.902369,37.8662,66.9092
47.72,12.6682,1.78461,2.91593,12.1682,32.8444,0.902369,37.8662,69.0329
47.74,12.6714,1.83008,2.6411,11.6114,34.0101,0.902369,37.8662,69.5655
47.76,12.6715,1.83012,2.64084,11.6109,34.0112,0.902369,37.8662,71.1576
47.78,12.6742,1.76472,3.00727,11.6109,34.0112,0.902369,37.8662,73.8118
47.8,12.6742,2.01914,3.00762,11.4253,34.9437,0.887587,37.8662,77.528
47.82,12.7762,2.06142,2.87018,11.4251,34.9446,0.887573,37.7016,81.246
47.84,12.7762,2.25628,2.87008,10.8218,32.846,0.908823,37.7015,84.9633
47.86,12.9557,2.11636,2.87008,10.8214,32.8444,0.90884,37.7015,88.6805
47.88,12.9559,2.2946,2.87008,10.2646,31.4456,0.90884,37.7015,92.9276
47.9,12.6611,2.21909,2.87008,10.2641,31.4443,0.90884,37.7015,93.4622
47.92,12.6608,2.21902,2.82428,10.5424,31.4443,0.90884,37.7015,98.2375
47.94,12.6571,2.27748,2.82423,10.5427,31.0946,0.90884,37.7015,105.139
47.96,12.6571,2.27753,2.87004,10.5427,31.0943,0.90884,37.7015,106.737
47.98,12.651,2.42419,2.87008,10.7748,30.9777,0.90884,37.7015,106.739
48,12.651,2.4243,2.96171,10.7749,30.9776,0.90884,37.7015,106.739
48.02,12.6506,2.3498,2.96178,10.218,30.861,0.90884,37.7015,107.8
48.04,12.6506,2.34974,2.87017,10.2176,30.8609,0.90884,37.7015,108.862
48.06,12.6482,2.46418,2.87008,10.6816,30.6861,0.90884,37.7015,110.454
48.08,12.6482,2.46429,2.87008,10.682,30.6859,0.905546,37.7632,112.578
48.1,12.6492,2.46429,2.91588,10.45,30.6859,0.905543,37.7632,114.172
48.12,12.6492,2.386,2.91593,10.4498,30.5693,0.911358,37.7632,113.643
48.14,12.6473,2.47067,3.00755,10.4498,30.5692,0.911364,37.7632,113.112
48.16,12.6473,2.47847,3.00762,10.4498,30.4526,0.911364,37.7632,115.234
48.18,12.651,2.51274,2.916,10.4498,30.4526,0.911364,37.7632,117.358
48.2,12.651,2.52965,2.91593,10.5891,30.336,0.911364,37.7632,118.421
48.22,12.6492,2.38156,3.05334,10.5892,30.3359,0.911364,37.7632,119.483
48.24,12.6492,2.33633,3.05347,10.9604,30.1027,0.911364,37.7632,119.484
48.26,12.6473,2.32544,3.05347,10.9607,30.1025,0.911364,37.7632,118.953
48.28,12.6473,2.33393,3.05347,10.9607,30.1025,0.911364,37.7632,118.422
48.3,12.6487,2.38889,3.05347,10.9143,30.0442,0.911364,37.7632,117.36
48.32,12.6487,2.3877,3.09928,10.9143,30.0442,0.911364,37.7632,116.298
48.34,12.6492,2.64174,3.09932,10.8679,29.9276,0.911465,37.7632,111.522
48.36,12.6492,2.66255,2.96188,10.8678,29.9275,0.911465,36.8168,106.742
48.38,12.6473,2.52923,2.96178,10.6822,29.8109,0.911465,36.8161,110.452
48.4,12.6473,2.50176,2.96178,10.682,29.8108,0.959925,36.8161,114.17
48.42,12.6506,2.34732,2.91597,10.4036,29.5194,0.959971,36.8161,118.417
48.44,12.6506,2.35027,2.91593,10.4034,29.5191,0.959971,36.8161,122.666
48.46,12.6478,2.40767,2.77851,10.4034,29.5191,0.959971,36.8161,123.731
48.48,12.6478,2.38835,2.77838,10.4034,29.5191,0.959971,36.8161,124.263
48.5,12.6501,2.51243,2.59513,10.4034,29.5191,0.959971,36.8161,124.794
48.52,12.6501,2.54518,2.59499,10.6354,29.4608,0.959971,36.8161,128.508
48.54,12.6506,2.46233,2.6866,10.6356,29.4608,0.959971,36.8161,132.225
48.56,12.6506,2.45194,2.68669,10.4964,29.4025,0.959971,36.8161,135.412
48.58,12.6496,2.3407,2.68669,10.4963,29.4025,0.959971,36.8161,137.537
48.6,12.6496,2.33189,2.73249,10.4963,29.4025,0.959971,36.8161,138.069
48.62,12.6482,2.48309,2.73254,11.1459,29.1693,0.960352,37.7623,138.6
48.64,12.6482,2.53928,2.5951,11.1465,29.1691,0.960352,37.7632,138.07
48.66,12.6468,2.5675,2.59499,10.9144,29.1108,0.958414,37.7632,138.601
48.68,12.6468,2.52423,2.73243,10.9143,29.1108,0.958413,37.7632,139.132
48.7,12.6501,2.44967,2.73254,11.6568,29.0525,0.958413,37.7632,138.601
48.72,12.6501,2.44124,2.68673,11.6574,29.0524,0.958413,37.7632,138.07
48.74,12.6506,2.41066,2.68669,10.219,28.9359,0.958413,37.7632,143.906
48.76,12.6506,2.37941,2.68669,10.2176,28.9358,0.958413,37.7632,149.217
48.78,12.6482,2.37337,2.64088,10.2176,28.9358,0.958413,37.7632,151.344
48.8,12.6482,2.43864,2.64084,9.89281,28.8775,0.958413,37.7632,150.285
48.82,12.6492,2.53751,2.68665,9.8925,28.8774,0.958413,37.7632,149.223
48.84,12.6492,2.5004,2.68669,10.2174,28.8774,0.958413,37.7632,144.977
48.86,12.651,2.39113,2.77831,10.2176,28.8774,0.958413,37.7632,140.728
48.88,12.651,2.39864,2.77838,10.264,28.8774,0.958413,37.7632,142.317
48.9,12.6487,2.34246,2.77838,10.2641,28.8774,0.959044,36.6112,143.91
48.92,12.6487,2.33878,2.77838,10.0785,28.8774,0.959044,36.6101,143.911
48.94,12.6492,2.46314,2.77838,10.0783,28.8774,0.960981,36.6101,141.259
48.96,12.6492,2.45392,2.77838,10.0783,28.8774,0.960983,36.6101,137.542
48.98,12.6492,2.50173,2.77838,10.3567,28.7608,0.960983,36.6101,134.355
49,12.6501,2.51794,2.73257,10.3569,28.7607,0.960983,36.6101,131.169
49.02,12.6501,2.55454,2.73254,9.98567,28.7025,0.960983,36.6101,127.452
49.04,12.6506,2.54649,2.59512,9.98539,28.7024,0.960983,36.6101,123.735
49.06,12.6506,2.45523,2.59499,10.0782,28.7024,0.960983,36.6101,122.671
49.08,12.6492,2.47392,2.59499,10.0783,28.7024,0.960983,36.6101,121.609
49.1,12.6492,2.47394,2.6866,10.4031,28.7024,0.960983,36.6101,123.73
49.12,12.6468,2.47263,2.68669,10.4034,28.7024,0.960983,36.6101,126.915
49.14,12.6468,2.39262,2.7325,10.4034,28.7024,0.960983,36.6101,126.918
49.16,12.6487,2.3554,2.73254,10.3106,28.7024,0.966426,36.6101,120.551
49.18,12.6487,2.35537,2.64091,10.3105,28.7024,0.966431,37.8241,114.178
49.2,12.6487,2.56078,2.64084,10.1249,28.7024,0.966431,37.825,111.52
49.22,12.6487,2.56094,2.64084,10.1247,28.7024,0.970282,37.825,108.865
49.24,12.6459,2.40859,2.77825,9.75352,28.7024,0.970286,37.825,106.21
49.26,12.6459,2.40845,2.77838,9.75317,28.7024,0.970286,37.825,106.208
49.28,12.6468,2.43475,2.82419,9.75317,28.7024,0.970286,37.825,106.738
49.3,12.6468,2.43477,2.82423,9.8924,28.5858,0.970286,37.825,104.616
49.32,12.6478,2.32797,2.91586,9.8925,28.5857,0.970286,37.825,101.961
49.34,12.6478,2.32789,2.91593,9.56764,28.5857,0.970286,37.825,100.898
49.36,12.6473,2.38827,2.68686,9.5674,28.5857,0.970286,37.825,99.836
49.38,12.6473,2.41454,2.68669,9.521,28.7023,0.970286,37.825,101.427
49.4,12.6464,2.39207,2.68669,9.52095,28.7024,0.970286,37.825,103.02
49.42,12.6464,2.38167,2.50347,9.52095,28.7024,0.970286,37.825,103.021
49.44,12.6436,2.49225,2.5033,9.52095,28.7607,0.986211,38.3187,105.144
49.46,12.6436,2.52215,2.5949,9.52095,28.7607,0.986226,38.3192,107.798
49.48,12.6408,2.36538,2.59499,9.10328,28.819,1.03176,38.3192,108.862
49.5,12.6408,2.3568,2.68662,9.10296,28.8191,1.03179,38.3192,110.455
49.52,12.6389,2.22339,2.68669,8.54606,28.7025,1.03179,38.3192,108.864
49.54,12.6389,2.19355,2.64088,8.54564,28.7024,1.03179,38.3192,107.271
49.56,12.6408,2.17627,2.64084,8.31364,28.6441,1.03179,38.3192,108.331
49.58,12.6408,2.18636,2.64084,8.31342,28.6441,1.03179,38.3192,109.393
49.6,12.6399,2.19504,2.54923,10.0766,28.6441,1.03179,38.3192,110.455
49.62,12.6399,2.20342,2.54914,10.0783,28.4109,1.03179,38.3192,110.986
49.64,12.6413,2.068,2.59496,10.0783,28.4107,1.03179,38.3192,112.048
49.66,12.6413,2.06173,2.59499,9.93905,28.5273,1.03179,38.3192,113.11
49.68,12.6394,2.04792,2.59499,9.93894,28.5274,1.03179,38.3192,112.05
49.7,12.6394,2.1029,2.59499,9.56768,28.5274,1.03179,38.3192,110.457
49.72,12.6403,1.95847,2.6408,9.5674,28.5274,1.04269,36.5089,108.864
49.74,12.6403,1.99057,2.64084,9.66019,28.7022,1.0427,36.5072,110.454
49.76,12.6399,1.91164,2.64084,9.66028,28.7024,0.980823,36.5072,112.048
49.78,12.6399,1.93955,2.64084,9.24269,28.7024,0.980764,36.5072,112.049
49.8,12.6376,1.9372,2.64084,9.24229,28.7607,0.980764,36.5072,110.457
49.82,12.6376,1.94097,2.64084,9.24229,28.7607,0.980764,36.5072,107.803
49.84,12.6399,1.8676,2.64084,9.33511,28.819,0.980764,36.5072,106.739
49.86,12.6399,1.87727,2.45759,9.33518,28.8191,0.980764,36.5072,106.208
49.88,12.638,1.73618,2.45745,9.14958,28.9356,0.980764,36.5072,105.147
49.9,12.638,1.77006,2.45745,9.1494,28.9358,0.980764,36.5072,104.084
49.92,12.6352,1.80612,2.54906,9.75259,29.1689,0.980764,36.5072,100.9
49.94,12.6352,1.79474,2.54914,9.75317,29.1691,0.980764,36.5072,97.714
49.96,12.6352,1.78328,2.41173,9.75317,29.1691,0.980764,36.5072,92.9362
49.98,12.6352,1.78327,2.4116,9.56754,29.2857,0.995775,34.0176,88.6866
50,12.6352,1.7434,2.4116,9.5674,29.2858,0.995787,34.0157,84.9689
50.02,12.6352,1.74796,2.4116,9.52099,29.4607,0.99763,34.0157,81.2517
50.04,12.6376,1.81489,2.4116,9.52095,29.4608,0.997632,34.0157,77.5351
50.06,12.6376,1.83736,2.4116,9.98495,29.2277,0.997632,34.0157,74.3484
50.08,12.6376,1.81779,2.4116,9.98539,29.2275,0.997632,34.0157,71.1622
50.1,12.6362,1.82848,2.3658,9.75339,29.2275,0.997632,34.0157,71.1591
50.12,12.6362,1.89858,2.36575,9.75317,29.344,0.997632,34.0157,71.1591
50.14,12.6348,1.87906,2.13669,9.75317,29.3441,0.997632,34.0157,72.751
50.16,12.6348,1.89429,2.13651,9.47472,29.3441,0.997632,34.0157,71.6909
50.18,12.6348,1.91991,2.13651,9.47451,29.3441,0.997632,34.0157,72.7514
50.2,12.6348,1.91107,2.13651,9.61373,29.2858,0.997632,34.0157,75.4054
50.22,12.6343,1.86922,2.64036,9.61384,29.2858,0.997632,34.0157,78.0601
50.24,12.6343,1.89511,2.64084,9.52104,29.0527,0.997632,34.0157,80.1847
50.26,12.6338,1.84136,2.64084,9.52095,29.0524,0.986825,33.1517,82.3089
50.28,12.6338,1.84131,2.50343,9.52095,29.0524,0.986815,33.1509,86.0246
50.3,12.6357,1.9342,2.5033,9.52095,29.1107,0.990543,33.1509,89.7426
50.32,12.6357,1.93427,2.45748,9.52095,29.1108,0.990546,33.1509,93.4599
50.34,12.6352,2.08494,2.45745,8.91765,29.1108,0.990546,33.1509,98.769
50.36,12.6352,2.08506,2.45745,8.91718,29.1108,0.990546,33.1509,104.079
50.38,12.6338,2.20843,2.45745,8.63879,28.9359,0.990546,33.1509,107.267
50.4,12.6338,2.20855,2.32004,8.63852,28.9358,0.990546,33.1509,110.453
50.42,12.6352,2.15729,2.3199,8.91692,28.994,0.990546,33.1509,113.109
50.44,12.6352,2.15725,2.3199,8.91718,28.9941,0.990546,33.1509,115.764
50.46,12.6352,2.32416,2.41151,9.33478,28.9941,0.990546,33.1509,123.194
50.48,12.6352,2.295,2.4116,9.33518,28.9358,0.990546,33.1509,129.568
50.5,12.6376,2.40542,2.27416,9.33518,28.9358,0.990546,33.1509,131.696
50.52,12.6376,2.3836,2.27406,9.66004,29.2272,0.995492,34.2208,132.759
50.54,12.6362,2.44088,2.50308,9.66028,29.2275,0.995496,34.2216,133.821
50.56,12.6362,2.3689,2.5033,9.61388,29.5189,0.995496,34.2216,135.413
50.58,12.6343,2.30854,2.5033,9.61384,29.5191,0.976965,34.2216,137.006
50.6,12.6343,2.28006,2.45749,9.98503,29.694,0.976947,34.2216,135.416
50.62,12.6348,2.20483,2.45745,9.98539,29.6942,0.976947,34.2216,133.823
50.64,12.6348,2.22,2.50326,9.89257,29.6942,0.976947,34.2216,130.107
50.66,12.6334,2.13447,2.5033,9.8925,29.9273,0.976947,34.2216,127.982
50.68,12.6334,2.13544,2.45748,9.8925,29.9275,0.976947,34.2216,126.388
50.7,12.6338,2.01588,2.45745,9.3356,30.0441,0.976947,34.2216,122.673
50.72,12.6338,2.04463,2.54906,9.33518,30.0442,0.976947,34.2216,118.956
50.74,12.6329,1.86411,2.54914,9.70637,30.5104,0.976947,34.2216,115.239
50.76,12.6329,1.88425,2.54914,9.70673,30.5109,0.976947,34.2216,111.522
50.78,12.6334,1.83148,2.45754,9.66033,30.5109,0.976947,34.2216,106.213
50.8,12.6334,1.85729,2.45745,9.66028,30.8607,1.03615,36.6083,104.616
50.82,12.632,1.91339,2.41164,9.70669,30.8609,1.0362,36.6101,105.676
50.84,12.632,1.95571,2.4116,9.70673,31.2107,1.03794,36.6101,106.738
50.86,12.6338,1.8572,2.4116,9.70673,31.211,1.03795,36.6101,106.739
50.88,12.6338,1.8737,2.4116,9.66033,31.4441,1.03795,36.6101,101.964
50.9,12.6278,1.89327,2.4574,9.66028,31.4443,1.03795,36.6101,97.1845
50.92,12.6278,1.90532,2.45745,9.84588,30.978,1.03795,36.6101,95.5884
50.94,12.6273,1.80159,2.45745,9.84606,30.9776,1.03795,36.6101,93.9953
50.96,12.6273,1.76498,2.27423,9.79966,30.9776,1.03795,36.6101,93.4632
50.98,12.631,1.81946,2.27406,9.79961,30.6861,1.03795,36.6101,90.8095
51,12.6311,1.82797,2.22824,9.89243,30.6859,1.03795,36.6101,86.0318
51.02,12.6343,1.80291,2.22821,9.8925,30.6859,1.03795,36.6101,82.3137
51.04,12.6343,1.82448,2.22821,9.8925,30.6859,1.03795,36.6101,78.5972
51.06,12.6338,1.7575,2.22821,10.0317,30.6859,1.03795,36.6101,76.4715
51.08,12.6338,1.77835,2.31982,10.0318,30.6859,1.11507,34.3268,74.3474
51.1,12.6352,1.67572,2.3199,9.75344,30.6276,1.11514,34.3246,74.3453
51.12,12.6352,1.65877,2.3199,9.75317,30.6276,1.02892,34.3246,74.3453
51.14,12.6338,1.63758,2.50316,9.8924,30.6276,1.02884,34.3246,72.2228
51.16,12.6338,1.64272,2.5033,9.8925,30.5693,1.02884,34.3246,70.0986
51.18,12.6352,1.62862,2.45748,9.8925,30.5692,1.02884,34.3246,70.097
51.2,12.6352,1.63183,2.45745,9.7533,30.3361,1.02884,34.3246,71.6886
51.22,12.6334,1.63041,2.45745,9.75317,30.3359,1.02884,34.3246,73.2817
51.24,12.6334,1.63397,2.45745,9.79957,30.2193,1.02884,34.3246,69.039
51.26,12.6348,1.64815,2.54906,9.79961,30.2192,1.02884,34.3246,64.7907
51.28,12.6348,1.67151,2.54914,9.75321,29.9861,1.02884,34.3246,62.134
51.3,12.6348,1.67154,2.54914,9.75317,29.9858,1.02884,34.3246,59.4783
51.32,12.6352,1.65181,2.41171,9.42831,29.9858,1.02884,34.3246,56.8231
51.34,12.6352,1.62908,2.4116,9.42806,29.7527,1.09259,30.2302,55.2292
51.36,12.6343,1.63344,2.50323,9.42806,29.7525,1.09264,30.2271,53.6361
51.38,12.6343,1.58893,2.5033,9.52086,29.5776,1.03774,30.2271,52.0432
51.4,12.6334,1.6055,2.5033,9.52095,29.5775,1.03769,30.2271,50.4501
51.42,12.6334,1.64199,2.5033,9.28895,29.2278,1.03769,30.2271,48.857
51.44,12.632,1.61768,2.45749,9.28873,29.2275,1.03769,30.2271,47.2639
51.46,12.632,1.57422,2.45745,9.42793,28.9943,1.03769,30.2271,45.1403
51.48,12.6413,1.57544,2.45745,9.42806,28.9941,1.03769,30.2271,43.5463
51.5,12.6413,1.57544,2.50326,9.42806,28.9941,1.03769,30.2271,41.9532
51.52,12.6519,1.64072,2.5033,9.28884,28.7026,1.03769,30.2271,39.2988
51.54,12.6519,1.64077,2.5491,9.28873,28.7024,1.03769,30.2271,36.6442
51.56,12.6552,1.54988,2.54914,9.28873,28.6441,1.03769,30.2271,36.1111
51.58,12.6552,1.54979,2.54914,9.28873,28.6441,1.03769,30.2271,35.5801
51.6,12.6566,1.57205,2.54914,9.28873,28.4692,1.03769,30.2271,34.5185
51.62,12.6566,1.57207,2.45754,9.28873,28.4691,1.07551,-6.06019,33.4564
51.64,12.658,1.54189,2.45745,9.1031,28.5856,1.07555,-6.09483,32.3941
51.66,12.658,1.54187,2.45745,9.10296,28.5857,1.04068,-6.09483,37.169
51.68,12.6622,1.56289,2.50326,9.10296,28.5857,1.04066,-6.09483,41.9484
51.7,12.6622,1.57296,2.5033,9.01016,28.644,1.04066,-6.09483,41.952
51.72,12.6622,1.52023,2.5033,9.01007,28.6441,1.04066,-6.09483,41.952
51.74,12.6622,1.51676,2.5033,8.77807,28.9938,1.04066,-6.09483,45.6657
51.76,12.6673,1.567,2.45749,8.77785,28.9941,1.04066,-6.09483,49.383
51.78,12.6673,1.5971,2.45745,8.77785,29.7518,1.04066,-6.09483,53.1003
51.8,12.6844,1.68836,2.45745,8.77785,29.7525,1.04066,-6.09483,54.1651
51.82,12.6845,1.69597,2.41164,8.59222,31.0933,1.04066,-6.09483,55.2272
51.84,12.7133,1.80742,2.4116,8.59208,31.0943,1.04066,-6.09483,58.9424
51.86,12.7134,1.85067,2.4116,8.59208,31.0943,1.04066,-6.09483,62.6597
51.88,12.7302,1.95233,2.4116,8.54568,32.6679,1.0435,-6.09483,69.5594
51.9,12.7302,1.94207,2.31999,8.54564,32.6694,1.04351,-53.1201,76.4629
51.92,12.7286,2.0314,2.3199,9.10243,33.6602,1.04614,-53.165,83.3664
51.94,12.7286,1.98468,2.36571,9.10296,33.6612,1.04614,-53.165,87.0867
51.96,12.7302,2.1676,2.36575,8.87096,35.7593,1.04614,-53.165,90.804
51.98,12.7302,2.09856,2.36575,8.87074,35.7613,1.04614,-53.165,95.5832
52,12.7282,2.18312,2.22831,8.40666,35.7613,1.04614,-53.165,100.363
52.02,12.7282,2.14496,2.22821,8.4063,39.4338,1.04614,-53.165,103.019
52.04,12.7278,2.18398,2.1824,8.4063,39.4366,1.04614,-53.165,105.674
52.06,12.7278,2.14966,2.18236,8.12791,45.3815,1.04614,-53.165,108.329
52.08,12.7278,1.9603,2.27397,8.12764,45.3871,1.04614,-53.165,108.862
52.1,12.7278,1.96685,2.27406,8.17404,54.1878,1.04614,-53.165,109.393
52.12,12.7282,1.94994,2.27406,8.17409,54.1962,1.04614,-53.165,113.638
52.14,12.7282,1.94534,2.27406,8.40613,66.263,1.04614,-53.165,117.887
52.16,12.7265,1.82634,2.27406,8.4063,66.2722,1.01943,-53.165,116.829
52.18,12.7265,1.84675,2.13662,8.4063,66.2722,1.01941,-55.0373,115.767
52.2,12.7544,1.82146,2.13651,9.75189,80.7263,1.006,-55.0388,114.705
52.22,12.7545,1.8311,2.22812,9.75317,80.7401,1.00598,-55.0388,120.01
52.24,12.7783,1.85079,2.22821,9.38198,91.3475,1.00598,-55.0388,125.32
52.26,12.7783,1.91513,2.22821,9.38162,91.3577,1.00598,-55.0388,130.1
52.28,12.7758,2.05559,2.22821,8.73203,96.37,1.00598,-55.0388,134.879
52.3,12.7758,2.08111,2.22821,8.73141,96.3747,1.00598,-55.0388,138.598
52.32,12.7816,2.18748,2.22821,8.77782,96.3747,1.00598,-55.0388,142.315
52.34,12.7816,2.135,2.22821,8.77785,98.7065,1.00598,-55.0388,142.849
52.36,12.775,2.09805,2.36565,8.77785,98.7083,1.00598,-55.0388,144.972
52.38,12.775,2.06268,2.36575,8.68505,97.3678,1.00598,-55.0388,147.096
52.4,12.7701,2.08205,2.54897,8.68497,97.3665,1.00598,-55.0388,149.22
52.42,12.7701,2.06957,2.54914,8.77776,92.529,1.00598,-55.0388,151.344
52.44,12.7652,2.04751,2.54914,8.77785,92.5244,1.0173,-55.0388,156.651
52.46,12.7652,2.04077,2.54914,8.68505,86.463,1.01731,-42.655,161.962
52.48,12.7627,1.94497,2.54914,8.68497,86.4573,0.924727,-42.6432,164.62
52.5,12.7627,1.92869,2.77821,8.68497,86.4573,0.924656,-42.6432,166.744
52.52,12.7627,1.85498,2.77838,8.63856,80.8028,0.924656,-42.6432,168.868
52.54,12.7627,1.86647,3.09901,8.63852,80.7984,0.924656,-42.6432,169.401
52.56,12.7627,1.9142,3.09932,8.54572,76.3107,0.924656,-42.6432,169.932
52.58,12.7545,1.92684,3.28254,8.54564,76.3064,0.924656,-42.6432,168.871
52.6,12.7545,1.86294,3.28271,8.63843,74.4996,0.924656,-42.6432,167.809
52.62,12.7261,1.88402,3.09949,8.63852,74.4979,0.924656,-42.6432,173.644
52.64,12.7261,1.97128,3.09932,8.63852,71.7581,0.924656,-42.6432,174.711
52.66,12.7458,2.02247,3.09932,8.63852,71.756,0.924656,-42.6432,175.773
52.68,12.7458,2.1051,2.96188,8.63852,71.756,0.924656,-42.6432,174.712
52.7,12.7064,2.10009,2.96178,8.63852,68.0842,1.13248,-42.6432,173.65
52.72,12.7064,2.0584,2.64115,8.63852,68.0807,1.13268,-42.6432,173.119
52.74,12.7076,2.03464,2.64084,8.59212,64.7003,1.02016,-1.21321,172.588
52.76,12.7076,2.03462,2.59504,8.59208,64.6971,1.02006,-1.17367,176.301
52.78,12.7076,2.15887,2.59499,8.59208,56.0713,1.02006,-1.17367,180.018
52.8,12.7076,2.15899,2.59499,8.49926,56.063,1.02006,-1.17367,184.798
52.82,12.7076,2.25827,2.86987,8.49919,43.9962,1.02006,-1.17367,188.516
52.84,12.7076,2.25835,2.87008,8.40637,43.987,1.02006,-1.17367,192.233
52.86,12.7208,2.23256,2.73264,8.4063,43.987,1.02006,-1.17367,191.175
52.88,12.7208,2.23254,2.73254,8.4063,34.9532,1.02006,-1.17367,190.113
52.9,12.7314,2.21982,2.50352,8.4063,34.9446,1.02006,-1.17367,193.825
52.92,12.7315,2.21981,2.5033,8.4063,30.69,1.02006,-1.17367,197.543
52.94,12.7483,2.15705,2.5491,8.4991,30.6859,1.02006,-1.17367,196.485
52.96,12.7483,2.15793,2.54914,8.49919,28.3546,1.02006,-1.17367,197.545
52.98,12.7573,2.22081,2.54914,8.59201,28.3524,1.00876,-1.17367,198.607
53,12.7573,2.22575,2.54914,8.59208,28.3524,1.00875,-1.17367,205.506
53.02,12.7586,2.22955,2.54914,8.7313,27.0699,0.989489,16.4179,212.41
53.04,12.7586,2.2335,2.54914,8.73141,27.0689,0.989474,16.4313,208.171
53.06,12.7586,2.22591,2.54914,8.73141,26.3695,0.989474,16.4313,203.923
53.08,12.7586,2.1875,2.45754,8.68501,26.3689,0.989474,16.4313,207.632
53.1,12.7569,2.13932,2.45745,8.68497,25.9609,0.989474,16.4313,213.472
53.12,12.7569,2.17988,2.45745,8.68497,25.9605,0.989474,16.4313,215.599
53.14,12.7586,2.23679,2.41164,8.68497,25.7856,0.989474,16.4313,215.601
53.16,12.7586,2.21254,2.4116,8.68497,25.7855,0.989474,16.4313,215.601
53.18,12.7573,2.25022,2.50323,8.68497,25.7855,0.989474,16.4313,211.356
53.2,12.7573,2.23179,2.5033,8.68497,25.8438,0.989474,16.4313,207.109
53.22,12.7569,2.28424,2.41169,8.63857,25.8438,0.989474,16.4313,205.513
53.24,12.7569,2.3201,2.4116,8.63852,26.077,0.935812,16.4313,203.92
53.26,12.7578,2.29886,2.4116,8.68492,26.0772,0.935761,16.4313,200.735
53.28,12.7578,2.29833,2.31999,8.68497,26.3103,0.935761,21.5535,199.671
53.3,12.7569,2.41534,2.3199,8.68497,26.3105,0.97478,21.5584,196.487
53.32,12.7569,2.41111,2.45734,8.68497,26.3105,0.97481,21.5584,191.178
53.34,12.7992,2.34129,2.45745,8.68497,26.5437,0.97481,21.5584,185.867
53.36,12.7993,2.34854,2.32001,8.59215,26.5439,0.97481,21.5584,183.21
53.38,12.8017,2.38998,2.3199,8.59208,26.8353,0.97481,21.5584,180.555
53.4,12.8017,2.36369,2.3199,8.63848,26.8356,0.97481,21.5584,180.553
53.42,12.803,2.38258,2.2741,8.63852,27.127,0.97481,21.5584,177.9
53.44,12.803,2.38734,2.27406,8.54572,27.1273,0.97481,21.5584,175.776
53.46,12.8013,2.43154,2.27406,8.54564,27.1273,0.97481,21.5584,177.896
53.48,12.8013,2.39935,2.27406,8.63845,27.3605,0.97481,21.5584,180.02
53.5,12.8026,2.38891,2.31987,8.63852,27.3606,0.97481,21.5584,177.369
53.52,12.8026,2.40022,2.3199,8.63852,27.4772,0.903405,21.5584,174.714
53.54,12.8046,2.51517,2.3199,8.63852,27.4773,0.903351,21.5584,172.059
53.56,12.8046,2.48172,2.2283,8.63852,27.5356,0.903351,20.9413,169.404
53.58,12.8042,2.29896,2.22821,8.54572,27.5356,0.906642,20.9407,167.279
53.6,12.8042,2.33519,2.36562,8.54564,27.5356,0.906645,20.9407,168.338
53.62,12.8058,2.37281,2.36575,8.45284,27.5939,0.906645,20.9407,170.461
53.64,12.8058,2.36215,2.31994,8.45275,27.594,0.906645,20.9407,168.871
53.66,12.8071,2.40579,2.3199,8.45275,27.4191,0.906645,20.9407,167.278
53.68,12.8071,2.36383,2.3199,8.59197,27.419,0.906645,20.9407,169.93
53.7,12.8108,2.31191,2.2283,8.59208,27.419,0.906645,20.9407,172.585
53.72,12.8108,2.37885,2.22821,8.59208,27.419,0.906645,20.9407,170.996
53.74,12.812,2.34583,2.31982,8.59208,27.419,0.906645,20.9407,169.403
53.76,12.812,2.30429,2.3199,8.68488,27.3024,0.906645,20.9407,171.523
53.78,12.8128,2.35059,2.3199,8.68497,27.3023,0.906645,20.9407,175.77
53.8,12.8128,2.34197,2.3199,8.68497,27.4189,0.888512,20.9407,180.019
53.82,12.8153,2.27888,2.3199,8.54574,27.419,0.888499,20.9407,182.675
53.84,12.8153,2.26412,2.18247,8.54564,27.5356,0.888499,19.2741,185.33
53.86,12.8153,2.35975,2.18236,8.36,27.5356,0.868091,19.2728,184.802
53.88,12.8182,2.39681,2.22817,8.35986,27.5356,0.868075,19.2728,184.271
53.9,12.8182,2.44927,2.22821,8.40626,27.5356,0.868075,19.2728,182.679
53.92,12.819,2.41195,2.27401,8.4063,27.5356,0.868075,19.2728,177.902
53.94,12.819,2.41191,2.27406,8.3599,27.7688,0.868075,19.2728,173.654
53.96,12.8194,2.41364,2.27406,8.35986,27.769,0.868075,19.2728,173.119
53.98,12.8194,2.31066,2.22824,8.35986,27.7107,0.868075,19.2728,172.588
54,12.819,2.29433,2.22821,8.35986,27.7107,0.868075,19.2728,169.934
54.02,12.819,2.41743,2.1824,8.35986,27.7107,0.868075,19.2728,167.279
54.04,12.8198,2.44176,2.18236,8.22066,27.7689,0.868075,19.2728,164.624
54.06,12.8198,2.44178,2.22817,8.22053,27.769,0.868075,19.2728,161.969
54.08,12.8182,2.44002,2.22821,8.22053,27.7107,0.844016,19.2728,157.722
54.1,12.8182,2.44002,2.22821,8.22053,27.7107,0.843993,15.9403,150.821
54.12,12.819,2.40511,2.22821,8.22053,27.8272,0.843993,15.9372,143.918
54.14,12.819,2.40508,2.22821,8.26694,27.8273,0.8354,15.9372,143.911
54.16,12.8153,2.42177,2.1824,8.26697,27.8273,0.835393,15.9372,143.911
54.18,12.8153,2.42178,2.18236,8.22056,28.0022,0.835393,15.9372,139.136
54.2,12.8038,2.4413,2.18236,8.22053,28.0023,0.835393,15.9372,134.357
54.22,12.8038,2.44132,2.18236,8.22053,28.0023,0.835393,15.9372,130.639
54.24,12.7824,2.34981,2.13656,8.22053,28.0023,0.835393,15.9372,125.861
54.26,12.7824,2.37859,2.13651,8.17413,28.0023,0.835393,15.9372,121.081
54.28,12.7685,2.51349,2.13651,8.17409,28.0023,0.835393,15.9372,119.485
54.3,12.7684,2.50406,2.18233,8.17409,28.1189,0.835393,15.9372,117.892
54.32,12.7689,2.42201,2.18236,8.17409,28.119,0.835393,15.9372,116.829
54.34,12.7689,2.4294,2.18236,8.17409,28.119,0.835393,15.9372,115.767
54.36,12.7668,2.38718,2.18236,8.03486,28.1773,0.764662,15.9372,116.828
54.38,12.7668,2.3951,2.09075,8.03475,28.1774,0.764608,12.6458,117.889
54.4,12.773,2.41578,2.09067,8.08115,28.1774,0.787989,12.6427,118.952
54.42,12.773,2.39757,2.09067,8.0812,28.1774,0.788011,12.6427,118.422
54.44,12.7795,2.4191,2.18227,8.1276,28.4105,0.788011,12.6427,117.891
54.46,12.7795,2.41681,2.18236,8.12764,28.4107,0.788011,12.6427,115.768
54.48,12.7812,2.48586,2.18236,8.12764,28.4107,0.788011,12.6427,113.644
54.5,12.7812,2.44578,2.18236,8.08123,28.469,0.788011,12.6427,114.173
54.52,12.7808,2.37245,2.13655,8.0812,28.4691,0.788011,12.6427,114.704
54.54,12.7808,2.41737,2.13651,8.0348,28.4691,0.788011,12.6427,115.235
54.56,12.7808,2.57729,2.09071,8.03475,28.4691,0.788011,12.6427,115.766
54.58,12.7808,2.55986,2.09067,8.12755,28.5273,0.788011,12.6427,116.297
54.6,12.7795,2.43532,2.09067,8.12764,28.5274,0.788011,12.6427,115.767
54.62,12.7795,2.44176,2.13647,8.12764,28.5274,0.788011,12.6427,115.236
54.64,12.7799,2.55281,2.13651,8.12764,28.644,0.691925,12.6427,113.643
54.66,12.7799,2.59184,2.0907,8.12764,28.6441,0.691851,22.1071,112.05
54.68,12.7816,2.50215,2.09067,8.12764,28.7024,0.757568,22.1143,114.702
54.7,12.7816,2.45211,2.09067,8.12764,28.7024,0.757618,22.1143,116.826
54.72,12.7836,2.51402,2.09067,8.03484,28.5858,0.757618,22.1143,118.951
54.74,12.7836,2.53269,2.09067,8.03475,28.5857,0.757618,22.1143,118.953
54.76,12.789,2.47598,2.13647,8.17395,28.5274,0.757618,22.1143,118.953
54.78,12.789,2.50147,2.13651,8.17409,28.5274,0.757618,22.1143,115.239
54.8,12.8182,2.50159,1.99907,8.17409,28.5274,0.757618,22.1143,111.521
54.82,12.8182,2.50921,1.99897,8.03486,28.1193,0.757618,22.1143,106.212
54.84,12.7939,2.55372,2.13641,8.03475,28.119,0.757618,22.1143,104.085
54.86,12.7939,2.54474,2.13651,8.17398,27.5361,0.757618,22.1143,101.961
54.88,12.8017,2.45973,2.18232,8.17409,27.5356,0.757618,22.1143,102.49
54.9,12.8017,2.44675,2.18236,8.17409,27.0694,0.757618,22.1143,103.021
54.92,12.8017,2.4182,2.18236,8.17409,27.0689,0.648325,22.1143,102.491
54.94,12.7767,2.38058,2.13656,8.17409,27.0689,0.648221,26.9485,101.96
54.96,12.7767,2.37548,2.13651,8.12769,26.7775,0.722343,26.9531,100.368
54.98,12.7615,2.38981,2.0907,8.12764,26.7772,0.722414,26.9531,98.2437
55,12.7615,2.38472,2.09067,8.17405,26.4858,0.722414,26.9531,96.1195
55.02,12.7615,2.39112,2.18229,8.17409,26.4856,0.722414,26.9531,98.2404
55.04,12.7615,2.44107,2.18236,8.08129,26.5438,0.722414,26.9531,100.364
55.06,12.7598,2.44824,2.13656,8.0812,26.5439,0.722414,26.9531,101.958
55.08,12.7598,2.42536,2.13651,8.174,26.6022,0.722414,26.9531,103.551
55.1,12.7668,2.38594,2.13651,8.17409,26.6022,0.722414,26.9531,100.369
55.12,12.7668,2.38591,2.13651,8.17409,26.6022,0.722414,26.9531,97.183
55.14,12.766,2.4529,2.13651,8.03486,26.7771,0.722414,26.9531,93.9962
55.16,12.766,2.45295,2.13651,8.03475,26.7772,0.722414,26.9531,92.4018
55.18,12.7553,2.49338,2.13651,8.08116,26.5441,0.665201,26.9531,90.8087
55.2,12.7553,2.49341,2.09071,8.0812,26.5439,0.665157,26.9531,89.2159
55.22,12.7565,2.47064,2.09067,7.9884,26.369,0.665157,25.2457,87.6228
55.24,12.7565,2.47062,2.09067,7.98831,26.3689,0.698021,25.2441,88.6824
55.26,12.7553,2.42271,2.13647,7.98831,26.4854,0.698053,25.2441,89.7444
55.28,12.7553,2.42266,2.13651,7.94191,26.4856,0.698053,25.2441,90.8065
55.3,12.7565,2.50904,2.13651,7.94187,26.4856,0.698053,25.2441,89.2156
55.32,12.7565,2.53282,2.13651,7.94187,26.6021,0.698053,25.2441,87.6225
55.34,12.7565,2.49728,2.04489,7.94187,26.6022,0.698053,25.2441,87.0907
55.36,12.7565,2.44746,2.04482,8.08109,26.7188,0.698053,25.2441,86.5596
55.38,12.7536,2.52051,2.04482,8.0812,26.7189,0.698053,25.2441,85.4981
55.4,12.7536,2.50761,2.04482,8.0812,27.0103,0.698053,25.2441,84.4361
55.42,12.7594,2.46347,2.04482,7.8956,27.0106,0.698053,25.2441,86.5572
55.44,12.7594,2.441,2.09062,7.89542,27.0106,0.698053,25.2441,86.5592
55.46,12.7643,2.30308,2.09067,7.94182,27.0689,0.722179,25.2441,86.5592
55.48,12.7643,2.32892,2.13648,7.94187,27.0689,0.722202,25.2441,88.6817
55.5,12.7643,2.48749,2.13651,7.84905,27.2438,0.677186,26.17,90.8059
55.52,12.7672,2.43354,1.99907,7.84898,27.244,0.677152,26.1707,88.685
55.54,12.7672,2.40968,1.99897,7.84898,27.4771,0.677152,26.1707,86.5612
55.56,12.766,2.43107,1.99897,7.89538,27.4773,0.677152,26.1707,86.0287
55.58,12.766,2.39179,2.13638,7.89542,27.4773,0.677152,26.1707,86.5587
55.6,12.7668,2.42492,2.13651,7.98822,27.4773,0.677152,26.1707,87.0897
55.62,12.7668,2.39162,2.09071,7.98831,27.4773,0.677152,26.1707,88.6818
55.64,12.7672,2.38579,2.09067,7.98831,27.6522,0.677152,26.1707,90.2753
55.66,12.7672,2.40204,2.13648,7.98831,27.6523,0.677152,26.1707,89.7458
55.68,12.7652,2.38866,2.13651,7.98831,27.7106,0.677152,26.1707,89.2148
55.7,12.7652,2.38865,2.0449,7.89551,27.7107,0.677152,26.1707,88.1533
55.72,12.7619,2.47302,2.04482,7.89542,27.7107,0.677152,26.1707,87.6218
55.74,12.7619,2.4731,2.04482,7.84902,27.7107,0.746731,26.1707,87.0908
55.76,12.7619,2.46857,2.09062,7.84898,27.7107,0.746797,22.4473,83.3765
55.78,12.7619,2.46857,2.09067,7.80258,27.4775,0.653503,22.4438,79.6593
55.8,12.761,2.44431,2.04485,7.80254,27.4773,0.653414,22.4438,81.2476
55.82,12.761,2.44429,2.04482,7.70972,27.4773,0.653414,22.4438,82.8407
55.84,12.7705,2.47037,2.09063,7.70965,27.4773,0.653414,22.4438,80.7194
55.86,12.7705,2.47039,2.09067,7.70965,27.419,0.653414,22.4438,78.5953
55.88,12.7709,2.35425,2.09067,7.61685,27.419,0.653414,22.4438,76.4715
55.9,12.7709,2.36209,1.99906,7.61676,27.5355,0.653414,22.4438,72.7558
55.92,12.7697,2.54263,1.99897,7.52396,27.5356,0.653414,22.4438,69.0385
55.94,12.7697,2.53658,2.09058,7.52387,27.5356,0.653414,22.4438,67.4434
55.96,12.7709,2.39811,2.09067,7.52387,27.7105,0.653414,22.4438,65.8499
55.98,12.7709,2.41795,1.99904,7.52387,27.7107,0.653414,22.4438,66.91
56,12.7709,2.35052,1.99897,7.52387,27.9438,0.722354,22.4438,67.9721
56.02,12.7709,2.32217,1.99897,7.43106,27.944,0.722407,22.4438,65.3197
56.04,12.7697,2.48826,2.09058,7.43099,28.0023,0.722407,11.6234,62.665
56.06,12.7697,2.52513,2.09067,7.43099,28.0023,0.64376,11.6131,63.193
56.08,12.7705,2.39705,1.95325,7.43099,28.0023,0.643685,11.6131,64.7851
56.1,12.7705,2.39862,1.95312,7.43099,28.352,0.643685,11.6131,66.3783
56.12,12.7697,2.49468,2.04473,7.43099,28.3524,0.643685,11.6131,68.5019
56.14,12.7697,2.46947,2.04482,7.43099,28.7021,0.643685,11.6131,70.6265
56.16,12.7713,2.34922,2.04482,7.4774,28.7024,0.643685,11.6131,71.1587
56.18,12.7713,2.36169,1.95319,7.47743,29.1105,0.643685,11.6131,73.8123
56.2,12.7713,2.40809,1.95312,7.47743,29.1108,0.643685,11.6131,76.467
56.22,12.7713,2.41109,1.99893,7.47743,29.1108,0.643685,11.6131,75.4084
56.24,12.7713,2.39016,1.99897,7.43103,29.577,0.643685,11.6131,74.3464
56.26,12.7721,2.3878,1.95317,7.43099,29.5775,0.643685,11.6131,71.6927
56.28,12.7721,2.47156,1.95312,7.43099,30.3934,0.666229,11.6131,69.0375
56.3,12.7738,2.47286,1.95312,7.43099,30.3942,0.66625,11.6131,66.9124
56.32,12.7738,2.47286,2.04475,7.43099,31.2103,0.66625,0.811282,64.7883
56.34,12.7734,2.45956,2.04482,7.24535,31.211,0.648018,0.803035,63.1947
56.36,12.7734,2.44243,1.95319,7.24521,31.211,0.648004,0.803035,64.2548
56.38,12.7742,2.42634,1.95312,7.38441,32.4349,0.648004,0.803035,65.3167
56.4,12.7742,2.42068,1.99893,7.38454,32.4361,0.648004,0.803035,64.7871
56.42,12.7746,2.42311,1.99897,7.38454,33.8348,0.648004,0.803035,64.2561
56.44,12.7746,2.42311,1.90736,7.29174,33.8362,0.648004,0.803035,67.4388
56.46,12.7738,2.4562,1.90727,7.29166,35.2352,0.648004,0.803035,70.6256
56.48,12.7738,2.45623,1.90727,7.15243,35.2363,0.648004,0.803035,69.5668
56.5,12.7742,2.37675,1.86146,7.15233,35.2363,0.648004,0.803035,68.5047
56.52,12.7742,2.37669,1.86143,7.24514,36.7519,0.648004,0.803035,67.4426
56.54,12.7721,2.31624,1.95303,7.24521,36.7531,0.648004,0.803035,67.9724
56.56,12.7721,2.31618,1.95312,7.10601,38.793,0.628664,0.803035,68.5034
56.58,12.7721,2.55644,1.99893,7.10588,38.7949,0.628645,0.803035,68.5039
56.6,12.7721,2.55667,1.99897,7.10588,41.5925,0.628645,-19.5623,68.5039
56.62,12.7734,2.43403,1.99897,7.24508,41.5952,0.631085,-19.5817,67.9734
56.64,12.7734,2.42854,1.95316,7.24521,44.1018,0.631087,-19.5817,67.4422
56.66,12.7771,2.5123,1.95312,7.1988,44.1037,0.631087,-19.5817,66.9112
56.68,12.7771,2.49946,2.18219,7.19877,44.1037,0.631087,-19.5817,71.6865
56.7,12.7795,2.32745,2.18236,7.24517,44.3951,0.631087,-19.5817,76.4649
56.72,12.7795,2.31776,2.36558,7.24521,44.3954,0.631087,-19.5817,79.6527
56.74,12.7853,2.4287,2.36575,7.24521,44.1623,0.631087,-19.5817,82.8389
56.76,12.7853,2.45382,2.36575,7.19881,44.162,0.631087,-19.5817,84.9641
56.78,12.7837,2.51481,2.50317,7.19877,45.0946,0.631087,-19.5817,87.0882
56.8,12.7836,2.52822,2.5033,7.24518,45.0954,0.631087,-19.5817,89.2128
56.82,12.7841,2.46109,2.73236,7.24521,45.0954,0.631087,-19.5817,90.8063
56.84,12.7841,2.45987,2.73254,7.1988,47.0191,0.569448,-19.5817,92.3994
56.86,12.7841,2.50121,2.9616,7.19877,47.0206,0.5694,-19.5817,91.3394
56.88,12.7841,2.48803,2.96178,7.19877,48.5942,0.567178,-31.7597,90.2775
56.9,12.7894,2.3913,2.96178,7.33797,48.5957,0.567176,-31.7714,88.1544
56.92,12.7894,2.43118,3.05338,7.3381,49.47,0.567176,-31.7714,86.0302
56.94,12.7894,2.47634,3.05347,7.1989,49.4708,0.567176,-31.7714,85.4976
56.96,12.7947,2.44958,3.32835,7.19877,49.4708,0.567176,-31.7714,83.3746
56.98,12.7947,2.4726,3.32856,7.15236,49.8789,0.567176,-31.7714,81.2505
57,12.798,2.48685,3.37437,7.15233,49.8792,0.567176,-31.7714,82.8407
57.02,12.798,2.52338,3.37441,7.15233,50.637,0.567176,-31.7714,84.4338
57.04,12.805,2.48049,3.37441,7.15233,50.6376,0.567176,-31.7714,84.9656
57.06,12.805,2.4163,3.46602,7.15233,51.9198,0.567176,-31.7714,85.4966
57.08,12.805,2.43459,3.4661,7.24512,51.921,0.567176,-31.7714,83.9055
57.1,12.805,2.34501,3.55771,7.24521,51.921,0.567176,-31.7714,79.1292
57.12,12.8194,2.34662,3.5578,7.24521,52.7953,0.621287,-31.7714,76.472
57.14,12.8194,2.34662,3.5578,7.24521,52.7961,0.621339,-31.7714,74.8776
57.16,12.8063,2.52412,3.5578,7.24521,52.7378,0.634674,-42.7789,73.2845
57.18,12.8063,2.52425,3.28292,7.24521,52.7378,0.634684,-42.7873,72.222
57.2,12.8301,2.49828,3.28271,7.15241,52.2132,0.634684,-42.7873,71.1601
57.22,12.8301,2.49825,3.28271,7.15233,52.2127,0.634684,-42.7873,71.1591
57.24,12.8071,2.49657,3.42012,7.15233,52.2127,0.634684,-42.7873,69.037
57.26,12.8071,2.49657,3.42025,7.15233,52.0961,0.634684,-42.7873,67.9739
57.28,12.8083,2.44258,3.42025,7.15233,52.096,0.634684,-42.7873,69.5645
57.3,12.8083,2.44252,3.42025,6.82747,52.5041,0.634684,-42.7873,71.1579
57.32,12.7976,2.43111,3.28282,6.82722,52.5044,0.634684,-42.7873,73.2816
57.34,12.7976,2.45764,3.28271,6.92004,53.6703,0.634684,-42.7873,75.4058
57.36,12.7689,2.38665,3.28271,6.92011,53.6712,0.634684,-42.7873,73.8155
57.38,12.7689,2.3849,3.00789,6.92011,54.4288,0.634684,-42.7873,72.2227
57.4,12.7496,2.38484,3.00762,7.1985,54.4296,0.602566,-42.7873,75.9349
57.42,12.7495,2.38597,2.96182,7.19877,54.4296,0.602536,-18.9044,78.0606
57.44,12.7405,2.54918,2.96178,6.78117,54.4296,0.6428,-18.8816,80.1847
57.46,12.7405,2.52717,2.87015,6.78078,54.4296,0.642839,-18.8816,80.7174
57.48,12.7319,2.50791,2.87008,6.96641,54.4879,0.642839,-18.8816,81.2484
57.5,12.7319,2.53531,2.87008,6.96655,54.4879,0.642839,-18.8816,85.4939
57.52,12.7294,2.50947,2.77845,6.96655,52.1562,0.642839,-18.8816,89.7422
57.54,12.7294,2.47571,2.77838,6.92015,52.1544,0.642839,-18.8816,92.9286
57.56,12.7265,2.42348,2.82419,6.92011,52.1544,0.642839,-18.8816,96.1148
57.58,12.7265,2.45223,2.82423,6.82731,49.4151,0.642839,-18.8816,99.3011
57.6,12.7273,2.59118,2.73262,6.82722,49.4125,0.642839,-18.8816,99.8347
57.62,12.7273,2.59882,2.73254,6.82722,47.0812,0.642839,-18.8816,100.366
57.64,12.7273,2.50607,2.41185,6.82722,47.0789,0.642839,-18.8816,101.427
57.66,12.7236,2.50478,2.4116,6.82722,43.9894,0.642839,-18.8816,102.49
57.68,12.7236,2.52416,2.4116,6.68799,43.987,0.54218,-18.8816,105.144
57.7,12.7216,2.53148,2.13678,6.68789,43.987,0.542103,3.41735,107.798
57.72,12.7216,2.45947,2.13651,6.73429,43.3459,0.586678,3.43864,105.679
57.74,12.7199,2.45409,1.9533,6.73433,43.3453,0.586721,3.43864,105.146
57.76,12.7199,2.47142,1.95312,6.78073,43.2287,0.586721,3.43864,104.615
57.78,12.7191,2.44134,2.04473,6.78078,43.2286,0.586721,3.43864,106.737
57.8,12.7191,2.31563,2.04482,6.78078,43.112,0.586721,3.43864,108.861
57.82,12.7212,2.36297,2.04482,6.27028,43.1119,0.586721,3.43864,107.271
57.84,12.7212,2.363,2.04482,6.2699,41.4214,0.586721,3.43864,105.678
57.86,12.7162,2.58333,2.04482,6.1307,41.4201,0.586721,3.43864,104.085
57.88,12.7162,2.58354,1.99901,6.13056,41.4201,0.586721,3.43864,105.675
57.9,12.7175,2.47799,1.99897,6.17696,38.2146,0.586721,3.43864,107.268
57.92,12.7175,2.47789,1.99897,6.17701,38.2115,0.586721,3.43864,105.148
57.94,12.7101,2.522,1.99897,6.17701,38.8526,0.719526,3.43864,103.023
57.96,12.7101,2.52204,1.90734,5.94497,38.8533,0.719652,3.43864,101.96
57.98,12.7257,2.52352,1.90727,5.94479,40.0191,0.719652,-0.264851,100.898
58,12.7257,2.52352,1.90727,5.85197,40.02,0.711492,-0.267678,98.2441
58.02,12.729,2.51691,1.95309,5.8519,40.9527,0.711485,-0.267678,98.242
58.04,12.729,2.58982,1.95312,6.0375,40.9534,0.711485,-0.267678,98.242
58.06,12.7286,2.58332,1.81571,6.03768,40.9534,0.711485,-0.267678,95.0588
58.08,12.7286,2.57033,1.81558,5.71288,43.2265,0.711485,-0.267678,91.8726
58.1,12.7232,2.59816,1.76977,5.71257,43.2286,0.711485,-0.267678,88.1559
58.12,12.7232,2.58758,1.76973,5.71257,46.7256,0.711485,-0.267678,84.4386
58.14,12.7113,2.69411,1.76973,5.75898,46.7289,0.711485,-0.267678,86.0269
58.16,12.7113,2.6678,1.6781,5.75902,51.1592,0.711485,-0.267678,87.6201
58.18,12.6835,2.71784,1.67803,6.26951,51.1626,0.711485,-0.267678,86.56
58.2,12.6835,2.7267,1.81545,6.2699,51.1626,0.711485,-0.267678,84.9676
58.22,12.6845,2.58502,1.81558,6.45549,53.9602,0.677349,-0.267678,83.3745
58.24,12.6845,2.55882,1.81558,6.45567,53.9629,0.677317,-0.267678,79.6592
58.26,12.6858,2.68116,1.81558,6.36287,51.5733,0.645109,13.0006,75.942
58.28,12.6858,2.69607,1.81558,6.36278,51.571,0.645078,13.0133,74.3468
58.3,12.6794,2.61596,1.67814,6.36278,46.616,0.645078,13.0133,72.7534
58.32,12.6793,2.62495,1.67803,6.40919,46.6122,0.645078,13.0133,70.0991
58.34,12.6998,2.61057,1.67803,6.40923,46.6122,0.645078,13.0133,69.5664
58.36,12.6998,2.58936,1.67803,6.50203,41.2502,0.645078,13.0133,69.0355
58.38,12.6784,2.61913,1.81545,6.50211,41.2451,0.645078,13.0133,64.2602
58.4,12.6784,2.63672,1.81558,6.45571,37.515,0.645078,13.0133,59.4808
58.42,12.6854,2.65285,1.81558,6.45567,37.5115,0.645078,13.0133,60.0068
58.44,12.6854,2.6641,1.72397,6.45567,34.7139,0.645078,13.0133,60.5378
58.46,12.6459,2.57427,1.72388,6.40926,34.7112,0.645078,13.0133,58.4158
58.48,12.6459,2.52537,1.72388,6.40923,34.7112,0.645078,13.0133,57.8835
58.5,12.6269,2.62085,1.72388,6.50204,32.3795,0.709677,13.0133,59.475
58.52,12.6269,2.63486,1.67807,6.50211,32.3777,0.709726,11.964,58.9456
58.54,12.6287,2.63488,1.67803,6.50211,30.2795,0.700544,11.9632,58.4147
58.56,12.6287,2.60878,1.67803,6.50211,30.2775,0.700535,11.9632,54.7005
58.58,12.6264,2.5277,1.63223,6.50211,28.9953,0.700535,11.9632,50.9832
58.6,12.6264,2.55987,1.63219,6.40932,28.9941,0.700535,11.9632,49.3881
58.62,12.6273,2.60272,1.58638,6.40923,28.9941,0.700535,11.9632,47.7949
58.64,12.6273,2.57657,1.58634,6.45563,29.0524,0.700535,11.9632,47.7934
58.66,12.6278,2.56948,1.63215,6.45567,29.0524,0.700535,11.9632,48.3241
58.68,12.6278,2.59294,1.63219,6.22363,29.3439,0.700535,11.9632,48.8551
58.7,12.6246,2.6001,1.40316,6.22345,29.3441,0.700535,11.9632,46.2028
58.72,12.6245,2.54526,1.40295,6.22345,29.5773,0.700535,11.9632,43.5477
58.74,12.6245,2.45084,1.40295,6.13065,29.5775,0.700535,11.9632,44.0756
58.76,12.6232,2.43723,1.49455,6.13056,29.5775,0.700535,11.9632,44.6067
58.78,12.6232,2.61634,1.49464,6.17696,29.694,0.79827,11.9632,45.6683
58.8,12.6213,2.69175,1.63208,6.17701,29.6942,0.798364,10.6669,48.8531
58.82,12.6213,2.56776,1.63219,5.99137,29.7525,0.849172,10.6659,52.0393
58.84,12.6213,2.54058,1.58637,5.99123,29.7525,0.849211,10.6659,54.1643
58.86,12.6213,2.51951,1.58634,6.17683,30.1022,0.849211,10.6659,56.288
58.88,12.6204,2.51491,1.58634,6.17701,30.1025,0.849211,10.6659,57.8816
58.9,12.6204,2.50792,1.58634,6.17701,30.2774,0.849211,10.6659,59.4747
58.92,12.6241,2.53024,1.58634,6.22341,30.2775,0.849211,10.6659,60.5373
58.94,12.6241,2.53026,1.67795,6.22345,30.2775,0.849211,10.6659,61.5994
58.96,12.6176,2.5941,1.67803,6.13064,30.569,0.849211,10.6659,62.6617
58.98,12.6176,2.59415,1.58641,6.13056,30.5692,0.849211,10.6659,65.3157
59,12.6069,2.55664,1.58634,6.26979,30.8607,0.849211,10.6659,67.9708
59.02,12.6069,2.55661,1.67796,6.2699,30.8609,0.849211,10.6659,72.2179
59.04,12.606,2.68578,1.67803,6.2699,31.3272,0.849211,10.6659,76.4654
59.06,12.606,2.6859,1.67803,6.0843,31.3276,0.701278,10.6659,78.0611
59.08,12.6616,2.54529,1.67803,6.08412,32.3767,0.701137,16.2818,79.6542
59.1,12.6617,2.54516,1.67803,5.89852,32.3777,0.730992,16.2872,83.3694
59.12,12.6645,2.56648,1.63223,5.89835,32.3777,0.73102,16.2872,88.1478
59.14,12.6645,2.52824,1.63219,5.89835,34.0682,0.73102,16.2872,92.928
59.16,12.6622,2.50031,1.678,5.89835,34.0695,0.73102,16.2872,91.3398
59.18,12.6622,2.51391,1.67803,5.89835,34.9439,0.73102,16.2872,89.7467
59.2,12.6636,2.65596,1.67803,5.94475,34.9446,0.73102,16.2872,89.7454
59.22,12.6636,2.62928,1.67803,5.94479,35.2943,0.73102,16.2872,89.7454
59.24,12.6705,2.5745,1.67803,6.08399,35.2946,0.73102,16.2872,89.2149
59.26,12.6705,2.53959,1.81545,6.08412,35.2946,0.73102,16.2872,86.0312
59.28,12.6863,2.58577,1.81558,6.03772,35.8192,0.73102,16.2872,83.3755
59.3,12.6863,2.59776,1.63233,6.03768,35.8197,0.73102,16.2872,83.9036
59.32,12.699,2.76159,1.63219,6.13049,36.5775,0.645554,16.2872,84.4347
59.34,12.699,2.76319,1.63219,6.13056,36.5781,0.645489,16.2872,84.4351
59.36,12.7109,2.61556,1.67799,6.13056,37.394,0.645489,11.885,84.4351
59.38,12.7109,2.64882,1.67803,6.22336,37.3948,0.784315,11.8808,82.3129
59.4,12.7125,2.76889,1.67803,6.22345,37.3948,0.784447,11.8808,81.2498
59.42,12.7125,2.75451,1.67803,6.17705,37.9776,0.784447,11.8808,79.6572
59.44,12.7142,2.5491,1.58643,6.17701,37.9782,0.784447,11.8808,77.0031
59.46,12.7142,2.53269,1.58634,6.08419,38.5611,0.784447,11.8808,74.3474
59.48,12.7171,2.62682,1.58634,6.08412,38.5616,0.784447,11.8808,74.3453
59.5,12.7171,2.64383,1.58634,6.08412,39.0862,0.784447,11.8808,74.3453
59.52,12.7212,2.58751,1.58634,6.03771,39.0866,0.784447,11.8808,73.2841
59.54,12.7212,2.56144,1.67795,6.03768,39.0866,0.784447,11.8808,72.2222
59.56,12.7212,2.7263,1.67803,5.85208,38.97,0.784447,11.8808,69.5685
59.58,12.7212,2.75746,1.54062,5.8519,38.9699,0.784447,11.8808,71.1576
59.6,12.7269,2.65557,1.54049,5.66631,37.746,0.673672,11.8808,72.7507
59.62,12.7269,2.68331,1.54049,5.66613,37.7448,0.673567,15.5836,72.2217
59.64,12.731,2.70113,1.54049,5.43409,36.3458,0.673567,15.5871,71.6905
59.66,12.731,2.66231,1.54049,5.43391,36.3447,0.571341,15.5871,70.6289
59.68,12.7384,2.64484,1.5863,5.43391,35.004,0.571263,15.5871,69.5668
59.7,12.7384,2.67559,1.58634,5.71231,35.0029,0.571263,15.5871,67.4439
59.72,12.7384,2.54983,1.44893,5.71257,35.0029,0.571263,15.5871,65.3197
59.74,12.7458,2.53791,1.44879,5.75897,35.0612,0.571263,15.5871,65.3177
59.76,12.7458,2.52393,1.4946,5.75902,35.0613,0.571263,15.5871,64.2566
59.78,12.7524,2.50949,1.49464,5.71262,35.8189,0.571263,15.5871,63.1945
59.8,12.7524,2.67387,1.49464,5.71257,35.8197,0.571263,15.5871,64.7854
59.82,12.7627,2.64901,1.49464,5.71257,35.9946,0.571263,15.5871,66.3785
59.84,12.7627,2.41527,1.49464,5.57335,35.9947,0.571263,15.5871,68.5023
59.86,12.7693,2.46153,1.54045,5.57324,35.9947,0.571263,15.5871,70.626
59.88,12.7693,2.5484,1.54049,5.52684,36.053,0.530383,15.5871,75.4029
59.9,12.7689,2.53407,1.58629,5.5268,36.053,0.530344,17.3151,78.5906
59.92,12.7689,2.53406,1.58634,6.31559,35.8199,0.826998,17.3167,81.7768
59.94,12.7701,2.56289,1.58634,6.31634,35.8197,0.827282,17.3167,80.7188
59.96,12.7701,2.56292,1.58634,6.31634,35.0619,0.827282,17.3167,79.6565
59.98,12.773,2.51612,1.58634,5.94507,35.0613,0.827282,17.3167,80.717
60,12.773,2.51608,1.54052,5.94479,35.0613,0.827282,17.3167,81.7791
60.02,12.7738,2.53727,1.54049,5.71275,34.0703,0.827282,17.3167,81.2492
60.04,12.7738,2.53728,1.6779,5.71257,34.0695,0.827282,17.3167,80.7183
60.06,12.7762,2.51868,1.67803,5.38778,32.729,0.827282,17.3167,80.1873
60.08,12.7762,2.51867,1.63223,5.38747,32.7277,0.827282,17.3167,81.2478
60.1,12.7762,2.48554,1.63219,5.38747,31.1541,0.827282,17.3167,82.3099
60.12,12.7762,2.51575,1.63219,5.75866,31.1526,0.827282,17.3167,85.4941
60.14,12.7512,2.48393,1.63219,5.75902,30.045,0.827282,17.3167,88.6809
60.16,12.7512,2.47951,1.63219,5.80542,30.0442,0.807949,17.3167,86.0302
60.18,12.7578,2.31492,1.54056,5.80546,30.0442,0.807935,16.5349,83.375
60.2,12.7578,2.32275,1.54049,5.99106,29.8111,0.495945,16.5343,82.3119
60.22,12.7229,2.48791,1.54049,5.99123,29.8108,0.495647,16.5343,80.7193
60.24,12.7228,2.49656,1.54049,5.89843,30.6268,0.495647,16.5343,79.1262
60.26,12.7585,2.50306,1.49469,5.89835,30.6276,0.495647,16.5343,75.411
60.28,12.7586,2.52092,1.49464,5.89835,31.7932,0.495647,16.5343,71.6937
60.3,12.7627,2.43685,1.49464,5.66631,31.7943,0.495647,16.5343,70.0982
60.32,12.7627,2.43209,1.49464,5.66613,31.7943,0.495647,16.5343,68.5051
60.34,12.7742,2.43783,1.49464,5.29486,33.0768,0.495647,16.5343,63.7282
60.36,12.7742,2.41002,1.44884,5.29458,33.0778,0.495647,16.5343,62.133
60.38,12.7742,2.3819,1.44879,5.89777,34.0686,0.495647,16.5343,60.5399
60.4,12.8095,2.38843,1.4946,5.89835,34.0695,0.495647,16.5343,58.9467
60.42,12.8095,2.35763,1.49464,5.66635,34.3027,0.495647,16.5343,57.3536
60.44,12.8338,2.35426,1.49464,5.66613,34.3029,0.500693,16.5343,56.8216
60.46,12.8338,2.44146,1.3572,5.66613,34.0114,0.500698,20.2995,56.2904
60.48,12.8235,2.45219,1.3571,5.29486,34.0112,0.878457,20.3024,57.3513
60.5,12.8235,2.36961,1.44872,5.29458,34.0112,0.878745,20.3024,57.8827
60.52,12.7763,2.37227,1.44879,4.8305,33.1368,0.878745,20.3024,58.4138
60.54,12.7762,2.47239,1.58621,4.83014,33.1361,0.878745,20.3024,57.8837
60.56,12.7697,2.47186,1.58634,3.76296,32.2619,0.878745,20.3024,57.3526
60.58,12.7697,2.47186,1.58634,3.76194,32.261,0.878745,20.3024,58.4132
60.6,12.7631,2.46404,1.58634,3.76194,31.5034,0.878745,20.3024,59.4753
60.62,12.7631,2.46404,1.58634,2.46275,31.5026,0.878745,20.3024,60.0068
60.64,12.759,2.37057,1.49471,2.46151,31.5026,0.878745,20.3024,60.5379
60.66,12.759,2.3705,1.49464,0.0482862,31.3278,0.878745,20.3024,60.5383
60.68,12.7594,2.45751,1.44883,0.0464437,31.3276,0.878745,20.3024,62.6609
60.7,12.7594,2.45757,1.44879,13.7807,31.9105,0.898873,20.3024,64.7846
60.72,12.7598,2.39528,1.44879,13.7938,31.911,0.898892,20.3024,62.134
60.74,12.7598,2.39522,1.4946,0.941142,32.319,0.898892,32.8713,59.4788
60.76,12.759,2.48629,1.49464,0.928873,32.3194,1.00308,32.8832,60.5373
60.78,12.759,2.4231,1.58625,0.928873,32.3194,1.00318,32.8832,61.5994
60.8,12.7602,2.26176,1.58634,8.35419,32.5526,1.00318,32.8832,63.723
60.82,12.7602,2.27061,1.58634,8.35986,32.5527,1.00318,32.8832,65.3165
60.84,12.7647,2.46718,1.58634,2.04834,32.203,1.00318,32.8832,66.9096
60.86,12.7647,2.48917,1.54053,2.04352,32.2027,1.00318,32.8832,66.9108
60.88,12.7725,2.41635,1.54049,2.22912,31.1536,1.00318,32.8832,66.9108
60.9,12.7726,2.39126,1.54049,2.2293,31.1526,1.00318,32.8832,64.2581
60.92,12.6651,2.34498,1.49469,2.2293,31.1526,1.00318,32.8832,61.6029
60.94,12.665,2.2673,1.49464,-0.0906728,30.3367,1.00318,32.8832,62.1309
60.96,12.5856,2.38572,1.49464,-0.0928873,30.3359,1.00318,32.8832,62.1314
60.98,12.5855,2.41566,1.49464,1.29936,30.0444,1.00642,32.8832,62.1314
61,12.5832,2.42129,1.58627,1.30042,30.0442,1.00643,32.9861,63.1927
61.02,12.5832,2.42189,1.58634,4.31696,31.3849,1.00643,32.9862,64.2548
61.04,12.5818,2.47035,1.58634,4.31926,31.386,0.447791,32.9862,63.1946
61.06,12.5818,2.48593,1.58634,4.31926,34.1835,0.447258,32.9862,62.1325
61.08,12.5777,2.50494,1.58634,-1.15587,34.1862,0.447258,32.9862,62.1315
61.1,12.5776,2.48434,1.49473,-1.16109,34.1862,0.447258,32.9862,62.1315
61.12,12.5744,2.37805,1.49464,1.29808,36.5175,0.447258,32.9862,64.2536
61.14,12.5744,2.38146,1.31139,1.30042,36.5197,0.447258,32.9862,66.3781
61.16,12.5744,2.59157,1.31125,2.3214,38.0354,0.447258,32.9862,68.5023
61.18,12.5725,2.59564,1.08219,2.32218,38.0365,0.447258,32.9862,69.5652
61.2,12.5725,2.43569,1.08201,2.32218,39.9599,0.447258,32.9862,70.627
61.22,12.5735,2.42276,1.08201,-1.66816,39.9617,0.447258,32.9862,69.0365
61.24,12.5735,2.43484,0.715577,-1.67197,41.1856,0.447258,32.9862,67.4433
61.26,12.5725,2.43673,0.715227,5.84473,41.1868,0.479337,32.9862,65.3197
61.28,12.5725,2.49305,0.0281646,5.8519,41.1868,0.479368,31.6491,65.3177
61.3,12.573,2.50126,0.0275088,5.15578,41.0119,1.23115,31.6478,64.2564
61.32,12.573,2.49495,3.46348,5.15525,41.0118,1.23172,31.6478,64.2556
61.34,12.5707,2.48488,3.4661,5.06243,39.6127,1.23172,31.6478,64.2556
61.36,12.5707,2.48487,0.214005,5.06236,39.6117,1.23172,31.6478,64.2556
61.38,12.5711,2.48423,0.2109,5.06236,37.1638,1.23172,31.6478,64.2556
61.4,12.5711,2.48422,0.2109,4.83036,37.1614,1.23172,31.6478,65.3167
61.42,12.5702,2.37582,2.13468,4.83014,37.1614,1.23172,31.6478,67.4398
61.44,12.5702,2.37571,2.13651,4.73734,33.3731,1.23172,31.6478,67.4418
61.46,12.5693,2.522,0.53306,4.73725,33.3695,1.23172,31.6478,68.5031
61.48,12.5693,2.52212,0.531836,3.76268,28.1813,1.23172,31.6478,69.5652
61.5,12.5688,2.46519,0.577649,3.76194,28.1774,1.23172,31.6478,72.2191
61.52,12.5688,2.46514,0.577684,3.76194,22.8726,1.23172,31.6478,74.8743
61.54,12.5711,2.40367,0.577684,5.52511,22.8686,1.25773,31.6478,73.8153
61.56,12.5711,2.39867,0.0738376,5.5268,18.206,1.25776,32.8615,72.7532
61.58,12.566,2.50654,0.0733567,5.5268,18.2015,1.07614,32.8627,72.7522
61.6,12.566,2.52219,0.302378,5.5268,18.2015,1.07597,32.8627,73.2827
61.62,12.566,2.58736,0.302596,5.5268,22.0482,1.07597,32.8627,71.1611
61.64,12.566,2.56726,1.08142,5.5268,22.0518,1.07597,32.8627,70.6285
61.66,12.5637,2.53043,1.08201,5.5268,21.8187,1.07597,32.8627,70.0974
61.68,12.5637,2.53378,1.08201,5.48039,21.8185,1.07597,32.8627,71.1583
61.7,12.5656,2.48525,-0.337919,5.48035,22.0516,1.07597,32.8627,72.2202
61.72,12.5656,2.46819,-0.339275,5.43395,22.0518,1.07597,32.8627,76.4654
61.74,12.5656,2.48875,0.347788,5.43391,22.0518,1.07597,32.8627,80.7137
61.76,12.5656,2.51248,0.348444,5.48031,22.2267,1.07597,32.8627,85.4926
61.78,12.5674,2.54737,0.623269,5.48035,22.2269,1.07597,32.8627,87.0887
61.8,12.5674,2.54077,0.623532,5.52676,22.46,1.17564,32.8627,83.3758
61.82,12.5651,2.60184,0.623532,5.5268,22.4602,1.17572,32.8627,78.5973
61.84,12.5651,2.58118,-0.384353,5.5268,23.1014,1.17572,31.4018,73.8179
61.86,12.5651,2.52068,-0.385123,5.5732,23.1019,1.07762,31.4007,74.8753
61.88,12.5651,2.51113,1.49285,5.57324,23.1019,1.07753,31.4007,75.9374
61.9,12.5651,2.54059,1.49464,5.48044,23.2768,1.07753,31.4007,73.8163
61.92,12.5628,2.5275,1.35723,5.48035,23.277,1.07753,31.4007,69.57
61.94,12.5628,2.54274,1.3571,5.52675,23.9181,1.07753,31.4007,67.9744
61.96,12.5633,2.54483,1.3571,5.5268,23.9187,1.07753,31.4007,67.9729
61.98,12.5633,2.45255,1.3571,5.5268,24.8514,1.07753,31.4007,67.9729
62,12.5637,2.49141,1.3571,5.66602,24.8521,1.07753,31.4007,66.9116
62.02,12.5637,2.32614,1.26547,5.66613,24.8521,1.07753,31.4007,65.8495
62.04,12.5623,2.33083,1.2654,5.43413,25.4932,1.07753,31.4007,69.0319
62.06,12.5623,2.33083,1.12799,5.43391,25.4938,1.07753,31.4007,72.2181
62.08,12.5646,2.39931,1.12786,5.52671,26.6012,1.16154,31.4007,72.2212
62.1,12.5646,2.39937,1.03625,5.5268,26.6022,1.16162,30.1459,71.1601
62.12,12.5646,2.48477,1.03616,5.5268,27.0102,1.16162,30.1447,71.1591
62.14,12.5646,2.48486,1.03616,5.38757,27.0106,0.996761,30.1447,69.0366
62.16,12.5646,2.40114,1.44848,5.38747,27.0689,0.996635,30.1447,66.9124
62.18,12.5646,2.40108,1.44879,5.52669,27.0689,0.996635,30.1447,65.3189
62.2,12.5637,2.37477,1.40299,5.5268,27.0689,0.996635,30.1447,63.7261
62.22,12.5637,2.37475,1.40295,5.5268,27.6518,0.996635,30.1447,65.3162
62.24,12.5633,2.39889,1.44875,5.5268,27.6523,0.996635,30.1447,66.9093
62.26,12.5633,2.41449,1.44879,5.5732,28.2934,0.996635,30.1447,70.094
62.28,12.5656,2.55796,1.44879,5.57324,28.294,0.996635,30.1447,69.5665
62.3,12.5656,2.58555,1.44879,5.57324,28.6438,0.996635,30.1447,69.0354
62.32,12.5651,2.53315,1.44879,5.61965,28.6441,0.996635,30.1447,71.6881
62.34,12.5651,2.51969,1.35717,5.61968,28.6441,0.996635,30.1447,74.3433
62.36,12.5651,2.44584,1.3571,5.61968,28.8772,1.12327,30.1447,71.6927
62.38,12.5651,2.42105,1.44871,5.61968,28.8774,1.12339,30.0007,69.0375
62.4,12.5651,2.59209,1.44879,5.57328,28.994,1.06393,30.0006,71.6876
62.42,12.5651,2.58731,1.40299,5.57324,28.9941,1.06387,30.0006,74.3428
62.44,12.5651,2.46221,1.40295,5.61964,29.2855,1.06387,30.0006,72.2232
62.46,12.5651,2.46941,1.40295,5.61968,29.2858,1.06387,30.0006,68.5067
62.48,12.5642,2.44224,1.44876,5.61968,29.2858,1.06387,30.0006,64.7895
62.5,12.5642,2.42977,1.44879,5.66609,29.6938,1.06387,30.0006,66.9092
62.52,12.5633,2.42976,1.44879,5.66613,29.6942,1.06387,30.0006,69.0333
62.54,12.5633,2.45284,1.44879,5.52693,29.9856,1.06387,30.0006,69.5655
62.56,12.5646,2.50762,1.44879,5.5268,29.9858,1.06387,30.0006,70.0965
62.58,12.5646,2.49608,1.44879,5.5732,30.0441,1.06387,30.0006,73.8107
62.6,12.5646,2.42305,1.44879,5.57324,30.0442,1.06387,30.0006,76.4669
62.62,12.5628,2.44254,1.4946,5.57324,30.1608,1.06387,30.0006,79.1221
62.64,12.5628,2.41801,1.49464,5.61965,30.1609,1.08706,30.0006,84.9616
62.66,12.5637,2.40515,1.3572,5.61968,30.1609,1.08708,30.5149,90.8031
62.68,12.5637,2.54679,1.3571,5.57328,30.3357,1.07248,30.5153,93.4607
62.7,12.5619,2.54341,1.49451,5.57324,30.3359,1.07247,30.5153,96.1154
62.72,12.5619,2.47898,1.49464,5.52684,30.569,1.07247,30.5153,97.7095
62.74,12.5609,2.48364,1.49464,5.5268,30.5692,1.07247,30.5153,99.3026
62.76,12.5609,2.5329,1.44884,5.5732,30.6275,1.07247,30.5153,100.896
62.78,12.5646,2.52605,1.44879,5.57324,30.6276,1.07247,30.5153,105.141
62.8,12.5646,2.52604,1.35717,5.57324,30.6276,1.07247,30.5153,109.391
62.82,12.5623,2.4756,1.3571,5.48042,30.6276,1.07247,30.5153,107.802
62.84,12.5623,2.47556,1.44872,5.48035,30.6276,1.07247,30.5153,106.209
62.86,12.5633,2.56076,1.44879,5.61955,30.511,1.07247,30.5153,107.799
62.88,12.5633,2.56084,1.4946,5.61968,30.5109,1.07247,30.5153,109.392
62.9,12.5642,2.56704,1.49464,5.57328,30.3943,1.07247,30.5153,110.985
62.92,12.5642,2.56704,1.49464,5.57324,30.3942,1.04896,30.1656,109.926
62.94,12.5646,2.61628,1.44884,5.75884,30.3942,1.04894,30.1653,108.864
62.96,12.5646,2.61632,1.44879,5.75902,30.3359,1.10752,30.1653,110.455
62.98,12.5633,2.60792,1.49461,5.75902,30.3359,1.10757,30.1653,112.048
63,12.5633,2.61347,1.49464,5.75902,30.161,1.10757,30.1653,106.212
63.02,12.566,2.69172,1.49464,5.75902,30.1609,1.10757,30.1653,100.371
63.04,12.566,2.6796,1.49464,5.71262,29.986,1.10757,30.1653,97.183
63.06,12.5628,2.64476,1.44884,5.71257,29.9858,1.10757,30.1653,92.9357
63.08,12.5628,2.6295,1.44879,5.85177,29.8693,1.10757,30.1653,84.9737
63.1,12.5628,2.55604,1.44879,5.8519,29.8692,1.10757,30.1653,78.5997
63.12,12.5628,2.54972,1.44879,5.80549,29.8692,1.10757,30.1653,72.226
63.14,12.5628,2.67652,1.44879,5.80546,29.9275,1.10757,30.1653,71.1599
63.16,12.5628,2.67296,1.44879,5.80546,29.9275,1.10757,30.1653,70.0978
63.18,12.5633,2.61948,1.44879,5.66623,29.7526,1.10915,30.1653,68.5051
63.2,12.5633,2.60184,1.40299,5.66613,29.7525,1.10916,29.5687,66.9123
63.22,12.5619,2.63596,1.40295,5.75893,29.6942,1.10916,29.5682,63.1971
63.24,12.5619,2.64647,1.40295,5.75902,29.6942,1.09382,29.5682,60.0103
63.26,12.5628,2.7446,1.49455,5.75902,29.7524,1.0938,29.5682,56.8241
63.28,12.5628,2.69531,1.49464,5.75902,29.7525,1.0938,29.5682,56.8211
63.3,12.5628,2.58242,1.44883,5.75902,29.7525,1.0938,29.5682,56.8211
63.32,12.5619,2.61738,1.44879,5.71261,29.8691,1.0938,29.5682,56.8211
63.34,12.5619,2.6345,1.40298,5.71257,29.8692,1.0938,29.5682,56.8211
63.36,12.5628,2.64422,1.40295,5.94457,30.044,1.0938,29.5682,55.2295
63.38,12.5628,2.56001,1.40295,5.94479,30.0442,1.0938,29.5682,51.5142
63.4,12.5623,2.52167,1.40295,5.80559,30.2773,1.0938,29.5682,47.797
63.42,12.5623,2.5959,1.40295,5.80546,30.2775,1.0938,29.5682,49.9156
63.44,12.5581,2.63782,1.44875,5.80546,30.2775,1.0938,29.5682,52.0397
63.46,12.5581,2.76619,1.44879,5.80546,30.3358,1.17215,29.5682,50.4498
63.48,12.5572,2.76708,1.49461,5.80546,30.3359,1.17221,29.9385,48.8567
63.5,12.5572,2.76708,1.49464,5.80546,30.7439,1.10124,29.9388,50.978
63.52,12.5549,2.5301,1.40302,5.80546,30.7442,1.10119,29.9388,53.1022
63.54,12.5549,2.52992,1.40295,5.71266,30.9774,1.10119,29.9388,55.7565
63.56,12.5535,2.45632,1.49455,5.71257,30.9776,1.10119,29.9388,54.1674
63.58,12.5535,2.45625,1.49464,5.94457,31.5021,1.10119,29.9388,52.5743
63.6,12.5526,2.39652,1.49464,5.94479,31.5026,1.10119,29.9388,50.9812
63.62,12.5526,2.39647,1.54046,5.94479,31.5026,1.10119,29.9388,49.3878
63.64,12.5493,2.58928,1.54049,5.89838,31.8524,1.10119,29.9388,51.5091
63.66,12.5493,2.58942,1.54049,5.89835,31.8527,1.10119,29.9388,53.6332
63.68,12.5516,2.70693,1.54049,5.75912,32.1441,1.10119,29.9388,52.5736
63.7,12.5516,2.74886,1.44888,5.75902,32.1444,1.10119,29.9388,49.9201
63.72,12.5516,2.77942,1.44879,5.99101,32.6689,1.10119,29.9388,47.2649
63.74,12.5516,2.81894,1.5404,5.99123,32.6694,1.17204,29.9388,46.7319
63.76,12.5512,2.57796,1.54049,5.99123,33.0774,1.17211,31.9959,46.2008
63.78,12.5512,2.64901,1.54049,5.85204,33.0778,1.08028,31.9978,46.7308
63.8,12.5512,2.73123,1.49468,5.8519,33.0778,1.08019,31.9978,47.262
63.82,12.5489,2.77838,1.49464,5.80549,33.7773,1.08019,31.9978,48.8543
63.84,12.5489,2.54007,1.49464,5.80546,33.7778,1.08019,31.9978,48.8555
63.86,12.5503,2.50232,1.49464,5.94466,34.8269,1.08019,31.9978,48.325
63.88,12.5503,2.56692,1.44884,5.94479,34.8279,1.08019,31.9978,48.855
63.9,12.5493,2.53342,1.44879,5.94479,36.2267,1.08019,31.9978,49.386
63.92,12.5493,2.42906,1.44879,5.66639,36.228,1.08019,31.9978,51.5087
63.94,12.6129,2.48398,1.44879,5.66613,35.6452,1.08019,31.9978,53.6328
63.96,12.6129,2.80896,1.44879,5.80535,35.6447,1.08019,31.9978,55.7574
63.98,12.8336,2.70621,1.58623,5.80546,35.6447,1.08019,31.9978,57.8815
64,12.8338,2.70613,1.58634,5.75905,33.8958,1.04927,31.9978,58.9444
64.02,12.597,2.53119,1.49475,5.75902,33.8945,1.04925,32.4915,60.5365
64.04,12.5967,2.53099,1.49464,5.71261,33.8945,1.10231,32.492,62.1302
64.06,12.6078,2.61738,1.49464,5.71257,33.8945,1.10236,32.492,62.1315
64.08,12.6078,2.61745,1.40302,5.71257,34.4774,1.10236,32.492,62.1315
64.1,12.6143,2.75154,1.40295,5.80539,34.4779,1.10236,32.492,64.7846
64.12,12.6143,2.75164,1.54033,5.80546,34.4779,1.10236,32.492,67.4388
64.14,12.6176,2.78042,1.54049,5.80546,34.9442,1.10236,32.492,71.1563
64.16,12.6176,2.78044,1.54049,5.80546,34.9446,1.10236,32.492,72.7504
64.18,12.6232,2.48626,1.54049,5.61983,35.3527,1.10236,32.492,72.7522
64.2,12.6232,2.47594,1.49469,5.61968,35.353,1.10236,32.492,73.2826
64.22,12.6269,2.63163,1.49464,5.7125,35.4696,1.10236,32.492,73.8139
64.24,12.6269,2.67154,1.49464,5.71257,35.4696,1.10236,32.492,74.8756
64.26,12.6301,2.70845,1.54046,5.71257,35.4696,1.10236,32.492,75.9376
64.28,12.6301,2.64994,1.54049,5.71257,35.7611,1.04917,32.492,73.8159
64.3,12.6329,2.48701,1.54049,5.71257,35.7613,1.04913,30.353,71.6926
64.32,12.6329,2.52341,1.54049,5.66616,36.286,1.14626,30.3506,71.1595
64.34,12.6408,2.67008,1.54049,5.66613,36.2864,1.14633,30.3506,69.0374
64.36,12.6408,2.67691,1.54049,5.71254,36.4613,1.14633,30.3506,66.9124
64.38,12.6417,2.53748,1.54049,5.71257,36.4614,1.14633,30.3506,64.2576
64.4,12.6417,2.52836,1.49468,5.71257,36.6946,1.14633,30.3506,61.6024
64.42,12.6422,2.54365,1.49464,5.66616,36.6947,1.14633,30.3506,59.4779
64.44,12.6422,2.53675,1.54044,5.66613,36.6947,1.14633,30.3506,57.3545
64.46,12.6417,2.74778,1.54049,5.66613,36.753,1.14633,30.3506,56.8215
64.48,12.6417,2.77675,1.54049,5.66613,36.7531,1.14633,30.3506,56.2906
64.5,12.6413,2.62675,1.54049,5.66613,37.1028,1.14633,30.3506,53.1062
64.52,12.6413,2.57447,1.54049,5.66613,37.1031,1.14633,30.3506,50.4517
64.54,12.6408,2.56595,1.44886,5.66613,37.3363,1.14633,30.3506,47.7955
64.56,12.6408,2.59958,1.44879,5.5269,37.3365,1.00434,30.3506,43.5484
64.58,12.6422,2.74625,1.54042,5.5268,37.3365,1.00423,30.7004,39.3001
64.6,12.6422,2.69498,1.54049,5.43398,37.5113,1.09527,30.7006,39.2968
64.62,12.6422,2.58529,1.49469,5.43391,37.5115,1.09534,30.7006,39.2968
64.64,12.6399,2.63695,1.49464,5.52673,37.5115,1.09534,30.7006,37.7049
64.66,12.6399,2.61111,1.44885,5.5268,37.5115,1.09534,30.7006,34.5211
64.68,12.6403,2.5846,1.44879,5.5732,37.4532,1.09534,30.7006,31.3337
64.7,12.6403,2.59309,1.44879,5.57324,37.4531,1.09534,30.7006,31.8617
64.72,12.6413,2.61896,1.54042,5.57324,37.4531,1.09534,30.7006,32.3929
64.74,12.6413,2.63625,1.54049,5.52683,37.2783,1.09534,30.7006,35.5771
64.76,12.6431,2.66054,1.49468,5.5268,37.2781,1.09534,30.7006,38.7633
64.78,12.6431,2.57052,1.49464,5.61961,36.8701,1.09534,30.7006,41.4189
64.8,12.6422,2.54369,1.44885,5.61968,36.8698,1.09534,30.7006,44.0731
64.82,12.6422,2.54366,1.44879,5.48046,36.2285,1.09534,30.7006,46.7293
64.84,12.6413,2.66042,1.403,5.48035,36.228,1.01923,30.968,47.2618
64.86,12.6413,2.66055,1.40295,5.48035,35.3536,1.01914,30.9683,47.793
64.88,12.6413,2.60683,1.40295,5.57317,35.353,1.00009,30.9683,47.7934
64.9,12.6413,2.60678,1.54039,5.57324,35.353,1.00007,30.9683,47.7934
64.92,12.6413,2.49008,1.54049,5.48042,34.6534,1.00007,30.9683,49.916
64.94,12.6413,2.48999,1.4489,5.48035,34.6529,1.00007,30.9683,52.0393
64.96,12.6417,2.57746,1.44879,5.48035,33.9534,1.00007,30.9683,55.2255
64.98,12.6417,2.57753,1.44879,5.48035,33.9528,1.00007,30.9683,58.941
65,12.6403,2.65977,1.44879,5.43394,33.5448,1.00007,30.9683,62.6597
65.02,12.6403,2.62833,1.44879,5.43391,33.5445,1.00007,30.9683,60.0103
65.04,12.6417,2.53193,1.44879,5.43391,33.3113,1.00007,30.9683,57.3541
65.06,12.6417,2.56746,1.44879,5.52673,33.3111,1.00007,30.9683,57.8827
65.08,12.6413,2.62209,1.49461,5.5268,33.3111,1.00007,30.9683,58.4138
65.1,12.6413,2.62637,1.49464,5.5268,33.1945,1.08645,30.9683,58.4142
65.12,12.6408,2.41107,1.49464,5.5268,33.1945,1.08651,31.1123,58.4142
65.14,12.6408,2.40637,1.49464,5.48039,33.1945,0.947154,31.1125,58.4142
65.16,12.6408,2.4371,1.49464,5.48035,33.1945,0.947047,31.1125,55.762
65.18,12.6399,2.4713,1.44883,5.57317,33.1945,0.947047,31.1125,53.1058
65.2,12.6399,2.40554,1.44879,5.57324,33.1945,0.947047,31.1125,50.4517
65.22,12.6394,2.39442,1.31136,5.57324,33.1945,0.947047,31.1125,47.7954
65.24,12.6394,2.39441,1.31125,5.48042,33.2527,0.947047,31.1125,45.1403
65.26,12.6413,2.40304,1.40288,5.48035,33.2528,0.947047,31.1125,45.1382
65.28,12.6413,2.36409,1.40295,5.52676,33.1945,0.947047,31.1125,47.7914
65.3,12.6417,2.36585,1.40295,5.5268,33.1945,0.947047,31.1125,49.3847
65.32,12.6417,2.25838,1.40295,5.5732,33.2527,0.947047,31.1125,50.9784
65.34,12.6408,2.25032,1.40295,5.57324,33.2528,0.947047,31.1125,53.6318
65.36,12.6408,2.25031,1.49457,5.57324,33.2528,0.947047,31.1125,56.288
65.38,12.6403,2.35311,1.49464,5.43402,32.903,1.06832,31.1125,57.8819
65.4,12.6403,2.35319,1.3572,5.43391,32.9028,1.06841,29.5693,59.475
65.42,12.6413,2.26536,1.3571,5.43391,32.9028,0.970831,29.5682,57.8844
65.44,12.6413,2.26529,1.40289,5.43391,32.9028,0.970756,29.5682,60.0049
65.46,12.6427,2.36386,1.40295,5.61954,33.1359,0.970756,29.5682,62.1298
65.48,12.6427,2.36394,1.40295,5.61968,33.1361,0.970756,29.5682,63.1923
65.5,12.6719,2.28275,1.44876,5.61968,33.3693,0.970756,29.5682,64.2548
65.52,12.6719,2.28268,1.44879,5.48051,33.3695,0.970756,29.5682,64.786
65.54,12.6413,2.33413,1.44879,5.48035,33.3695,0.970756,29.5682,65.3173
65.56,12.6413,2.35227,1.44879,5.48035,33.5443,0.970756,29.5682,68.5015
65.58,12.6408,2.28211,1.40298,5.48035,33.5445,0.970756,29.5682,70.0958
65.6,12.6408,2.27719,1.40295,5.52676,33.8359,0.970756,29.5682,73.2808
65.62,12.6417,2.20613,1.40295,5.5268,33.8362,0.970756,29.5682,76.9963
65.64,12.6417,2.24119,1.40295,5.38757,34.0111,0.970756,29.5682,80.7149
65.66,12.6802,2.31375,1.40295,5.38747,34.0112,0.99396,29.5682,81.2482
65.68,12.6803,2.30375,1.44876,5.38747,34.0112,0.993987,30.0825,81.7794
65.7,12.6645,2.18525,1.44879,5.38747,34.0112,1.0262,30.0829,80.719
65.72,12.6645,2.16389,1.40298,5.38747,34.0112,1.02623,30.0829,79.6565
65.74,12.6445,2.27187,1.40295,5.34106,34.0112,1.02623,30.0829,80.717
65.76,12.6445,2.31298,1.40295,5.34102,34.0112,1.02623,30.0829,81.2484
65.78,12.6422,2.48036,1.40295,5.38743,33.9529,1.02623,30.0829,81.7795
65.8,12.6422,2.46327,1.40295,5.38747,33.9528,1.02623,30.0829,79.6581
65.82,12.6408,2.23837,1.40295,5.38747,33.6614,1.02623,30.0829,77.5332
65.84,12.6408,2.24276,1.40295,5.43386,33.6612,1.02623,30.0829,79.1228
65.86,12.6413,2.14815,1.40295,5.43391,33.6612,1.02623,30.0829,80.7166
65.88,12.6413,2.18067,1.40295,5.3875,33.7194,1.02623,30.0829,81.2484
65.9,12.6417,2.41913,1.49457,5.38747,33.7195,1.02623,30.0829,81.2488
65.92,12.6417,2.39567,1.49464,5.43387,33.5446,1.01125,30.0829,81.2488
65.94,12.6408,2.2265,1.35726,5.43391,33.5445,1.01124,29.8361,82.3097
65.96,12.6408,2.18663,1.3571,5.43391,33.0781,1.01124,29.8358,83.3722
65.98,12.6403,2.17208,1.3571,5.43391,33.0778,1.0056,29.8358,84.4338
66,12.6403,2.20037,1.44872,5.43391,32.8446,1.0056,29.8358,85.4963
66.02,12.638,2.23963,1.44879,5.34113,32.8444,1.0056,29.8358,83.3754
66.04,12.638,2.25408,1.44879,5.34102,32.8444,1.0056,29.8358,81.2505
66.06,12.6417,2.33169,1.44879,5.43384,32.6112,1.0056,29.8358,76.4731
66.08,12.6417,2.30934,1.44879,5.43391,32.6111,1.0056,29.8358,74.8776
66.1,12.6394,2.29556,1.44879,5.29468,32.9608,1.0056,29.8358,75.9376
66.12,12.6394,2.34469,1.44879,5.29458,32.9611,1.0056,29.8358,75.9384
66.14,12.6403,2.39192,1.44879,5.29458,33.0777,1.0056,29.8358,75.9384
66.16,12.6403,2.38869,1.44879,5.24819,33.0778,1.0056,29.8358,73.8167
66.18,12.6431,2.25625,1.44879,5.24813,33.0778,1.0056,29.8358,71.6918
66.2,12.6431,2.22326,1.44879,5.48018,33.3109,1.00183,29.8358,67.9757
66.22,12.6394,2.14933,1.44879,5.48035,33.3111,1.00183,31.5641,66.9116
66.24,12.6394,2.15171,1.44879,5.34113,33.2528,0.974857,31.5654,67.4414
66.26,12.6408,2.26277,1.40298,5.34102,33.2528,0.974836,31.5654,67.4418
66.28,12.6408,2.28097,1.40295,5.34102,33.3111,0.974836,31.5654,67.4418
66.3,12.6413,2.25188,1.40295,5.20185,33.3111,0.974836,31.5654,69.0331
66.32,12.6413,2.25285,1.40295,5.20169,33.3111,0.974836,31.5654,70.6269
66.34,12.6399,2.25699,1.40295,5.1553,33.3694,0.974836,31.5654,69.0368
66.36,12.6399,2.25549,1.44876,5.15525,33.3695,0.974836,31.5654,67.443
66.38,12.6394,2.14147,1.44879,5.10884,33.6609,0.974836,31.5654,67.4418
66.4,12.6394,2.12409,1.35717,5.1088,33.6612,0.974836,31.5654,64.7887
66.42,12.6394,2.15072,1.3571,4.92317,33.7777,0.974836,31.5654,62.1335
66.44,12.6399,2.14685,1.3571,4.92303,33.7778,0.974836,31.5654,61.0706
66.46,12.6399,2.12027,1.44872,4.92303,33.8361,0.974836,31.5654,60.0081
66.48,12.6389,2.1619,1.44879,5.15498,33.8362,0.951636,31.5654,61.5986
66.5,12.6389,2.24169,1.40298,5.15525,33.8362,0.95161,27.862,63.1923
66.52,12.6413,2.23221,1.40295,5.06247,34.011,0.962337,27.8591,60.011
66.54,12.6413,2.20227,1.40295,5.06236,34.0112,0.962349,27.8591,56.8235
66.56,12.6385,2.19343,1.40295,5.24799,34.0112,0.962349,27.8591,55.2292
66.58,12.6385,2.14093,1.40295,5.24813,34.0112,0.962349,27.8591,53.6361
66.6,12.6394,2.13947,1.40295,5.24813,34.1861,0.962349,27.8591,51.5123
66.62,12.6394,2.13947,1.40295,5.10896,34.1862,0.962349,27.8591,50.9803
66.64,12.6403,2.12849,1.49457,5.1088,34.1862,0.962349,27.8591,50.449
66.66,12.6403,2.12848,1.49464,5.15519,34.4193,0.962349,27.8591,49.9182
66.68,12.6389,2.08068,1.31139,5.15525,34.4196,0.962349,27.8591,49.3869
66.7,12.6389,2.08065,1.31125,5.15525,34.7693,0.962349,27.8591,50.9784
66.72,12.6394,2.19814,1.40288,5.15525,34.7696,0.962349,27.8591,52.0409
66.74,12.6394,2.19823,1.40295,5.06243,35.0611,0.962349,27.8591,50.4498
66.76,12.6408,2.16648,1.40295,5.06236,35.0613,0.918396,-1.52187,52.0405
66.78,12.6408,2.16646,1.35713,5.06236,35.0613,0.918362,-1.5443,52.5724
66.8,12.6431,2.08777,1.3571,5.01597,35.003,0.913708,-1.5443,51.5119
66.82,12.6431,2.11124,1.3571,5.01592,35.0029,0.913702,-1.5443,50.4494
66.84,12.6422,2.0733,1.3571,5.06231,35.0612,0.913702,-1.5443,52.5703
66.86,12.6422,2.09838,1.26547,5.06236,35.0613,0.913702,-1.5443,54.6953
66.88,12.651,2.07051,1.2654,5.01595,35.411,0.913702,-1.5443,56.2888
66.9,12.651,2.08914,1.2654,5.01592,35.4113,0.913702,-1.5443,57.8819
66.92,12.6622,2.08919,1.35703,5.01592,36.2274,0.913702,-1.5443,61.067
66.94,12.6622,2.06929,1.3571,5.1087,36.228,0.913702,-1.5443,66.3737
66.96,12.6979,2.03898,1.31129,5.1088,36.228,0.913702,-1.5443,71.6861
66.98,12.6979,2.08268,1.31125,5.06241,37.2187,0.913702,-1.5443,74.8727
67,12.7733,2.08848,1.31125,5.06236,37.2198,0.913702,-1.5443,78.0602
67.02,12.7734,2.0906,1.31125,5.15514,37.3946,0.965535,-1.5443,80.7148
67.04,12.7303,2.01848,1.128,5.15525,37.3948,0.965595,11.1916,83.371
67.06,12.7302,2.01115,1.12786,5.10884,36.2872,0.965595,11.2013,85.4955
67.08,12.7914,2.10854,1.12786,5.1088,36.2864,0.966452,11.2013,86.0278
67.1,12.7915,2.07887,1.2653,5.1088,36.2864,0.966453,11.2013,86.0282
67.12,12.8009,2.03576,1.2654,5.20158,35.0044,0.966453,11.2013,83.9065
67.14,12.8009,2.04654,1.17378,5.20169,35.0029,0.966453,11.2013,81.7815
67.16,12.8083,2.02135,1.17371,5.06252,33.6627,0.966453,11.2013,82.8407
67.18,12.8083,2.0271,1.35696,5.06236,33.6612,0.966453,11.2013,83.9032
67.2,12.8112,2.07625,1.3571,5.06236,33.1948,0.966453,11.2013,86.0266
67.22,12.8112,2.07461,1.3571,5.06236,33.1945,0.966453,11.2013,88.1507
67.24,12.8165,2.11412,1.3571,5.06236,33.1945,0.966453,11.2013,88.1523
67.26,12.8165,2.11924,1.3571,5.06236,33.1945,0.966453,11.2013,84.9685
67.28,12.8235,2.02284,1.3571,5.06236,33.1945,0.966453,11.2013,81.7823
67.3,12.8235,2.04148,1.3571,5.06236,33.6024,0.922326,11.2013,80.719
67.32,12.8457,2.02881,1.44872,5.06236,33.6028,0.922275,22.8467,79.6565
67.34,12.8457,2.01382,1.44879,5.06236,33.2532,1.00811,22.8556,76.4731
67.36,12.8572,2.07776,1.40298,5.06236,33.2528,1.0082,22.8556,73.2857
67.38,12.8572,2.07822,1.40295,5.06236,32.6116,1.0082,22.8556,75.4058
67.4,12.8646,2.02693,1.40295,5.06236,32.6111,1.0082,22.8556,78.0606
67.42,12.8646,2.03461,1.31132,5.06236,32.6111,1.0082,22.8556,75.4094
67.44,12.8782,2.04483,1.31125,5.06236,31.9701,1.0082,22.8556,73.8161
67.46,12.8782,2.01294,1.40288,5.06236,31.9693,1.0082,22.8556,72.2224
67.48,12.8917,1.96439,1.40295,4.96958,31.3284,1.0082,22.8556,71.6907
67.5,12.8917,2.00573,1.44876,4.96947,31.3276,1.0082,22.8556,71.1595
67.52,12.9065,2.09721,1.44879,5.01586,30.978,1.0082,22.8556,69.5678
67.54,12.9065,2.08715,1.44879,5.01592,30.9776,1.0082,22.8556,67.9741
67.56,12.9065,2.06109,1.40298,5.06232,30.6278,1.0082,22.8556,67.9729
67.58,12.9201,2.04755,1.40295,5.06236,30.6276,0.921318,22.8145,67.4422
67.6,12.9201,1.96279,1.35713,5.06236,30.6276,0.921251,22.8144,66.9112
67.62,12.9271,1.99717,1.3571,4.83041,30.6276,0.938789,22.8144,66.3804
67.64,12.9271,1.96269,1.40291,4.83014,30.6276,0.938809,22.8144,65.8491
67.66,12.9361,1.94081,1.40295,4.92292,30.3945,0.938809,22.8144,64.7879
67.68,12.9361,1.9954,1.35713,4.92303,30.3942,0.938809,22.8144,63.7254
67.7,12.9386,2.01096,1.3571,4.92303,30.4525,0.938809,22.8144,64.2552
67.72,12.9386,2.02762,1.3571,4.92303,30.4526,0.938809,22.8144,63.1943
67.74,12.9419,2.03322,1.40291,4.92303,30.4526,0.938809,22.8144,64.7854
67.76,12.9419,2.03322,1.40295,4.92303,30.336,0.938809,22.8144,66.9092
67.78,12.9427,1.9681,1.31132,4.92303,30.3359,0.938809,22.8144,69.0333
67.8,12.9427,1.96805,1.31125,5.10859,30.6272,0.938809,22.8144,64.2611
67.82,12.9431,1.95476,1.31125,5.1088,30.6276,0.938809,22.8144,59.4799
67.84,12.9431,1.95475,1.31125,5.06241,30.9189,0.938809,22.8144,58.9458
67.86,12.9443,1.99163,1.35706,5.06236,30.9193,0.937123,17.3209,58.4146
67.88,12.9444,1.99165,1.3571,5.06236,31.2107,0.937122,17.3167,60.0061
67.9,12.9464,1.91505,1.3571,5.06236,31.211,0.939999,17.3167,61.0686
67.92,12.9464,1.91499,1.31129,5.15518,31.211,0.940001,17.3167,62.1306
67.94,12.9497,1.98382,1.31125,5.15525,31.3858,0.940001,17.3167,64.7836
67.96,12.9497,1.99797,1.31125,5.15525,31.386,0.940001,17.3167,67.4398
67.98,12.955,2.03682,1.31125,5.01608,31.6773,0.940001,17.3167,68.5027
68,12.955,2.02982,1.26544,5.01592,31.6777,0.940001,17.3167,69.5652
68.02,12.9591,2.08753,1.2654,5.1087,32.0273,0.940001,17.3167,69.0356
68.04,12.9591,2.08239,1.2654,5.1088,32.0277,0.940001,17.3167,68.5043
68.06,12.9612,2.04616,1.35703,5.15521,32.2609,0.940001,17.3167,66.3814
68.08,12.9612,2.07502,1.3571,5.15525,32.261,0.940001,17.3167,66.9104
68.1,12.9608,1.95387,1.31129,5.15525,32.261,0.940001,17.3167,70.0946
68.12,12.9608,1.93644,1.31125,5.10886,32.4359,0.968687,17.3167,71.6883
68.14,12.962,1.92861,1.31125,5.1088,32.4361,0.96872,18.901,73.2821
68.16,12.962,1.93415,1.31125,5.15519,32.7274,0.948026,18.9022,73.2832
68.18,12.9608,2.01931,1.31125,5.15525,32.7277,0.948002,18.9022,73.2832
68.2,12.9608,2.03325,1.31125,5.24806,33.0775,0.948002,18.9022,70.0994
68.22,12.9624,2.00048,1.31125,5.24813,33.0778,0.948002,18.9022,68.5051
68.24,12.9624,2.00576,1.31125,5.0625,33.0778,0.948002,18.9022,67.9733
68.26,12.9624,1.89637,1.31125,5.06236,33.4858,0.948002,18.9022,68.5035
68.28,12.9624,1.89097,1.26544,5.06236,33.4861,0.948002,18.9022,71.6877
68.3,12.9596,2.00427,1.2654,5.06236,33.894,0.948002,18.9022,72.751
68.32,12.9596,1.99614,1.35703,5.06236,33.8945,0.948002,18.9022,73.8135
68.34,12.9464,1.92552,1.3571,5.06236,34.4772,0.948002,18.9022,72.7534
68.36,12.9464,1.93735,1.31129,5.06236,34.4779,0.948002,18.9022,71.6909
68.38,12.9341,1.99114,1.31125,5.10877,34.9442,0.948002,18.9022,70.0982
68.4,12.9341,1.97888,1.31125,5.1088,34.9446,0.986306,18.6553,68.5051
68.42,12.9259,1.98528,1.35706,5.1088,34.9446,0.986336,18.6551,69.5652
68.44,12.9259,2.01368,1.3571,5.1088,35.469,0.926711,18.6551,72.2181
68.46,12.9156,1.97245,1.31129,5.1088,35.4696,0.926643,18.6551,74.8744
68.48,12.9156,1.94248,1.31125,4.96963,36.0524,0.926643,18.6551,78.5894
68.5,12.9033,1.98934,1.40288,4.96947,36.053,0.926643,18.6551,82.3081
68.52,12.9032,1.98248,1.40295,4.96947,36.5192,0.926643,18.6551,80.1892
68.54,12.8991,1.97179,1.26551,4.96947,36.5197,0.926643,18.6551,78.0642
68.56,12.8991,1.97748,1.2654,5.01588,37.2775,0.926643,18.6551,77.0013
68.58,12.8876,2.00537,1.2654,5.01592,37.2781,0.926643,18.6551,74.878
68.6,12.8876,1.99882,1.35703,5.01592,37.2781,0.926643,18.6551,73.2845
68.62,12.8839,2.04021,1.3571,4.96953,38.0939,0.926643,18.6551,74.8745
68.64,12.8839,2.03204,1.3571,4.96947,38.0949,0.926643,18.6551,76.4683
68.66,12.8839,2.01076,1.3571,4.87669,38.561,0.945264,18.6551,77.5303
68.68,12.8728,2.01804,1.40291,4.87659,38.5616,0.945285,17.9556,78.5928
68.7,12.8728,2.11383,1.40295,4.83018,38.9113,0.945285,17.955,76.4711
68.72,12.8654,2.076,1.40295,4.83014,38.9116,0.912431,17.955,74.3469
68.74,12.8654,2.00316,1.21969,4.69092,39.2031,0.912406,17.955,70.6309
68.76,12.8465,2.01474,1.21955,4.69081,39.2033,0.912406,17.955,69.0362
68.78,12.8465,2.03828,1.35699,4.69081,39.2033,0.912406,17.955,67.443
68.8,12.8318,2.02915,1.3571,4.64442,39.4364,0.912406,17.955,66.381
68.82,12.8317,1.99642,1.31129,4.64437,39.4366,0.912406,17.955,65.3185
68.84,12.819,1.97546,1.31125,4.64437,39.9028,0.912406,17.955,63.7264
68.86,12.819,1.97544,1.35706,4.64437,39.9033,0.912406,17.955,62.1327
68.88,12.8067,2.03788,1.3571,4.55155,40.5446,0.912406,17.955,60.0089
68.9,12.8067,2.03793,1.3571,4.55148,40.5451,0.912406,17.955,58.4154
68.92,12.7919,2.12114,1.26547,4.55148,40.5451,0.912406,17.955,55.761
68.94,12.7919,2.1212,1.2654,4.69065,41.4774,0.842929,14.3147,56.2894
68.96,12.7734,2.04198,1.35703,4.69081,41.4785,0.84285,14.3105,56.8207
68.98,12.7734,2.04192,1.3571,4.59803,42.5274,0.846272,14.3105,55.2298
69,12.7598,2.01591,1.31129,4.59792,42.5286,0.846276,14.3105,53.6361
69.02,12.7598,2.01589,1.31125,4.59792,43.6357,0.846276,14.3105,52.574
69.04,12.7389,2.12382,1.31125,4.59792,43.637,0.846276,14.3105,51.5115
69.06,12.7388,2.17139,1.31125,4.55151,44.6863,0.846276,14.3105,50.9801
69.08,12.7261,2.13094,1.31125,4.55148,44.6871,0.846276,14.3105,49.9184
69.1,12.7261,2.11471,1.26544,4.55148,44.6871,0.846276,14.3105,50.9788
69.12,12.713,2.16392,1.2654,4.59787,45.9691,0.846276,14.3105,52.5709
69.14,12.713,2.1653,1.2654,4.59792,45.9705,0.846276,14.3105,54.1647
69.16,12.6771,2.10737,1.2654,4.73709,47.3108,0.846276,14.3105,56.2876
69.18,12.677,2.0984,1.31122,4.73725,47.3123,0.846276,14.3105,58.4126
69.2,12.6733,1.99041,1.31125,4.59803,48.4199,0.846276,14.3105,60.0061
69.22,12.6733,1.97847,1.31125,4.59792,48.4207,0.855887,12.0061,61.5992
69.24,12.6738,2.17115,1.35706,4.59792,48.4207,0.855895,12.0043,62.6617
69.26,12.6738,2.14552,1.3571,4.59792,48.3624,0.857031,12.0043,61.6012
69.28,12.7142,2.03404,1.21966,4.59792,48.3624,0.857031,12.0043,61.6004
69.3,12.7142,2.05643,1.21955,4.6907,49.0034,0.857031,12.0043,62.1308
69.32,12.6835,2.06999,1.26537,4.69081,49.0041,0.857031,12.0043,62.6621
69.34,12.6835,2.06958,1.2654,4.59803,50.9853,0.857031,12.0043,66.3755
69.36,12.6747,2.08358,1.31122,4.59792,50.9876,0.857031,12.0043,70.0942
69.38,12.6747,2.06074,1.31125,4.55151,54.2521,0.857031,12.0043,71.6889
69.4,12.6775,2.08018,1.31125,4.55148,54.2546,0.857031,12.0043,74.3433
69.42,12.6775,2.06937,1.128,4.55148,54.2546,0.857031,12.0043,79.121
69.44,12.6775,1.95174,1.12786,4.55148,58.1005,0.857031,12.0043,82.8377
69.46,12.6775,1.99755,1.17367,4.55148,58.1049,0.857031,12.0043,86.5564
69.48,12.7014,2.06069,1.17371,4.55148,63.5241,0.841681,12.0043,89.2114
69.5,12.7014,2.01974,1.21952,4.55148,63.5303,0.841663,21.8597,91.8676
69.52,12.708,1.99491,1.21955,4.55148,69.8236,0.841663,21.8673,91.8696
69.54,12.708,2.02229,1.21955,4.55148,69.8309,0.835071,21.8673,91.8696
69.56,12.6826,1.99715,1.21955,4.59789,76.7095,0.835066,21.8673,95.584
69.58,12.6826,1.99591,1.21955,4.59792,76.7148,0.835066,21.8673,100.363
69.6,12.6812,1.87766,1.21955,4.59792,76.7148,0.835066,21.8673,101.427
69.62,12.6812,1.88322,1.21955,4.50514,85.1641,0.835066,21.8673,103.02
69.64,12.6724,1.76224,1.17374,4.50504,85.1738,0.835066,21.8673,104.613
69.66,12.6724,1.76418,1.17371,4.64421,88.2039,0.835066,21.8673,108.328
69.68,12.6608,1.72053,1.26533,4.64437,88.2074,0.835066,21.8673,112.046
69.7,12.6608,1.71551,1.2654,4.45873,85.7008,0.835066,21.8673,112.049
69.72,12.6482,1.82735,1.2654,4.45859,85.6989,0.835066,21.8673,112.049
69.74,12.6482,1.82597,1.17378,4.41218,85.6989,0.835066,21.8673,115.233
69.76,12.6482,1.87621,1.17371,4.41215,80.6273,0.891173,26.2291,116.297
69.78,12.6459,1.91496,1.31115,4.41215,80.6234,0.891215,26.2325,117.359
69.8,12.6459,1.98182,1.31125,4.6441,72.3489,0.899491,26.2325,120.012
69.82,12.6427,2.02519,1.21962,4.64437,72.3394,0.8995,26.2325,122.668
69.84,12.6427,2.22937,1.21955,4.5052,62.6081,0.8995,26.2325,120.548
69.86,12.638,2.20808,1.21955,4.50504,62.5969,0.8995,26.2325,118.423
69.88,12.638,2.21456,1.21955,4.59785,51.2879,0.8995,26.2325,117.891
69.9,12.6348,2.14901,1.21955,4.59792,51.2793,0.8995,26.2325,117.89
69.92,12.6348,2.29332,1.31118,4.59792,51.2793,0.8995,26.2325,115.237
69.94,12.6125,2.25596,1.31125,4.50514,41.1401,0.8995,26.2325,113.114
69.96,12.6125,2.25592,1.21962,4.50504,41.1284,0.8995,26.2325,110.989
69.98,12.3908,2.3243,1.21955,4.55143,35.3013,0.8995,26.2325,114.17
70,12.3905,2.32438,1.17374,4.55148,35.2946,0.8995,26.2325,117.357
70.02,12.3348,2.44666,1.17371,4.59787,31.6818,0.8995,26.2325,116.299
70.04,12.3348,2.4468,1.21952,4.59792,31.6777,0.926348,26.3353,115.236
70.06,12.5673,2.51069,1.21955,4.4587,29.9288,0.926369,26.3354,117.358
70.08,12.5674,2.51074,1.21955,4.45859,29.9275,0.925143,26.3354,117.89
70.1,12.5034,2.50226,1.26537,4.45859,29.9275,0.925142,26.3354,116.299
70.12,12.5033,2.50226,1.2654,4.50498,29.7527,0.925142,26.3354,117.358
70.14,12.508,2.58313,1.17378,4.50504,29.7525,0.925142,26.3354,118.421
70.16,12.508,2.58956,1.17371,4.50504,29.7525,0.925142,26.3354,116.83
70.18,12.5108,2.45341,1.17371,4.50504,29.7525,0.925142,26.3354,115.236
70.2,12.5108,2.41131,1.17371,4.59785,29.7525,0.925142,26.3354,112.582
70.22,12.5168,2.61117,1.17371,4.59792,29.7525,0.925142,26.3354,110.458
70.24,12.5168,2.61922,1.21952,4.4587,29.6942,0.925142,26.3354,109.395
70.26,12.5247,2.66705,1.21955,4.45859,29.6942,0.925142,26.3354,110.986
70.28,12.5247,2.63085,1.21955,4.45859,29.6942,0.925142,26.3354,112.579
70.3,12.5242,2.59944,1.21955,4.69055,29.6942,0.969316,26.3354,113.641
70.32,12.5242,2.57808,1.21955,4.69081,29.6942,0.969367,24.422,114.703
70.34,12.5293,2.57034,1.21955,4.50525,29.6359,0.98112,24.4205,115.765
70.36,12.5294,2.53923,1.12793,4.50504,29.6358,0.981134,24.4205,116.828
70.38,12.5321,2.51638,1.12786,4.69067,29.6941,0.981134,24.4205,118.42
70.4,12.5321,2.48139,1.12786,4.69081,29.6942,0.981134,24.4205,110.993
70.42,12.5345,2.44668,1.21948,4.73722,29.6942,0.981134,24.4205,103.558
70.44,12.5345,2.48841,1.21955,4.73725,29.6942,0.981134,24.4205,104.083
70.46,12.5349,2.61924,1.17374,4.73725,29.6942,0.981134,24.4205,104.614
70.48,12.5349,2.6122,1.17371,4.87643,29.8107,0.981134,24.4205,102.493
70.5,12.5372,2.53997,1.17371,4.87659,29.8108,0.981134,24.4205,100.368
70.52,12.5372,2.52939,1.17371,5.15493,29.8108,0.981134,24.4205,99.8358
70.54,12.5414,2.39386,1.17371,5.15525,29.8108,0.981134,24.4205,99.3045
70.56,12.5414,2.3911,1.21952,4.45912,29.6942,0.981134,24.4205,99.3041
70.58,12.5475,2.42826,1.21955,4.45859,29.6942,0.82981,24.9349,98.7735
70.6,12.5475,2.40944,1.12793,4.45859,29.6942,0.829695,24.9353,97.7118
70.62,12.5554,2.47675,1.12786,4.22664,29.6359,1.0039,24.9353,97.711
70.64,12.5554,2.52178,1.21948,4.22637,29.6358,1.0041,24.9353,97.711
70.66,12.5581,2.57549,1.21955,4.04081,29.5775,1.0041,24.9353,96.1197
70.68,12.5581,2.58336,1.21955,4.0406,29.5775,1.0041,24.9353,94.526
70.7,12.5572,2.48779,1.21955,4.27264,29.4026,1.0041,24.9353,93.4635
70.72,12.5572,2.48364,1.21955,4.27282,29.4025,1.0041,24.9353,91.3402
70.74,12.5581,2.41868,1.12793,4.31923,29.4025,1.0041,24.9353,88.1548
70.76,12.5581,2.42897,1.12786,4.31926,29.6356,1.0041,24.9353,87.6217
70.78,12.5595,2.44126,1.21948,4.31926,29.6358,1.0041,24.9353,87.0906
70.8,12.5595,2.48672,1.21955,4.1337,30.2768,1.0041,24.9353,86.0294
70.82,12.56,2.50593,1.21955,4.13349,30.2775,1.0041,24.9353,84.9669
70.84,12.56,2.49047,1.21955,4.0871,30.3941,1.0041,24.9353,86.5574
70.86,12.5609,2.45276,1.21955,4.08704,30.3942,0.754322,23.8859,88.1511
70.88,12.5609,2.43178,1.21955,4.08704,30.0445,0.754131,23.8851,88.1523
70.9,12.5609,2.51042,1.21955,4.08704,30.0442,1.01567,23.8851,87.6217
70.92,12.5605,2.47637,1.21955,4.08704,30.0442,1.01587,23.8851,89.2132
70.94,12.5605,2.48315,1.21955,4.04065,29.0536,1.01587,23.8851,91.3361
70.96,12.5619,2.49735,1.21955,4.0406,29.0524,1.01587,23.8851,93.4611
70.98,12.5619,2.44318,1.21955,4.5045,27.8287,1.01587,23.8851,92.9323
71,12.5614,2.45102,1.17374,4.50504,27.8273,1.01587,23.8851,92.401
71.02,12.5614,2.49167,1.17371,4.55143,26.4871,1.01587,23.8851,93.9919
71.04,12.5605,2.51221,1.21952,4.55148,26.4856,1.01587,23.8851,95.5856
71.06,12.5605,2.54004,1.21955,4.50507,25.5529,1.01587,23.8851,99.8319
71.08,12.5628,2.54869,1.21955,4.50504,25.5521,1.01587,23.8851,104.611
71.1,12.5628,2.5487,1.35699,4.50504,25.5521,1.01587,23.8851,104.614
71.12,12.5609,2.44838,1.3571,4.1803,24.7363,0.920393,21.9518,104.084
71.14,12.5609,2.44827,1.26547,4.17993,24.7354,0.920283,21.9496,103.553
71.16,12.5633,2.48772,1.2654,3.57685,24.211,0.945082,21.9496,105.674
71.18,12.5633,2.48776,1.12796,3.57616,24.2104,0.945111,21.9496,107.799
71.2,12.566,2.52804,1.12786,3.94743,23.744,0.945111,21.9496,112.046
71.22,12.566,2.52807,1.12786,3.94771,23.7437,0.945111,21.9496,116.294
71.24,12.5674,2.464,1.12786,3.66926,23.5688,0.945111,21.9496,118.95
71.26,12.5674,2.46395,1.12786,3.66905,23.5686,0.945111,21.9496,118.953
71.28,12.5674,2.49106,1.12786,3.66905,23.5686,0.945111,21.9496,117.361
71.3,12.5674,2.49174,1.12786,4.27213,23.4521,0.945111,21.9496,117.359
71.32,12.5725,2.53331,0.99042,4.27282,23.452,0.945111,21.9496,117.359
71.34,12.5725,2.53942,0.990315,4.22643,23.2772,0.945111,21.9496,115.768
71.36,12.573,2.50468,1.21938,4.22637,23.277,0.945111,21.9496,114.174
71.38,12.573,2.49801,1.21955,4.27278,23.2187,0.945111,21.9496,113.112
71.4,12.5735,2.47733,1.21955,4.27282,23.2186,0.934959,20.3036,114.172
71.42,12.5735,2.43519,1.08212,4.27282,23.2186,0.934952,20.3024,114.704
71.44,12.5749,2.59712,1.08201,4.22643,23.2186,0.904087,20.3024,113.643
71.46,12.5749,2.60587,1.0362,4.22637,23.2186,0.904052,20.3024,112.581
71.48,12.5744,2.42409,1.03616,4.0872,23.1603,0.904052,20.3024,108.867
71.5,12.5744,2.4513,1.03616,4.08704,23.1603,0.904052,20.3024,105.148
71.52,12.5735,2.58651,1.03616,4.22621,23.102,0.904052,20.3024,106.737
71.54,12.5735,2.52631,1.03616,4.22637,23.1019,0.904052,20.3024,108.331
71.56,12.5735,2.40704,1.03616,4.08715,23.2185,0.904052,20.3024,109.393
71.58,12.5735,2.42977,1.03616,4.08704,23.2186,0.904052,20.3024,108.863
71.6,12.5735,2.55038,1.1736,4.08704,23.2186,0.904052,20.3024,108.332
71.62,12.5735,2.54185,1.17371,4.08704,23.1021,0.904052,20.3024,105.68
71.64,12.5749,2.40336,1.21952,4.08704,23.1019,0.904052,20.3024,103.023
71.66,12.5749,2.42626,1.21955,4.13343,23.1019,0.906155,20.3024,99.3084
71.68,12.5749,2.34965,1.12793,4.13349,23.1019,0.906158,21.6192,95.5897
71.7,12.5749,2.3477,1.12786,4.08708,23.0436,0.906158,21.6202,94.5256
71.72,12.5763,2.48367,1.12786,4.08704,23.0436,0.908083,21.6202,93.4635
71.74,12.5763,2.496,1.17367,4.04063,23.0436,0.908084,21.6202,91.8708
71.76,12.5744,2.46176,1.17371,4.0406,23.0436,0.908084,21.6202,89.7471
71.78,12.5744,2.46174,0.853016,4.0406,23.0436,0.908084,21.6202,86.5616
71.8,12.573,2.31581,0.852771,4.08699,23.0436,0.908084,21.6202,82.8462
71.82,12.573,2.35898,1.12765,4.08704,23.0436,0.908084,21.6202,79.1275
71.84,12.573,2.28863,1.12786,3.99426,23.2184,0.908084,21.6202,79.6551
71.86,12.573,2.27587,0.944607,3.99416,23.2186,0.908084,21.6202,80.1863
71.88,12.5739,2.40102,0.944467,3.99416,23.2769,0.908084,21.6202,79.1255
71.9,12.5739,2.43778,0.944467,3.99416,23.277,0.908084,21.6202,78.0634
71.92,12.573,2.50618,1.08191,3.90134,23.277,0.908084,21.6202,75.9401
71.94,12.573,2.48426,1.08201,3.90127,23.3935,0.922916,21.0649,73.2863
71.96,12.5744,2.4717,1.17364,3.90127,23.3936,0.922933,21.0642,70.6301
71.98,12.5744,2.46787,1.17371,3.90127,23.5684,0.892669,21.0642,69.5672
72,12.5744,2.39611,1.12789,3.90127,23.5686,0.892634,21.0642,68.5047
72.02,12.5763,2.38389,1.12786,3.7621,23.5686,0.892634,21.0642,64.2605
72.04,12.5763,2.4614,1.12786,3.76194,23.5686,0.892634,21.0642,60.0105
72.06,12.5749,2.47539,1.03623,3.71553,23.5686,0.892634,21.0642,61.0686
72.08,12.5749,2.39178,1.03616,3.71549,23.5686,0.892634,21.0642,64.7838
72.1,12.5721,2.38378,1.1736,3.71549,23.5686,0.892634,21.0642,65.8479
72.12,12.5721,2.44215,1.17371,3.48354,23.5686,0.892634,21.0642,65.8487
72.14,12.5735,2.46468,1.17371,3.48328,23.5686,0.892634,21.0642,65.8487
72.16,12.5735,2.37775,1.17371,3.20493,23.6269,0.892634,21.0642,68.5009
72.18,12.5739,2.35375,1.03627,3.20461,23.627,0.892634,21.0642,71.1571
72.2,12.5739,2.35373,1.03616,2.87976,23.5104,0.892634,21.0642,74.8735
72.22,12.5707,2.51935,1.03616,2.87951,23.5103,0.91403,21.1671,78.5908
72.24,12.5707,2.51948,1.08198,2.32261,23.5103,0.914046,21.1672,81.7774
72.26,12.5285,2.47624,1.08201,2.32218,23.3937,0.902976,21.1672,81.2492
72.28,12.5284,2.4762,1.08201,2.32218,23.3936,0.902968,21.1672,81.2488
72.3,12.4839,2.48013,1.08201,1.30159,23.4519,0.902968,21.1672,82.8401
72.32,12.4838,2.48013,1.12782,1.30042,23.452,0.902968,21.1672,84.4339
72.34,12.6402,2.37499,1.12786,-0.0449026,23.3937,0.902968,21.1672,84.9655
72.36,12.6403,2.37487,1.03623,-0.0464437,23.3936,0.902968,21.1672,85.4967
72.38,12.6357,2.44584,1.03616,-0.556934,23.1605,0.902968,21.1672,85.4971
72.4,12.6357,2.4324,1.03616,-0.557324,23.1603,0.902968,21.1672,84.4359
72.42,12.6362,2.43239,1.03616,-0.325283,23.1603,0.902968,21.1672,83.9044
72.44,12.6362,2.43302,1.03616,-0.325106,23.102,0.902968,21.1672,86.5562
72.46,12.6362,2.41462,1.12779,-0.325106,23.1019,0.902968,21.1672,88.6817
72.48,12.6362,2.40895,1.12786,0.602705,23.1602,0.865286,21.1672,85.5008
72.5,12.6371,2.37883,0.99042,0.603768,23.1603,0.865243,21.949,82.3133
72.52,12.6371,2.40744,0.990315,3.15525,23.2768,0.865243,21.9496,82.3109
72.54,12.6348,2.36869,1.08194,3.15817,23.277,0.867167,21.9496,82.3109
72.56,12.6348,2.39576,1.08201,3.57584,23.2187,0.867169,21.9496,82.3109
72.58,12.638,2.3324,1.08201,3.57616,23.2186,0.867169,21.9496,80.1884
72.6,12.638,2.32198,0.990385,3.8082,23.2186,0.867169,21.9496,78.0642
72.62,12.6348,2.36278,0.990315,3.80838,23.3352,0.867169,21.9496,75.9409
72.64,12.6348,2.35618,0.990315,3.80838,23.3353,0.867169,21.9496,73.8159
72.66,12.6357,2.30068,0.990315,3.66921,23.3936,0.867169,21.9496,76.4664
72.68,12.6357,2.31282,1.03613,3.66905,23.3936,0.867169,21.9496,79.1226
72.7,12.6343,2.40216,1.03616,3.62264,23.277,0.867169,21.9496,78.0634
72.72,12.6343,2.42978,1.03616,3.62261,23.277,0.867169,21.9496,77.0013
72.74,12.6348,2.31413,0.99035,3.5762,23.277,0.867169,21.9496,71.6942
72.76,12.6348,2.32408,0.990315,3.57616,23.277,0.904951,25.4474,68.5063
72.78,12.6357,2.36454,0.852876,3.57616,23.277,0.90498,25.45,67.4426
72.8,12.6357,2.34339,0.852771,3.34421,23.277,0.882876,25.45,66.9114
72.82,12.6334,2.30334,0.898584,3.34394,23.277,0.882851,25.45,66.3802
72.84,12.6334,2.31071,0.898619,3.39033,23.1021,0.882851,25.45,67.4406
72.86,12.6334,2.34585,0.669555,3.39039,23.1019,0.882851,25.45,68.5031
72.88,12.6329,2.34419,0.66938,3.39039,23.1019,0.882851,25.45,70.0958
72.9,12.6329,2.3241,0.66938,3.39039,23.1019,0.882851,25.45,71.6889
72.92,12.6352,2.3046,0.394502,3.4368,23.1019,0.882851,25.45,71.6901
72.94,12.6352,2.37042,0.394292,3.43683,23.2185,0.882851,25.45,71.1597
72.96,12.6403,2.37051,-0.0180243,3.43683,23.2186,0.882851,25.45,73.2816
72.98,12.6403,2.32455,-0.0183392,3.39044,23.1021,0.882851,25.45,75.405
73,12.6417,2.33082,-0.109965,3.39039,23.1019,0.882851,25.45,77.5299
73.02,12.6417,2.50122,-0.110035,3.06565,22.8106,0.882851,25.45,78.062
73.04,12.6459,2.47108,0.0274038,3.06528,22.8102,1.03842,27.4252,78.5932
73.06,12.6459,2.47105,0.0275088,3.29732,22.9268,1.03854,27.4267,80.1855
73.08,12.6496,2.26393,0.0275088,3.2975,22.9269,0.935358,27.4267,77.5336
73.1,12.6496,2.26378,0.164948,3.2975,22.9269,0.935279,27.4267,73.8171
73.12,12.6408,2.3992,0.165053,3.01916,23.0435,0.935279,27.4267,73.2839
73.14,12.6408,2.39935,0.852247,3.01884,23.0436,0.935279,27.4267,72.7526
73.16,12.6403,2.46871,0.852771,2.83328,23.1601,0.935279,27.4267,75.9348
73.18,12.6403,2.46879,1.03602,2.83306,23.1603,0.935279,27.4267,79.1222
73.2,12.6403,2.4067,1.03616,2.18335,23.1603,0.935279,27.4267,80.1859
73.22,12.6403,2.40665,0.99035,2.18285,23.1603,0.935279,27.4267,81.248
73.24,12.6408,2.33167,0.990315,2.22926,23.2769,0.935279,27.4267,80.7182
73.26,12.6408,2.35597,0.990315,2.2293,23.277,0.935279,27.4267,78.0646
73.28,12.6408,2.42625,1.03613,2.2293,23.277,0.935279,27.4267,78.5932
73.3,12.6408,2.40823,1.03616,3.57462,23.3352,0.957179,27.7558,79.1241
73.32,12.6413,2.30865,0.944537,3.57616,23.3353,0.957204,27.7562,79.6553
73.34,12.6413,2.31428,0.944467,3.52977,23.6849,0.955775,27.7562,78.5948
73.36,12.6422,2.47344,0.898654,3.52972,23.6853,0.955773,27.7562,77.5324
73.38,12.6422,2.42613,0.898619,3.39049,23.627,0.955773,27.7562,75.409
73.4,12.6417,2.32447,0.898619,3.39039,23.627,0.955773,27.7562,73.2849
73.42,12.6417,2.34765,0.898619,3.11194,23.5687,0.955773,27.7562,75.4058
73.44,12.6399,2.36412,0.898619,3.11173,23.5686,0.955773,27.7562,79.1204
73.46,12.6399,2.40207,0.898619,3.11173,23.5686,0.955773,27.7562,82.8391
73.48,12.6403,2.34486,0.898619,2.83338,23.4521,0.955773,27.7562,81.2506
73.5,12.6403,2.32468,0.898619,2.83306,23.452,0.955773,27.7562,79.6569
73.52,12.6417,2.31471,0.898619,4.132,23.2772,0.955773,27.7562,80.1861
73.54,12.6417,2.33023,0.990245,4.13349,23.277,0.955773,27.7562,80.7174
73.56,12.6403,2.45998,0.990315,3.85504,23.1604,0.955773,27.7562,79.6565
73.58,12.6403,2.47387,0.990315,3.85482,23.1603,0.811909,31.8506,79.1251
73.6,12.6403,2.4109,0.898689,3.29793,23.1603,0.811799,31.8537,82.3085
73.62,12.6403,2.4197,0.898619,3.2975,23.1603,0.885062,31.8537,85.4935
73.64,12.6413,2.39254,0.852806,3.2975,23.1603,0.885146,31.8537,88.6809
73.66,12.6413,2.37346,0.852771,3.71502,23.3351,0.885146,31.8537,90.8051
73.68,12.6399,2.4286,0.806958,3.71549,23.3353,0.885146,31.8537,92.9301
73.7,12.6399,2.45649,0.806923,3.99394,23.1604,0.885146,31.8537,92.9317
73.72,12.6413,2.42215,0.806923,3.99416,23.1603,0.885146,31.8537,92.9317
73.74,12.6413,2.39302,0.852736,3.85493,23.4517,0.885146,31.8537,90.8091
73.76,12.6399,2.51196,0.852771,3.85482,23.452,0.885146,31.8537,91.8688
73.78,12.6399,2.49572,0.806958,3.85482,23.452,0.885146,31.8537,92.9308
73.8,12.6408,2.52836,0.806923,4.04039,23.1606,0.885146,31.8537,92.4012
73.82,12.6408,2.51767,0.623672,4.0406,23.1603,0.885146,31.8537,91.87
73.84,12.6431,2.39003,0.623532,5.20036,22.9272,0.798527,31.8537,90.2783
73.86,12.6431,2.3717,0.577719,5.20169,22.9269,0.798428,23.418,88.6846
73.88,12.6403,2.51211,0.577684,6.17626,22.9269,0.798428,23.4116,84.9689
73.9,12.6403,2.54122,0.577684,6.17701,22.9269,0.850094,23.4116,85.4967
73.92,12.6422,2.39329,0.944187,7.56925,22.9269,0.850133,23.4116,87.089
73.94,12.6422,2.3698,0.944467,7.57032,22.9852,0.850133,23.4116,87.6207
73.96,12.6417,2.42626,0.944467,7.57032,22.9853,0.850133,23.4116,85.4987
73.98,12.6417,2.41459,0.944467,6.41055,22.927,0.850133,23.4116,84.9667
74,12.6403,2.50379,0.944467,6.40923,22.9269,0.850133,23.4116,84.4354
74.02,12.6403,2.54955,0.944467,2.37325,22.8104,0.850133,23.4116,83.9046
74.04,12.6403,2.59231,0.807028,2.36863,22.8102,0.850133,23.4116,83.3734
74.06,12.6422,2.52158,0.806923,1.02279,22.9268,0.850133,23.4116,82.8424
74.08,12.6422,2.57431,0.806923,1.02176,22.9269,0.850133,23.4116,84.9645
74.1,12.6413,2.60513,0.806923,0.650495,22.9269,0.850133,23.4116,83.3742
74.12,12.6413,2.43887,0.806923,0.650211,22.8104,0.839627,27.237,80.7208
74.14,12.6403,2.43434,1.12761,0.650211,22.8102,0.839615,27.2414,79.6565
74.16,12.6403,2.50506,1.12786,-0.509552,22.8685,0.843491,27.2414,80.7166
74.18,12.6417,2.50707,1.03623,-0.51088,22.8686,0.843496,27.2414,81.7791
74.2,12.6417,2.59456,1.03616,-3.4346,22.9269,0.843496,27.2414,83.3718
74.22,12.6403,2.56258,0.944537,-3.43683,22.9269,0.843496,27.2414,84.9649
74.24,12.6403,2.56255,0.944467,-3.11197,22.9269,0.843496,27.2414,85.4967
74.26,12.6422,2.50283,0.944467,-3.11173,22.9269,0.843496,27.2414,82.844
74.28,12.6422,2.50279,0.944467,-3.11173,22.9269,0.843496,27.2414,79.1275
74.3,12.6413,2.44493,0.944467,-5.47764,22.9269,0.843496,27.2414,77.5334
74.32,12.6413,2.44486,1.17353,-5.48035,22.9269,0.843496,27.2414,75.9397
74.34,12.6403,2.46428,1.17371,-0.8413,23.0435,0.843496,27.2414,73.2863
74.36,12.6403,2.46431,1.03627,-0.835986,23.0436,0.843496,27.2414,70.6301
74.38,12.6431,2.47569,1.03616,-3.66689,22.8687,0.843496,27.2414,72.7506
74.4,12.6431,2.4757,1.03616,-3.66905,22.8686,0.854887,23.5585,74.8748
74.42,12.6413,2.63614,1.08198,-5.57179,22.9852,0.854896,23.5557,75.9376
74.44,12.6413,2.61972,1.08201,-5.57324,22.9853,0.81285,23.5557,73.2863
74.46,12.6399,2.6455,1.35689,-5.57324,22.9853,0.812802,23.5557,71.1607
74.48,12.6399,2.6484,1.3571,-0.563063,23.1018,0.812802,23.5557,69.0374
74.5,12.6399,2.54934,1.63198,-0.557324,23.1019,0.812802,23.5557,66.9124
74.52,12.6399,2.5576,1.63219,-5.42833,22.9854,0.812802,23.5557,70.0934
74.54,12.6413,2.49838,1.95288,-5.43391,22.9853,0.812802,23.5557,73.2808
74.56,12.6413,2.50584,1.95312,-3.29913,22.9853,0.812802,23.5557,73.2832
74.58,12.6408,2.51962,1.95312,-3.2975,22.9853,0.812802,23.5557,73.2832
74.6,12.6408,2.5073,1.72406,-3.2975,22.9853,0.812802,23.5557,74.8751
74.62,12.6413,2.67,1.72388,-8.40046,23.1018,0.812802,23.5557,75.9372
74.64,12.6413,2.66434,0.715997,-8.4063,23.1019,0.812802,23.5557,76.9997
74.66,12.6408,2.55497,0.715227,-7.57127,23.2768,0.992545,23.5557,79.1222
74.68,12.6408,2.56599,0.394537,-7.57032,23.277,0.992751,24.9342,81.2472
74.7,12.6422,2.49222,0.394292,-3.30076,23.4518,0.992751,24.9353,82.8407
74.72,12.6422,2.51166,0.256853,-3.2975,23.452,0.804522,24.9353,84.4338
74.74,12.6399,2.67881,0.256748,0.136708,23.6268,0.804378,24.9353,87.6188
74.76,12.6399,2.64268,0.256748,0.139331,23.627,0.804378,24.9353,90.8039
74.78,12.6413,2.5286,-0.0181293,0.139331,23.627,0.804378,24.9353,90.8075
74.8,12.6413,2.52282,-0.0183392,1.43827,23.2774,0.804378,24.9353,88.6858
74.82,12.6413,2.66412,-0.888785,1.43975,23.277,0.804378,24.9353,86.5608
74.84,12.6413,2.71795,-0.88945,3.48094,22.636,0.804378,24.9353,86.0288
74.86,12.6385,2.79901,-0.706198,3.48328,22.6352,0.804378,24.9353,85.4975
74.88,12.6385,2.72863,-0.706058,3.29764,22.2272,0.804378,24.9353,90.8035
74.9,12.6399,2.6786,-0.706058,3.2975,22.2269,0.804378,24.9353,96.1138
74.92,12.6399,2.69303,-1.30163,3.01905,21.8771,0.804378,24.9353,97.7098
74.94,12.6362,2.72195,-1.30208,3.01884,21.8768,1.00907,21.624,97.711
74.96,12.6362,2.72511,-0.110945,3.01884,21.8768,1.00931,21.6202,95.0578
74.98,12.6371,2.614,-0.110035,3.2044,21.702,0.852097,21.6202,93.9949
75,12.6371,2.60354,-0.888855,3.20461,21.7018,0.851917,21.6202,92.9324
75.02,12.6343,2.53095,-0.88945,3.06544,21.527,0.851917,21.6202,94.5229
75.04,12.6343,2.55618,-1.30177,3.06528,21.5268,0.851917,21.6202,96.1167
75.06,12.6343,2.69306,-1.30208,3.06528,21.4102,0.851917,21.6202,93.4647
75.08,12.6352,2.66699,-1.30208,3.06528,21.4101,0.851917,21.6202,90.8095
75.1,12.6352,2.69572,0.0723071,2.74042,21.4101,0.851917,21.6202,89.2156
75.12,12.6375,2.67664,0.0733567,2.74018,21.2353,0.851917,21.6202,89.2144
75.14,12.6376,2.5691,-1.20941,2.74018,21.2351,0.851917,21.6202,87.6225
75.16,12.6348,2.57126,-1.21038,4.22467,21.7013,0.851917,21.6202,84.4387
75.18,12.6348,2.5797,-0.798069,4.22637,21.7018,0.851917,21.6202,81.2513
75.2,12.6357,2.56998,-0.797754,4.96891,21.6435,0.851917,21.6202,83.3714
75.22,12.6357,2.76208,-0.797754,4.96947,21.6435,0.892255,20.4268,85.4955
75.24,12.6362,2.76711,-2.08052,-2.96633,21.9932,0.892286,20.4259,85.4971
75.26,12.6362,2.76711,-2.0815,-2.97239,21.9935,0.887885,20.4259,84.9667
75.28,12.6348,2.77185,-1.94406,-1.8586,21.9935,0.88788,20.4259,87.6192
75.3,12.6348,2.77186,-1.94395,-1.85775,22.3431,0.88788,20.4259,83.9083
75.32,12.6338,2.73764,-0.890254,-1.85775,22.3435,0.88788,20.4259,77.5364
75.34,12.6338,2.73761,-0.88945,-2.13609,22.1105,0.88788,20.4259,74.8794
75.36,12.6348,2.61671,-0.0190039,-2.13641,22.1102,0.88788,20.4259,72.2232
75.38,12.6348,2.61662,-0.0183392,-0.883387,22.2851,0.88788,20.4259,73.8131
75.4,12.6362,2.99963,-0.0183392,-0.88243,22.2852,0.88788,20.4259,75.4062
75.42,12.6362,2.99992,0.393977,1.71643,22.2852,0.88788,20.4259,75.4074
75.44,12.6343,2.79086,0.394292,1.71842,22.1687,0.88788,20.4259,71.164
75.46,12.6343,2.77292,0.98986,1.71842,22.1685,0.88788,20.4259,66.914
75.48,12.6334,2.70525,0.990315,1.39368,22.2268,0.870509,20.7961,66.9108
75.5,12.6334,2.69115,0.944502,1.39331,22.2269,0.870489,20.7965,66.9108
75.52,12.6343,2.90312,0.944467,1.30053,22.4599,0.870489,20.7965,65.8499
75.54,12.6343,2.89697,0.852841,1.30042,22.4602,0.982017,20.7965,64.7874
75.56,12.6343,2.64397,0.852771,1.25401,22.5768,0.982102,20.7965,65.3173
75.58,12.6343,2.68648,0.852771,1.25398,22.5769,0.982102,20.7965,65.8483
75.6,12.6329,2.70762,0.944397,1.06835,22.5769,0.982102,20.7965,66.3793
75.62,12.6329,2.64975,0.944467,1.0682,22.4021,0.982102,20.7965,64.7885
75.64,12.6348,2.83744,1.08191,1.0682,22.4019,0.982102,20.7965,62.1335
75.66,12.6348,2.9159,1.08201,1.02181,22.4601,0.982102,20.7965,61.601
75.68,12.6352,2.69035,0.944572,1.02176,22.4602,0.982102,20.7965,61.0698
75.7,12.6352,2.66819,0.944467,0.928944,22.4019,0.982102,20.7965,58.9468
75.72,12.6352,2.80072,0.807028,0.928873,22.4019,0.982102,20.7965,56.8227
75.74,12.6352,2.76677,0.806923,0.789649,22.8099,0.982102,20.7965,55.2292
75.76,12.6352,2.89955,0.806923,0.789542,22.8102,0.627862,18.4519,53.6367
75.78,12.6352,2.88791,1.31087,0.464685,22.8102,0.627457,18.4492,53.1042
75.8,12.6362,2.46436,1.31125,0.464437,23.4512,0.934296,18.4492,50.9821
75.82,12.6362,2.45939,1.35706,0.464437,23.452,0.934647,18.4492,50.449
75.84,12.6352,2.58364,1.3571,5.28905,24.7339,0.934647,18.4492,51.5095
75.86,12.6352,2.59808,-0.612858,5.29458,24.7354,0.934647,18.4492,52.572
75.88,12.6352,2.56138,-0.614362,2.046,26.6008,0.934647,18.4492,53.634
75.9,12.6376,2.58468,-0.385297,2.04352,26.6022,0.934647,18.4492,54.6961
75.92,12.6376,2.39706,-0.385123,2.60042,29.342,0.934647,18.4492,56.8194
75.94,12.6427,2.37708,-0.385123,2.60085,29.3441,0.934647,18.4492,58.9428
75.96,12.6427,2.42316,-0.385123,2.60085,29.3441,0.934647,18.4492,60.0065
75.98,12.651,2.48818,-0.385123,0.930786,33.9476,0.934647,18.4492,61.0682
76,12.651,2.51084,0.164633,0.928873,33.9528,0.934647,18.4492,62.1307
76.02,12.6492,2.65258,0.165053,1.3,41.3533,0.846423,18.4492,61.601
76.04,12.6492,2.70127,1.17294,1.30042,41.3618,0.846322,32.7488,61.0698
76.06,12.6635,2.74344,1.17371,1.48606,52.8457,0.846322,32.7597,62.1306
76.08,12.6636,2.74347,1.17371,1.4862,52.8544,0.814035,32.7597,63.1927
76.1,12.7302,2.37713,1.35696,1.34697,71.6833,0.81401,32.7597,64.2548
76.12,12.7302,2.37685,1.3571,1.34687,71.6977,0.81401,32.7597,63.7252
76.14,12.7729,2.51835,2.13592,1.34687,71.6977,0.81401,32.7597,65.8471
76.16,12.773,2.51846,2.13651,1.57882,96.8127,0.81401,32.7597,70.0922
76.18,13.4116,2.63008,3.23602,1.57908,96.8415,0.81401,32.7597,74.3421
76.2,13.4121,2.63016,3.23686,1.53268,112.348,0.81401,32.7597,81.2436
76.22,13.4388,2.48268,4.97776,1.53264,112.359,0.81401,32.7597,88.1471
76.24,13.4388,2.48257,4.97908,1.53264,117.431,0.81401,32.7597,87.0911
76.26,13.4408,2.43293,4.97908,1.53264,117.435,0.81401,32.7597,86.0294
76.28,13.4408,2.46887,8.04855,1.57905,117.435,0.81401,32.7597,89.212
76.3,13.4819,2.61459,8.05089,1.57908,116.619,0.911673,37.0788,92.397
76.32,13.4819,2.61528,13.0445,1.57908,116.618,0.911785,37.0837,93.4619
76.34,13.4877,2.67044,13.0483,1.4863,110.033,0.879802,37.0837,93.4627
76.36,13.4877,2.68126,19.004,1.4862,110.026,0.879766,37.0837,93.4627
76.38,13.5049,2.48381,19.0085,1.53261,100.466,0.879766,37.0837,95.5852
76.4,13.505,2.49411,22.6278,1.53264,100.458,0.879766,37.0837,97.7094
76.42,13.5021,2.38731,22.6305,1.43982,91.5978,0.879766,37.0837,99.8335
76.44,13.5021,2.4024,22.6305,1.43975,91.591,0.879766,37.0837,103.548
76.46,13.5362,2.48872,26.433,1.53257,91.591,0.879766,37.0837,105.144
76.48,13.5362,2.42589,26.4359,1.53264,85.0063,0.879766,37.0837,106.206
76.5,13.6274,2.44275,27.9477,1.53264,84.9988,0.879766,37.0837,107.269
76.52,13.6274,2.44227,27.9489,1.53264,80.104,0.879766,37.0837,110.983
76.54,13.6426,2.30523,29.4149,1.53264,80.0984,0.879766,37.0837,114.701
76.56,13.6426,2.31432,29.416,1.48623,77.3003,0.879766,37.0837,114.704
76.58,13.6603,2.3815,29.416,1.4862,77.2981,0.812192,35.52,114.704
76.6,13.6603,2.4131,29.6451,1.4862,75.9574,0.81214,35.5188,115.766
76.62,13.671,2.39015,29.6453,1.4862,75.9564,0.777803,35.5188,113.114
76.64,13.671,2.40208,29.7827,1.4862,75.9564,0.777763,35.5188,114.703
76.66,13.6841,2.39074,29.7828,1.71815,75.7816,0.777763,35.5188,122.661
76.68,13.6842,2.42144,29.6912,1.71842,75.7814,0.777763,35.5188,130.629
76.7,13.7014,2.49957,29.6911,1.90405,75.8396,0.777763,35.5188,128.513
76.72,13.7014,2.47318,29.462,1.90419,75.8397,0.777763,35.5188,126.389
76.74,13.7158,2.47747,29.4619,2.36827,76.0729,0.777763,35.5188,124.795
76.76,13.7158,2.4427,29.4619,2.36863,76.073,0.777763,35.5188,123.203
76.78,13.7306,2.32172,29.3244,3.15757,76.073,0.777763,35.5188,122.67
76.8,13.7306,2.30678,29.3243,3.15817,76.4227,0.777763,35.5188,121.079
76.82,13.7429,2.31049,29.1869,3.15817,76.4231,0.777763,35.5188,119.485
76.84,13.7429,2.34278,29.1868,4.4571,76.6562,0.940873,35.5188,117.892
76.86,13.7565,2.27413,29.2326,4.45859,76.6564,0.94106,35.7657,116.299
76.88,13.7565,2.27857,29.2326,6.45415,76.5981,0.94106,35.7659,117.889
76.9,13.7717,2.44496,29.3701,6.45567,76.5981,1.4339,35.7659,119.482
76.92,13.7717,2.44313,29.3702,9.70425,76.8896,1.43427,35.7659,120.545
76.94,13.7889,2.34212,29.3702,9.70673,76.8898,1.43427,35.7659,118.954
76.96,13.789,2.35505,29.5992,13.0945,76.8898,1.43427,35.7659,116.83
76.98,13.7951,2.47384,29.5994,13.0971,77.7056,1.43427,35.7659,115.768
77,13.7951,2.42793,30.0575,13.0971,77.7065,1.43427,35.7659,114.705
77.02,13.7951,2.35622,30.0579,14.628,78.9302,1.43427,35.7659,112.582
77.04,13.8136,2.4133,30.7451,14.6298,78.9316,1.43427,35.7659,110.458
77.06,13.8136,2.42485,30.7456,19.9203,80.8553,1.43427,35.7659,101.435
77.08,13.8214,2.36603,31.2496,19.9243,80.8568,1.43427,35.7659,92.4075
77.1,13.8214,2.36226,31.2499,23.1729,82.1392,1.43427,35.7659,87.0943
77.12,13.8333,2.36754,31.2499,23.1754,82.1402,1.49434,34.3879,87.6207
77.14,13.8333,2.5163,31.6164,23.1754,82.1402,1.49441,34.3864,89.2132
77.16,13.8448,2.55464,31.6167,24.2424,83.5387,0.963949,34.3864,92.397
77.18,13.8449,2.45606,31.6625,24.2436,83.5403,0.963342,34.3864,95.5844
77.2,13.8609,2.42302,31.6626,23.7331,85.464,0.963342,34.3864,93.9949
77.22,13.8609,2.42299,31.8916,23.7327,85.4655,0.963342,34.3864,92.4018
77.24,13.8753,2.51765,31.8918,28.5592,88.0887,0.963342,34.3864,91.87
77.26,13.8753,2.51772,31.8918,28.5629,88.0907,0.963342,34.3864,91.3391
77.28,13.895,2.36548,32.2583,29.1662,90.8888,0.963342,34.3864,89.7466
77.3,13.895,2.36536,32.2586,29.1666,90.891,0.963342,34.3864,87.0933
77.32,13.9069,2.49729,32.6709,29.1666,90.891,0.963342,34.3864,85.4983
77.34,13.9069,2.49739,32.6712,28.5172,93.8045,0.963342,34.3864,84.4363
77.36,13.9176,2.43499,33.3126,28.5164,93.8079,0.963342,34.3864,83.3738
77.38,13.9176,2.43495,33.3131,30.0479,95.9064,0.680687,34.3864,82.8423
77.4,13.9365,2.48995,33.8629,30.0491,95.908,0.680471,34.9625,82.3113
77.42,13.9365,2.45879,33.8633,42.5793,97.1905,0.680471,34.9629,81.7803
77.44,13.955,2.58136,33.8633,42.5888,97.1915,0.446312,34.9629,81.2494
77.46,13.955,2.61186,34.5047,36.7414,97.1915,0.446043,34.9629,83.902
77.48,13.9698,2.63498,34.5051,36.7369,97.6577,0.446043,34.9629,89.2083
77.5,13.9698,2.65312,35.4214,36.7369,97.6582,0.446043,34.9629,90.2757
77.52,13.9883,2.56498,35.4221,25.7424,97.8913,0.446043,34.9629,87.6243
77.54,13.9883,2.5259,36.5674,25.7298,97.8915,0.446043,34.9629,84.9681
77.56,14.0125,2.44406,36.5683,13.8957,98.0081,0.446043,34.9629,82.313
77.58,14.0125,2.444,37.8969,13.8867,98.0082,0.446043,34.9629,79.6577
77.6,14.0331,2.40794,37.8979,19.038,98.0082,0.446043,34.9629,78.5945
77.62,14.0331,2.43224,37.8979,19.0419,98.0082,0.446043,34.9629,81.2458
77.64,14.0466,2.59914,38.9516,19.0419,98.0082,0.446043,34.9629,84.9633
77.66,14.0467,2.57025,38.9524,39.6857,97.7169,0.396622,37.3281,87.6183
77.68,14.0508,2.56456,41.0598,39.7093,97.7165,0.396565,37.3308,89.7438
77.7,14.0508,2.61724,41.0614,34.7901,97.3085,0.859816,37.3308,92.9292
77.72,14.061,2.69913,42.8023,34.7863,97.3082,0.86017,37.3308,96.1155
77.74,14.061,2.64289,42.8036,29.9599,96.9584,0.86017,37.3308,94.526
77.76,14.0701,2.5018,42.8036,29.9562,96.9581,0.86017,37.3308,92.9335
77.78,14.0701,2.5074,43.9031,27.3573,97.3662,0.86017,37.3308,90.2785
77.8,14.0931,2.50749,43.904,27.3553,97.3665,0.86017,37.3308,87.6243
77.82,14.0931,2.53299,44.0872,27.3553,97.3665,0.86017,37.3308,88.6826
77.84,14.1157,2.48452,44.0874,20.8606,99.6974,0.86017,37.3308,89.7442
77.86,14.1157,2.44781,45.2327,20.8532,99.7,0.86017,37.3308,90.8067
77.88,14.1367,2.52594,45.2336,20.5283,104.655,0.86017,37.3308,87.0931
77.9,14.1367,2.5166,44.5922,20.5281,104.659,0.86017,37.3308,83.3758
77.92,14.1638,2.5066,44.5917,21.5027,112.237,0.86017,37.3308,82.8423
77.94,14.1638,2.527,44.5917,21.5034,112.243,0.890859,35.9734,82.3115
77.96,14.1638,2.53212,42.5301,18.6725,112.243,0.890894,35.9718,82.8415
77.98,14.1897,2.53915,42.5285,18.6704,120.983,0.87443,35.9718,82.3115
78,14.1897,2.51875,39.5507,18.6704,120.993,0.874411,35.9718,83.3722
78.02,14.2233,2.52514,39.5484,25.2578,128.161,0.874411,35.9718,82.8425
78.04,14.2234,2.58762,38.9987,25.2654,128.169,0.874411,35.9718,82.3113
78.06,14.2435,2.57909,38.9982,29.5349,134.989,0.874411,35.9718,77.5352
78.08,14.2435,2.65359,34.7834,29.5382,134.995,0.874411,35.9718,72.7559
78.1,14.285,2.62272,34.7802,20.5814,139.775,0.874411,35.9718,71.6909
78.12,14.285,2.57738,34.7802,20.5745,139.778,0.874411,35.9718,70.6293
78.14,14.3351,2.54478,30.8403,20.5745,139.778,0.874411,35.9718,67.4443
78.16,14.3352,2.54476,30.8373,27.2548,140.944,0.874411,35.9718,67.9723
78.18,14.3734,2.59331,27.722,27.2624,140.945,0.874411,35.9718,68.5035
78.2,14.3734,2.59334,27.7197,23.8746,135.699,0.882451,35.9718,71.6877
78.22,14.4198,2.43687,29.094,23.872,135.695,0.882457,34.9225,74.8739
78.24,14.4198,2.43675,29.0951,18.9528,122.87,0.882457,34.9217,76.4683
78.26,14.4868,2.61699,29.0951,18.949,122.86,0.808721,34.9217,78.0608
78.28,14.4868,2.6172,34.7759,21.0838,107.646,0.808637,34.9217,76.4707
78.3,14.5377,2.50938,34.7802,21.0854,107.634,0.808637,34.9217,76.4695
78.32,14.5378,2.50926,34.093,21.0854,107.634,0.808637,34.9217,79.6533
78.34,14.5772,2.4334,34.0925,33.0542,97.2034,0.808637,34.9217,83.8992
78.36,14.5773,2.46566,33.5886,33.0679,97.1915,0.808637,34.9217,88.1491
78.38,14.6048,2.50259,33.5882,25.1321,91.1289,0.808637,34.9217,89.2136
78.4,14.6048,2.4821,33.7714,25.126,91.1243,0.808637,34.9217,90.2757
78.42,14.682,2.45044,33.7716,31.5304,87.685,0.808637,34.9217,91.8684
78.44,14.6821,2.47773,33.7716,31.5353,87.6824,0.808637,34.9217,93.4609
78.46,14.77,2.47347,32.7637,32.7419,87.6824,0.808637,34.9217,93.9933
78.48,14.77,2.48525,32.7629,32.7428,85.1184,0.87047,35.7033,97.7067
78.5,14.8386,2.46242,32.5339,32.7428,85.1155,0.870541,35.7042,103.017
78.52,14.8387,2.47928,32.5337,22.2585,81.0365,0.749937,35.7042,105.143
78.54,14.9097,2.35935,32.3046,22.2465,81.0318,0.749799,35.7042,107.268
78.56,14.9098,2.36591,32.3044,22.8034,77.2427,0.749799,35.7042,110.453
78.58,14.9746,2.31781,30.9759,22.8038,77.2398,0.749799,35.7042,113.64
78.6,14.9747,2.32808,30.9749,14.9609,75.1412,0.749799,35.7042,115.234
78.62,15.0519,2.38443,30.9749,14.9549,75.1396,0.749799,35.7042,115.235
78.64,15.052,2.43496,31.7079,29.063,75.1396,0.749799,35.7042,117.358
78.66,15.1172,2.40832,31.7084,29.0737,74.4986,0.749799,35.7042,117.359
78.68,15.1173,2.39048,31.9375,29.0737,74.4979,0.749799,35.7042,114.706
78.7,15.181,2.34195,31.9377,35.4781,75.8387,0.749799,35.7042,115.235
78.72,15.181,2.32018,28.9598,35.483,75.8397,0.749799,35.7042,115.766
78.74,15.2497,2.40257,28.9575,14.228,77.7051,0.749799,35.7042,115.766
78.76,15.2498,2.4272,28.9575,14.2118,77.7065,0.81166,36.1772,115.766
78.78,15.3114,2.30682,29.3699,34.1209,79.0473,0.811731,36.1777,112.582
78.8,15.3114,2.32652,29.3702,34.1361,79.0483,0.697748,36.1777,111.519
78.82,15.3785,2.4997,27.6293,40.4476,79.0483,0.697617,36.1777,114.171
78.84,15.3786,2.48217,27.628,40.4524,80.4468,0.697617,36.1777,114.704
78.86,15.435,2.37064,25.4747,40.4524,80.4484,0.697617,36.1777,114.704
78.88,15.435,2.34858,25.4731,35.9508,81.6726,0.697617,36.1777,115.765
78.9,15.4925,2.39781,25.6564,35.9474,81.6735,0.697617,36.1777,116.828
78.92,15.4926,2.40598,25.6565,31.0281,81.8484,0.697617,36.1777,119.482
78.94,15.5456,2.36827,25.6565,31.0244,81.8485,0.697617,36.1777,122.136
78.96,15.5457,2.35978,28.3595,29.168,81.8485,0.697617,36.1777,119.486
78.98,15.5457,2.4844,28.3615,29.1666,82.3147,0.697617,36.1777,117.892
79,15.6077,2.51172,26.3458,29.1666,82.3152,0.697617,36.1777,115.768
79.02,15.6077,2.34838,26.3442,32.0892,81.616,0.71907,37.7408,115.236
79.04,15.6645,2.33458,27.856,32.0926,81.6152,0.719094,37.7426,114.705
79.06,15.6645,2.38662,27.8572,26.0595,80.7408,0.719094,37.7426,113.643
79.08,15.7202,2.39166,28.1321,26.0549,80.7401,0.63295,37.7426,112.581
79.1,15.7202,2.38786,28.1323,35.615,80.3903,0.632884,37.7426,117.886
79.12,15.7862,2.35136,28.1323,35.6223,80.3901,0.632884,37.7426,123.195
79.14,15.7863,2.40493,25.4751,38.8245,80.3901,0.632884,37.7426,125.323
79.16,15.8456,2.43556,25.4731,38.8269,81.1476,0.632884,37.7426,124.795
79.18,15.8457,2.4356,25.4731,38.8269,81.1485,0.632884,37.7426,124.794
79.2,15.9117,2.43488,25.4731,33.6292,81.3817,0.632884,37.7426,127.978
79.22,15.9117,2.43488,23.4115,33.6252,81.3818,0.632884,37.7426,131.164
79.24,15.9671,2.3916,23.4099,31.3512,81.9648,0.632884,37.7426,125.329
79.26,15.9671,2.39156,26.7072,31.3495,81.9652,0.632884,37.7426,119.49
79.28,16.0154,2.3292,26.711,19.3762,81.732,0.632884,37.7426,116.83
79.3,16.0154,2.32915,26.711,19.367,81.7319,0.591063,36.1384,114.176
79.32,16.0715,2.31373,28.0396,19.367,81.7319,0.591015,36.1366,116.296
79.34,16.0715,2.31372,28.0406,25.7689,79.8672,0.562434,36.1366,115.236
79.36,16.1272,2.36198,22.3598,25.7762,79.865,0.562401,36.1366,110.46
79.38,16.1272,2.36897,22.3554,23.595,78.0579,0.562401,36.1366,110.987
79.4,16.1759,2.411,26.8909,23.5934,78.0565,0.562401,36.1366,111.518
79.42,16.1759,2.42157,26.8944,22.1547,76.4243,0.562401,36.1366,112.049
79.44,16.2224,2.45554,28.2683,22.1536,76.4231,0.562401,36.1366,112.579
79.46,16.2224,2.45411,28.2698,28.5116,77.0643,0.562401,36.1366,114.172
79.48,16.2733,2.45007,28.2698,28.5164,77.0648,0.562401,36.1366,114.173
79.5,16.2734,2.41933,26.8496,28.5164,77.0648,0.562401,36.1366,119.48
79.52,16.3275,2.32671,26.8485,21.4651,77.4727,0.562401,36.1366,121.075
79.54,16.3276,2.36865,25.2909,21.457,77.4732,0.562401,36.1366,122.669
79.56,16.3814,2.39547,25.2897,26.8403,76.1324,0.569674,36.1366,123.2
79.58,16.3815,2.35667,24.5109,26.8444,76.1314,0.569679,35.293,123.731
79.6,16.4364,2.35684,24.5103,28.0046,76.3646,0.569679,35.2924,124.793
79.62,16.4365,2.38895,24.5103,28.0055,76.3647,0.562778,35.2924,125.855
79.64,16.4895,2.4445,24.831,21.3227,75.8984,0.56277,35.2924,131.162
79.66,16.4896,2.41841,24.8312,21.3176,75.898,0.56277,35.2924,141.775
79.68,16.5364,2.32287,22.9987,21.3176,75.898,0.56277,35.2924,146.032
79.7,16.5364,2.34259,22.9973,21.5961,75.1402,0.56277,35.2924,147.627
79.72,16.5844,2.43101,25.288,21.5963,75.1396,0.56277,35.2924,149.22
79.74,16.5844,2.41525,25.2897,26.6548,74.9065,0.56277,35.2924,147.099
79.76,16.6393,2.51523,25.8851,26.6587,74.9063,0.56277,35.2924,144.976
79.78,16.6394,2.51833,25.8857,28.0045,74.848,0.56277,35.2924,150.81
79.8,16.6906,2.3948,25.8857,28.0055,74.8479,0.56277,35.2924,156.65
79.82,16.6907,2.40176,24.603,26.3812,74.8479,0.56277,35.2924,158.248
79.84,16.7334,2.55937,24.602,26.38,75.722,0.560929,36.876,160.371
79.86,16.7335,2.57873,24.0981,26.38,75.723,0.560927,36.8778,160.904
79.88,16.7781,2.43566,24.0977,28.5148,76.6557,0.562132,36.8778,160.374
79.9,16.7781,2.36137,21.074,28.5164,76.6564,0.562133,36.8778,159.843
79.92,16.8261,2.34273,21.0717,27.8667,77.9972,0.562133,36.8778,155.597
79.94,16.8261,2.4157,21.0717,27.8662,77.9982,0.562133,36.8778,151.351
79.96,16.8729,2.40832,22.721,24.5248,78.2897,0.562133,36.8778,148.162
79.98,16.873,2.38077,22.7222,24.5223,78.2899,0.562133,36.8778,149.22
80,16.922,2.36587,22.4473,21.5521,78.2899,0.562133,36.8778,147.63
80.02,16.922,2.37471,22.4471,21.5499,78.0567,0.562133,36.8778,144.975
80.04,16.9689,2.37112,22.3097,21.5499,78.0565,0.562133,36.8778,140.728
80.06,16.9689,2.34379,22.3096,15.4704,78.1148,0.562133,36.8778,132.235
80.08,17.0124,2.32907,24.3712,15.4657,78.1149,0.562133,36.8778,123.738
80.1,17.0124,2.36647,24.3728,26.8358,78.2898,0.562133,36.8778,125.324
80.12,17.0567,2.36667,24.3728,26.8444,78.2899,0.567646,36.8367,126.916
80.14,17.0567,2.39579,22.8609,36.0333,78.2899,0.567653,36.8366,130.633
80.16,17.0567,2.45781,22.8598,36.0403,79.3388,0.567653,36.8366,133.288
80.18,17.0947,2.43926,24.509,36.0403,79.34,0.567653,36.8366,135.944
80.2,17.0947,2.32401,24.5103,27.8724,79.9812,0.567653,36.8366,134.354
80.22,17.1423,2.30982,24.8768,27.8662,79.9817,0.567653,36.8366,132.761
80.24,17.1423,2.26937,24.8771,37.1014,81.2059,0.567653,36.8366,131.698
80.26,17.184,2.26548,23.1826,37.1085,81.2068,0.567653,36.8366,130.637
80.28,17.184,2.37419,23.1807,28.6158,82.6059,0.567653,36.8366,132.227
80.3,17.2297,2.36043,23.1807,28.6093,82.6069,0.567653,36.8366,133.82
80.32,17.2298,2.36042,23.1807,29.259,82.6069,0.567653,36.8366,132.76
80.34,17.2593,2.37408,23.1807,29.2595,83.2479,0.567653,36.8366,130.107
80.36,17.2593,2.37409,24.4177,29.2595,83.2486,0.567653,36.8366,125.329
80.38,17.3035,2.37068,24.4186,30.6982,83.7733,0.569492,36.3017,119.488
80.4,17.3036,2.37068,24.8309,30.6993,83.7737,0.569494,36.3013,113.647
80.42,17.3397,2.3484,24.8312,34.3655,84.1817,0.569494,36.3013,114.173
80.44,17.3397,2.34838,24.5565,34.3683,84.1821,0.552252,36.3013,114.704
80.46,17.3722,2.43007,24.5561,31.1661,84.1238,0.552232,36.3013,116.827
80.48,17.3722,2.43013,24.5561,31.1637,84.1237,0.552232,36.3013,118.95
80.5,17.4069,2.37426,25.0601,20.7219,84.1237,0.552232,36.3013,123.728
80.52,17.4069,2.37421,25.0605,20.7139,84.6484,0.552232,36.3013,124.793
80.54,17.4408,2.38946,25.2895,20.7139,84.6488,0.552232,36.3013,124.263
80.56,17.4408,2.40518,25.2897,27.0254,85.0568,0.552232,36.3013,121.61
80.58,17.4755,2.43238,24.8316,27.0302,85.0571,0.552232,36.3013,118.955
80.6,17.4755,2.41839,24.8312,24.0601,84.8823,0.552232,36.3013,115.769
80.62,17.5035,2.39542,24.4191,24.0578,84.8821,0.552232,36.3013,112.584
80.64,17.5036,2.43032,24.4186,20.0203,84.0077,0.552232,36.3013,108.335
80.66,17.5364,2.30717,24.4186,20.0172,84.007,0.594013,34.9439,107.801
80.68,17.5364,2.28993,23.09,20.0172,84.007,0.594061,34.9423,107.27
80.7,17.5604,2.33757,23.089,26.7928,82.4914,0.584164,34.9423,105.678
80.72,17.5604,2.311,26.1585,26.798,82.4902,0.584156,34.9423,105.146
80.74,17.5976,2.30103,26.1608,22.8069,81.1495,0.584156,34.9423,107.268
80.76,17.5977,2.30465,28.6796,22.8038,81.1485,0.584156,34.9423,109.391
80.78,17.6342,2.44541,28.6825,28.9761,80.3907,0.584156,34.9423,110.986
80.8,17.6342,2.45521,28.6825,28.9809,80.3901,0.584156,34.9423,112.578
80.82,17.667,2.42999,26.8041,12.6916,80.2735,0.584156,34.9423,120.54
80.84,17.667,2.45822,26.8027,12.6791,80.2734,0.584156,34.9423,124.789
80.86,17.7002,2.46694,29.185,12.6791,80.2734,0.584156,34.9423,122.671
80.88,17.7002,2.43134,29.1868,31.7529,79.9819,0.584156,34.9423,120.547
80.9,17.7275,2.54691,26.8045,31.7675,79.9817,0.584156,34.9423,118.423
80.92,17.7275,2.54801,26.8027,27.1731,80.6812,0.574486,34.9423,117.36
80.94,17.7552,2.65057,26.5737,27.1695,80.6818,0.574478,34.9217,116.299
80.96,17.7552,2.65549,26.5735,24.8491,81.6145,0.574478,34.9217,115.767
80.98,17.7692,2.45405,26.5735,24.8474,81.6152,0.600294,34.9217,115.236
81,17.7692,2.40837,26.3902,26.1004,81.6152,0.600324,34.9217,115.766
81.02,17.793,2.60035,26.3901,26.1013,82.8976,0.600324,34.9217,116.828
81.04,17.793,2.60159,27.2147,26.1013,82.8986,0.600324,34.9217,118.42
81.06,17.8204,2.49713,27.2153,29.1643,86.0465,0.600324,34.9217,121.075
81.08,17.8204,2.49394,26.5281,29.1666,86.0489,0.600324,34.9217,123.73
81.1,17.8384,2.55668,26.5276,29.6307,88.4389,0.600324,34.9217,128.508
81.12,17.8384,2.55727,24.2378,29.6311,88.4408,0.600324,34.9217,133.285
81.14,17.8598,2.49002,24.2352,31.9979,89.4317,0.600324,34.9217,131.699
81.16,17.8598,2.46753,24.2352,31.9997,89.4325,0.600324,34.9217,130.106
81.18,17.8855,2.35719,26.3884,30.7003,89.4325,0.600324,34.9217,131.166
81.2,17.8856,2.40336,26.3901,30.6993,87.2756,0.559755,34.9011,134.881
81.22,17.9053,2.39931,26.2068,30.6993,87.274,0.559724,34.9011,135.414
81.24,17.9053,2.36754,26.2067,28.5181,84.7091,0.630906,34.9011,129.578
81.26,17.9053,2.42935,25.9777,28.5164,84.7071,0.630961,34.9011,123.739
81.28,17.9226,2.48861,25.9774,31.3009,83.5412,0.630961,34.9011,124.793
81.3,17.9226,2.37914,25.9774,31.303,83.5403,0.630961,34.9011,125.855
81.32,17.9487,2.40523,28.7262,26.9871,83.8901,0.630961,34.9011,127.979
81.34,17.9487,2.38994,28.7283,26.9838,83.8904,0.630961,34.9011,126.389
81.36,17.9627,2.32988,28.4992,26.9838,83.8904,0.630961,34.9011,125.326
81.38,17.9627,2.39398,28.4991,26.7517,85.9889,0.630961,34.9011,125.325
81.4,17.9778,2.42409,30.5148,26.7516,85.9905,0.630961,34.9011,125.325
81.42,17.9778,2.4452,30.5164,30.8355,87.7976,0.630961,34.9011,121.08
81.44,17.9858,2.44283,26.0742,30.8386,87.799,0.630961,34.9011,116.833
81.46,17.9858,2.44283,26.0691,36.7324,89.0815,0.630961,34.9011,110.461
81.48,17.9945,2.39691,26.0691,36.7369,89.0825,0.539895,34.5104,104.091
81.5,17.9945,2.39685,30.6046,34.1845,89.0825,0.539791,34.5099,105.675
81.52,18.0022,2.42744,30.6081,34.1825,91.3559,0.611127,34.5099,105.146
81.54,18.0022,2.42746,29.2795,34.1825,91.3577,0.611181,34.5099,104.084
81.56,18.0092,2.35922,29.2785,21.0954,93.0482,0.611181,34.5099,108.329
81.58,18.0092,2.35917,28.6829,21.0854,93.0495,0.611181,34.5099,112.577
81.6,18.0149,2.35592,28.6825,21.3175,94.5651,0.611181,34.5099,110.458
81.62,18.0149,2.35592,28.9572,21.3176,94.5663,0.611181,34.5099,108.334
81.64,18.0192,2.28204,28.9575,25.1231,93.9833,0.611181,34.5099,108.862
81.66,18.0192,2.27922,28.9575,25.126,93.9829,0.611181,34.5099,109.393
81.68,18.0242,2.36053,29.9654,24.8012,93.9829,0.611181,34.5099,112.578
81.7,18.0242,2.37003,29.9662,24.8009,93.6914,0.611181,34.5099,115.233
81.72,18.0289,2.30521,30.0578,24.8009,93.6912,0.611181,34.5099,115.766
81.74,18.0289,2.35651,30.0579,27.539,91.8841,0.555129,34.5099,115.236
81.76,18.0326,2.42696,30.6532,27.5411,91.8827,0.555087,33.8723,114.705
81.78,18.0326,2.37062,30.6539,30.4184,91.2415,0.555087,33.8716,115.766
81.8,18.0393,2.4008,30.2876,30.4206,91.241,0.637012,33.8716,116.827
81.82,18.0393,2.41994,30.2871,32.6018,91.7656,0.637106,33.8716,116.298
81.84,18.0409,2.39708,30.2871,32.6035,91.766,0.637106,33.8716,118.95
81.86,18.0409,2.4411,29.6916,34.9703,91.766,0.637106,33.8716,120.014
81.88,18.044,2.3558,29.6911,34.9721,92.4656,0.637106,33.8716,122.668
81.9,18.044,2.29672,30.1034,34.9721,92.4661,0.637106,33.8716,125.854
81.92,18.043,2.38705,30.1037,26.1545,92.9324,0.637106,33.8716,121.08
81.94,18.043,2.42434,28.5925,26.1478,92.9328,0.637106,33.8716,116.303
81.96,18.0416,2.409,28.5908,21.2285,92.3499,0.637106,33.8716,115.236
81.98,18.0416,2.3521,28.5908,21.2248,92.3494,0.637106,33.8716,114.174
82,18.0446,2.44361,28.3159,33.8478,89.9594,0.637106,33.8716,109.397
82.02,18.0446,2.47141,28.3157,33.8574,89.9575,0.622486,33.9745,108.333
82.04,18.0433,2.42068,29.461,33.8574,89.9575,0.622475,33.9745,107.271
82.06,18.0433,2.43223,29.4619,33.1613,88.0339,0.660051,33.9745,106.739
82.08,18.043,2.3672,31.1111,33.1608,88.0324,0.66008,33.9745,107.8
82.1,18.043,2.35453,31.1124,26.8957,86.7499,0.66008,33.9745,106.209
82.12,18.0446,2.23931,30.8834,26.8909,86.7489,0.66008,33.9745,104.616
82.14,18.0446,2.26926,30.8832,24.3848,85.4665,0.66008,33.9745,104.614
82.16,18.0443,2.38634,30.8832,24.3829,85.4655,0.66008,33.9745,104.615
82.18,18.0443,2.37285,27.7221,18.025,85.4655,0.66008,33.9745,103.553
82.2,18.0436,2.37663,27.7197,18.0201,84.7077,0.66008,33.9745,100.369
82.22,18.0436,2.37142,28.0403,18.0201,84.7071,0.66008,33.9745,97.713
82.24,18.045,2.33825,28.0406,29.1581,84.9403,0.66008,33.9745,96.6497
82.26,18.045,2.36136,29.1397,29.1666,84.9405,0.66008,33.9745,95.5881
82.28,18.043,2.43342,29.1409,20.6275,86.1646,0.66008,33.9745,97.7094
82.3,18.043,2.42634,29.2783,20.621,86.1656,0.65484,33.7894,99.8327
82.32,18.0416,2.30322,29.2785,15.0056,87.3314,0.654834,33.7892,97.7126
82.34,18.0416,2.3175,29.2785,15.0013,87.3323,0.677485,33.7892,95.5893
82.36,18.0409,2.33814,29.8282,24.747,87.3323,0.677511,33.7892,95.5869
82.38,18.0409,2.34599,29.8287,24.7545,87.3906,0.677511,33.7892,92.4031
82.4,18.0373,2.46148,30.1952,24.7545,87.3907,0.677511,33.7892,89.2168
82.42,18.0373,2.44795,30.1954,25.3114,87.9153,0.677511,33.7892,89.745
82.44,18.0333,2.44018,30.4244,25.3118,87.9157,0.677511,33.7892,90.2759
82.46,18.0333,2.42054,30.4247,26.2864,88.6152,0.677511,33.7892,89.2152
82.48,18.0329,2.38996,30.6079,26.2871,88.6158,0.677511,33.7892,88.1535
82.5,18.0329,2.40975,30.6081,33.0627,89.4319,0.677511,33.7892,91.3361
82.52,18.0262,2.34045,30.6081,33.0679,89.4325,0.677511,33.7892,94.5223
82.54,18.0262,2.31986,28.18,33.0679,89.4325,0.677511,33.7892,91.8716
82.56,18.0262,2.34715,28.1781,36.1772,90.5401,0.70536,32.9457,89.747
82.58,18.0242,2.33553,26.4372,36.1796,90.5409,0.705381,32.945,87.6229
82.6,18.0242,2.36142,26.4359,42.0735,91.1822,0.698669,32.945,89.2132
82.62,18.0216,2.38542,29.1378,42.078,91.1826,0.698664,32.945,90.8057
82.64,18.0216,2.40842,29.1409,39.0614,91.1244,0.698664,32.945,88.1543
82.66,18.0156,2.41454,29.1409,39.0591,91.1243,0.698664,32.945,85.5002
82.68,18.0155,2.39534,28.5912,36.2282,90.9494,0.698664,32.945,85.4971
82.7,18.0069,2.37223,28.5908,36.2261,90.9493,0.698664,32.945,83.9052
82.72,18.0069,2.28135,26.7582,36.2261,90.9493,0.698664,32.945,82.3121
82.74,17.9995,2.29792,26.7568,35.1587,90.5412,0.698664,32.945,84.4334
82.76,17.9995,2.29793,26.2531,35.1579,90.5409,0.698664,32.945,86.5568
82.78,17.9885,2.42535,26.2525,28.3823,90.0746,0.698664,32.945,88.6817
82.8,17.9885,2.42545,24.8787,28.3771,90.0742,0.698664,32.945,90.8051
82.82,17.9825,2.38258,24.8771,31.0688,89.841,0.698664,32.945,92.3994
82.84,17.9825,2.38255,24.8771,31.0708,89.8409,0.730633,33.3769,93.9919
82.86,17.9731,2.41648,28.2672,23.5991,89.8409,0.73067,33.3774,95.5857
82.88,17.9731,2.41651,28.2698,23.5934,88.2669,0.721089,33.3774,98.7707
82.9,17.9618,2.29933,26.5289,23.5934,88.2657,0.721082,33.3774,100.896
82.92,17.9617,2.29924,26.5276,29.0696,86.5752,0.721082,33.3774,97.1828
82.94,17.9521,2.24584,25.3827,29.0737,86.5739,0.721082,33.3774,93.4669
82.96,17.9521,2.31021,25.3814,33.0184,85.2332,0.721082,33.3774,95.5852
82.98,17.9397,2.31022,28.5413,33.0215,85.2321,0.721082,33.3774,97.7086
83,17.9397,2.27792,28.5449,28.1486,84.5326,0.721082,33.3774,99.8335
83.02,17.929,2.29476,28.5449,28.1449,84.5321,0.721082,33.3774,99.3045
83.04,17.929,2.26326,29.2321,25.4068,84.5321,0.721082,33.3774,98.7735
83.06,17.9146,2.22463,29.2326,25.4047,85.2899,0.721082,33.3774,101.957
83.08,17.9146,2.28336,29.7366,25.4047,85.2905,0.721082,33.3774,104.612
83.1,17.9043,2.29265,29.737,31.2057,85.8151,0.752089,33.3774,104.614
83.12,17.9043,2.25174,31.6604,31.2101,85.8155,0.752113,33.7682,104.615
83.14,17.8932,2.42279,31.6626,31.4886,86.6899,0.752113,33.7686,105.676
83.16,17.8932,2.45442,31.6626,31.4888,86.6906,0.792383,33.7686,106.737
83.18,17.8792,2.41936,32.7163,22.9033,88.7309,0.792429,33.7686,108.861
83.2,17.8792,2.40848,32.7171,22.8967,88.7324,0.792429,33.7686,108.863
83.22,17.8688,2.4046,34.3663,25.5884,88.7324,0.792429,33.7686,108.863
83.24,17.8688,2.45466,34.3676,25.5905,89.432,0.792429,33.7686,109.393
83.26,17.8568,2.45856,33.5433,25.5905,89.4325,0.792429,33.7686,107.272
83.28,17.8568,2.43121,33.5423,17.3298,89.7823,0.792429,33.7686,105.147
83.3,17.8488,2.42342,32.7638,17.3235,89.7825,0.792429,33.7686,103.024
83.32,17.8488,2.37316,32.7629,7.48494,90.9484,0.792429,33.7686,100.368
83.34,17.8321,2.33924,32.7629,7.47743,90.9493,0.792429,33.7686,97.714
83.36,17.8321,2.37878,32.4422,10.2155,90.9493,0.792429,33.7686,98.7723
83.38,17.8171,2.46459,32.442,10.2176,92.9313,0.752819,32.8428,99.8343
83.4,17.817,2.41223,30.7469,10.2176,92.9328,0.752789,32.8421,99.3045
83.42,17.8047,2.34711,30.7456,18.1998,95.4977,0.797933,32.8421,98.7735
83.44,17.8047,2.36671,32.1195,18.2059,95.4997,0.797967,32.8421,98.2426
83.46,17.7933,2.34408,32.1211,27.1163,97.948,0.797967,32.8421,96.1195
83.48,17.7933,2.32605,30.9304,27.1231,97.9499,0.797967,32.8421,93.9962
83.5,17.7722,2.31524,30.929,21.1364,99.8736,0.797967,32.8421,93.9937
83.52,17.7722,2.27836,30.929,21.1319,99.875,0.797967,32.8421,93.9937
83.54,17.7648,2.36242,32.8531,26.4688,99.875,0.797967,32.8421,92.9325
83.56,17.7648,2.39176,32.8546,26.4729,101.216,0.797967,32.8421,90.8091
83.58,17.7589,2.33192,34.5497,26.4729,101.217,0.797967,32.8421,91.3382
83.6,17.7589,2.33141,34.551,30.7889,102.732,0.797967,32.8421,90.8079
83.62,17.7353,2.38361,33.9557,30.7922,102.734,0.797967,32.8421,90.2771
83.64,17.7353,2.43377,33.955,21.2321,104.424,0.797967,32.8421,88.6846
83.66,17.7228,2.33349,33.8634,21.2248,104.425,0.737051,30.8265,87.0921
83.68,17.7227,2.33563,33.8633,11.8039,105.999,0.736981,30.8242,91.8659
83.7,17.7135,2.21975,33.8633,11.7967,106.001,0.757127,30.8242,96.6453
83.72,17.7135,2.19161,35.5583,11.7967,106.001,0.757143,30.8242,99.3021
83.74,17.6969,2.29215,35.5596,13.5138,107.749,0.757143,30.8242,103.549
83.76,17.6969,2.346,34.8269,13.5151,107.751,0.757143,30.8242,106.735
83.78,17.6859,2.2426,34.8261,24.5603,108.509,0.757143,30.8242,106.208
83.8,17.6859,2.20876,30.1549,24.5687,108.509,0.757143,30.8242,105.677
83.82,17.6859,2.18765,30.1496,21.5986,107.751,0.757143,30.8242,109.922
83.84,17.6682,2.20081,28.3178,21.5963,107.751,0.757143,30.8242,114.168
83.86,17.6681,2.35177,28.3157,14.7743,106.352,0.757143,30.8242,120.541
83.88,17.6549,2.37599,28.3157,14.7691,106.351,0.757143,30.8242,128.505
83.9,17.6549,2.45607,25.292,14.7691,106.351,0.757143,30.8242,133.287
83.92,17.642,2.50121,25.2897,1.63556,104.019,0.720839,31.1122,136.474
83.94,17.6419,2.31061,22.1298,1.62553,104.017,0.720811,31.1125,139.659
83.96,17.6257,2.26877,22.1262,6.08072,100.17,0.813386,31.1125,149.214
83.98,17.6257,2.2904,22.7673,6.08412,100.167,0.813456,31.1125,158.769
84,17.6091,2.31662,22.7681,16.8972,93.6378,0.813456,31.1125,164.087
84.02,17.6091,2.31664,22.7681,16.9055,93.6329,0.813456,31.1125,169.397
84.04,17.5947,2.4107,25.1503,6.18519,90.4267,0.813456,31.1125,170.462
84.06,17.5947,2.41077,25.1522,6.17701,90.4242,0.813456,31.1125,172.586
84.08,17.5851,2.27909,27.7177,6.17701,90.4242,0.813456,31.1125,176.832
84.1,17.5851,2.27899,27.7197,6.64109,88.7337,0.813456,31.1125,177.366
84.12,17.5597,2.29428,26.5748,6.64144,88.7324,0.813456,31.1125,177.897
84.14,17.5597,2.2943,26.5735,13.3242,87.858,0.813456,31.1125,175.775
84.16,17.5519,2.43134,28.9548,13.3293,87.8574,0.813456,31.1125,173.652
84.18,17.5519,2.4315,28.9575,26.6949,89.3147,0.813456,31.1125,178.425
84.2,17.5316,2.45491,28.9575,26.7051,89.3158,0.813188,30.7627,183.204
84.22,17.5316,2.43362,31.3398,26.5195,89.3158,0.813188,30.7624,183.739
84.24,17.5253,2.36849,31.3416,26.5193,93.8044,0.836361,30.7624,181.086
84.26,17.5253,2.34425,28.7313,26.5193,93.8079,0.836379,30.7624,183.736
84.28,17.5025,2.20549,28.7283,26.3801,97.1889,0.836379,30.7624,184.27
84.3,17.5025,2.20273,24.3777,26.38,97.1915,0.836379,30.7624,184.801
84.32,17.4848,2.2652,24.3728,20.0685,96.6085,0.836379,30.7624,181.087
84.34,17.4848,2.27153,24.3728,20.0637,96.6081,0.836379,30.7624,177.371
84.36,17.4696,2.23578,22.9526,22.8482,96.6664,0.836379,30.7624,178.959
84.38,17.4696,2.27459,22.9515,22.8503,96.6664,0.836379,30.7624,175.245
84.4,17.4563,2.41559,24.2342,30.5076,96.6664,0.836379,30.7624,170.997
84.42,17.4563,2.40442,24.2352,30.5135,97.5991,0.836379,30.7624,168.341
84.44,17.4431,2.3038,21.9912,30.5135,97.5999,0.836379,30.7624,164.626
84.46,17.4431,2.35168,21.9887,23.6451,97.833,0.847907,30.7624,165.152
84.48,17.4243,2.34121,18.8288,23.6398,97.8332,0.847916,29.7752,165.683
84.5,17.4242,2.30412,18.8252,26.0531,96.609,0.847916,29.7741,171.521
84.52,17.4139,2.28059,18.8252,26.0549,96.6081,0.80604,29.7741,177.362
84.54,17.4139,2.26373,14.3355,26.1013,96.6081,0.806008,29.7741,180.551
84.56,17.4017,2.32084,14.3321,26.1013,94.6261,0.806008,29.7741,188.512
84.58,17.4017,2.28209,14.6069,26.1013,94.6246,0.806008,29.7741,199.662
84.6,17.3855,2.33462,14.6071,28.9322,92.3512,0.806008,29.7741,204.977
84.62,17.3855,2.35898,16.9427,28.9344,92.3494,0.806008,29.7741,210.285
84.64,17.3744,2.2754,16.9454,25.7786,86.9864,0.806008,29.7741,215.067
84.66,17.3744,2.28432,13.8771,25.7762,86.9823,0.806008,29.7741,219.844
84.68,17.3648,2.24559,13.8736,16.5874,77.8302,0.806008,29.7741,220.38
84.7,17.3648,2.28183,13.8736,16.5804,77.8232,0.806008,29.7741,220.911
84.72,17.3597,2.23261,13.8278,14.9561,77.8232,0.806008,29.7741,221.973
84.74,17.3597,2.21917,13.8277,14.9549,67.0389,0.79352,28.9511,230.464
84.76,17.3567,2.14102,15.4306,14.9549,67.0306,0.79351,28.9504,237.366
84.78,17.3567,2.18034,15.4324,12.5416,61.0847,0.85533,28.9504,238.966
84.8,17.3552,2.13602,19.1876,12.5398,61.0801,0.855377,28.9504,240.558
84.82,17.3552,2.15115,19.1919,13.1895,59.0981,0.855377,28.9504,244.805
84.84,17.3523,2.10359,19.2835,13.19,59.0966,0.855377,28.9504,249.052
84.86,17.3523,2.13635,19.2836,19.8728,56.998,0.855377,28.9504,253.833
84.88,17.332,2.25318,19.2836,19.8779,56.9964,0.855377,28.9504,258.612
84.9,17.332,2.23182,19.2378,18.9497,56.9964,0.855377,28.9504,262.861
84.92,17.329,2.20076,19.2378,18.949,53.8486,0.855377,28.9504,259.68
84.94,17.329,2.20284,17.406,18.949,53.8462,0.855377,28.9504,256.495
84.96,17.3272,2.15604,17.4039,25.0285,51.2813,0.855377,28.9504,255.961
84.98,17.3272,2.16508,17.9992,25.0331,51.2793,0.855377,28.9504,255.43
85,17.3272,2.25188,17.9999,20.1139,51.6291,0.855377,28.9504,251.184
85.02,17.3287,2.25676,20.1073,20.1101,51.6293,0.868216,29.4442,246.936
85.04,17.3287,2.13923,20.1089,20.5278,53.2033,0.868226,29.4446,245.341
85.06,17.329,2.19079,20.1089,20.5281,53.2045,0.805512,29.4446,248.523
85.08,17.329,2.08885,18.2764,20.5281,53.2045,0.805464,29.4446,247.995
85.1,17.2667,2.0511,18.275,10.0398,55.8277,0.805464,29.4446,246.403
85.12,17.2667,1.98549,18.8245,10.0318,55.8297,0.805464,29.4446,247.463
85.14,17.2567,1.995,18.8252,13.6517,58.5695,0.805464,29.4446,247.994
85.16,17.2567,1.93294,18.642,13.6544,58.5716,0.805464,29.4446,248.525
85.18,17.2504,1.89991,18.6418,4.69765,62.1858,0.805464,29.4446,246.934
85.2,17.2504,1.89988,18.6418,4.69081,62.1885,0.805464,29.4446,245.341
85.22,17.2482,1.78518,18.9166,11.6056,67.9596,0.805464,29.4446,241.094
85.24,17.2482,1.7851,18.9169,11.6109,67.964,0.805464,29.4446,234.724
85.26,17.2468,1.76862,17.6346,11.6109,67.964,0.805464,29.4446,229.415
85.28,17.2468,1.7686,17.6331,2.32927,75.3673,0.913321,29.0743,224.633
85.3,17.2449,1.66826,14.9312,2.32218,75.373,0.913403,29.074,219.855
85.32,17.2449,1.66815,14.9281,-9.60473,87.0317,0.792967,29.074,216.135
85.34,17.242,1.60935,14.6075,-9.61384,87.0406,0.792875,29.074,212.419
85.36,17.242,1.60929,14.6071,-12.6304,103.305,0.792875,29.074,207.109
85.38,17.2416,1.46732,14.6071,-12.6327,103.317,0.792875,29.074,201.799
85.4,17.2416,1.51153,14.2406,-4.92891,103.317,0.792875,29.074,194.366
85.42,17.2427,1.49468,14.2404,-4.92303,123.778,0.792875,29.074,187.462
85.44,17.2427,1.54748,14.8357,-4.92303,123.794,0.792875,29.074,185.335
85.46,17.2416,1.64108,14.8364,-13.787,143.089,0.792875,29.074,180.557
85.48,17.2416,1.67409,17.5383,-13.7938,143.104,0.792875,29.074,175.779
85.5,17.2416,1.88634,17.5414,-11.8446,153.655,0.792875,29.074,168.345
85.52,17.2416,1.86646,19.3739,-11.8431,153.663,0.792875,29.074,160.91
85.54,17.2412,1.84569,19.3753,-1.07642,160.017,0.792875,29.074,154.006
85.56,17.2412,1.98839,19.3753,-1.0682,160.022,0.934324,27.3251,147.103
85.58,17.2405,2.31908,24.7813,11.6012,160.022,0.934432,27.3238,139.669
85.6,17.2405,2.26534,24.7854,11.6109,158.914,0.773725,27.3238,135.949
85.62,17.2408,2.39718,28.8612,11.6109,158.913,0.773602,27.3238,136.476
85.64,17.2408,2.23683,28.8658,-1.38339,148.362,0.773602,27.3238,139.661
85.66,17.2423,2.5519,34.4071,-1.39331,148.354,0.773602,27.3238,142.846
85.68,17.2423,2.40003,34.4134,-1.39331,130.166,0.773602,27.3238,148.156
85.7,17.2526,2.55424,34.4134,-1.39331,130.153,0.773602,27.3238,153.466
85.72,17.2527,2.36443,36.0627,8.72369,110.449,0.773602,27.3238,156.654
85.74,17.2619,2.56678,36.064,8.73141,110.434,0.773602,27.3238,159.309
85.76,17.2619,2.42169,41.3762,8.73141,110.434,0.773602,27.3238,157.19
85.78,17.2803,2.35191,41.3823,7.06071,99.8831,0.773602,27.3238,156.657
85.8,17.2803,2.34353,42.8478,7.05944,99.875,0.773602,27.3238,156.656
85.82,17.3006,2.44003,42.8495,20.5642,96.086,0.817959,27.3238,158.779
85.84,17.3006,2.42057,47.658,20.5745,96.0831,0.817993,27.7351,160.902
85.86,17.3135,2.41293,47.6635,12.0354,95.5001,0.817993,27.7356,158.782
85.88,17.3135,2.3942,47.6635,12.0289,95.4997,0.742526,27.7356,156.658
85.9,17.3257,2.37907,47.2512,-1.89356,95.4997,0.742469,27.7356,158.248
85.92,17.3257,2.37764,47.2509,-1.90419,95.7329,0.742469,27.7356,166.209
85.94,17.3405,2.27219,44.5947,-1.90419,95.733,0.742469,27.7356,169.928
85.96,17.3405,2.27118,44.5917,5.19627,97.5401,0.742469,27.7356,170.463
85.98,17.353,2.35405,42.4851,5.20169,97.5415,0.742469,27.7356,170.994
86,17.353,2.39255,42.4827,18.1496,99.2903,0.742469,27.7356,171.525
86.02,17.3685,2.40032,42.895,18.1595,99.2917,0.742469,27.7356,172.056
86.04,17.3685,2.35387,42.8953,17.6026,101.857,0.742469,27.7356,166.219
86.06,17.3774,2.31761,42.8953,17.6021,101.859,0.742469,27.7356,160.378
86.08,17.3774,2.33877,39.1845,18.8088,101.859,0.742469,27.7356,161.435
86.1,17.3906,2.39451,39.1816,18.8097,103.549,0.755737,28.1471,159.313
86.12,17.3907,2.423,38.5863,18.8097,103.55,0.755747,28.1474,152.416
86.14,17.405,2.45409,38.5856,18.2992,103.784,0.746443,28.1474,147.632
86.16,17.405,2.43679,40.5548,18.2988,103.784,0.746436,28.1474,142.855
86.18,17.405,2.32947,40.5571,22.6612,102.618,0.746436,28.1474,144.441
86.2,17.418,2.32898,43.26,22.6645,102.617,0.746436,28.1474,146.034
86.22,17.418,2.3051,43.2621,14.9143,100.985,0.746436,28.1474,146.566
86.24,17.4353,2.31864,43.2621,14.9084,100.983,0.746436,28.1474,147.097
86.26,17.4353,2.4468,39.4611,20.1042,100.983,0.746436,28.1474,146.037
86.28,17.4523,2.4172,39.4567,20.1101,98.0688,0.746436,28.1474,144.444
86.3,17.4523,2.40955,38.9988,20.1101,98.0666,0.746436,28.1474,147.625
86.32,17.4648,2.3962,38.9982,23.3587,96.0846,0.746436,28.1474,147.098
86.34,17.4648,2.30519,41.1048,23.3612,96.0831,0.746436,28.1474,146.567
86.36,17.4814,2.32628,41.1072,32.2715,95.2087,0.746436,28.1474,151.873
86.38,17.4814,2.3263,41.1072,32.2784,95.208,0.723402,28.8881,157.183
86.4,17.4988,2.50382,39.9619,31.9999,94.5085,0.723384,28.8887,162.494
86.42,17.4988,2.50396,39.961,31.9997,94.5079,0.746467,28.8887,168.335
86.44,17.5087,2.28976,42.663,31.9997,94.5079,0.746485,28.8887,174.704
86.46,17.5087,2.28951,42.6661,27.5909,93.1672,0.746485,28.8887,183.202
86.48,17.5205,2.39731,39.5062,27.5875,93.1661,0.746485,28.8887,191.695
86.5,17.5205,2.39743,39.5026,36.8692,92.35,0.746485,28.8887,189.052
86.52,17.536,2.40032,34.8755,36.8763,92.3494,0.746485,28.8887,186.396
86.54,17.536,2.40032,34.8719,43.4662,92.1162,0.746485,28.8887,187.456
86.56,17.5449,2.30156,34.8719,43.4713,92.1161,0.746485,28.8887,188.518
86.58,17.5449,2.32743,35.834,39.7122,92.1161,0.746485,28.8887,193.825
86.6,17.5545,2.41084,35.8347,39.7093,91.5331,0.746485,28.8887,197.543
86.62,17.5545,2.41139,38.3993,39.7093,91.5327,0.746485,28.8887,199.668
86.64,17.5644,2.40725,38.4022,42.0762,91.9407,0.639399,28.0862,202.324
86.66,17.5645,2.40333,37.5321,42.078,91.941,0.639317,28.0856,204.978
86.68,17.5796,2.4243,37.5311,43.7023,91.2415,0.639317,28.0856,209.756
86.7,17.5796,2.41792,37.073,43.7035,91.241,0.746251,28.0856,214.536
86.72,17.5943,2.36305,37.0726,39.2947,90.0751,0.746332,28.0856,212.948
86.74,17.5943,2.375,37.0726,39.2913,90.0742,0.746332,28.0856,211.354
86.76,17.6032,2.43449,36.0193,40.4511,90.0742,0.746332,28.0856,212.944
86.78,17.6032,2.4178,36.0181,40.4524,89.5496,0.746332,28.0856,212.946
86.8,17.6179,2.47692,36.2013,40.4524,89.5492,0.746332,28.0856,214.007
86.82,17.618,2.51722,36.2015,41.6126,89.2577,0.746332,28.0856,215.07
86.84,17.6349,2.52683,32.8584,41.6135,89.2575,0.746332,28.0856,216.131
86.86,17.6349,2.47592,32.8546,37.3904,88.2665,0.746332,28.0856,215.602
86.88,17.6486,2.47593,32.763,37.3872,88.2657,0.746332,28.0856,215.071
86.9,17.6486,2.47345,32.7629,35.3452,87.7994,0.746332,28.0856,211.887
86.92,17.6644,2.44712,32.7629,35.3436,87.799,0.58084,30.4929,212.945
86.94,17.6644,2.47751,32.2134,42.0703,87.799,0.580714,30.4947,215.068
86.96,17.6777,2.51853,32.2127,42.078,87.799,0.729428,30.4947,218.254
86.98,17.6777,2.53517,33.4492,42.078,87.799,0.729542,30.4947,220.378
87,17.6936,2.47269,33.4506,40.9178,88.2654,0.729542,30.4947,218.258
87.02,17.6936,2.4332,32.0763,40.9169,88.2657,0.729542,30.4947,216.134
87.04,17.7054,2.32013,32.0752,48.1566,88.5572,0.729542,30.4947,215.071
87.06,17.7054,2.31774,32.0752,48.1621,88.5574,0.729542,30.4947,214.009
87.08,17.7183,2.42657,29.8762,46.445,88.4408,0.729542,30.4947,210.294
87.1,17.7183,2.45622,29.8745,46.4437,88.4408,0.729542,30.4947,206.046
87.12,17.7334,2.42259,31.34,46.4437,88.4408,0.729542,30.4947,202.33
87.14,17.7334,2.39538,31.3416,50.806,88.7905,0.729542,30.4947,200.203
87.16,17.7493,2.37188,32.2575,50.8094,88.7908,0.729542,30.4947,198.08
87.18,17.7493,2.36619,32.2586,39.625,90.9476,0.636733,30.4947,198.077
87.2,17.76,2.36995,30.9758,39.6165,90.9493,0.636662,31.2766,198.077
87.22,17.76,2.40396,30.9749,42.3081,92.1152,0.636662,31.2772,193.832
87.24,17.7703,2.42832,30.9749,42.3102,92.1161,0.714455,31.2772,189.584
87.26,17.7703,2.42739,31.6618,42.9133,92.1161,0.714515,31.2772,183.215
87.28,17.7703,2.39174,31.6626,42.9139,93.1653,0.714515,31.2772,177.902
87.3,17.7843,2.38848,32.0747,42.9139,93.1661,0.714515,31.2772,182.672
87.32,17.7843,2.3847,32.0752,37.9947,94.7984,0.714515,31.2772,190.106
87.34,17.7956,2.38474,30.8387,37.9909,94.7996,0.714515,31.2772,197.538
87.36,17.7957,2.43672,30.8373,29.1734,95.5574,0.714515,31.2772,201.261
87.38,17.8124,2.41912,31.0664,29.1666,95.558,0.714515,31.2772,204.978
87.4,17.8124,2.35262,31.0665,36.7776,94.5087,0.714515,31.2772,208.164
87.42,17.8241,2.35735,31.0665,36.7834,94.5079,0.714515,31.2772,211.351
87.44,17.8241,2.32381,31.3871,34.3711,94.5079,0.714515,31.2772,212.944
87.46,17.8394,2.32149,31.3875,34.3683,93.8667,0.702968,32.4705,215.069
87.48,17.8394,2.32149,30.4258,34.3683,93.8662,0.702959,32.4714,215.07
87.5,17.8561,2.36274,30.4247,26.943,93.5164,0.733904,32.4714,217.724
87.52,17.8561,2.36277,30.0582,26.9373,93.5162,0.733927,32.4714,220.379
87.54,17.8728,2.41318,30.0579,35.6621,92.292,0.733927,32.4714,224.626
87.56,17.8729,2.41322,32.3485,35.6687,92.2911,0.733927,32.4714,228.874
87.58,17.8875,2.35304,32.3503,25.2269,90.8337,0.733927,32.4714,234.184
87.6,17.8876,2.35299,32.3503,25.2189,90.8326,0.733927,32.4714,234.188
87.62,17.8999,2.40649,32.4419,25.2189,90.8326,0.733927,32.4714,231.536
87.64,17.8999,2.40655,32.442,21.5063,89.0838,0.733927,32.4714,232.063
87.66,17.9103,2.49288,34.7318,21.5034,89.0825,0.733927,32.4714,233.655
87.68,17.9103,2.521,34.7344,22.1067,87.0422,0.733927,32.4714,237.371
87.7,17.918,2.41258,34.5511,22.1072,87.0406,0.733927,32.4714,241.088
87.72,17.918,2.42109,34.551,22.2,85.2335,0.733927,32.4714,235.254
87.74,17.927,2.40182,34.551,22.2001,85.2321,0.747395,30.5168,229.413
87.76,17.927,2.39189,36.108,20.2517,84.8825,0.747406,30.5153,218.269
87.78,17.9387,2.42793,36.1098,20.2494,84.8821,0.715143,30.5153,209.766
87.8,17.9387,2.42891,33.5911,20.2494,84.8821,0.715118,30.5153,201.804
87.82,17.9467,2.38537,33.5882,24.1013,84.8821,0.715118,30.5153,195.427
87.84,17.9467,2.38345,34.1377,24.1043,84.8821,0.715118,30.5153,190.648
87.86,17.9537,2.39103,34.1384,26.007,86.1063,0.715118,30.5153,187.459
87.88,17.9537,2.43265,34.1384,26.0085,86.1072,0.715118,30.5153,184.273
87.9,17.9564,2.30557,34.1384,37.3785,87.7977,0.715118,30.5153,178.433
87.92,17.9564,2.25282,34.1384,37.3872,87.799,0.715118,30.5153,172.592
87.94,17.9621,2.22071,32.7187,29.176,87.799,0.715118,30.5153,168.344
87.96,17.9621,2.29158,32.7171,29.1666,90.3057,0.715118,30.5153,161.971
87.98,17.9647,2.28235,30.1525,29.1666,90.3076,0.715118,30.5153,159.314
88,17.9648,2.27165,30.1496,28.1921,91.1237,0.719896,30.4947,155.597
88.02,17.9694,2.36911,32.0279,28.1913,91.1243,0.719899,30.4947,151.88
88.04,17.9694,2.38889,32.0294,36.2663,91.2992,0.719899,30.4947,146.04
88.06,17.9738,2.40003,31.5712,36.2725,91.2993,0.776525,30.4947,140.199
88.08,17.9738,2.37976,31.5709,33.7665,90.4832,0.776568,30.4947,134.888
88.1,17.9771,2.37593,31.5709,33.7645,90.4826,0.776568,30.4947,129.577
88.12,17.9771,2.38483,29.9222,33.6718,90.4826,0.776568,30.4947,126.391
88.14,17.9798,2.38869,29.9204,33.6717,89.2001,0.776568,30.4947,122.673
88.16,17.9798,2.41074,32.6681,33.6717,89.1992,0.776568,30.4947,119.487
88.18,17.9831,2.32982,32.6712,36.5954,87.5086,0.776568,30.4947,121.606
88.2,17.9831,2.25274,30.3806,36.5976,87.5073,0.776568,30.4947,123.73
88.22,17.9848,2.24602,30.3788,33.0242,86.5163,0.776568,30.4947,123.732
88.24,17.9848,2.28734,30.3788,33.0215,86.5156,0.776568,30.4947,123.732
88.26,17.9878,2.32148,29.5087,40.5367,85.4084,0.776568,30.4947,123.201
88.28,17.9878,2.32832,29.5077,40.5453,85.4072,0.768275,30.4536,122.67
88.3,17.9901,2.4191,29.8283,40.5453,85.4072,0.768269,30.4536,120.548
88.32,17.9902,2.40504,29.8287,41.7519,84.7076,0.787392,30.4536,123.199
88.34,17.9912,2.24088,29.6455,41.7529,84.7071,0.787407,30.4536,129.566
88.36,17.9912,2.29159,29.6453,35.0237,85.3483,0.787407,30.4536,134.349
88.38,17.9942,2.50405,28.8664,35.0185,85.3488,0.787407,30.4536,139.128
88.4,17.9942,2.45491,28.8658,32.6981,85.4654,0.787407,30.4536,138.071
88.42,17.9945,2.48491,28.8658,32.6963,85.4655,0.787407,30.4536,137.009
88.44,17.9945,2.46526,29.3238,35.2478,85.4655,0.787407,30.4536,134.356
88.46,17.9945,2.45247,29.3243,35.2507,85.8153,0.787407,30.4536,136.475
88.48,17.9945,2.48277,29.3243,35.2507,85.8155,0.787407,30.4536,141.251
88.5,17.9945,2.39948,29.3243,31.306,86.0487,0.787407,30.4536,144.44
88.52,17.9945,2.3835,31.5233,31.303,86.0489,0.787407,30.4536,147.626
88.54,17.9945,2.40644,31.525,20.6291,86.1072,0.787407,30.4536,143.914
88.56,17.9958,2.37372,28.8679,20.621,86.1072,0.77932,30.8033,140.197
88.58,17.9958,2.40015,28.8658,18.5334,85.4662,0.779314,30.8036,138.603
88.6,17.9958,2.36197,28.8658,18.531,85.4655,0.812173,30.8036,137.009
88.62,17.9958,2.3471,28.1789,21.5464,85.4655,0.812198,30.8036,137.008
88.64,17.9952,2.3726,28.1781,21.5499,86.2816,0.812198,30.8036,138.6
88.66,17.9952,2.39897,30.1473,21.5499,86.2822,0.812198,30.8036,138.601
88.68,17.9952,2.41633,30.1496,32.2702,88.2642,0.812198,30.8036,137.54
88.7,17.9952,2.41634,29.5082,32.2784,88.2657,0.812198,30.8036,136.478
88.72,17.9968,2.36367,29.5077,26.895,89.1401,0.812198,30.8036,137.007
88.74,17.9968,2.36363,29.5535,26.8909,89.1408,0.812198,30.8036,137.538
88.76,17.9945,2.37723,29.5536,27.4476,86.1107,0.812198,30.8036,133.295
88.78,17.9945,2.37724,29.5536,27.4482,86.1072,0.812198,30.8036,129.045
88.8,17.9935,2.35294,30.4237,30.0461,86.1072,0.812198,30.8036,125.86
88.82,17.9935,2.35292,30.4247,30.0491,83.5423,0.812352,29.0959,124.795
88.84,17.9922,2.3883,29.6462,30.0491,83.5403,0.812352,29.0946,123.733
88.86,17.9922,2.38834,29.6453,44.25,82.1413,0.868415,29.0946,124.263
88.88,17.9865,2.36307,31.3403,44.2608,82.1402,0.868458,29.0946,124.794
88.9,17.9865,2.33911,31.3416,42.1724,80.6829,0.868458,29.0946,122.141
88.92,17.9858,2.35646,31.3416,42.1709,80.6818,0.868458,29.0946,119.486
88.94,17.9858,2.36622,31.1127,48.5727,80.5652,0.868458,29.0946,121.075
88.96,17.9825,2.3111,31.1124,48.5801,80.5651,0.868458,29.0946,127.444
88.98,17.9825,2.34469,28.2731,45.3791,80.5651,0.868458,29.0946,131.162
89,17.9708,2.30421,28.2698,45.3755,81.3812,0.868458,29.0946,132.228
89.02,17.9708,2.28494,26.3915,45.3755,81.3818,0.868458,29.0946,134.351
89.04,17.9661,2.36291,26.3901,51.7798,82.1979,0.868458,29.0946,134.883
89.06,17.9661,2.36716,25.9319,51.7847,82.1986,0.868458,29.0946,135.414
89.08,17.9591,2.30854,25.9316,48.8621,83.3057,0.868458,29.0946,133.823
89.1,17.9591,2.30892,25.9316,48.8587,83.307,0.892611,28.4156,132.23
89.12,17.9531,2.32263,24.1914,46.4464,83.307,0.89263,28.4151,132.759
89.14,17.9531,2.31582,24.1894,46.4437,84.298,0.853173,28.4151,133.29
89.16,17.9474,2.29528,20.8921,46.4437,84.2987,0.853143,28.4151,138.064
89.18,17.9474,2.26535,20.8883,42.5454,84.2987,0.853143,28.4151,143.907
89.2,17.935,2.38086,20.4302,42.5424,84.2987,0.853143,28.4151,146.034
89.22,17.935,2.41267,20.4298,45.002,83.6575,0.853143,28.4151,147.097
89.24,17.9323,2.32267,21.7584,45.0039,83.657,0.853143,28.4151,148.159
89.26,17.9323,2.34271,21.7594,32.1073,82.3168,0.853143,28.4151,147.629
89.28,17.926,2.40645,21.7594,32.0926,82.3152,0.853143,28.4151,147.098
89.3,17.926,2.34056,25.3773,33.9946,82.3152,0.853143,28.4151,147.098
89.32,17.9156,2.39697,25.3814,33.9968,80.7996,0.853143,28.4151,147.628
89.34,17.9156,2.36879,25.0608,33.9968,80.7984,0.853143,28.4151,145.507
89.36,17.9083,2.32409,25.0605,40.1227,79.4577,0.964333,28.7031,139.137
89.38,17.9083,2.36942,26.389,40.1273,79.4567,0.964417,28.7033,135.948
89.4,17.9023,2.31278,26.3901,35.6721,78.6406,0.964417,28.7033,135.415
89.42,17.9023,2.3155,27.9935,35.6687,78.6399,0.835453,28.7033,134.884
89.44,17.9013,2.376,27.9947,31.4472,78.6399,0.835355,28.7033,132.232
89.46,17.9013,2.35589,27.9947,31.4424,78.6399,0.835355,28.7033,129.575
89.48,17.8899,2.34457,32.1621,31.0248,78.6399,0.835355,28.7033,128.512
89.5,17.8899,2.38144,32.1669,31.0244,79.3977,0.835355,28.7033,131.164
89.52,17.8822,2.4121,31.7546,31.0244,79.3983,0.835355,28.7033,133.82
89.54,17.8822,2.41354,31.7543,38.3569,79.3983,0.835355,28.7033,134.352
89.56,17.8729,2.28545,33.1287,38.3625,79.3983,0.835355,28.7033,134.883
89.58,17.8729,2.2858,33.1297,37.4347,79.1652,0.835355,28.7033,131.171
89.6,17.8625,2.37933,31.6637,37.4336,79.165,0.835355,28.7033,127.452
89.62,17.8625,2.33662,31.6626,32.4698,79.7477,0.835355,28.7033,129.04
89.64,17.8625,2.34406,31.6626,32.4641,79.7484,0.995949,28.4359,130.634
89.66,17.8498,2.3837,32.7159,32.4641,79.7484,0.996071,28.4357,132.757
89.68,17.8498,2.47469,32.7171,36.9193,80.6228,0.869986,28.4357,136.474
89.7,17.8321,2.44043,31.2052,36.9227,80.6234,0.86989,28.4357,135.416
89.72,17.8321,2.31534,31.2041,45.9259,80.3903,0.86989,28.4357,133.823
89.74,17.8234,2.33363,30.1962,45.9328,80.3901,0.86989,28.4357,132.23
89.76,17.8234,2.38095,30.1954,41.7576,81.0311,0.86989,28.4357,135.941
89.78,17.811,2.37241,30.1954,41.7529,81.0318,0.86989,28.4357,139.66
89.8,17.811,2.47221,28.8674,29.0419,81.4397,0.86989,28.4357,137.541
89.82,17.8003,2.50594,28.8658,29.0273,81.4402,0.86989,28.4357,135.416
89.84,17.8003,2.50597,29.1864,29.0273,81.4402,0.86989,28.4357,134.354
89.86,17.793,2.39946,29.1868,34.0858,82.4894,0.86989,28.4357,134.353
89.88,17.793,2.39938,25.8424,34.0897,82.4902,0.86989,28.4357,139.659
89.9,17.7856,2.35021,25.8399,36.1316,82.6651,1.05971,28.4357,143.377
89.92,17.7856,2.35017,26.2522,36.1332,82.6653,1.05986,25.7404,147.095
89.94,17.7755,2.34314,26.2525,41.3753,82.8984,1.05986,25.7383,146.567
89.96,17.7755,2.34313,26.2525,41.3813,82.8986,0.988992,25.7383,146.036
89.98,17.7715,2.30912,28.0843,29.9228,82.8986,0.988937,25.7383,142.322
90,17.7715,2.30908,28.0864,29.9097,82.8403,0.988937,25.7383,138.604
90.02,17.763,2.43662,27.3992,29.9097,82.8403,0.988937,25.7383,138.07
90.04,17.763,2.42036,27.3987,22.4844,83.0152,0.988937,25.7383,135.947
90.06,17.7619,2.34139,26.7115,22.4787,83.0153,0.988937,25.7383,133.823
90.08,17.7619,2.32699,26.711,26.7931,82.4909,0.988937,25.7383,130.639
90.1,17.756,2.40154,27.0317,26.798,82.4902,0.988937,25.7383,127.452
90.12,17.756,2.42758,27.0319,31.1587,82.8399,0.988937,25.7383,129.571
90.14,17.7478,2.35891,27.0319,31.1637,82.8403,0.988937,25.7383,131.696
90.16,17.7478,2.36482,29.5507,26.6638,82.8403,0.988937,25.7383,133.289
90.18,17.7427,2.34072,29.5536,26.6587,83.5981,1.01882,24.4421,132.229
90.2,17.7427,2.31181,29.8284,26.6587,83.5987,1.01884,24.4411,132.228
90.22,17.7346,2.33913,29.8287,24.6631,83.9484,1.00419,24.4411,134.882
90.24,17.7346,2.37123,29.2789,24.6616,83.9487,1.00418,24.4411,137.537
90.26,17.7283,2.26077,29.2785,21.1359,84.648,1.00418,24.4411,138.6
90.28,17.7283,2.24532,29.2785,21.1319,84.6488,1.00418,24.4411,139.662
90.3,17.7235,2.30007,31.0645,27.209,85.4646,1.00418,24.4411,138.072
90.32,17.7235,2.32043,31.0665,27.216,85.4655,1.00418,24.4411,136.478
90.34,17.7183,2.3548,34.089,26.7521,85.4655,1.00418,24.4411,132.764
90.36,17.7183,2.35254,34.0925,26.7516,87.2726,1.00418,24.4411,133.29
90.38,17.7124,2.28439,33.4511,26.7516,87.274,1.00418,24.4411,132.229
90.4,17.7124,2.28168,33.4506,33.5736,89.256,1.00418,24.4411,134.351
90.42,17.7087,2.40123,30.1979,33.5788,89.2575,1.00418,24.4411,136.475
90.44,17.7087,2.39897,30.1954,39.7023,91.8214,1.00418,24.4411,136.477
90.46,17.6984,2.44511,30.1954,39.7093,91.8244,1.01556,24.6057,136.477
90.48,17.6984,2.45382,31.3403,55.3429,91.8244,1.01557,24.6058,134.355
90.5,17.6962,2.34541,31.3416,55.3609,96.1381,1.02714,24.6058,132.761
90.52,17.6962,2.31694,31.754,51.0449,96.1414,1.02715,24.6058,130.637
90.54,17.6943,2.35535,31.7543,51.0416,102.029,1.02715,24.6058,127.982
90.56,17.6943,2.34099,33.037,51.0416,102.034,1.02715,24.6058,126.388
90.58,17.6943,2.36728,33.038,59.5774,108.327,1.02715,24.6058,125.326
90.6,17.6943,2.36359,30.1518,59.5872,108.334,1.02715,24.6058,124.264
90.62,17.6943,2.28917,30.1496,51.6081,111.83,1.02715,24.6058,121.08
90.64,17.6943,2.30946,30.1496,51.5989,111.834,1.02715,24.6058,117.893
90.66,17.6947,2.25341,28.043,47.1454,111.834,1.02715,24.6058,117.36
90.68,17.6947,2.21587,28.0406,47.1403,111.426,1.02715,24.6058,117.359
90.7,17.6936,2.23435,29.0027,47.1403,111.426,1.02715,24.6058,120.013
90.72,17.6936,2.33414,29.0034,47.2331,107.462,1.04592,24.2766,120.015
90.74,17.6943,2.32415,30.6527,47.2332,107.459,1.04594,24.2764,120.015
90.76,17.6943,2.31517,30.6539,50.9445,103.846,1.04594,24.2764,117.893
90.78,17.6962,2.39489,30.7455,50.9487,103.842,1.06788,24.2764,115.768
90.8,17.6962,2.40948,30.7456,52.3404,101.22,1.0679,24.2764,116.827
90.82,17.6962,2.36726,30.7456,52.342,101.217,1.0679,24.2764,117.89
90.84,17.7039,2.33668,31.8447,37.497,101.217,1.0679,24.2764,120.543
90.86,17.7039,2.45087,31.846,37.48,99.2348,1.0679,24.2764,122.138
90.88,17.7058,2.47698,32.075,37.48,99.2333,1.0679,24.2764,123.731
90.9,17.7058,2.48884,32.0752,46.4832,96.6684,1.0679,24.2764,127.446
90.92,17.7117,2.40719,34.4117,46.4901,96.6664,1.0679,24.2764,131.164
90.94,17.7117,2.38061,34.4134,42.6861,93.1702,1.0679,24.2764,137.532
90.96,17.7209,2.36072,34.9174,42.6817,93.1661,1.0679,24.2764,143.906
90.98,17.7209,2.42357,34.9178,42.0787,90.777,1.0679,24.2764,147.094
91,17.7371,2.48002,34.9178,42.078,90.7743,1.06974,26.3544,150.281
91.02,17.7371,2.48006,37.4833,44.3984,90.7743,1.06974,26.356,153.468
91.04,17.746,2.5972,37.4853,44.4001,90.0748,1.05317,26.356,157.715
91.06,17.746,2.59729,40.0508,44.4001,90.0742,1.05315,26.356,168.862
91.08,17.7582,2.66568,40.0527,43.3796,88.2095,1.05315,26.356,177.357
91.1,17.7582,2.66576,45.2296,43.3784,88.2074,1.05315,26.356,185.857
91.12,17.7622,2.67549,45.2336,36.4198,85.5269,1.05315,26.356,186.394
91.14,17.7622,2.6755,44.5464,36.4118,85.5238,1.05315,26.356,186.925
91.16,17.7806,2.5935,44.5458,46.7105,82.9016,1.05315,26.356,185.865
91.18,17.7806,2.59341,44.5458,46.7223,82.8986,1.05315,26.356,189.047
91.2,17.7936,2.55086,46.6074,46.7223,82.8986,1.05315,26.356,192.764
91.22,17.7936,2.51669,46.609,60.2271,81.6162,1.05315,26.356,194.889
91.24,17.808,2.52178,44.0435,60.2374,81.6152,1.05315,26.356,194.36
91.26,17.808,2.52017,44.0415,66.6393,81.3238,1.03262,26.356,192.238
91.28,17.8164,2.4649,42.3922,66.6467,81.3235,1.03259,24.7512,190.113
91.3,17.8164,2.45601,42.391,48.0441,82.722,1.03259,24.7499,185.338
91.32,17.8231,2.53126,42.391,48.0228,82.7236,0.996867,24.7499,180.557
91.34,17.8231,2.57664,41.5209,54.5638,83.9473,0.99684,24.7499,178.962
91.36,17.8301,2.35588,41.5199,54.5713,83.9487,0.99684,24.7499,175.245
91.38,17.8301,2.35035,41.7031,54.5713,83.9487,0.99684,24.7499,169.406
91.4,17.8337,2.34229,41.7033,55.1282,86.0473,0.99684,24.7499,165.687
91.42,17.8338,2.40082,41.291,55.1286,86.0489,0.99684,24.7499,163.031
91.44,17.8401,2.36572,41.2906,32.2117,87.6222,0.99684,24.7499,160.377
91.46,17.8401,2.38821,36.7552,32.1855,87.624,0.99684,24.7499,157.72
91.48,17.8471,2.2261,36.7517,45.3604,88.6729,0.99684,24.7499,149.762
91.5,17.8471,2.22635,36.7517,45.3755,88.6741,0.99684,24.7499,141.793
91.52,17.8545,2.36977,38.7216,38.3214,88.6741,0.99684,24.7499,130.644
91.54,17.8545,2.39395,38.7232,38.316,88.2078,0.994907,27.8773,124.798
91.56,17.8585,2.40161,37.3488,38.316,88.2074,0.994906,27.8797,123.202
91.58,17.8585,2.40741,37.3477,24.0741,87.1002,1.01735,27.8797,123.201
91.6,17.8652,2.36173,37.1186,24.0578,87.099,1.01737,27.8797,123.201
91.62,17.8652,2.37557,37.1185,23.13,86.9242,1.01737,27.8797,122.14
91.64,17.8728,2.28279,37.5766,23.1289,86.924,1.01737,27.8797,121.077
91.66,17.8729,2.24854,37.577,31.4792,86.6326,1.01737,27.8797,120.546
91.68,17.8815,2.30187,37.577,31.4888,86.6323,1.01737,27.8797,120.015
91.7,17.8815,2.34948,37.4395,43.787,86.6323,1.01737,27.8797,122.137
91.72,17.8912,2.40757,37.4394,43.7964,87.3318,1.01737,27.8797,126.914
91.74,17.8912,2.42987,35.5611,43.7964,87.3323,1.01737,27.8797,127.979
91.76,17.9012,2.37829,35.5596,41.616,87.682,1.01737,27.8797,125.858
91.78,17.9013,2.29422,38.1252,41.6135,87.6824,1.01737,27.8797,123.733
91.8,17.9119,2.3549,38.1271,41.5671,88.2068,1.01737,27.8797,124.793
91.82,17.912,2.37095,38.1271,41.5671,88.2074,0.911856,26.8098,125.855
91.84,17.9203,2.36722,41.4702,38.8764,89.2563,0.911776,26.809,124.795
91.86,17.9203,2.39931,41.474,38.8734,89.2575,0.976414,26.809,123.733
91.88,17.9377,2.3239,43.2607,38.8734,89.2575,0.976463,26.809,125.854
91.9,17.9377,2.28263,43.2621,41.2402,90.2485,0.976463,26.809,126.387
91.92,17.952,2.26927,38.4517,41.242,90.2492,0.976463,26.809,126.918
91.94,17.9521,2.27592,38.4481,42.077,91.4729,0.976463,26.809,130.631
91.96,17.9631,2.43791,40.3722,42.078,91.4743,0.976463,26.809,134.35
91.98,17.9631,2.44968,40.3737,44.7686,93.6887,0.976463,26.809,131.17
92,17.9631,2.34109,40.3737,44.7717,93.6912,0.976463,26.809,127.983
92.02,17.9784,2.34014,40.8318,38.6458,93.6912,0.976463,26.809,123.204
92.04,17.9785,2.37399,40.8322,38.6411,96.7225,0.976463,26.809,118.956
92.06,17.9925,2.40054,35.4262,38.6411,96.7248,0.976463,26.809,119.483
92.08,17.9925,2.31137,35.4221,46.7595,99.7549,0.974711,26.0275,122.136
92.1,18.0018,2.3122,39.5911,46.7688,99.7584,0.974709,26.0266,124.792
92.12,18.0018,2.43993,39.5943,47.6966,101.39,0.974709,26.0266,122.672
92.14,18.0132,2.43298,38.8613,47.6976,101.392,0.981362,26.0266,120.547
92.16,18.0132,2.45296,38.8607,50.5739,102.557,0.981367,26.0266,120.546
92.18,18.0266,2.47342,38.8607,50.5772,102.559,0.981367,26.0266,120.546
92.2,18.0266,2.47343,36.1577,55.0788,102.559,0.981367,26.0266,122.668
92.22,18.0409,2.41174,36.1557,55.0822,102.792,0.981367,26.0266,123.731
92.24,18.0409,2.41169,37.0719,55.0822,102.792,0.981367,26.0266,122.671
92.26,18.0503,2.37006,37.0726,62.4119,101.918,0.981367,26.0266,122.67
92.28,18.0503,2.37001,40.417,62.4203,101.917,0.981367,26.0266,122.67
92.3,18.063,2.29792,40.4195,42.4724,102.907,0.981367,26.0266,120.548
92.32,18.063,2.29784,44.5427,42.4495,102.909,0.981367,26.0266,118.423
92.34,18.08,2.31957,44.5458,37.3466,103.317,0.981367,26.0266,119.482
92.36,18.08,2.31959,44.5458,37.3407,103.317,1.00581,27.4874,120.545
92.38,18.0871,2.32984,44.7749,29.7298,103.317,1.00583,27.4885,116.831
92.4,18.0871,2.36629,44.7751,29.7239,103.259,0.981806,27.4885,115.767
92.42,18.0974,2.37332,45.279,29.7239,103.259,0.981787,27.4885,117.358
92.44,18.0974,2.38443,45.2794,36.497,103.084,0.981787,27.4885,120.542
92.46,18.1044,2.31188,45.3252,36.5047,103.084,0.981787,27.4885,123.729
92.48,18.1044,2.27788,45.3253,36.6903,102.559,0.981787,27.4885,122.671
92.5,18.1175,2.27482,45.3253,36.6905,102.559,0.981787,27.4885,121.609
92.52,18.1175,2.28232,46.3789,45.8793,101.859,0.981787,27.4885,121.077
92.54,18.1282,2.46393,46.3798,45.8863,101.859,0.981787,27.4885,122.669
92.56,18.1282,2.45682,47.2502,38.8323,101.859,0.981787,27.4885,120.547
92.58,18.1318,2.30587,47.2509,38.8269,100.577,0.981787,27.4885,120.015
92.6,18.1318,2.2822,48.4878,38.8269,100.575,0.981787,27.4885,120.015
92.62,18.1315,2.26873,48.4888,51.4451,99.4679,1.01054,27.4885,117.893
92.64,18.1315,2.29873,47.6183,51.4596,99.4667,1.01057,29.5048,115.768
92.66,18.1328,2.29876,47.6176,41.6712,98.6509,1.01057,29.5064,116.297
92.68,18.1328,2.31323,47.6176,41.66,98.6499,0.961442,29.5064,116.828
92.7,18.1399,2.3974,50.0915,33.6778,98.6499,0.961405,29.5064,121.604
92.72,18.1399,2.388,50.0934,33.6717,98.4168,0.961405,29.5064,125.322
92.74,18.3108,2.32548,50.6432,33.6717,98.4166,0.961405,29.5064,125.856
92.76,18.311,2.33877,50.6436,35.8056,98.5331,0.961405,29.5064,123.204
92.78,18.6118,2.4075,51.6973,35.8081,98.5333,0.961405,29.5064,119.486
92.8,18.6121,2.38671,51.6981,46.4315,99.0577,0.961405,29.5064,120.544
92.82,18.6592,2.38688,53.1641,46.4437,99.0583,0.961405,29.5064,121.607
92.84,18.6592,2.41101,53.1652,46.3509,98.767,0.961405,29.5064,123.199
92.86,18.745,2.34027,53.1652,46.3508,98.7666,0.961405,29.5064,124.793
92.88,18.7451,2.30391,55.4559,53.0336,98.7666,0.961405,29.5064,127.978
92.9,18.3617,2.316,55.4576,53.0387,99.3496,0.993632,29.527,130.633
92.92,18.3614,2.31739,50.7389,53.0387,99.35,0.993657,29.527,128.513
92.94,18.4352,2.27082,50.7353,53.2706,99.5831,0.978713,29.527,125.859
92.96,18.4353,2.25908,49.9107,53.2709,99.5834,0.978696,29.527,123.203
92.98,18.0431,2.28723,49.91,47.704,100.166,0.978696,29.527,124.262
93,18.0426,2.32664,48.2608,47.6976,100.167,0.978696,29.527,125.324
93.02,18.0393,2.30262,48.2595,49.9717,101.449,0.978696,29.527,126.386
93.04,18.0393,2.29134,48.2595,49.9734,101.45,0.978696,29.527,127.448
93.06,18.0389,2.32208,50.3669,56.0993,101.45,0.978696,29.527,126.388
93.08,18.0389,2.30906,50.3685,56.104,103.606,0.978696,29.527,124.796
93.1,18.0343,2.30221,50.8725,56.104,103.609,0.978696,29.527,126.916
93.12,18.0343,2.32294,50.8728,62.2275,105.24,0.978696,29.527,124.796
93.14,18.0319,2.32639,53.6216,62.2345,105.242,0.978696,29.527,122.671
93.16,18.0319,2.34685,53.6237,49.3843,108.097,0.978696,29.527,124.792
93.18,18.0319,2.26923,52.2035,49.3696,108.101,0.930542,29.4035,126.917
93.2,18.0239,2.25346,52.2024,55.0778,110.432,0.930505,29.4034,129.041
93.22,18.0239,2.3408,52.2024,55.0822,110.434,1.01154,29.4034,131.165
93.24,18.0166,2.31037,56.0049,55.0822,110.434,1.0116,29.4034,130.105
93.26,18.0166,2.40793,56.0078,58.747,112.707,1.0116,29.4034,125.861
93.28,18.0089,2.42079,54.3586,58.7512,112.709,1.0116,29.4034,121.611
93.3,18.0089,2.2919,54.3573,58.9368,113.817,1.0116,29.4034,114.712
93.32,17.9905,2.27111,53.3036,58.937,113.818,1.0116,29.4034,107.806
93.34,17.9905,2.42152,53.3028,50.4012,114.692,1.0116,29.4034,107.801
93.36,17.9825,2.45108,53.3028,50.3914,114.693,1.0116,29.4034,107.801
93.38,17.9825,2.4511,54.9521,62.3647,114.168,1.0116,29.4034,107.27
93.4,17.9738,2.34974,54.9533,62.3738,114.168,1.0116,29.4034,106.739
93.42,17.9738,2.34966,58.8474,62.3738,114.168,1.0116,29.4034,107.8
93.44,17.9688,2.34555,58.8504,57.3637,114.11,0.906526,29.7942,108.331
93.46,17.9688,2.34554,60.0415,57.3579,114.11,0.906406,29.7947,108.862
93.48,17.9678,2.35923,60.0424,61.0228,112.886,1.00959,29.7947,113.637
93.5,17.9678,2.35925,62.837,61.027,112.884,1.00971,29.7947,118.418
93.52,17.9454,2.30537,62.8392,59.2171,111.777,1.00971,29.7947,116.299
93.54,17.9454,2.30533,62.8392,59.2157,111.776,1.00971,29.7947,114.175
93.56,17.9367,2.3847,63.7554,56.1991,111.776,1.00971,29.7947,115.234
93.58,17.9367,2.40436,63.7561,56.1968,111.193,1.00971,29.7947,115.235
93.6,17.9333,2.33786,63.1605,56.1968,111.193,1.00971,29.7947,111.521
93.62,17.9333,2.37246,63.1601,55.0371,111.076,1.00971,29.7947,108.866
93.64,17.9343,2.43628,64.1222,55.0357,111.076,1.00971,29.7947,106.21
93.66,17.9343,2.40344,64.1229,44.6443,111.076,1.00971,29.7947,105.147
93.68,17.9073,2.3371,66.3219,44.6324,111.076,1.00971,29.7947,104.084
93.7,17.9073,2.35395,66.3236,52.4754,111.776,1.00971,29.7947,106.737
93.72,17.9023,2.43617,66.3236,52.4813,111.776,0.962228,32.1402,110.453
93.74,17.9023,2.44154,68.2019,41.1113,111.776,0.962192,32.142,113.64
93.76,17.8989,2.31091,68.2034,41.1026,112.767,1.0165,32.142,114.703
93.78,17.8989,2.26413,65.1339,41.1026,112.768,1.01656,32.142,113.112
93.8,17.8832,2.36885,65.1316,43.3758,114.05,1.01656,32.142,112.05
93.82,17.8832,2.42879,66.9641,43.3784,114.051,1.01656,32.142,110.988
93.84,17.8739,2.34154,66.9655,40.5011,116.033,1.01656,32.142,109.926
93.86,17.8739,2.33177,66.9655,40.4989,116.035,1.01656,32.142,108.864
93.88,18.1263,2.29533,68.6147,43.5154,118.425,1.01656,32.142,112.047
93.9,18.1265,2.29801,68.616,43.5177,118.427,1.01656,32.142,113.11
93.92,18.6822,2.36189,69.6697,47.6945,118.427,1.01656,32.142,108.866
93.94,18.6826,2.35082,69.6705,47.6976,120.175,1.01656,32.142,107.802
93.96,18.3433,2.41577,68.9833,47.6976,120.177,1.01656,32.142,109.923
93.98,18.3431,2.45596,68.9828,53.9604,120.468,1.04837,32.142,108.864
94,18.3718,2.42477,73.7931,53.9675,120.468,1.0484,30.496,107.802
94.02,18.3718,2.39604,73.7968,46.8207,121.11,1.0484,30.4947,109.393
94.04,17.8702,2.40557,73.7968,46.8152,121.11,0.985346,30.4947,110.986
94.06,17.8698,2.40272,74.8047,41.8031,121.11,0.985298,30.4947,113.64
94.08,17.6584,2.42503,74.8055,41.7993,121.402,0.985298,30.4947,117.886
94.1,17.6582,2.39514,77.8749,41.7993,121.402,0.985298,30.4947,118.952
94.12,17.6309,2.36083,77.8773,35.3974,121.227,0.985298,30.4947,116.3
94.14,17.6309,2.3674,79.2975,35.3901,121.227,0.985298,30.4947,117.359
94.16,17.6124,2.40163,79.2986,28.2923,120.469,0.985298,30.4947,118.951
94.18,17.6124,2.39976,79.6651,28.2842,120.468,0.985298,30.4947,120.544
94.2,17.5969,2.24808,79.6653,24.7572,121.459,0.985298,30.4947,120.546
94.22,17.5969,2.21728,79.6653,24.7545,121.46,0.985298,30.4947,120.546
94.24,17.566,2.04986,79.4363,21.0418,121.46,0.985298,30.4947,119.484
94.26,17.5659,2.08005,79.4361,21.039,123.733,1.04537,28.2735,116.831
94.28,17.5512,2.02998,75.0839,21.039,123.735,1.04543,28.2709,117.359
94.3,17.5512,2.01819,75.0806,26.5595,127.989,0.955393,28.2709,113.646
94.32,17.542,1.82407,73.6603,26.5658,127.994,0.95529,28.2709,109.928
94.34,17.5419,1.85082,73.6593,30.1856,132.716,0.95529,28.2709,109.925
94.36,17.504,1.64419,66.6957,30.1884,132.719,0.95529,28.2709,109.925
94.38,17.5039,1.68815,66.6904,19.1432,137.616,0.95529,28.2709,107.272
94.4,17.4885,1.57447,66.6904,19.1348,137.62,0.95529,28.2709,104.617
94.42,17.4884,1.63255,63.3918,19.1348,137.62,0.95529,28.2709,101.961
94.44,17.4884,1.49148,63.3893,10.8773,142.864,0.95529,28.2709,100.368
94.46,17.4718,1.56853,59.4494,10.8678,142.87,0.95529,28.2709,97.1824
94.48,17.4718,1.42588,59.4464,33.1817,147.59,0.95529,28.2709,92.9365
94.5,17.463,1.54569,58.4385,33.2072,147.596,0.95529,28.2709,88.6866
94.52,17.463,1.42972,58.4378,34.7387,152.026,0.95529,28.2709,91.3365
94.54,17.4457,1.50895,59.1249,34.7399,152.029,1.10302,26.913,93.9917
94.56,17.4456,1.50657,59.1255,28.7996,151.505,1.10314,26.912,91.3406
94.58,17.4254,1.5252,59.1255,28.7951,151.504,1.04218,26.912,88.6864
94.6,17.4253,1.63488,61.1871,28.7951,151.504,1.04211,26.912,86.0302
94.62,17.4121,1.57285,61.1886,32.8774,148.241,1.04211,26.912,87.6194
94.64,17.4121,1.57278,61.0054,32.8821,148.237,1.04211,26.912,89.2132
94.66,17.4047,1.54139,61.0052,8.52709,144.45,1.04211,26.912,89.7448
94.68,17.4047,1.54135,62.288,8.49919,144.445,1.04211,26.912,90.2761
94.7,17.3877,1.5356,62.289,14.393,141.181,1.04211,26.912,89.7458
94.72,17.3877,1.5356,62.289,14.3975,141.179,1.04211,26.912,89.2148
94.74,17.3822,1.49561,63.1136,16.3931,140.071,1.04211,26.912,91.8676
94.76,17.3822,1.49558,63.1142,16.3946,140.07,1.04211,26.912,96.113
94.78,17.3811,1.53868,62.5187,16.3946,140.07,1.04211,26.912,92.9341
94.8,17.3811,1.53872,62.5182,26.4614,140.303,1.06308,26.1921,89.2186
94.82,17.3766,1.48447,61.1896,26.4729,140.303,1.0631,26.1913,85.5
94.84,17.3766,1.44493,61.1886,26.1016,139.429,1.04814,26.1913,86.0278
94.86,17.3571,1.42021,58.4857,26.1013,139.428,1.04813,26.1913,86.5588
94.88,17.3571,1.46452,58.4836,16.0772,139.195,1.04813,26.1913,88.6817
94.9,17.3545,1.4487,58.4836,16.0695,139.195,1.04813,26.1913,90.8059
94.92,17.3545,1.44758,56.7885,19.3645,139.195,1.04813,26.1913,91.3382
94.94,17.3527,1.56277,56.7872,19.367,139.078,1.04813,26.1913,88.156
94.96,17.3527,1.5487,53.8094,19.367,139.078,1.04813,26.1913,87.6217
94.98,17.8065,1.64795,53.8071,28.4596,139.778,1.04813,26.1913,88.6822
95,17.807,1.67815,46.248,28.47,139.778,1.04813,26.1913,89.7446
95.02,17.6631,1.71642,46.2422,25.3142,140.42,1.04813,26.1913,92.3986
95.04,17.663,1.72824,46.2422,25.3118,140.42,1.04813,26.1913,95.0538
95.06,17.389,1.78183,40.9737,22.2953,139.021,1.04813,26.1913,96.6477
95.08,17.3888,1.80686,40.9697,22.293,139.02,1.08487,25.6771,100.362
95.1,17.2332,1.85135,47.4751,14.3107,139.02,1.08492,25.6765,105.142
95.12,17.2331,1.79582,47.4801,14.3047,133.484,1.08559,25.6765,107.798
95.14,17.2313,1.9869,48.9919,14.3047,133.478,1.08559,25.6765,107.27
95.16,17.2313,1.90707,48.9931,3.40288,121.241,1.08559,25.6765,103.557
95.18,17.2254,1.90696,48.764,3.39039,121.227,1.08559,25.6765,99.838
95.2,17.2254,1.83978,48.7638,4.73623,103.447,1.08559,25.6765,104.611
95.22,17.2261,1.90713,48.7638,4.73725,103.434,1.08559,25.6765,109.39
95.24,17.2261,1.81205,51.7417,5.5726,103.434,1.08559,25.6765,115.231
95.26,17.2279,1.7887,51.744,5.57324,92.4204,1.08559,25.6765,116.827
95.28,17.2279,1.75821,46.9794,17.1753,92.4078,1.08559,25.6765,116.828
95.3,17.1704,1.59944,46.9758,17.1842,95.263,1.08559,25.6765,116.828
95.32,17.1704,1.6302,50.2285,17.1842,95.2663,1.08559,25.6765,116.828
95.34,17.1612,1.57689,50.231,23.4957,102.728,1.08559,25.6765,118.42
95.36,17.1611,1.62529,52.0635,23.5005,102.734,1.08366,25.8411,120.013
95.38,17.1534,1.46146,52.0649,25.7745,110.37,1.08366,25.8412,121.076
95.4,17.1534,1.48335,52.0649,25.7762,110.376,1.10221,25.8412,122.138
95.42,17.1493,1.47522,55.8216,29.6745,110.376,1.10222,25.8412,122.669
95.44,17.1493,1.48312,55.8244,29.6775,120.34,1.10222,25.8412,121.609
95.46,17.1479,1.35894,56.6491,29.6775,120.352,1.10222,25.8412,117.363
95.48,17.1479,1.44366,56.6497,18.7293,132.064,1.10222,25.8412,114.177
95.5,17.1445,1.43591,55.4127,18.7168,132.078,1.10222,25.8412,110.989
95.52,17.1445,1.48933,55.4118,13.3334,146.709,1.10222,25.8412,108.864
95.54,17.1445,1.51235,59.6724,13.3293,146.721,1.10222,25.8412,106.74
95.56,17.1405,1.50665,59.6756,19.4552,158.03,1.10222,25.8412,105.677
95.58,17.1405,1.52389,59.6756,19.4599,158.038,1.10222,25.8412,104.616
95.6,17.5232,1.5288,67.0973,14.6334,158.038,1.10222,25.8412,103.023
95.62,17.5235,1.51067,67.103,14.6298,165.73,1.0263,27.3221,100.369
95.64,18.0229,1.51249,71.0887,14.6298,165.739,1.02621,27.3238,98.7743
95.66,18.0232,1.58778,71.0918,10.3154,169.002,1.06299,27.3238,96.1209
95.68,17.7705,1.58117,77.414,10.3105,169.006,1.06303,27.3238,93.4647
95.7,17.7703,1.59841,77.4188,14.4872,167.957,1.06303,27.3238,92.9321
95.72,17.1775,1.54299,83.0996,14.4904,167.956,1.06303,27.3238,92.401
95.74,17.177,1.54295,83.1039,10.1281,164.167,1.06303,27.3238,91.87
95.76,17.2592,1.51164,83.1039,10.1247,164.164,1.06303,27.3238,91.3391
95.78,17.2593,1.51161,88.0517,10.1247,164.164,1.06303,27.3238,92.9304
95.8,17.2184,1.53009,88.0555,15.7844,157.87,1.06303,27.3238,92.4012
95.82,17.2183,1.53011,96.0728,15.7908,157.863,1.06303,27.3238,88.1555
95.84,16.9411,1.48418,96.0789,17.3687,152.733,1.06303,27.3238,84.4379
95.86,16.9409,1.48414,103.042,17.3699,152.729,1.06303,27.3238,80.7206
95.88,16.9405,1.49632,103.048,20.5257,152.088,1.06303,27.3238,81.7791
95.9,16.9405,1.49633,112.577,20.5281,152.088,1.04292,28.476,82.8411
95.92,16.9398,1.45209,112.584,16.8154,155.469,1.0429,28.4768,83.9032
95.94,16.9398,1.50336,112.584,16.8126,155.471,1.02352,28.4768,82.8432
95.96,16.8933,1.38056,120.189,16.8126,155.471,1.0235,28.4768,81.25
95.98,16.8933,1.34201,120.195,15.792,164.795,1.0235,28.4768,81.7793
96,16.8877,1.33225,125.463,15.7908,164.805,1.0235,28.4768,82.8411
96.02,16.8877,1.37302,125.467,20.8958,179.67,1.0235,28.4768,84.4338
96.04,16.8778,1.37571,129.636,20.8997,179.682,1.0235,28.4768,86.0269
96.06,16.8778,1.41656,129.64,4.42473,192.856,1.0235,28.4768,85.4975
96.08,16.8719,1.36557,129.64,4.41215,192.866,1.0235,28.4768,84.9667
96.1,16.8719,1.36004,127.99,9.2386,202.368,1.0235,28.4768,83.3742
96.12,16.8722,1.3149,127.989,9.24229,202.375,1.0235,28.4768,81.2513
96.14,16.8722,1.3125,125.561,9.24229,202.375,1.0235,28.4768,80.1876
96.16,16.87,1.2982,125.559,-0.128597,209.776,0.954869,24.9187,79.1259
96.18,16.87,1.31592,124.001,-0.139331,209.784,0.95479,24.9147,78.0634
96.2,16.8667,1.34315,124,-0.371372,214.623,0.91402,24.9147,75.4094
96.22,16.8667,1.37882,115.525,-0.371549,214.626,0.913989,24.9147,72.7542
96.24,16.8678,1.42658,115.518,15.3144,213.81,0.913989,24.9147,75.936
96.26,16.8678,1.42631,115.518,15.3264,213.81,0.913989,24.9147,79.121
96.28,16.8663,1.49625,97.2849,13.8413,213.81,0.913989,24.9147,85.4922
96.3,16.8663,1.47603,97.2709,13.8402,205.943,0.913989,24.9147,90.271
96.32,16.8671,1.775,76.3344,13.8402,205.934,0.913989,24.9147,91.8684
96.34,16.8671,1.79521,76.3184,15.0468,191.943,0.913989,24.9147,93.4615
96.36,16.8671,2.01115,56.4356,15.0477,191.933,0.913989,24.9147,95.0546
96.38,16.8671,1.96164,56.4204,18.2963,173.454,0.913989,24.9147,101.423
96.4,16.8671,2.28128,56.4204,18.2988,173.44,0.913989,24.9147,107.796
96.42,16.8671,2.24048,46.2042,25.5849,150.355,0.913989,24.9147,120.005
96.44,16.866,2.35777,46.1964,25.5905,150.338,0.894679,22.57,132.215
96.46,16.866,2.24382,40.6072,14.4989,150.338,0.894657,22.5673,139.657
96.48,16.866,2.53844,40.6029,14.4904,124.057,0.894482,22.5673,148.15
96.5,16.866,2.29507,38.129,14.4904,124.027,0.894482,22.5673,157.711
96.52,16.8575,2.4174,38.1271,27.5311,99.4854,0.894482,22.5673,168.331
96.54,16.8575,2.26227,35.0577,27.5411,99.4667,0.894482,22.5673,178.952
96.56,16.8571,2.43562,35.0553,19.234,82.6198,0.894482,22.5673,185.327
96.58,16.8571,2.33219,35.0553,19.2277,82.6069,0.894482,22.5673,191.697
96.6,16.8501,2.47447,33.1312,15.6078,82.6069,0.894482,22.5673,199.134
96.62,16.8501,2.37027,33.1297,15.6051,75.6143,0.894482,22.5673,206.035
96.64,16.8254,2.4042,33.4962,15.6051,75.6063,0.894482,22.5673,217.717
96.66,16.8254,2.41437,33.4965,9.85265,73.392,0.894482,22.5673,227.273
96.68,16.8198,2.48883,28.228,9.84606,73.3895,0.894482,22.5673,234.183
96.7,16.8198,2.44382,28.224,5.66932,72.9814,0.894482,22.5673,237.902
96.72,16.818,2.31873,28.9112,5.66613,72.9811,0.927323,24.2956,241.62
96.74,16.818,2.34878,28.9117,14.2516,72.4565,0.927349,24.297,248.521
96.76,16.8121,2.4672,28.9117,14.2582,72.4561,0.929174,24.297,255.421
96.78,16.8121,2.47179,25.6132,18.8526,72.4561,0.929176,24.297,261.266
96.8,16.7955,2.45897,25.6106,18.8561,71.7568,0.929176,24.297,262.862
96.82,16.7955,2.43115,24.6486,18.8561,71.756,0.929176,24.297,267.109
96.84,16.7885,2.36017,24.6478,19.6915,71.348,0.929176,24.297,264.99
96.86,16.7885,2.36954,27.6715,19.6921,71.3476,0.929176,24.297,262.865
96.88,16.7792,2.33201,27.6738,13.427,70.3567,0.929176,24.297,261.272
96.9,16.7792,2.36036,26.2536,13.4222,70.3559,0.929176,24.297,259.679
96.92,16.7737,2.40604,26.2525,26.927,70.9388,0.929176,24.297,258.616
96.94,16.7737,2.39407,26.2525,26.9373,70.9393,0.929176,24.297,257.555
96.96,16.7641,2.50523,25.7486,27.3086,70.9393,0.929176,24.297,258.615
96.98,16.7641,2.47893,25.7482,27.3089,71.0558,0.931103,25.0374,262.859
97,16.7641,2.30679,25.9773,27.3089,71.056,0.931106,25.0382,267.109
97.02,16.7593,2.28189,25.9774,27.1697,71.464,0.94192,25.0382,270.296
97.04,16.7593,2.51631,27.2602,27.1695,71.4643,0.941928,25.0382,273.482
97.06,16.7442,2.54003,27.2612,14.7321,72.8634,0.941928,25.0382,269.77
97.08,16.7442,2.37275,23.9639,14.7226,72.8644,0.941928,25.0382,266.054
97.1,16.7328,2.35871,23.9601,25.9998,72.1649,0.941928,25.0382,265.519
97.12,16.7327,2.41415,23.9601,26.0085,72.1644,0.941928,25.0382,264.989
97.14,16.7228,2.46061,27.2587,29.1178,72.1644,0.941928,25.0382,262.335
97.16,16.7228,2.32983,27.2612,29.1202,70.0083,0.941928,25.0382,259.681
97.18,16.7206,2.30595,24.8331,29.1202,70.0059,0.941928,25.0382,259.678
97.2,16.7206,2.30593,24.8312,27.8672,69.0149,0.941928,25.0382,260.739
97.22,16.7066,2.43318,23.411,27.8662,69.0141,0.941928,25.0382,261.801
97.24,16.7066,2.43328,23.4099,25.3602,69.7136,0.941928,25.0382,259.149
97.26,16.7014,2.43736,23.4099,25.3582,69.7142,0.882933,23.907,256.494
97.28,16.7014,2.43737,21.44,20.8102,70.2388,0.882865,23.9057,249.593
97.3,16.6911,2.25606,21.4385,20.8068,70.2392,0.911934,23.9057,246.936
97.32,16.6911,2.25585,19.6518,20.8068,70.2392,0.911967,23.9057,247.463
97.34,16.6774,2.36112,19.6504,19.5537,72.7458,0.911967,23.9057,246.402
97.36,16.6774,2.3612,21.0706,19.5528,72.7478,0.911967,23.9057,249.585
97.38,16.6601,2.22179,21.0717,20.713,74.38,0.911967,23.9057,250.649
97.4,16.6601,2.26512,21.3008,20.7139,74.3812,0.911967,23.9057,251.711
97.42,16.6516,2.28865,21.3009,12.9637,75.1973,0.911967,23.9057,251.712
97.44,16.6516,2.29913,21.3009,12.9578,75.198,0.911967,23.9057,251.712
97.46,16.6405,2.20474,20.2472,29.804,75.198,0.911967,23.9057,247.998
97.48,16.6405,2.22655,20.2464,29.8168,75.0814,0.911967,23.9057,246.403
97.5,16.6339,2.2296,17.406,29.8168,75.0813,0.911967,23.9057,250.116
97.52,16.6339,2.24917,17.4039,27.8677,75.0813,0.871569,24.4818,253.303
97.54,16.6202,2.11986,19.832,27.8662,75.0813,0.871538,24.4823,249.591
97.56,16.6202,2.07219,19.8338,24.1071,76.1889,0.871538,24.4823,247.996
97.58,16.6139,1.97859,18.4599,24.1043,76.1897,0.908933,24.4823,246.403
97.6,16.6139,2.02652,18.4584,28.8379,77.1807,0.908976,24.4823,246.402
97.62,16.6021,2.07353,18.4584,28.8415,77.1815,0.908976,24.4823,246.402
97.64,16.6021,2.04843,16.9007,30.4658,77.1815,0.908976,24.4823,244.81
97.66,16.5892,1.8896,16.8995,30.467,78.2304,0.908976,24.4823,244.278
97.68,16.5892,1.97589,12.2724,30.467,78.2316,0.908976,24.4823,246.4
97.7,16.5829,2.13608,12.2689,29.9566,79.5723,0.908976,24.4823,252.769
97.72,16.5829,2.15445,14.2847,29.9562,79.5733,0.908976,24.4823,259.142
97.74,16.563,2.09864,14.2862,26.9396,83.3624,0.908976,24.4823,258.616
97.76,16.563,2.14728,14.8816,26.9373,83.3653,0.908976,24.4823,258.085
97.78,16.5538,2.09779,14.8822,27.5406,85.9302,0.908976,24.4823,255.431
97.8,16.5538,2.17271,14.8822,27.5411,85.9322,0.860129,25.1815,252.777
97.82,16.5394,2.31426,14.699,29.6759,85.9322,0.860074,25.1823,252.243
97.84,16.5394,2.3069,14.6988,29.6775,86.8649,0.921764,25.1823,252.774
97.86,16.5276,2.45786,14.6988,29.6775,86.8656,0.921811,25.1823,245.876
97.88,16.5276,2.35079,14.6988,29.4919,83.4263,0.921811,25.1823,242.687
97.9,16.5162,2.37349,14.1949,29.4917,83.4237,0.921811,25.1823,239.501
97.92,16.5162,2.31887,14.1945,29.9094,79.6346,0.921811,25.1823,236.314
97.94,16.5077,2.3252,14.1945,29.9097,79.6317,0.921811,25.1823,233.129
97.96,16.5077,2.24846,14.7901,29.7705,76.9502,0.921811,25.1823,232.595
97.98,16.4977,2.23914,14.7905,29.7704,76.9481,0.921811,25.1823,232.064
98,16.4977,2.22132,16.3482,29.7704,76.9481,0.921811,25.1823,232.064
98.02,16.4841,2.34024,16.3494,16.5905,75.5491,0.921811,25.1823,227.819
98.04,16.4841,2.36109,15.7996,16.5804,75.548,0.921811,25.1823,223.57
98.06,16.4704,2.41971,15.7992,18.9472,75.6063,0.831822,25.1823,220.914
98.08,16.4704,2.38485,21.3862,18.949,75.6063,0.831753,26.4986,218.26
98.1,16.4634,2.18004,21.3926,28.6019,75.4898,0.831753,26.5001,215.604
98.12,16.4634,2.17484,21.3926,28.6093,75.4897,0.931349,26.5001,212.949
98.14,16.4405,2.24596,21.805,25.0823,75.4897,0.931463,26.5001,210.293
98.16,16.4405,2.26391,21.8053,25.0796,74.9652,0.931463,26.5001,211.352
98.18,16.4276,2.38279,21.393,25.0796,74.9646,0.931463,26.5001,214.537
98.2,16.4276,2.37358,21.3926,29.5348,74.2068,0.931463,26.5001,215.601
98.22,16.4154,2.38496,22.9503,29.5382,74.2062,0.931463,26.5001,215.601
98.24,16.4154,2.34056,22.9515,27.7747,72.6906,0.931463,26.5001,213.479
98.26,16.3955,2.31812,23.959,27.7733,72.6894,0.931463,26.5001,211.356
98.28,16.3955,2.3453,23.9601,16.9602,73.0392,0.931463,26.5001,214.537
98.3,16.3808,2.34527,23.9601,16.9519,73.0395,0.931463,26.5001,217.722
98.32,16.3807,2.29184,24.5557,22.2889,73.0395,0.931463,26.5001,224.093
98.34,16.3675,2.31379,24.5561,22.293,72.9812,0.864344,24.7307,225.159
98.36,16.3674,2.35473,24.5561,22.293,72.9811,0.864292,24.7294,226.221
98.38,16.3494,2.28137,24.5561,20.2974,73.3309,0.955671,24.7294,231.529
98.4,16.3494,2.24764,24.5561,20.2959,73.3311,0.955741,24.7294,234.716
98.42,16.3494,2.23773,24.5561,21.4561,75.0217,0.955741,24.7294,237.372
98.44,16.3239,2.22383,24.144,21.457,75.023,0.955741,24.7294,240.026
98.46,16.3239,2.23035,24.1435,19.4614,76.2471,0.955741,24.7294,240.56
98.48,16.3103,2.24063,24.1435,19.4599,76.2481,0.955741,24.7294,241.091
98.5,16.3103,2.14055,22.4942,14.0765,76.2481,0.955741,24.7294,244.275
98.52,16.2903,2.19869,22.493,14.0724,77.0059,0.955741,24.7294,244.808
98.54,16.2903,2.20779,21.3477,14.0724,77.0065,0.955741,24.7294,246.4
98.56,16.2763,2.26653,21.3468,27.6236,77.4145,0.955741,24.7294,247.994
98.58,16.2763,2.45962,20.7057,27.634,77.4148,0.955741,24.7294,249.586
98.6,16.2593,2.40301,20.7049,19.6054,78.5224,0.955741,24.7294,244.812
98.62,16.2593,2.40296,20.7049,19.5992,78.5233,0.890632,25.3464,240.035
98.64,16.249,2.36314,16.9024,18.0678,79.8057,0.890558,25.3471,238.437
98.66,16.249,2.36311,16.8995,18.0666,79.8067,0.981064,25.3471,236.845
98.68,16.2331,2.35231,17.1744,30.272,79.8067,0.981168,25.3471,234.19
98.7,16.2331,2.3523,17.1746,30.2813,80.273,0.981168,25.3471,233.657
98.72,16.2114,2.2866,19.4653,30.2813,80.2734,0.981168,25.3471,235.249
98.74,16.2114,2.28655,19.467,32.6017,79.6905,0.981168,25.3471,233.658
98.76,16.2003,2.34356,18.7801,32.6035,79.69,0.981168,25.3471,232.065
98.78,16.2003,2.34363,18.7793,25.0389,80.0398,0.981168,25.3471,229.41
98.8,16.1856,2.35065,18.7793,25.0331,80.04,0.981168,25.3471,226.756
98.82,16.1855,2.39203,21.0241,26.8895,80.04,0.981168,25.3471,229.937
98.84,16.1689,2.38826,21.0259,26.8909,80.3315,0.981168,25.3471,233.123
98.86,16.1689,2.35572,22.3086,26.8909,80.3317,0.981168,25.3471,232.595
98.88,16.1538,2.38975,22.3096,7.90992,81.4976,0.921412,25.7586,234.187
98.9,16.1538,2.42756,21.1643,7.89542,81.4985,0.921366,25.7589,235.249
98.92,16.142,2.44311,21.1634,2.00158,83.2473,0.921366,25.7589,233.658
98.94,16.142,2.38038,23.6364,1.99708,83.2486,0.989809,25.7589,232.065
98.96,16.1261,2.38403,23.6392,-2.78297,84.2979,0.989887,25.7589,226.227
98.98,16.1261,2.35238,23.6392,-2.78662,84.2987,0.989887,25.7589,220.387
99,16.1073,2.57558,23.2727,7.4696,84.2987,0.989887,25.7589,215.074
99.02,16.1073,2.54166,23.2724,7.47743,85.0566,0.989887,25.7589,214.009
99.04,16.0948,2.49742,24.4635,7.47743,85.0571,0.989887,25.7589,213.478
99.06,16.0948,2.48213,24.4644,9.33376,86.6894,0.989887,25.7589,210.824
99.08,16.0778,2.42726,25.1056,9.33518,86.6906,0.989887,25.7589,208.17
99.1,16.0778,2.49023,25.1063,16.25,88.2645,0.989887,25.7589,207.106
99.12,16.0586,2.42203,25.1521,16.2553,88.2657,0.989887,25.7589,206.044
99.14,16.0586,2.42393,25.1522,8.73715,88.324,0.989887,25.7589,202.328
99.16,16.0424,2.45747,25.1522,8.73141,88.3241,0.964745,25.7589,198.612
99.18,16.0424,2.43323,29.2295,23.9069,88.3241,0.964716,25.7589,194.363
99.2,16.0254,2.4582,29.2326,23.9185,86.3421,0.981871,25.7589,191.176
99.22,16.0254,2.51528,27.2169,23.9185,86.3406,0.981884,25.7589,186.929
99.24,16.0066,2.48951,27.2153,37.052,85.4662,0.981884,25.7589,178.966
99.26,16.0066,2.45985,27.0321,37.062,85.4655,0.981884,25.7589,171.003
99.28,15.994,2.40111,27.0319,37.1549,85.757,0.981884,25.7589,167.81
99.3,15.994,2.38995,30.4666,37.1549,85.7572,0.981884,25.7589,164.625
99.32,15.9793,2.58406,30.4705,23.1396,85.4657,0.981884,25.7589,165.683
99.34,15.9793,2.58156,30.4705,23.1289,85.4655,0.981884,25.7589,166.745
99.36,15.9638,2.43744,31.4784,23.1754,85.4655,0.981884,25.7589,164.623
99.38,15.9638,2.40647,31.4792,23.1754,85.757,0.981884,25.7589,165.683
99.4,15.9505,2.34249,30.288,23.1754,85.7572,0.981884,25.7589,161.969
99.42,15.9505,2.39946,30.2871,14.7755,85.5823,0.971272,25.7589,157.722
99.44,15.9402,2.42296,31.4778,14.7691,85.5822,0.971264,23.3114,153.475
99.46,15.9402,2.37691,31.4792,26.3247,86.1651,0.971264,23.3086,152.939
99.48,15.9284,2.40984,31.4792,26.3336,86.1656,1.00788,23.3086,152.409
99.5,15.9284,2.43326,27.6309,26.1479,86.6319,1.00793,23.3086,150.285
99.52,15.9136,2.52203,27.628,26.1478,86.6323,1.00793,23.3086,147.631
99.54,15.9136,2.50323,26.7117,27.7721,86.6323,1.00793,23.3086,146.567
99.56,15.9025,2.66488,26.711,27.7733,87.3318,1.00793,23.3086,146.036
99.58,15.9025,2.67482,25.7035,27.7733,87.3323,1.00793,23.3086,144.975
99.6,15.8955,2.44069,25.7023,22.6684,88.3816,1.00793,23.3086,144.443
99.62,15.8955,2.38157,28.6333,22.6645,88.3824,1.00793,23.3086,143.912
99.64,15.8955,2.46027,28.6366,32.0854,90.6559,1.00793,23.3086,143.381
99.66,15.8904,2.47166,28.6366,32.0926,90.6576,1.00793,23.3086,142.85
99.68,15.8903,2.52978,29.3238,31.35,90.6576,1.00793,23.3086,143.38
99.7,15.8841,2.53548,29.3243,31.3495,93.1642,1.00319,24.3785,142.85
99.72,15.8841,2.47722,31.2485,31.3495,93.1661,1.00319,24.3793,140.727
99.74,15.8804,2.44753,31.2499,39.0532,97.7131,1.01288,24.3793,134.888
99.76,15.8804,2.49481,29.2807,39.0591,97.7165,1.01289,24.3793,131.171
99.78,15.8741,2.46194,29.2785,34.7432,100.864,1.01289,24.3793,130.636
99.8,15.8741,2.41535,32.6215,34.7399,100.867,1.01289,24.3793,130.105
99.82,15.873,2.43789,32.6254,36.689,101.333,1.01289,24.3793,134.88
99.84,15.873,2.43791,32.6254,36.6905,101.333,1.01289,24.3793,139.659
99.86,15.8723,2.45724,35.0993,30.8431,101.333,1.01289,24.3793,143.377
99.88,15.8723,2.45726,35.1012,30.8386,100.867,1.01289,24.3793,142.85
99.9,15.873,2.35245,34.5972,30.8386,100.867,1.01289,24.3793,143.911
99.92,15.873,2.35237,34.5968,28.0541,101.217,1.01289,24.3793,146.564
99.94,15.8726,2.48462,30.6584,28.052,101.217,1.01289,24.3793,150.81
99.96,15.8726,2.48477,30.6539,23.2255,100.984,1.01289,24.3793,153.468
99.98,15.8723,2.38767,30.2876,23.2218,100.983,1.01224,26.3332,156.122
100,15.8723,2.38756,30.2871,21.4119,99.8176,1.01224,26.3354,158.248
100.02,15.8719,2.42033,30.2871,21.4105,99.8167,0.985089,26.3354,160.372
100.04,15.8719,2.4402,27.2177,28.0933,99.8167,0.985068,26.3354,167.272
100.06,15.873,2.38245,27.2153,28.0984,95.2115,0.985068,26.3354,175.237
100.08,15.873,2.40607,29.1845,28.0984,95.208,0.985068,26.3354,180.547
100.1,15.8741,2.37013,29.1868,40.8143,89.6118,0.985068,26.3354,184.798
100.12,15.8741,2.38498,28.1335,40.824,89.6075,0.985068,26.3354,192.227
100.14,15.8763,2.42125,28.1323,30.5214,85.8184,0.985068,26.3354,201.257
100.16,15.8763,2.43379,27.9949,30.5135,85.8155,0.985068,26.3354,210.281
100.18,15.8796,2.39358,27.9947,33.5764,83.8335,0.985068,26.3354,211.883
100.2,15.8796,2.3893,27.9947,33.5788,83.832,0.985068,26.3354,213.476
100.22,15.8793,2.35919,26.4371,33.5788,83.832,0.985068,26.3354,215.6
100.24,15.8793,2.36381,26.4359,23.0905,81.85,0.985265,27.4053,217.193
100.26,15.8833,2.41323,28.6341,23.0825,81.8485,0.985265,27.4061,217.725
100.28,15.8833,2.40521,28.6366,21.7367,81.0324,1.01628,27.4061,219.318
100.3,15.8844,2.48514,28.0413,21.7356,81.0318,1.01631,27.4061,218.788
100.32,15.8844,2.44838,28.0406,26.0052,79.9825,1.01631,27.4061,216.665
100.34,15.8841,2.42757,28.0406,26.0085,79.9817,1.01631,27.4061,214.541
100.36,15.8841,2.48973,29.4608,37.2857,79.1073,1.01631,27.4061,213.478
100.38,15.8844,2.55877,29.4619,37.2943,79.1066,1.01631,27.4061,212.416
100.4,15.8844,2.52046,27.95,37.2943,79.1066,1.01631,27.4061,214.538
100.42,15.8863,2.46107,27.9489,46.8544,78.0574,1.01631,27.4061,217.723
100.44,15.8863,2.47741,27.9031,46.8617,78.0565,1.01631,27.4061,219.317
100.46,15.8885,2.37196,27.903,33.4961,78.8727,1.01631,27.4061,216.135
100.48,15.8885,2.34874,26.0254,33.4859,78.8733,1.01631,27.4061,212.95
100.5,15.8918,2.46138,26.0233,27.9633,79.9809,1.01631,27.4061,211.354
100.52,15.8918,2.44372,26.0233,27.9591,79.9817,1.02075,26.5831,209.761
100.54,15.8926,2.3431,24.9696,26.6597,79.9817,1.02076,26.5825,213.474
100.56,15.8926,2.33344,24.9688,26.6587,82.022,0.953215,26.5825,217.192
100.58,15.8951,2.2968,23.2743,26.6587,82.0235,0.953163,26.5825,212.421
100.6,15.8951,2.34143,23.2724,33.0166,83.7141,0.953163,26.5825,212.946
100.62,15.897,2.40566,22.2191,33.0215,83.7154,0.953163,26.5825,213.477
100.64,15.897,2.3625,22.2179,32.7894,84.5898,0.953163,26.5825,213.477
100.66,15.8996,2.4159,23.5918,32.7892,84.5904,0.953163,26.5825,213.477
100.68,15.8996,2.41002,23.5933,39.3328,84.299,0.953163,26.5825,217.192
100.7,15.9036,2.40591,23.5933,39.3378,84.2987,0.953163,26.5825,220.909
100.72,15.9036,2.46197,26.5254,39.4306,84.2987,0.953163,26.5825,229.402
100.74,15.9058,2.35086,26.5276,39.4307,83.2495,0.953163,26.5825,237.899
100.76,15.9058,2.33541,23.9173,39.4307,83.2486,0.953163,26.5825,243.209
100.78,15.9117,2.31684,23.9143,45.603,80.6837,0.979148,25.9035,245.869
100.8,15.9117,2.31032,24.8302,45.6077,80.6818,0.979167,25.903,248.523
100.82,15.9117,2.37352,24.8312,37.4398,79.1661,0.979167,25.903,248.526
100.84,15.9173,2.36316,24.8312,37.4336,79.165,0.947273,25.903,248.526
100.86,15.9173,2.34458,22.2657,33.953,77.4162,0.947249,25.903,250.648
100.88,15.918,2.35822,22.2637,33.9503,77.4148,0.947249,25.903,252.773
100.9,15.918,2.39223,21.6682,36.41,77.4148,0.947249,25.903,250.121
100.92,15.9239,2.37744,21.6677,36.4118,76.0741,0.947249,25.903,248.527
100.94,15.9239,2.28555,22.721,36.4118,76.073,0.947249,25.903,250.117
100.96,15.928,2.30751,22.7222,39.0107,75.0821,0.947249,25.903,243.221
100.98,15.928,2.37759,25.4242,39.0127,75.0813,0.947249,25.903,236.32
101,15.9313,2.35859,25.4273,30.8912,75.7225,0.947249,25.903,235.781
101.02,15.9313,2.35858,25.4273,30.885,75.723,0.947249,25.903,235.25
101.04,15.9402,2.46599,27.7637,24.0166,75.723,0.947249,25.903,238.434
101.06,15.9402,2.46607,27.7655,24.0114,76.1894,1.0162,26.87,241.62
101.08,15.9413,2.41053,24.2392,17.0528,76.1897,1.01625,26.8708,243.744
101.1,15.9413,2.41047,24.2352,17.0448,76.248,0.940107,26.8708,243.216
101.12,15.9468,2.36971,22.3576,17.0448,76.2481,0.940049,26.8708,238.442
101.14,15.9468,2.36966,22.3554,23.4028,76.1898,0.940049,26.8708,231.007
101.16,15.9582,2.34724,21.8517,23.4076,76.1897,0.940049,26.8708,223.576
101.18,15.9582,2.34721,21.8511,26.4706,76.9475,0.940049,26.8708,223.036
101.2,15.963,2.35098,21.8511,26.4729,76.9481,0.940049,26.8708,222.505
101.22,15.963,2.32624,23.2713,26.6121,76.9481,0.940049,26.8708,218.791
101.24,15.9678,2.42351,23.2724,26.6122,77.8808,0.940049,26.8708,214.543
101.26,15.9678,2.42505,23.3182,30.8802,77.8815,0.940049,26.8708,211.887
101.28,15.9734,2.32773,23.3183,30.885,76.7157,0.940049,26.8708,208.7
101.3,15.9734,2.34272,25.0585,30.885,76.7148,0.940049,26.8708,210.289
101.32,15.9815,2.38025,25.0605,33.6695,75.3157,0.940049,26.8708,216.659
101.34,15.9815,2.3769,25.1063,33.6717,75.3147,1.02195,27.2,223.031
101.36,15.9878,2.39979,25.1063,34.7855,74.1488,1.02201,27.2002,218.791
101.38,15.9878,2.38291,25.1063,34.7863,74.1479,0.94643,27.2002,214.543
101.4,15.9907,2.4578,26.893,41.1442,74.1479,0.946372,27.2002,214.539
101.42,15.9907,2.48236,26.8944,41.1491,73.2735,0.946372,27.2002,216.662
101.44,15.9929,2.38747,24.8336,32.1957,73.2728,0.946372,27.2002,216.664
101.46,15.9929,2.4317,24.8312,32.1855,73.0979,0.946372,27.2002,212.949
101.48,15.997,2.49421,23.9611,32.1855,73.0978,0.946372,27.2002,214.007
101.5,15.997,2.40301,23.9601,31.7678,74.0888,0.946372,27.2002,216.131
101.52,16.0033,2.3865,24.5557,31.7675,74.0895,0.946372,27.2002,218.255
101.54,16.0033,2.42343,24.5561,37.3829,74.4393,0.946372,27.2002,219.318
101.56,16.0066,2.41929,24.5561,37.3872,74.4396,0.946372,27.2002,220.38
101.58,16.0066,2.41145,25.3347,25.2792,74.4396,0.946372,27.2002,223.033
101.6,16.0106,2.52142,25.3356,25.2654,75.1974,1.00089,26.4595,221.975
101.62,16.0106,2.53597,23.0458,25.2654,75.198,1.00093,26.459,222.504
101.64,16.0143,2.46315,23.0432,20.8102,76.0724,0.93735,26.459,226.219
101.66,16.0143,2.44074,21.3029,20.8068,76.073,0.937302,26.459,228.874
101.68,16.0217,2.47087,21.3009,20.2963,77.2972,0.937302,26.459,229.939
101.7,16.0217,2.48142,19.6059,20.2959,77.2981,0.937302,26.459,231.001
101.72,16.0221,2.25017,19.6046,21.1312,77.6479,0.937302,26.459,223.573
101.74,16.0221,2.26877,19.6046,21.1319,77.6482,0.937302,26.459,216.138
101.76,16.0287,2.16481,21.3448,20.2968,77.6482,0.937302,26.459,211.889
101.78,16.0287,2.17611,21.3468,20.2959,76.1325,0.937302,26.459,215.068
101.8,16.0361,2.04766,22.0795,20.2959,76.1314,0.937302,26.459,218.253
101.82,16.0361,2.01134,22.0804,7.34799,74.5575,0.937302,26.459,217.195
101.84,16.0368,2.01132,21.6222,7.3381,74.5563,0.937302,26.459,221.44
101.86,16.0368,2.04353,21.6219,7.19887,73.1572,0.937302,26.459,227.81
101.88,16.0368,1.92294,21.8051,7.19877,73.1561,0.968608,26.5618,234.183
101.9,16.0368,1.97074,21.8053,10.3545,72.2234,0.968631,26.5619,230.473
101.92,16.0413,1.88169,21.8053,10.3569,72.2227,0.93575,26.5619,226.756
101.94,16.0413,1.96027,21.4847,10.3569,72.2227,0.935724,26.5619,225.162
101.96,16.0409,1.84608,21.4843,9.80004,73.6218,0.935724,26.5619,228.875
101.98,16.0409,1.91174,21.1638,9.79961,73.6228,0.935724,26.5619,226.225
102,16.042,1.91011,21.1634,10.0781,76.6541,0.935724,26.5619,221.977
102.02,16.042,2.02045,23.0875,10.0783,76.6564,0.935724,26.5619,217.729
102.04,16.0612,2.00308,23.089,11.4241,80.0958,0.935724,26.5619,211.358
102.06,16.0612,1.97832,21.3481,11.4251,80.0984,0.935724,26.5619,204.986
102.08,16.0136,1.95686,21.3468,9.38396,83.7112,0.935724,26.5619,200.737
102.1,16.0136,1.90622,21.3468,9.38162,83.7154,0.935724,26.5619,196.487
102.12,16.0173,1.87618,22.0337,9.38162,83.7154,0.935724,26.5619,195.423
102.14,16.0173,1.85272,22.0345,8.59268,83.3656,0.940211,26.5825,198.075
102.16,16.0173,1.74525,24.3701,8.59208,83.3653,0.940215,26.5825,198.608
102.18,16.018,1.6792,24.3728,12.5368,82.0829,0.929254,26.5825,195.955
102.2,16.018,1.5799,22.6319,12.5398,82.0819,0.929245,26.5825,193.3
102.22,16.0202,1.60599,22.6305,20.0579,87.9696,0.929245,26.5825,188.522
102.24,16.0202,1.4023,22.6305,20.0637,87.974,0.929245,26.5825,183.743
102.26,16.021,1.45161,23.3175,15.0535,99.6866,0.929245,26.5825,174.722
102.28,16.021,1.32274,23.3183,15.0477,99.7,0.929245,26.5825,165.691
102.3,16.0224,1.39553,25.2875,15.0477,99.7,0.929245,26.5825,159.319
102.32,16.0224,1.25811,25.2897,8.27215,118.587,0.929245,26.5825,158.25
102.34,16.0236,1.35273,26.6183,8.26697,118.602,0.929245,26.5825,156.658
102.36,16.0236,1.3528,26.6193,5.52889,143.202,0.929245,26.5825,152.942
102.38,16.0206,1.45929,25.2907,5.5268,143.22,0.929245,26.5825,149.225
102.4,16.0206,1.45937,25.2897,6.45461,165.538,0.929245,26.5825,148.161
102.42,16.0243,1.59328,25.2897,6.45567,165.564,0.950613,23.1671,147.098
102.44,16.0243,1.59339,19.2905,8.21851,165.564,0.950629,23.1645,150.811
102.46,16.0261,1.79672,19.2836,8.22053,176.173,0.961347,23.1645,155.06
102.48,16.0261,1.79688,18.1845,8.22053,176.181,0.961355,23.1645,157.715
102.5,16.0283,2.02056,18.1833,8.49898,174.782,0.961355,23.1645,159.31
102.52,16.0283,2.02073,20.5197,8.49919,174.781,0.961355,23.1645,163.026
102.54,16.0317,2.33578,20.5215,6.8285,163.297,0.961355,23.1645,163.559
102.56,16.0317,2.26046,20.5215,6.82722,163.289,0.961355,23.1645,164.09
102.58,16.0379,2.46963,23.544,9.05396,143.476,0.961355,23.1645,169.926
102.6,16.0379,2.20307,23.5475,9.05652,143.454,0.961355,23.1645,175.769
102.62,16.0446,2.58765,27.0279,9.65959,143.454,0.961355,23.1645,178.956
102.64,16.0446,2.4598,27.0319,9.66028,117.396,0.961355,23.1645,184.266
102.66,16.0468,2.56267,29.7339,9.66028,117.377,0.961355,23.1645,189.044
102.68,16.0468,2.33894,29.737,8.87134,94.5837,0.978159,22.3826,192.764
102.7,16.0483,2.48859,30.699,8.87074,94.5663,0.978172,22.382,196.481
102.72,16.0483,2.39411,30.6998,6.31829,82.9075,0.978172,22.382,195.423
102.74,16.0516,2.5193,30.6998,6.31634,82.8986,0.925484,22.382,194.361
102.76,16.0516,2.50592,31.3409,5.66687,82.8986,0.925444,22.382,193.83
102.78,16.0531,2.5363,31.3416,5.66613,79.1095,0.925444,22.382,193.298
102.8,16.0531,2.47149,32.7613,5.295,79.1066,0.925444,22.382,195.42
102.82,16.052,2.40844,32.7629,5.29458,79.2815,0.925444,22.382,201.259
102.84,16.052,2.43147,34.6413,5.29458,79.2816,0.925444,22.382,206.57
102.86,16.0509,2.36962,34.6427,6.08352,80.2143,0.925444,22.382,207.104
102.88,16.0509,2.33211,32.6727,6.08412,80.2151,0.925444,22.382,207.635
102.9,16.0523,2.35437,32.6712,7.6614,80.7395,0.925444,22.382,210.818
102.92,16.0523,2.34782,32.6712,7.66321,80.7401,0.925444,22.382,214.006
102.94,16.0516,2.46127,29.6029,9.00853,80.7401,0.925444,22.382,219.843
102.96,16.0516,2.44391,29.5994,9.01007,80.1572,0.976299,21.3533,225.687
102.98,16.0523,2.3572,27.676,10.0771,80.1567,0.976338,21.3525,228.874
103,16.0523,2.4074,27.6738,10.0783,79.0491,0.923234,21.3525,228.877
103.02,16.0527,2.35463,26.6659,10.0783,79.0483,0.923193,21.3525,224.632
103.04,16.0527,2.35552,26.6651,12.9556,78.8151,0.923193,21.3525,223.037
103.06,16.0512,2.40455,26.2986,12.9578,78.8149,0.923193,21.3525,221.444
103.08,16.0512,2.38064,26.2984,14.8598,77.6495,0.923193,21.3525,217.199
103.1,16.052,2.37687,26.2984,14.862,77.6482,0.923193,21.3525,212.95
103.12,16.052,2.3402,25.6572,15.8362,77.6482,0.923193,21.3525,211.885
103.14,16.0531,2.3637,25.6565,15.8373,74.8501,0.923193,21.3525,212.945
103.16,16.0531,2.4086,24.5574,15.8373,74.8479,0.923193,21.3525,216.659
103.18,16.052,2.46733,24.5561,16.9975,72.6328,0.923193,21.3525,220.378
103.2,16.052,2.47292,24.5103,16.9984,72.6311,0.923193,21.3525,223.034
103.22,16.052,2.51887,24.5103,20.1077,71.1738,0.923193,21.3525,223.036
103.24,16.052,2.50048,24.327,20.1101,71.1726,0.949558,22.9985,223.036
103.26,16.052,2.40492,24.3269,27.579,69.3662,0.949578,22.9997,222.506
103.28,16.052,2.43444,24.3269,27.5875,69.3642,0.907731,22.9997,221.974
103.3,16.0516,2.48096,23.7774,31.9482,69.3642,0.9077,22.9997,226.217
103.32,16.0516,2.482,23.7767,31.9532,67.2656,0.9077,22.9997,229.406
103.34,16.0512,2.39519,22.6772,31.9532,67.264,0.9077,22.9997,229.408
103.36,16.0512,2.39134,22.6764,35.1554,66.0981,0.9077,22.9997,224.633
103.38,16.0538,2.41056,22.035,35.1579,66.0972,0.9077,22.9997,219.323
103.4,16.0538,2.39665,22.0345,37.6629,64.8152,0.9077,22.9997,216.667
103.42,16.0516,2.46782,21.5306,37.6658,64.8138,0.9077,22.9997,214.01
103.44,16.0516,2.44263,21.5302,41.2843,63.4153,0.9077,22.9997,214.539
103.46,16.0516,2.39699,21.5302,41.2884,63.4137,0.9077,22.9997,215.07
103.48,16.0527,2.40896,21.576,41.2884,63.4137,0.9077,22.9997,220.375
103.5,16.0527,2.40897,21.576,41.2884,63.0639,0.937248,23.1643,228.871
103.52,16.0498,2.3906,21.576,41.2884,63.0636,0.937271,23.1645,233.122
103.54,16.0497,2.48119,21.576,34.6985,63.1802,0.91422,23.1645,234.187
103.56,16.0464,2.49489,21.576,34.6934,63.1803,0.914202,23.1645,238.433
103.58,16.0464,2.42033,21.576,33.4409,63.1803,0.914202,23.1645,240.027
103.6,16.0398,2.41395,21.576,33.4394,63.1803,0.914202,23.1645,241.621
103.62,16.0398,2.39328,21.576,35.1559,63.0638,0.914202,23.1645,243.214
103.64,16.0368,2.39945,21.576,35.1579,63.0636,0.914202,23.1645,244.807
103.66,16.0368,2.39946,22.1256,38.1269,63.0636,0.914202,23.1645,241.096
103.68,16.0298,2.4986,22.1262,38.1303,64.3461,0.914202,23.1645,238.438
103.7,16.0298,2.49868,22.172,38.1303,64.3471,0.914202,23.1645,244.804
103.72,16.025,2.39692,22.1721,36.3667,66.0959,0.914202,23.1645,246.4
103.74,16.025,2.39684,21.8055,36.3654,66.0972,0.914202,23.1645,247.994
103.76,16.0188,2.34308,21.8053,34.6489,67.7288,0.914202,23.1645,247.464
103.78,16.0188,2.34302,21.8053,34.647,67.7307,0.885779,24.5636,246.933
103.8,16.011,2.42701,21.3931,34.0439,70.0033,0.885758,24.5646,244.811
103.82,16.011,2.4271,21.3926,34.0432,70.0059,0.871141,24.5646,242.686
103.84,16.0062,2.28271,21.3468,34.0432,70.0059,0.87113,24.5646,240.031
103.86,16.0062,2.23653,21.3468,33.7184,72.5708,0.87113,24.5646,238.437
103.88,15.9996,2.50402,22.5837,33.7181,72.5728,0.87113,24.5646,241.62
103.9,15.9996,2.53509,22.5847,33.9964,74.3792,0.87113,24.5646,240.031
103.92,15.9944,2.48364,23.1344,33.9968,74.3812,0.87113,24.5646,238.437
103.94,15.9944,2.49473,23.1349,33.9504,76.3625,0.87113,24.5646,237.375
103.96,15.9889,2.35866,23.1349,33.9503,76.3647,0.87113,24.5646,236.313
103.98,15.9889,2.35097,23.2264,34.0431,76.3647,0.87113,24.5646,235.251
104,15.9837,2.31753,23.2266,34.0432,78.6965,0.87113,24.5646,234.189
104.02,15.9837,2.31751,23.5472,34.0432,78.6983,0.87113,24.5646,232.596
104.04,15.9763,2.43433,23.5475,33.5791,81.03,0.942387,25.8403,232.064
104.06,15.9763,2.43886,24.1889,33.5788,81.0318,0.942441,25.8412,225.696
104.08,15.9678,2.46401,24.1894,32.1407,82.9548,0.942441,25.8412,224.63
104.1,15.9678,2.47902,23.9145,32.139,82.957,0.938654,25.8412,223.568
104.12,15.9612,2.42841,23.9143,32.7885,83.4231,0.938651,25.8412,222.506
104.14,15.9612,2.38031,23.9143,32.7892,83.4237,0.938651,25.8412,221.444
104.16,15.9557,2.42967,22.2198,34.2273,83.4237,0.938651,25.8412,218.26
104.18,15.9557,2.44126,22.2179,34.229,82.5493,0.938651,25.8412,220.379
104.2,15.9487,2.37096,21.943,34.229,82.5486,0.938651,25.8412,219.32
104.22,15.9486,2.37373,21.9428,32.3727,81.8491,0.938651,25.8412,220.38
104.24,15.9427,2.33263,22.63,32.3712,81.8485,0.938651,25.8412,221.973
104.26,15.9427,2.31704,22.6305,29.5878,82.0233,0.938651,25.8412,224.096
104.28,15.9328,2.43584,23.73,29.5846,82.0235,0.938651,25.8412,226.221
104.3,15.9328,2.43843,23.7309,29.4454,79.984,0.938651,25.8412,223.57
104.32,15.9199,2.33409,23.7309,29.4453,79.9817,0.894166,27.5695,220.914
104.34,15.9199,2.36046,23.5934,28.7492,79.9817,0.894132,27.5709,218.789
104.36,15.9066,2.32328,23.5933,28.7486,76.5424,0.893961,27.5709,220.38
104.38,15.9066,2.35958,23.3643,28.7486,76.5397,0.893961,27.5709,225.687
104.4,15.8952,2.35579,23.3641,28.2847,74.7333,0.893961,27.5709,227.813
104.42,15.8951,2.39415,23.639,28.2842,74.7313,0.893961,27.5709,225.693
104.44,15.8826,2.35433,23.6392,32.3202,74.0903,0.893961,27.5709,224.1
104.46,15.8826,2.32129,23.6392,32.3248,74.0895,0.893961,27.5709,222.506
104.48,15.8723,2.35659,24.2345,29.6341,74.8471,0.893961,27.5709,224.096
104.5,15.8723,2.32649,24.2352,29.6311,74.8479,0.893961,27.5709,225.69
104.52,15.8597,2.38248,24.9224,31.8122,74.8479,0.893961,27.5709,235.243
104.54,15.8597,2.40534,24.9229,31.8139,76.7716,0.893961,27.5709,235.78
104.56,15.8453,2.37878,25.4727,31.8139,76.7731,0.893961,27.5709,229.944
104.58,15.8453,2.40901,25.4731,32.6489,80.2111,0.934569,27.3858,226.226
104.6,15.8317,2.39366,26.1145,32.6499,80.2151,0.934616,27.3855,222.508
104.62,15.8317,2.39038,26.115,30.9335,84.2941,0.934616,27.3855,223.566
104.64,15.8129,2.40178,26.115,30.9315,84.2987,0.935301,27.3855,224.628
104.66,15.8129,2.36412,26.7561,32.0912,84.2987,0.935301,27.3855,224.099
104.68,15.8011,2.37156,26.7568,32.0926,86.922,0.935301,27.3855,223.567
104.7,15.801,2.36599,27.2608,27.4982,86.924,0.935301,27.3855,223.036
104.72,15.7896,2.4458,27.2612,27.4947,89.1974,0.935301,27.3855,222.505
104.74,15.7896,2.45215,28.6356,27.4947,89.1992,0.935301,27.3855,223.036
104.76,15.7896,2.36832,28.6366,29.4894,90.8307,0.935301,27.3855,223.036
104.78,15.7804,2.39186,30.0568,29.4917,90.8326,0.935301,27.3855,223.036
104.8,15.7804,2.37669,30.0579,30.234,91.6484,0.935301,27.3855,217.732
104.82,15.7605,2.3429,30.0579,30.2348,91.6494,0.935301,27.3855,212.419
104.84,15.7605,2.41611,30.2411,34.69,91.6494,0.935301,27.3855,210.293
104.86,15.7468,2.45497,30.2413,34.6934,91.6494,0.950766,26.9329,208.169
104.88,15.7468,2.455,29.9206,34.6934,91.6494,0.950778,26.9326,207.106
104.9,15.7354,2.432,29.9204,33.1625,92.0573,0.955145,26.9326,208.696
104.92,15.7354,2.4404,30.241,33.1608,92.0577,0.95515,26.9326,206.575
104.94,15.7262,2.41755,30.2413,37.7534,92.1743,0.95515,26.9326,196.496
104.96,15.7261,2.41752,30.0122,37.7587,92.1744,0.95515,26.9326,186.402
104.98,15.7132,2.38073,30.012,31.8207,91.4751,0.95515,26.9326,183.742
105,15.7132,2.38068,30.012,31.8139,91.4743,0.95515,26.9326,181.086
105.02,15.7014,2.45095,29.9204,28.6117,91.4743,0.95515,26.9326,182.145
105.04,15.7014,2.45101,29.9204,28.6093,91.008,0.95515,26.9326,181.615
105.06,15.6867,2.38341,30.7908,28.6093,91.0076,0.95515,26.9326,180.554
105.08,15.6867,2.38335,30.7915,24.9908,91.1242,0.95515,26.9326,180.553
105.1,15.6763,2.34073,29.921,24.9867,91.1243,0.95515,26.9326,180.553
105.12,15.6763,2.3407,29.9204,32.0381,91.8236,0.95515,26.9326,177.901
105.14,15.6561,2.36684,30.6075,32.0461,91.8244,0.93206,27.6115,175.245
105.16,15.656,2.37525,30.6081,31.2575,91.2999,0.932042,27.612,173.121
105.18,15.6453,2.40167,30.6081,31.2566,91.2993,0.948931,27.612,170.996
105.2,15.6453,2.3979,30.6997,29.1218,91.2993,0.948944,27.612,170.464
105.22,15.6313,2.36393,30.6998,29.1202,89.4922,0.948944,27.612,171.525
105.24,15.6313,2.35927,30.1042,29.1202,89.4908,0.948944,27.612,170.464
105.26,15.6236,2.32562,30.1037,30.3263,87.5679,0.948944,27.612,170.463
105.28,15.6236,2.29878,30.3328,30.3277,87.5657,0.948944,27.612,170.463
105.3,15.6085,2.32817,30.333,27.034,85.7593,0.948944,27.612,169.933
105.32,15.6084,2.33892,29.1877,27.0302,85.7572,0.948944,27.612,169.402
105.34,15.5937,2.41675,29.1868,28.2832,85.8155,0.948944,27.612,172.585
105.36,15.5937,2.43443,29.1868,28.2842,85.8155,0.948944,27.612,175.771
105.38,15.5848,2.51317,29.7824,31.44,85.8155,0.948944,27.612,175.243
105.4,15.5848,2.49595,29.7828,31.4424,87.0392,0.952722,26.9128,173.651
105.42,15.566,2.41774,29.9202,31.4424,87.0406,0.952727,26.912,177.364
105.44,15.566,2.4027,29.9204,28.1486,87.2737,0.973993,26.912,177.367
105.46,15.5472,2.38197,30.8824,28.1449,87.274,0.974017,26.912,177.367
105.48,15.5472,2.40554,30.8832,27.9593,87.4488,0.974017,26.912,180.549
105.5,15.5339,2.32954,30.8832,27.9591,87.449,0.974017,26.912,183.737
105.52,15.5339,2.31549,30.425,31.1148,87.2741,0.974017,26.912,183.739
105.54,15.5221,2.36738,30.4247,31.1173,87.274,0.974017,26.912,186.392
105.56,15.5221,2.37027,31.4784,32.7415,87.274,0.974017,26.912,186.394
105.58,15.5077,2.42282,31.4792,32.7428,87.5653,0.974017,26.912,184.803
105.6,15.5077,2.44156,30.1048,32.7428,87.5657,0.974017,26.912,186.924
105.62,15.4919,2.41218,30.1037,32.6036,88.1484,0.974017,26.912,187.456
105.64,15.4918,2.39856,29.2333,32.6035,88.1491,0.974017,26.912,187.987
105.66,15.4826,2.35627,29.2326,29.2169,88.3239,0.974017,26.912,185.335
105.68,15.4826,2.34867,29.2326,29.2131,88.3241,0.962928,27.2617,182.679
105.7,15.4645,2.40727,28.2706,36.2671,88.3241,0.96292,27.262,184.8
105.72,15.4645,2.42493,28.2698,36.2725,87.3331,0.987429,27.262,186.393
105.74,15.4476,2.404,29.9191,36.2725,87.3323,0.987448,27.262,188.517
105.76,15.4476,2.40202,29.9204,34.9736,86.5748,0.987448,27.262,190.64
105.78,15.4284,2.39373,29.508,34.9721,86.5739,0.987448,27.262,191.704
105.8,15.4284,2.37975,29.5077,35.6216,85.292,0.987448,27.262,196.479
105.82,15.4092,2.4377,28.6373,35.6223,85.2905,0.987448,27.262,201.26
105.84,15.4092,2.4634,28.6366,31.7704,84.7658,0.987448,27.262,204.447
105.86,15.3911,2.53112,28.6366,31.7675,84.7654,0.987448,27.262,207.633
105.88,15.3911,2.51953,28.4534,17.0097,84.7654,0.987448,27.262,206.044
105.9,15.3745,2.4144,28.4532,16.9984,84.9403,0.987448,27.262,201.799
105.92,15.3745,2.42679,26.9414,16.9984,84.9405,0.987448,27.262,194.896
105.94,15.3524,2.33816,26.9402,24.0034,86.0476,1.03987,25.7606,191.178
105.96,15.3524,2.33029,26.8028,24.0114,86.0489,1.03993,25.7589,189.051
105.98,15.3332,2.47729,26.8027,28.4185,86.5151,1.03993,25.7589,189.58
106,15.3332,2.48877,27.1234,28.4235,86.5156,1.06698,25.7589,190.111
106.02,15.3184,2.40864,27.1236,27.8202,86.6905,1.067,25.7589,185.867
106.04,15.3184,2.40004,27.1236,27.8198,86.6906,1.067,25.7589,181.618
106.06,15.3007,2.42077,25.8867,25.4993,86.6906,1.067,25.7589,177.37
106.08,15.3007,2.40961,25.8857,25.4976,85.9331,1.067,25.7589,178.428
106.1,15.3007,2.34404,25.3818,25.4976,85.9322,1.067,25.7589,182.143
106.12,15.2778,2.31879,25.3814,36.5385,84.4754,1.067,25.7589,181.085
106.14,15.2778,2.30041,25.8853,36.5512,84.4737,1.067,25.7589,179.492
106.16,15.2598,2.33411,25.8857,31.2163,82.0846,1.067,25.7589,177.369
106.18,15.2597,2.32298,26.1606,31.2101,82.0819,1.067,25.7589,175.244
106.2,15.2349,2.31451,26.1608,20.0722,80.2165,1.067,25.7589,172.059
106.22,15.2349,2.37409,26.1608,20.0637,80.2151,1.03701,26.0675,168.873
106.24,15.2172,2.38833,25.9318,20.0637,80.2151,1.03699,26.0677,168.339
106.26,15.2172,2.47483,25.9316,36.6251,79.4575,1.0608,26.0677,164.096
106.28,15.1954,2.50178,24.8321,36.6441,79.4567,1.06083,26.0677,161.968
106.3,15.1954,2.5018,24.8312,30.2886,78.6409,1.06083,26.0677,164.619
106.32,15.1687,2.37459,26.2514,30.2813,78.6399,1.06083,26.0677,167.275
106.34,15.1687,2.37449,26.2525,32.6017,77.9404,1.06083,26.0677,171.522
106.36,15.1494,2.37979,26.2525,32.6035,77.9399,1.06083,26.0677,175.77
106.38,15.1494,2.3798,25.4279,30.8399,76.8323,1.06083,26.0677,180.549
106.4,15.128,2.52572,25.4273,30.8386,76.8314,1.06083,26.0677,185.327
106.42,15.128,2.52589,25.2898,30.8386,76.8314,1.06083,26.0677,191.7
106.44,15.0993,2.27787,25.2897,29.2149,75.666,1.06083,26.0677,199.131
106.46,15.0992,2.27759,24.007,29.2131,75.6647,1.06083,26.0677,199.139
106.48,15.0762,2.33712,24.006,30.6976,74.5575,1.06255,25.8826,199.139
106.5,15.0762,2.35578,19.8828,30.6993,74.5563,1.06255,25.8824,199.139
106.52,15.0581,2.41685,19.8797,28.8429,74.6728,1.06255,25.8824,198.609
106.54,15.0581,2.41402,19.8797,28.8415,74.6729,1.08469,25.8824,198.078
106.56,15.0277,2.4307,21.5747,24.6184,74.6729,1.08471,25.8824,198.077
106.58,15.0277,2.41576,21.576,24.6151,74.4981,1.08471,25.8824,198.077
106.6,14.9969,2.34212,22.5839,24.6151,74.4979,1.08471,25.8824,198.077
106.62,14.9969,2.34726,22.5847,26.6099,74.6145,1.08471,25.8824,200.199
106.64,14.9702,2.36213,22.3098,26.6122,74.6146,1.08471,25.8824,206.038
106.66,14.9702,2.38273,22.3096,36.1223,74.9059,1.08471,25.8824,209.225
106.68,14.941,2.5976,21.714,36.1332,74.9063,1.08471,25.8824,212.413
106.7,14.941,2.57702,21.7136,35.0194,74.7897,1.08471,25.8824,210.823
106.72,14.918,2.40605,21.7136,35.0185,74.7896,1.08471,25.8824,209.23
106.74,14.918,2.41019,24.5082,35.9467,74.7896,1.08471,25.8824,208.168
106.76,14.895,2.37172,24.5103,35.9474,75.7802,1.07461,24.5044,208.167
106.78,14.895,2.3787,23.2275,35.9474,75.7814,1.0746,24.5029,211.351
106.8,14.8646,2.46346,23.2266,31.8186,75.8979,1.07653,24.5029,212.414
106.82,14.8646,2.47691,20.2487,31.8139,75.898,1.07654,24.5029,217.191
106.84,14.835,2.41801,20.2464,34.3664,74.9653,1.07654,24.5029,220.378
106.86,14.835,2.41942,20.2464,34.3683,74.9646,1.07654,24.5029,223.565
106.88,14.8103,2.29919,24.3238,30.7485,74.5566,1.07654,24.5029,226.751
106.9,14.8103,2.28193,24.3269,30.7457,74.5563,1.07654,24.5029,229.936
106.92,14.7803,2.40875,22.6776,30.9313,74.5563,1.07654,24.5029,232.593
106.94,14.7803,2.3801,22.6764,30.9315,75.0224,1.07654,24.5029,233.125
106.96,14.754,2.35361,23.501,30.9315,75.023,1.07654,24.5029,233.126
106.98,14.754,2.40099,23.5016,29.4006,73.6244,1.07654,24.5029,233.126
107,14.7265,2.34053,23.181,29.3988,73.6228,1.07654,24.5029,233.126
107.02,14.7265,2.3243,23.1807,27.5889,71.2328,1.07654,24.5029,232.064
107.04,14.7002,2.38789,23.1807,27.5875,71.231,1.08493,22.7128,231.002
107.06,14.7001,2.39506,23.1807,26.2417,71.231,1.08494,22.7115,230.471
107.08,14.6694,2.35346,23.1807,26.2407,70.9396,1.11491,22.7115,229.94
107.1,14.6693,2.35201,24.0512,29.2108,70.9393,1.11495,22.7115,225.694
107.12,14.6451,2.51561,24.0518,29.2131,70.3566,1.11495,22.7115,224.1
107.14,14.6451,2.50777,24.006,29.2131,70.3559,1.11495,22.7115,221.445
107.16,14.6176,2.40887,24.006,28.7956,71.6961,1.11495,22.7115,218.26
107.18,14.6175,2.39787,23.4104,28.7951,71.6977,1.11495,22.7115,215.073
107.2,14.5871,2.42279,23.4099,26.9852,74.6124,1.11495,22.7115,208.172
107.22,14.5871,2.41837,23.4099,26.9838,74.6146,1.11495,22.7115,201.269
107.24,14.5604,2.46436,24.5095,20.9507,74.6146,1.11495,22.7115,189.059
107.26,14.5604,2.43675,24.5103,20.9461,77.1203,1.11495,22.7115,176.85
107.28,14.5325,2.37471,27.8088,24.4731,77.1231,1.11495,22.7115,167.815
107.3,14.5325,2.38222,27.8113,24.4758,77.9389,1.09701,24.6036,166.217
107.32,14.5054,2.45262,28.1778,24.4758,77.9399,1.09699,24.6058,164.092
107.34,14.5053,2.47766,28.1781,25.636,77.9982,1.09699,24.6058,162.499
107.36,14.4754,2.55271,29.1402,25.6369,77.9982,1.12854,24.6058,160.906
107.38,14.4753,2.56345,29.1409,22.4811,78.2314,1.12856,24.6058,159.313
107.4,14.4433,2.43299,29.1409,22.4787,78.2316,1.12856,24.6058,157.72
107.42,14.4433,2.41346,28.5454,19.6942,78.2316,1.12856,24.6058,156.126
107.44,14.4067,2.40501,28.5449,19.6921,78.8726,1.12856,24.6058,155.595
107.46,14.4067,2.42286,29.5986,19.6921,78.8733,1.12856,24.6058,152.41
107.48,14.4067,2.52364,29.5994,20.8055,80.097,1.12856,24.6058,144.982
107.5,14.3771,2.50695,29.1413,20.8068,80.0984,1.12856,24.6058,138.606
107.52,14.3771,2.50226,29.1409,29.6707,80.4481,1.12856,24.6058,135.948
107.54,14.3463,2.5158,29.7365,29.6775,80.4484,1.12856,24.6058,133.293
107.56,14.3463,2.36898,29.737,31.6731,81.8475,1.12856,24.6058,135.413
107.58,14.3163,2.37671,29.737,31.6746,81.8485,1.04804,24.359,137.536
107.6,14.3163,2.4573,29.9202,26.384,81.8485,1.04795,24.3587,137.539
107.62,14.2863,2.4437,29.9204,26.38,83.1305,1.04434,24.3587,138.069
107.64,14.2863,2.37862,30.1494,26.38,83.132,1.04433,24.3587,142.315
107.66,14.2567,2.3415,30.1496,24.2452,84.4727,1.04433,24.3587,148.155
107.68,14.2567,2.34147,30.5619,24.2436,84.4737,1.04433,24.3587,150.282
107.7,14.2345,2.5407,30.5622,20.3453,85.3482,1.04433,24.3587,149.223
107.72,14.2345,2.54085,31.5701,20.3423,85.3488,1.04433,24.3587,148.16
107.74,14.1975,2.46892,31.5709,18.486,88.0886,1.04433,24.3587,146.037
107.76,14.1975,2.46886,31.5709,18.4846,88.0907,1.04433,24.3587,143.914
107.78,14.172,2.48919,31.0669,21.1298,88.0907,1.04433,24.3587,138.605
107.8,14.172,2.48921,31.0665,21.1319,93.3352,1.04433,24.3587,133.827
107.82,14.1511,2.54619,30.1503,21.1319,93.3412,1.04433,24.3587,130.638
107.84,14.1511,2.54624,30.1496,22.7097,101.852,1.05195,22.2189,127.452
107.86,14.1396,2.52046,28.4087,22.711,101.859,1.05196,22.2173,125.327
107.88,14.1395,2.48584,28.4074,22.2933,114.567,1.05196,22.2173,125.856
107.9,14.1272,2.64164,29.4149,22.293,114.576,1.01503,22.2173,126.386
107.92,14.1272,2.62797,29.416,22.8963,131.248,1.01499,22.2173,124.795
107.94,14.1198,2.54882,29.416,22.8967,131.261,1.01499,22.2173,123.203
107.96,14.1198,2.55565,29.92,19.3697,131.261,1.01499,22.2173,121.609
107.98,14.1157,2.58937,29.9204,19.367,143.673,1.01499,22.2173,116.303
108,14.1157,2.56281,29.5997,19.367,143.687,1.01499,22.2173,110.46
108.02,14.1132,2.45928,29.5994,21.9195,141.006,1.01499,22.2173,106.741
108.04,14.1132,2.48453,29.462,21.9214,141.003,1.01499,22.2173,103.024
108.06,14.1128,2.49464,29.4619,21.7822,132.143,1.01499,22.2173,95.5925
108.08,14.1128,2.48947,29.4619,21.7821,132.136,1.01499,22.2173,88.1608
108.1,14.1165,2.49956,30.6988,20.4826,124.849,1.01499,22.2173,89.2136
108.12,14.1165,2.52005,30.6998,20.4817,124.844,1.05814,23.657,90.2753
108.14,14.1198,2.46681,34.319,20.4817,124.844,1.05819,23.6586,92.399
108.16,14.1198,2.47687,34.3218,23.9623,120.122,0.977731,23.6586,96.1151
108.18,14.1247,2.44034,36.3833,23.9649,120.118,0.97767,23.6586,99.3017
108.2,14.1247,2.44878,36.3849,25.3572,117.379,0.97767,23.6586,105.672
108.22,14.1305,2.46254,35.2854,25.3582,117.377,0.97767,23.6586,112.044
108.24,14.1305,2.42829,35.2846,21.692,115.453,0.97767,23.6586,116.825
108.26,14.1395,2.38432,35.2846,21.6892,115.451,0.97767,23.6586,121.602
108.28,14.1395,2.41879,34.3683,23.9632,115.451,0.97767,23.6586,125.853
108.3,14.1482,2.41884,34.3676,23.9649,111.139,0.97767,23.6586,130.099
108.32,14.1482,2.40513,32.6725,23.9649,111.134,0.97767,23.6586,136.472
108.34,14.1658,2.3604,32.6712,27.956,102.915,0.97767,23.6586,143.906
108.36,14.1658,2.41686,31.8924,27.9591,102.909,0.97767,23.6586,149.218
108.38,14.1868,2.44205,31.8918,26.242,95.1556,0.97767,23.6586,154.528
108.4,14.1868,2.42925,32.5329,26.2407,95.1496,1.00745,24.8721,159.836
108.42,14.2016,2.43762,32.5337,25.9622,90.4862,1.00749,24.8735,164.618
108.44,14.2016,2.43322,32.5337,25.962,90.4826,0.938962,24.8735,169.396
108.46,14.2193,2.34164,33.7706,27.7719,90.4826,0.938883,24.8735,172.585
108.48,14.2193,2.3557,33.7716,27.7733,86.5201,0.938883,24.8735,175.77
108.5,14.2308,2.41463,34.1839,27.7733,86.5156,0.938883,24.8735,181.611
108.52,14.2308,2.40398,34.1842,33.992,82.435,0.938883,24.8735,182.676
108.54,14.239,2.42059,34.0926,33.9968,82.4319,0.938883,24.8735,185.33
108.56,14.239,2.45186,34.0925,33.6255,80.7997,0.938883,24.8735,186.924
108.58,14.2476,2.46458,32.1233,33.6252,80.7984,0.938883,24.8735,188.517
108.6,14.2476,2.46607,32.1211,31.9081,82.5473,0.938883,24.8735,188.518
108.62,14.2563,2.44499,32.1211,31.9068,82.5486,0.938883,24.8735,188.518
108.64,14.2563,2.44109,31.6171,24.7599,82.5486,0.938883,24.8735,185.335
108.66,14.2563,2.56782,31.6167,24.7545,86.3377,0.914379,25.429,182.148
108.68,14.2678,2.55826,30.6547,24.7545,86.3406,0.914361,25.4294,181.085
108.7,14.2678,2.47836,30.6539,23.7799,90.596,0.893369,25.4294,179.492
108.72,14.2821,2.44457,29.417,23.7792,90.5993,0.893353,25.4294,178.43
108.74,14.2822,2.35844,29.416,20.4378,92.8144,0.893353,25.4294,175.245
108.76,14.2949,2.40115,29.416,20.4352,92.8161,0.893353,25.4294,172.06
108.78,14.2949,2.56947,29.5993,20.6673,92.1749,0.893353,25.4294,172.587
108.8,14.3072,2.50935,29.5994,20.6674,92.1744,0.893353,25.4294,173.118
108.82,14.3072,2.41468,29.462,21.0851,92.1744,0.893353,25.4294,171.527
108.84,14.3122,2.43628,29.4619,21.0854,90.7753,0.893353,25.4294,170.995
108.86,14.3122,2.4363,28.3165,21.0854,90.7743,0.893353,25.4294,178.423
108.88,14.3253,2.44773,28.3157,23.7771,91.4155,0.893353,25.4294,187.45
108.9,14.3253,2.44774,28.8194,23.7792,91.416,0.893353,25.4294,196.474
108.92,14.3364,2.35179,28.82,21.3195,92.0572,0.893353,25.4294,200.199
108.94,14.3364,2.35171,28.82,21.3176,92.0577,0.854824,22.982,203.914
108.96,14.3467,2.30411,29.9195,20.7607,92.0577,0.85478,22.9791,207.633
108.98,14.3467,2.30408,29.9204,20.7603,89.7851,0.851246,22.9791,211.349
109,14.3516,2.44736,29.4164,16.3051,89.7825,0.851242,22.9791,212.945
109.02,14.3516,2.44747,29.416,16.3017,85.1773,0.851242,22.9791,216.661
109.04,14.3537,2.36524,29.416,16.3017,85.1738,0.851242,22.9791,225.684
109.06,14.3537,2.36707,29.416,15.8376,79.3444,0.851242,22.9791,237.896
109.08,14.3545,2.41609,30.0114,15.8373,79.34,0.851242,22.9791,250.105
109.1,14.3545,2.44935,30.012,20.2925,74.1518,0.851242,22.9791,251.18
109.12,14.3676,2.32096,30.012,20.2959,74.1479,0.851242,22.9791,252.242
109.14,14.3676,2.31583,31.8446,19.3213,74.1479,0.851242,22.9791,255.957
109.16,14.3861,2.15552,31.846,19.3206,71.8161,0.851242,22.9791,259.675
109.18,14.3861,2.1625,31.8001,19.3206,71.8144,0.851242,22.9791,261.8
109.2,14.3931,2.01835,31.8001,14.8654,71.1148,0.888001,23.7404,262.332
109.22,14.3931,2.00356,31.342,14.862,71.1143,0.888029,23.741,260.741
109.24,14.4161,1.93496,31.3416,14.2587,71.2892,0.888029,23.741,261.27
109.26,14.4161,1.96808,28.7313,14.2582,71.2893,0.889424,23.741,261.801
109.28,14.4318,1.70453,28.7283,14.8615,74.3206,0.889426,23.741,251.72
109.3,14.4318,1.7194,28.7283,14.862,74.3229,0.889426,23.741,241.634
109.32,14.4416,1.57621,27.7662,13.5161,74.3229,0.889426,23.741,231.54
109.34,14.4416,1.63618,27.7655,13.5151,79.9191,0.889426,23.741,224.104
109.36,14.4519,1.45272,26.0246,13.5151,79.9234,0.889426,23.741,215.077
109.38,14.4519,1.52489,26.0233,11.9836,89.0755,0.889426,23.741,204.458
109.4,14.4568,1.36666,25.6111,11.9825,89.0825,0.889426,23.741,193.841
109.42,14.4568,1.46558,25.6106,14.8598,105.871,0.889426,23.741,185.339
109.44,14.4687,1.30203,25.8854,14.862,105.884,0.889426,23.741,176.845
109.46,14.4688,1.39553,25.8857,11.567,129.318,0.889426,23.741,166.754
109.48,14.4807,1.39133,25.8857,11.5645,129.336,0.850813,23.8233,156.668
109.5,14.4807,1.40731,27.535,10.6827,129.336,0.850769,23.8234,140.737
109.52,14.4922,1.38924,27.5363,10.682,150.846,0.854777,23.8234,133.827
109.54,14.4922,1.42703,28.7732,10.682,150.863,0.85478,23.8234,130.107
109.56,14.4946,1.32542,28.7742,12.6312,166.835,0.85478,23.8234,123.206
109.58,14.4946,1.36234,31.7509,12.6327,166.847,0.85478,23.8234,115.775
109.6,14.4971,1.39503,31.7543,13.3752,178.098,0.85478,23.8234,109.929
109.62,14.4971,1.39825,35.8759,13.3758,178.107,0.85478,23.8234,104.09
109.64,14.5037,1.42645,35.8806,13.515,184.053,0.85478,23.8234,98.7771
109.66,14.5037,1.45773,35.8806,13.5151,184.057,0.85478,23.8234,93.4667
109.68,14.5164,1.46432,42.2944,14.2112,184.057,0.85478,23.8234,89.7483
109.7,14.5164,1.47046,42.2993,14.2118,184.057,0.85478,23.8234,88.6842
109.72,14.5226,1.50095,45.9643,14.2118,184.057,0.85478,23.8234,93.4591
109.74,14.5226,1.49931,45.9671,14.8615,178.403,0.835563,22.6712,98.2384
109.76,14.5337,1.56661,44.868,14.862,178.398,0.835548,22.6703,103.016
109.78,14.5337,1.51188,44.8668,14.4443,167.672,0.835548,22.6703,109.389
109.8,14.5407,1.73868,44.8668,14.444,167.664,0.846474,22.6703,115.759
109.82,14.5407,1.70525,40.0564,10.6849,154.14,0.846486,22.6703,116.297
109.84,14.553,1.94238,40.0527,10.682,154.13,0.846486,22.6703,116.828
109.86,14.553,1.86969,34.3719,11.1925,154.13,0.846486,22.6703,119.482
109.88,14.56,2.0119,34.3676,11.1929,141.305,0.846486,22.6703,118.422
109.9,14.56,2.07758,31.0245,11.1929,141.295,0.846486,22.6703,120.013
109.92,14.5768,2.29597,31.0207,9.52223,126.489,0.846486,22.6703,127.443
109.94,14.5768,2.16991,30.0132,9.52095,126.477,0.846486,22.6703,134.875
109.96,14.5768,2.34308,30.012,11.3773,112.37,0.846486,22.6703,139.659
109.98,14.5908,2.15609,30.012,11.3787,112.359,0.846486,22.6703,144.437
110,14.5908,2.32022,30.1953,11.5643,112.359,0.846486,22.6703,152.402
110.02,14.6109,2.24209,30.1954,11.5645,101.342,0.789677,20.9831,160.367
110.04,14.611,2.51033,32.1196,11.5645,101.333,0.789634,20.9819,164.088
110.06,14.6282,2.3591,32.1211,12.9567,88.9752,0.842337,20.9819,169.397
110.08,14.6282,2.55841,32.6248,12.9578,88.9658,0.842377,20.9819,177.888
110.1,14.6455,2.4194,32.6254,13.1898,81.6791,0.842377,20.9819,184.796
110.12,14.6455,2.40783,33.6787,13.19,81.6735,0.842377,20.9819,191.697
110.14,14.6599,2.41209,33.6799,14.5358,81.0323,0.842377,20.9819,187.46
110.16,14.6599,2.41209,33.6799,14.5369,81.0318,0.842377,20.9819,183.211
110.18,14.6775,2.428,35.1917,15.3722,81.0318,0.842377,20.9819,180.555
110.2,14.6775,2.42801,35.1929,15.3729,81.9062,0.842377,20.9819,177.9
110.22,14.6911,2.46167,36.5214,15.3729,81.9069,0.842377,20.9819,179.49
110.24,14.6911,2.4617,36.5224,15.9762,82.8979,0.842377,20.9819,186.92
110.26,14.6997,2.43716,37.2552,15.9766,82.8986,0.842377,20.9819,191.169
110.28,14.6997,2.43713,37.256,15.6982,84.2394,0.842377,20.9819,193.296
110.3,14.7108,2.38336,37.3018,15.698,84.2404,0.749635,21.2698,195.42
110.32,14.7108,2.38329,37.3019,15.0482,86.339,0.749529,21.2701,195.422
110.34,14.7186,2.37953,37.3019,15.0477,86.3406,0.815208,21.2701,195.422
110.36,14.7186,2.37149,36.4772,20.8488,86.3406,0.815258,21.2701,199.667
110.38,14.7306,2.40178,36.4766,20.8532,87.5647,0.815258,21.2701,203.385
110.4,14.7306,2.33345,35.3317,20.8532,87.5657,0.815258,21.2701,203.918
110.42,14.7433,2.28236,35.3304,21.0852,86.9244,0.815258,21.2701,201.796
110.44,14.7433,2.35497,33.2696,21.0854,86.924,0.815258,21.2701,199.673
110.46,14.7597,2.42785,33.2673,24.6125,85.1169,0.815258,21.2701,203.385
110.48,14.7597,2.42403,32.6261,24.6151,85.1155,0.815258,21.2701,207.101
110.5,14.7733,2.36652,32.6254,29.0703,83.7747,0.815258,21.2701,208.697
110.52,14.7733,2.32865,32.6254,29.0737,83.7737,0.815258,21.2701,210.29
110.54,14.7819,2.33606,31.5717,31.2549,83.7737,0.815258,21.2701,209.23
110.56,14.7819,2.35259,31.5709,31.2566,83.3073,0.684005,23.3688,213.474
110.58,14.791,2.39387,31.8914,31.2566,83.307,0.683905,23.3704,221.434
110.6,14.791,2.40956,31.8918,32.4632,83.5985,0.809807,23.3704,227.81
110.62,14.8033,2.39069,31.5254,32.4641,83.5987,0.809903,23.3704,234.181
110.64,14.8033,2.36557,31.525,34.0884,84.2982,0.809903,23.3704,235.249
110.66,14.8107,2.47219,31.525,34.0897,84.2987,0.809903,23.3704,236.311
110.68,14.8107,2.48187,31.6625,38.0808,85.7561,0.809903,23.3704,235.251
110.7,14.8255,2.54773,31.6626,38.0838,85.7572,0.809903,23.3704,234.189
110.72,14.8255,2.61543,31.5709,40.1258,85.7572,0.809903,23.3704,233.127
110.74,14.8378,2.45273,31.5709,40.1273,87.9724,0.809903,23.3704,231.534
110.76,14.8378,2.38844,31.6167,40.1273,87.974,0.809903,23.3704,229.941
110.78,14.8424,2.2468,31.6167,36.2754,90.1892,0.809903,23.3704,221.98
110.8,14.8424,2.29156,31.5251,36.2725,90.1909,0.809903,23.3704,214.017
110.82,14.8473,2.47876,31.525,38.4073,91.8231,0.809903,23.3704,214.008
110.84,14.8473,2.44272,31.525,38.4089,91.8244,0.71828,24.0288,214.008
110.86,14.8534,2.4259,31.1585,38.6874,91.8244,0.718211,24.0293,211.886
110.88,14.8535,2.45504,31.1582,38.6876,91.7661,0.801872,24.0293,208.17
110.9,14.8604,2.31278,30.3339,38.6876,91.766,0.801936,24.0293,204.984
110.92,14.8604,2.28099,30.333,39.3837,92.8153,0.801936,24.0293,200.736
110.94,14.8736,2.38137,29.3713,39.3842,92.8161,0.801936,24.0293,196.489
110.96,14.8736,2.4038,29.3702,41.4726,95.4976,0.801936,24.0293,194.892
110.98,14.8789,2.42289,30.4693,41.4742,95.4997,0.801936,24.0293,193.3
111,14.8789,2.40798,30.4705,39.7107,96.4907,0.801936,24.0293,187.461
111.02,14.8863,2.48806,30.4705,39.7093,96.4914,0.801936,24.0293,181.619
111.04,14.8863,2.5112,29.8291,36.6,96.4914,0.801936,24.0293,176.839
111.06,14.9024,2.35802,29.8287,36.5976,94.2763,0.801936,24.0293,173.121
111.08,14.9024,2.33924,30.2408,36.5976,94.2746,0.801936,24.0293,169.405
111.1,14.9024,2.42336,30.2413,36.3656,90.6604,0.754097,24.0293,169.401
111.12,14.9052,2.40233,30.8366,36.3654,90.6576,0.75406,24.5434,169.401
111.14,14.9052,2.43151,30.8373,34.9731,88.7339,0.75406,24.544,171.524
111.16,14.9135,2.47466,31.0664,34.9721,88.7324,0.804846,24.544,173.648
111.18,14.9135,2.35229,31.0665,36.0859,90.0732,0.804884,24.544,176.303
111.2,14.925,2.30839,31.0665,36.0867,90.0742,0.804884,24.544,181.08
111.22,14.925,2.41554,31.1124,34.7873,90.0742,0.804884,24.544,184.798
111.24,14.9344,2.41175,31.1124,34.7863,92.3477,0.804884,24.544,183.74
111.26,14.9344,2.44929,31.0666,34.7863,92.3494,0.804884,24.544,182.678
111.28,14.9447,2.46188,31.0665,33.8117,93.457,0.804884,24.544,184.269
111.3,14.9447,2.46188,31.6161,33.811,93.4578,0.804884,24.544,185.861
111.32,14.9517,2.36308,31.6167,32.6508,93.1081,0.804884,24.544,187.986
111.34,14.9517,2.363,31.6625,32.6499,93.1078,0.804884,24.544,190.11
111.36,14.9624,2.43903,31.6626,33.8565,92.2917,0.804884,24.544,195.418
111.38,14.9624,2.43909,31.6626,33.8574,92.2911,0.789075,25.2642,200.728
111.4,14.9681,2.49179,30.3345,32.0482,92.2911,0.789063,25.2647,202.854
111.42,14.9681,2.49185,30.333,32.0461,91.475,0.812141,25.2647,205.51
111.44,14.9792,2.46221,30.562,32.0461,91.4743,0.812159,25.2647,208.164
111.46,14.9792,2.46217,30.5622,34.877,89.9004,0.812159,25.2647,207.636
111.48,14.987,2.40347,30.0585,34.8792,89.8992,0.812159,25.2647,207.105
111.5,14.987,2.41483,30.0579,32.2339,88.2087,0.812159,25.2647,211.881
111.52,14.9948,2.41077,30.0579,32.2319,88.2074,0.812159,25.2647,218.252
111.54,14.9948,2.37824,29.8746,29.8651,86.6335,0.812159,25.2647,219.849
111.56,15.0088,2.35217,29.8745,29.8633,86.6323,0.812159,25.2647,219.319
111.58,15.0088,2.33909,30.1035,29.8633,86.6323,0.812159,25.2647,216.136
111.6,15.0215,2.40609,30.1037,34.5969,85.8162,0.812159,25.2647,212.418
111.62,15.0216,2.44604,29.4626,34.6005,85.8155,0.812159,25.2647,208.702
111.64,15.0372,2.49776,29.4619,36.3176,86.3985,0.805905,25.2647,208.698
111.66,15.0372,2.46428,28.6372,36.319,86.3989,0.8059,27.2193,208.698
111.68,15.0462,2.42594,28.6366,34.1378,85.816,0.8059,27.2208,212.943
111.7,15.0462,2.44063,28.6366,34.1361,85.8155,0.821411,27.2208,216.661
111.72,15.0577,2.41562,28.4534,33.5328,85.8155,0.821422,27.2208,216.133
111.74,15.0577,2.36579,28.4532,33.5323,85.116,0.821422,27.2208,214.541
111.76,15.0688,2.20904,28.1327,33.5323,85.1155,0.821422,27.2208,211.887
111.78,15.0688,2.24315,28.1323,36.224,85.815,0.821422,27.2208,206.047
111.8,15.0787,2.37809,28.4986,36.2261,85.8155,0.821422,27.2208,200.208
111.82,15.0787,2.38781,28.4991,35.4835,86.6899,0.821422,27.2208,201.793
111.84,15.0877,2.36511,28.4074,35.483,86.6906,0.821422,27.2208,203.386
111.86,15.0877,2.37756,28.4074,34.6476,87.565,0.821422,27.2208,203.388
111.88,15.098,2.43392,28.4074,34.647,87.5657,0.821422,27.2208,205.51
111.9,15.098,2.43397,28.499,34.647,87.5657,0.821422,27.2208,207.103
111.92,15.1095,2.4424,28.4991,34.7862,89.6643,0.828172,26.871,203.39
111.94,15.1095,2.45939,28.4533,34.7863,89.6659,0.828177,26.8708,199.675
111.96,15.1214,2.3753,28.4532,36.8747,91.6478,0.855109,26.8708,199.67
111.98,15.1214,2.34801,28.7738,36.8763,91.6494,0.85513,26.8708,199.67
112,15.1337,2.33316,28.7742,35.9945,92.2906,0.85513,26.8708,207.099
112.02,15.1338,2.32707,28.4535,35.9938,92.2911,0.85513,26.8708,214.534
112.04,15.1453,2.36797,28.4532,37.1076,91.3001,0.85513,26.8708,217.723
112.06,15.1453,2.37038,28.4532,37.1085,91.2993,0.85513,26.8708,218.256
112.08,15.1559,2.41469,28.9112,37.1085,91.2993,0.85513,26.8708,216.135
112.1,15.156,2.44297,28.9117,37.0621,91.241,0.85513,26.8708,209.765
112.12,15.1642,2.39057,28.3164,37.062,91.241,0.85513,26.8708,209.76
112.14,15.1642,2.38438,28.3157,36.7836,91.3576,0.85513,26.8708,214.005
112.16,15.174,2.44093,27.4452,36.7834,91.3577,0.85513,26.8708,218.253
112.18,15.174,2.43129,27.4446,35.948,90.3084,0.85513,26.8708,218.787
112.2,15.1884,2.3118,27.4446,35.9474,90.3076,0.876157,25.5951,219.318
112.22,15.1884,2.30937,28.2234,35.9474,88.5588,0.876173,25.5942,221.441
112.24,15.1884,2.36135,28.224,33.9983,88.5574,0.853653,25.5942,219.32
112.26,15.1995,2.37834,28.3614,33.9968,88.5574,0.853636,25.5942,217.197
112.28,15.1995,2.37459,28.3615,31.7228,85.701,0.853636,25.5942,216.664
112.3,15.209,2.37087,27.8578,31.721,85.6989,0.853636,25.5942,220.907
112.32,15.209,2.34835,27.8572,32.3243,83.0173,0.853636,25.5942,225.688
112.34,15.2188,2.36047,27.5823,32.3248,83.0153,0.853636,25.5942,230.467
112.36,15.2188,2.3038,27.5821,31.9999,80.7418,0.853636,25.5942,231.532
112.38,15.2275,2.31527,27.5821,31.9997,80.7401,0.853636,25.5942,233.655
112.4,15.2275,2.34592,27.7653,31.9997,80.7401,0.853636,25.5942,234.718
112.42,15.2336,2.31095,27.7655,29.5401,78.1169,0.853636,25.5942,231.004
112.44,15.2336,2.31092,27.1244,29.5382,78.1149,0.853636,25.5942,223.576
112.46,15.2464,2.36348,27.1236,26.8001,77.7651,0.877284,26.3554,220.383
112.48,15.2465,2.36352,26.5741,26.798,77.7649,0.877302,26.356,223.033
112.5,15.2579,2.29216,26.5735,25.4522,80.2715,0.877302,26.356,228.342
112.52,15.2579,2.2921,26.5735,25.4511,80.2734,0.886431,26.356,229.938
112.54,15.266,2.46103,26.5276,23.3164,84.5871,0.886438,26.356,225.164
112.56,15.266,2.46116,26.5276,23.3147,84.5904,0.886438,26.356,220.384
112.58,15.2756,2.34973,27.2145,23.3147,84.5904,0.886438,26.356,213.485
112.6,15.2756,2.3496,27.2153,22.3401,86.9805,0.886438,26.356,211.355
112.62,15.2837,2.44047,27.0779,22.3394,86.9823,0.886438,26.356,212.414
112.64,15.2837,2.47982,27.0778,20.1582,84.0093,0.886438,26.356,211.885
112.66,15.2922,2.41017,27.3527,20.1566,84.007,0.886438,26.356,208.7
112.68,15.2922,2.36211,27.3529,17.2792,79.8682,0.886438,26.356,205.514
112.7,15.3014,2.48644,27.3529,17.277,79.865,0.886438,26.356,205.512
112.72,15.3014,2.48251,27.1696,14.5854,79.865,0.886438,26.356,200.736
112.74,15.3092,2.39313,27.1695,14.5833,80.0982,0.891756,26.5618,195.957
112.76,15.3092,2.38541,26.9405,14.5833,80.0984,0.89176,26.5619,196.483
112.78,15.3155,2.29915,26.9402,12.727,84.5287,0.920883,26.5619,200.729
112.8,15.3155,2.29772,26.3449,12.7256,84.5321,0.920905,26.5619,202.324
112.82,15.3203,2.21469,26.3442,11.0085,87.5051,0.920905,26.5619,204.979
112.84,15.3203,2.22649,26.3442,11.0071,87.5073,0.920905,26.5619,207.634
112.86,15.3254,2.20243,25.0614,8.54751,85.4671,0.920905,26.5619,214.003
112.88,15.3254,2.22942,25.0605,8.54564,85.4655,0.920905,26.5619,221.968
112.9,15.3368,2.11335,24.053,7.89617,85.4655,0.920905,26.5619,224.096
112.92,15.3369,2.16352,24.0518,7.89542,79.8693,0.920905,26.5619,222.506
112.94,15.3516,1.96611,23.9602,7.89542,79.865,0.920905,26.5619,224.627
112.96,15.3516,1.99521,23.9601,11.3296,76.2508,0.920905,26.5619,226.752
112.98,15.3605,1.9013,23.548,11.3323,76.2481,0.920905,26.5619,224.101
113,15.3605,1.91532,23.5475,8.96544,76.1898,0.920905,24.5044,223.567
113.02,15.3612,1.73983,23.5475,8.96363,76.1897,0.92836,24.5029,222.506
113.04,15.3612,1.73085,22.2189,11.2376,76.1897,0.928366,24.5029,218.26
113.06,15.3642,1.62875,22.2179,11.2394,77.3556,0.937419,24.5029,216.134
113.08,15.3642,1.67092,21.1646,11.2394,77.3565,0.937426,24.5029,216.663
113.1,15.3649,1.53178,21.1634,11.193,80.3295,0.937426,24.5029,218.255
113.12,15.3649,1.59063,20.7054,11.1929,80.3317,0.937426,24.5029,216.665
113.14,15.3667,1.46418,20.7049,9.56864,87.2104,0.937426,24.5029,213.48
113.16,15.3667,1.52051,20.0635,9.5674,87.2156,0.937426,24.5029,210.293
113.18,15.3667,1.43985,20.063,8.26797,97.9417,0.937426,24.5029,201.801
113.2,15.3664,1.53652,20.063,8.26697,97.9499,0.937426,24.5029,191.712
113.22,15.3664,1.47602,20.2005,9.79844,97.9499,0.937426,24.5029,184.276
113.24,15.3734,1.52859,20.2006,9.79961,109.434,0.937426,24.5029,176.311
113.26,15.3734,1.47155,20.1548,7.99038,109.443,0.937426,22.6107,168.348
113.28,15.3789,1.49229,20.1547,7.98831,121.218,0.974441,22.6085,163.033
113.3,15.3789,1.45555,19.7426,7.98831,121.227,0.974469,22.6085,156.133
113.32,15.3856,1.45496,19.7421,9.89105,133.993,0.974469,22.6085,149.758
113.34,15.3856,1.47409,20.0628,9.8925,134.003,0.881521,22.6085,147.1
113.36,15.3955,1.50069,20.063,11.2847,139.483,0.88145,22.6085,144.444
113.38,15.3955,1.50071,20.063,11.2858,139.487,0.88145,22.6085,140.728
113.4,15.4058,1.70227,20.75,12.0745,139.487,0.88145,22.6085,141.786
113.42,15.4059,1.7025,20.7508,12.0754,138.729,0.88145,22.6085,142.318
113.44,15.4195,1.79634,21.3919,9.84861,138.728,0.88145,22.6085,143.379
113.46,15.4195,1.79644,21.3926,9.84606,135.056,0.88145,22.6085,143.911
113.48,15.4332,1.96218,22.0796,9.84606,135.053,0.88145,22.6085,142.32
113.5,15.4332,1.96237,22.0804,9.24275,130.389,0.88145,22.6085,144.441
113.52,15.4498,2.12369,23.9129,9.24229,130.386,0.88145,22.6085,145.504
113.54,15.4498,2.12381,23.9143,11.8412,125.664,0.88145,23.1435,142.321
113.56,15.4697,2.44331,23.9143,11.8431,125.661,0.923588,23.1439,140.726
113.58,15.4697,2.24205,26.7994,13.8843,125.661,0.92362,23.1439,142.847
113.6,15.4837,2.44367,26.8027,13.8867,118.141,0.934987,23.1439,144.972
113.62,15.4837,2.30461,27.8102,13.933,118.135,0.934995,23.1439,146.034
113.64,15.5033,2.42105,27.8113,13.9331,105.252,0.934995,23.1439,147.097
113.66,15.5033,2.28411,30.102,13.2834,105.242,0.934995,23.1439,148.689
113.68,15.5269,2.43102,30.1037,13.2829,96.5564,0.934995,23.1439,150.813
113.7,15.5269,2.31366,30.1037,13.2829,96.5498,0.934995,23.1439,150.284
113.72,15.5612,2.32311,31.4781,13.1901,94.6261,0.934995,23.1439,151.876
113.74,15.5612,2.27274,31.4792,13.19,94.6246,0.934995,23.1439,152.938
113.76,15.5951,2.39617,32.2577,11.8911,94.6246,0.934995,23.1439,151.878
113.78,15.5952,2.35963,32.2586,11.8896,94.4497,0.934995,23.1439,150.816
113.8,15.6364,2.2236,32.625,9.98757,94.4496,0.934995,23.2878,152.937
113.82,15.6365,2.26595,32.6254,9.98539,94.0415,0.890631,23.288,155.062
113.84,15.6745,2.3463,32.9003,14.6262,94.0412,0.890597,23.288,162.492
113.86,15.6745,2.36629,32.9005,14.6298,92.4673,0.890597,23.288,169.927
113.88,15.7051,2.46111,32.0758,14.6298,92.4661,0.853238,23.288,175.769
113.9,15.7051,2.4432,32.0752,13.47,92.4661,0.85321,23.288,181.608
113.92,15.7368,2.40862,32.0752,13.4687,89.7846,0.85321,23.288,183.738
113.94,15.7368,2.46015,32.0294,14.5356,89.7825,0.85321,23.288,183.209
113.96,15.7748,2.39965,32.0294,14.5369,85.5271,0.85321,23.288,186.923
113.98,15.7749,2.37399,32.0751,17.4131,85.5238,0.85321,23.288,193.291
114,15.8147,2.33593,32.0752,17.4164,80.0442,0.85321,23.288,195.951
114.02,15.8147,2.30425,31.892,15.4208,80.04,0.85321,23.288,196.484
114.04,15.8523,2.44733,31.8918,15.4193,75.7263,0.85321,23.288,199.668
114.06,15.8523,2.42523,31.113,14.2591,75.723,0.85321,22.7736,204.446
114.08,15.8914,2.46345,31.1124,14.2582,75.4899,0.85321,22.7732,209.224
114.1,15.8915,2.45563,31.1124,14.2582,75.4897,0.822703,22.7732,209.229
114.12,15.9331,2.4431,30.6086,15.418,75.4897,0.82268,22.7732,209.229
114.14,15.9331,2.41977,30.6081,15.4193,77.1219,0.819183,22.7732,207.106
114.16,15.9704,2.27213,31.1578,16.6259,77.1231,0.81918,22.7732,204.452
114.18,15.9704,2.30918,31.1582,16.6268,79.4549,0.81918,22.7732,203.919
114.2,16.0032,2.36557,31.4789,23.1704,79.4567,0.81918,22.7732,207.633
114.22,16.0033,2.33631,31.4792,23.1754,83.3623,0.81918,22.7732,209.228
114.24,16.0033,2.36998,31.5708,28.4659,83.3653,0.81918,22.7732,208.168
114.26,16.0471,2.39324,31.5709,28.47,86.9199,0.81918,22.7732,202.332
114.28,16.0472,2.41611,31.2044,30.5119,86.924,0.81918,22.7732,193.305
114.3,16.0851,2.41144,31.2041,30.5135,86.924,0.81918,22.7732,186.402
114.32,16.0852,2.36218,31.2041,30.5135,89.0808,0.81918,23.6991,180.557
114.34,16.1338,2.37928,30.6543,32.6947,89.0825,0.81918,23.6998,174.716
114.36,16.1339,2.48777,30.6539,32.6963,89.3739,0.818342,23.6998,171.528
114.38,16.1693,2.44012,29.9209,34.7847,89.3742,0.818342,23.6998,170.464
114.4,16.1693,2.44008,29.9204,34.7863,88.5584,0.818342,23.6998,166.75
114.42,16.1999,2.49589,29.3706,35.5752,88.5574,0.733773,23.6998,164.093
114.44,16.1999,2.49593,29.3702,35.5759,87.2172,0.733709,23.6998,163.56
114.46,16.2416,2.48892,30.5155,38.1283,87.2156,0.733709,23.6998,160.376
114.48,16.2416,2.48891,30.5164,38.1303,86.1085,0.733709,23.6998,155.6
114.5,16.2781,2.2984,30.5164,38.1303,86.1072,0.733709,23.6998,151.88
114.52,16.2782,2.29825,30.0124,39.1512,86.1072,0.733709,23.6998,152.408
114.54,16.3172,2.4339,30.012,39.152,85.6409,0.733709,23.6998,151.347
114.56,16.3173,2.43401,29.9662,40.2658,85.6405,0.733709,23.6998,150.285
114.58,16.3593,2.41003,29.9662,40.2667,86.3398,0.733709,25.8182,149.753
114.6,16.3593,2.41001,30.1953,38.2711,86.3406,0.733709,25.8207,154.528
114.62,16.3932,2.41842,30.1954,38.2696,87.1564,0.733709,25.8207,155.063
114.64,16.3933,2.41413,29.1417,36.1812,87.1573,0.796188,25.8207,152.41
114.66,16.4313,2.30993,29.1409,36.1796,88.1483,0.796235,25.8207,152.408
114.68,16.4313,2.32445,28.1331,35.3907,88.1491,0.689796,25.8207,153.469
114.7,16.4652,2.40614,28.1323,35.3901,88.1491,0.689715,25.8207,157.715
114.72,16.4652,2.39429,28.1323,33.6266,88.5571,0.689715,25.8207,162.494
114.74,16.4984,2.32346,27.8574,33.6252,88.5574,0.689715,25.8207,166.212
114.76,16.4984,2.3266,27.8572,34.2747,89.0819,0.689715,25.8207,169.928
114.78,16.5301,2.32672,27.6281,34.2754,89.0825,0.689715,25.8207,174.177
114.8,16.5302,2.35537,27.628,34.2754,88.8494,0.689715,25.8207,176.302
114.82,16.5623,2.33837,29.1398,34.5075,88.8491,0.689715,25.8207,175.774
114.84,16.5623,2.34017,29.1409,34.5076,87.8581,0.689715,25.3474,174.182
114.86,16.5962,2.34373,30.0114,33.9972,87.8574,0.689715,25.3471,168.874
114.88,16.5962,2.32676,30.012,33.9968,86.983,0.689715,25.3471,166.217
114.9,16.6316,2.35511,30.241,33.6256,86.9823,0.786682,25.3471,166.215
114.92,16.6316,2.28332,30.2413,33.6252,86.9823,0.786793,25.3471,165.154
114.94,16.6648,2.36104,30.2413,31.3521,86.4579,0.750743,25.3471,164.622
114.96,16.6649,2.42808,30.1497,31.3495,86.4573,0.750702,25.3471,165.683
114.98,16.7013,2.32326,30.1496,32.3701,86.0493,0.750702,25.3471,166.745
115,16.7014,2.3296,30.1954,32.3712,86.0489,0.750702,25.3471,164.623
115.02,16.7313,2.43089,30.1954,28.8442,86.5152,0.750702,25.3471,157.193
115.04,16.7313,2.44647,29.6915,28.8415,86.5156,0.750702,25.3471,152.412
115.06,16.7648,2.29349,29.6911,28.8415,86.7488,0.750702,25.3471,150.816
115.08,16.7649,2.25002,29.6911,31.4858,86.7489,0.750702,25.3471,152.406
115.1,16.808,2.37694,29.6911,31.4888,85.9328,0.750702,25.3471,152.939
115.12,16.808,2.41282,29.6911,32.7414,85.9322,0.750702,23.3726,151.348
115.14,16.8364,2.4575,29.5079,32.7428,85.9322,0.750702,23.3704,149.223
115.16,16.8364,2.49081,29.5077,33.5781,84.3,0.78372,23.3704,147.099
115.18,16.8715,2.46129,29.3245,33.5788,84.2987,0.783745,23.3704,142.852
115.2,16.8715,2.39287,29.3243,29.8661,83.0163,0.729958,23.3704,138.074
115.22,16.9054,2.34792,28.3623,29.8633,83.0153,0.729917,23.3704,137.539
115.24,16.9054,2.38699,28.3615,31.8588,82.1409,0.729917,23.3704,139.661
115.26,16.9371,2.46231,27.2624,31.8604,82.1402,0.729917,23.3704,141.785
115.28,16.9372,2.43496,27.2612,31.8604,81.907,0.729917,23.3704,147.624
115.3,16.9751,2.46887,26.62,28.6594,81.9069,0.729917,23.3704,149.75
115.32,16.9752,2.46161,26.6193,28.6557,81.9069,0.729917,23.3704,149.222
115.34,17.0043,2.39167,25.8405,29.5839,81.2073,0.729917,23.3704,148.691
115.36,17.0043,2.39868,25.8399,29.5846,81.2068,0.729917,23.3704,151.344
115.38,17.0331,2.45216,25.9315,31.673,80.6239,0.729917,25.8394,153.999
115.4,17.0331,2.41261,25.9316,31.6746,80.6234,0.729917,25.8412,152.41
115.42,17.0648,2.44596,25.9316,31.6746,79.4576,0.729917,25.8412,154
115.44,17.0648,2.47278,25.8858,31.6746,79.4567,0.776359,25.8412,158.244
115.46,17.0951,2.26173,25.8857,31.721,78.4074,0.776412,25.8412,159.841
115.48,17.0951,2.27012,25.6568,31.721,78.4066,0.762353,25.8412,161.434
115.5,17.1224,2.557,25.6565,31.721,77.299,0.762337,25.8412,158.252
115.52,17.1224,2.56797,25.7023,33.9022,77.2981,0.762337,25.8412,155.066
115.54,17.1526,2.44217,25.7023,33.9039,77.065,0.762337,25.8412,152.941
115.56,17.1527,2.39456,25.3358,38.0806,77.0648,0.762337,25.8412,150.816
115.58,17.1799,2.35887,25.3356,38.0838,77.9971,0.762337,25.8412,147.632
115.6,17.18,2.37394,25.7479,38.0374,77.9982,0.762337,25.8412,146.567
115.62,17.2128,2.36287,25.7482,38.0374,77.9982,0.762337,25.8412,147.627
115.64,17.2128,2.3914,25.1068,34.4639,79.5721,0.762337,27.1169,144.445
115.66,17.2368,2.28747,25.1063,34.4612,79.5733,0.762337,27.1179,141.259
115.68,17.2368,2.3106,25.1063,32.9297,80.9141,0.737692,27.1179,138.603
115.7,17.2556,2.39685,25.9768,32.9286,80.9151,0.737673,27.1179,135.948
115.72,17.2814,2.37843,25.9774,32.9286,82.1976,0.737673,27.1179,135.415
115.74,17.2814,2.21981,26.573,31.3507,82.1986,0.751311,27.1179,134.884
115.76,17.3091,2.22415,26.5735,31.3495,83.5971,0.751321,27.1179,133.823
115.78,17.3091,2.31109,27.0316,34.4124,83.5987,0.751321,27.1179,129.046
115.8,17.3331,2.32046,27.0319,34.4148,84.4727,0.751321,27.1179,124.268
115.82,17.3331,2.35488,26.5738,33.1617,84.4737,0.751321,27.1179,123.732
115.84,17.3537,2.3345,26.5735,33.1608,83.7742,0.751321,27.1179,122.671
115.86,17.3538,2.39476,27.5355,34.553,83.7737,0.751321,27.1179,118.955
115.88,17.3674,2.40343,27.5363,34.5541,83.7737,0.751321,27.1179,115.238
115.9,17.3674,2.26493,27.5363,34.5541,83.3075,0.751321,27.1179,112.583
115.92,17.3799,2.34361,27.0323,34.322,83.307,0.751321,24.8546,111.519
115.94,17.38,2.34367,27.0319,34.3219,82.7825,0.746161,24.8529,110.457
115.96,17.3988,2.41218,27.7191,35.0644,82.7819,0.746155,24.8529,110.456
115.98,17.3988,2.41223,27.7197,35.065,82.4323,0.746155,24.8529,114.699
116,17.4084,2.30886,28.4985,35.9931,82.4319,0.787948,24.8529,120.011
116.02,17.4084,2.30878,28.4991,35.9938,81.849,0.78798,24.8529,120.015
116.04,17.4121,2.37657,28.6823,30.7033,81.8485,0.78798,24.8529,117.892
116.06,17.4121,2.37662,28.6825,30.6993,81.7902,0.78798,24.8529,120.013
116.08,17.4165,2.18475,28.8198,31.5807,81.7902,0.78798,24.8529,122.136
116.1,17.4165,2.19187,28.82,31.5817,81.7902,0.78798,24.8529,123.731
116.12,17.4194,2.32498,28.82,31.5817,81.4988,0.78798,24.8529,123.201
116.14,17.4194,2.31039,29.5988,33.9485,81.4985,0.78798,24.8529,124.262
116.16,17.4257,2.35625,29.5994,33.9503,81.3236,0.78798,24.8529,125.855
116.18,17.4257,2.3816,30.7906,33.9039,81.3235,0.78798,25.1409,127.979
116.2,17.4305,2.3455,30.7915,33.9039,81.2652,0.78798,25.1412,129.572
116.22,17.4305,2.31833,30.8831,30.0071,81.2652,0.763726,25.1412,131.165
116.24,17.4331,2.36149,30.8832,30.0026,81.032,0.763698,25.1412,130.105
116.26,17.4331,2.38416,30.1046,30.884,81.0318,0.830433,25.1412,129.574
116.28,17.4386,2.45013,30.1037,30.885,81.3233,0.83051,25.1412,130.104
116.3,17.4386,2.4331,29.7832,30.885,81.3235,0.83051,25.1412,130.635
116.32,17.4431,2.27705,29.7828,31.9988,81.3235,0.83051,25.1412,130.105
116.34,17.4431,2.28009,29.7828,31.9997,81.7898,0.83051,25.1412,128.512
116.36,17.4464,2.28347,29.4621,31.0251,81.7902,0.83051,25.1412,126.919
116.38,17.4486,2.26297,29.4619,31.0244,82.6063,0.83051,25.1412,125.326
116.4,17.4486,2.24962,30.332,32.7872,82.6069,0.83051,25.1412,119.49
116.42,17.4519,2.26507,30.333,32.7892,83.3647,0.83051,25.1412,113.647
116.44,17.4519,2.31227,30.1498,33.2067,83.3653,0.83051,25.1412,113.112
116.46,17.4493,2.36561,30.1496,33.2072,83.6568,0.83051,26.0876,115.764
116.48,17.4493,2.45557,30.6075,33.2072,83.657,0.797057,26.0883,114.175
116.5,17.4504,2.43491,30.6081,27.1742,83.7153,0.797019,26.0883,110.459
116.52,17.4504,2.33207,30.6081,27.1695,83.7154,0.868127,26.0883,106.741
116.54,17.4512,2.34767,30.6539,28.3298,83.7154,0.868182,26.0883,105.147
116.56,17.4512,2.3166,30.6539,28.3306,83.5988,0.868182,26.0883,104.615
116.58,17.4512,2.32697,30.9287,27.6812,83.5987,0.868182,26.0883,103.554
116.6,17.4512,2.32698,30.929,27.6804,84.0067,0.868182,26.0883,103.022
116.62,17.4523,2.27512,31.2038,27.6804,84.007,0.868182,26.0883,103.021
116.64,17.4523,2.27506,31.2041,30.1865,84.1236,0.868182,26.0883,100.899
116.66,17.4508,2.23465,30.0588,30.1884,84.1237,0.868182,26.0883,101.428
116.68,17.4508,2.23462,30.0579,31.6734,84.4735,0.868182,26.0883,105.143
116.7,17.4515,2.48496,30.4702,31.6746,84.4737,0.868182,26.0883,107.799
116.72,17.4515,2.48515,30.4705,31.6746,84.4737,0.868182,27.0344,112.044
116.74,17.4523,2.22117,30.4705,31.6746,84.2989,0.869497,27.0355,116.294
116.76,17.4523,2.21964,31.1575,32.6488,84.2987,0.869498,27.0355,121.602
116.78,17.453,2.28149,31.1582,32.6499,84.4153,0.927878,27.0355,121.608
116.8,17.453,2.2944,31.3414,32.6499,84.4154,0.927922,27.0355,121.608
116.82,17.4515,2.37774,31.3416,29.819,84.2988,0.927922,27.0355,119.485
116.84,17.4515,2.40091,30.4254,29.8168,84.2987,0.927922,27.0355,117.361
116.86,17.4497,2.30013,30.4247,32.0908,84.1822,0.927922,27.0355,120.013
116.88,17.4497,2.28653,30.7454,32.0926,84.1821,0.927922,27.0355,119.484
116.9,17.4493,2.32689,30.7456,27.4071,84.59,0.927922,27.0355,117.362
116.92,17.4493,2.29932,30.7456,27.4018,84.5904,0.927922,27.0355,117.359
116.94,17.4453,2.32304,31.0204,26.5667,84.5904,0.927922,27.0355,114.707
116.96,17.4453,2.34275,31.0207,26.5658,85.3482,0.927922,27.0355,112.051
116.98,17.4423,2.18317,30.7001,29.0709,85.3488,0.927922,24.9171,111.519
117,17.4423,2.18593,30.6998,29.0737,86.1066,0.973828,24.9147,110.987
117.02,17.4368,2.30809,30.9746,29.0737,86.1072,0.973863,24.9147,109.926
117.04,17.4368,2.33715,30.9749,31.5798,87.2731,0.973863,24.9147,106.741
117.06,17.4305,2.31016,31.0207,31.5817,87.274,0.959711,24.9147,105.677
117.08,17.4305,2.28335,31.0207,30.6539,88.4394,0.9597,24.9147,105.677
117.1,17.425,2.24642,31.0207,30.6528,88.4408,0.9597,24.9147,102.493
117.12,17.425,2.25651,29.3263,29.4931,88.4408,0.9597,24.9147,99.3078
117.14,17.4172,2.24726,29.3243,29.4917,89.6066,0.9597,24.9147,94.5284
117.16,17.4172,2.26248,29.5992,32.137,89.6075,0.9597,24.9147,90.8103
117.18,17.4069,2.34304,29.5994,32.139,89.899,0.9597,24.9147,87.0931
117.2,17.4069,2.30328,29.3704,29.4473,89.8992,0.9597,24.9147,88.6821
117.22,17.398,2.38442,29.3702,29.4453,90.1906,0.9597,24.9147,90.2747
117.24,17.398,2.38962,29.3702,29.4453,90.1909,0.9597,25.429,93.9909
117.26,17.3829,2.29455,30.2403,29.5845,89.3751,0.9597,25.4294,100.359
117.28,17.3829,2.30339,30.2413,29.5846,89.3742,1.062,25.4294,101.958
117.3,17.3722,2.29312,30.9282,27.2187,89.3742,1.06208,25.4294,101.959
117.32,17.3722,2.28909,30.929,27.216,88.3249,0.957891,25.4294,103.551
117.34,17.36,2.32661,31.2955,27.3088,88.3241,0.957812,25.4294,104.614
117.36,17.36,2.37945,31.2958,27.3089,87.5663,0.957812,25.4294,108.329
117.38,17.3552,2.33428,31.9372,29.258,87.5657,0.957812,25.4294,109.393
117.4,17.3552,2.27777,31.9377,29.2595,86.6333,0.957812,25.4294,107.272
117.42,17.3504,2.28076,31.9377,30.8374,86.6323,0.957812,25.4294,105.678
117.44,17.3504,2.29682,31.5255,30.8386,86.6323,0.957812,25.4294,104.085
117.46,17.3427,2.29372,31.525,30.8386,86.0493,0.957812,25.4294,104.614
117.48,17.3427,2.30981,32.1662,32.555,86.0489,0.957812,25.4294,106.736
117.5,17.3386,2.28178,32.1669,32.557,85.6991,0.957812,26.1701,107.8
117.52,17.3386,2.28263,31.1132,32.2786,85.6989,0.957812,26.1707,110.454
117.54,17.3313,2.35531,31.1124,32.2784,85.5823,0.957812,26.1707,113.109
117.56,17.3313,2.34215,30.7459,32.6496,85.5822,1.0942,26.1707,113.642
117.58,17.3294,2.36983,30.7456,32.6499,85.5822,1.09431,26.1707,113.112
117.6,17.3294,2.34992,31.2037,29.8654,85.5822,1.01591,26.1707,114.703
117.62,17.3246,2.39023,31.2041,29.8633,85.5822,1.01585,26.1707,116.296
117.64,17.3246,2.40537,31.2041,38.1239,85.6988,1.01585,26.1707,117.889
117.66,17.3183,2.33361,31.5706,38.1303,85.6989,1.01585,26.1707,120.013
117.68,17.3183,2.31585,31.5709,38.1303,86.3401,1.01585,26.1707,119.484
117.7,17.3143,2.33633,31.1586,35.1137,86.3406,1.01585,26.1707,116.3
117.72,17.3143,2.37498,31.1582,35.1114,86.6902,1.01585,26.1707,114.706
117.74,17.3043,2.3194,30.6543,32.1413,86.6906,1.01585,26.1707,114.174
117.76,17.3043,2.28976,30.6539,32.139,87.0985,1.01585,24.7721,114.173
117.78,17.2966,2.28633,31.112,30.7468,87.099,1.01585,24.7705,113.112
117.8,17.2966,2.24685,31.1124,30.7457,87.1572,1.01585,24.7705,114.702
117.82,17.2859,2.37602,30.6085,29.4463,87.1573,1.1023,24.7705,116.296
117.84,17.2859,2.43515,30.6081,29.4453,87.1573,1.10236,24.7705,117.359
117.86,17.2803,2.43905,30.6081,31.2552,87.099,1.06568,24.7705,118.421
117.88,17.2803,2.41746,30.6081,31.2566,87.099,1.06565,24.7705,121.075
117.9,17.2678,2.35364,30.6081,31.2566,86.5745,1.06565,24.7705,122.138
117.92,17.2678,2.34072,30.1958,33.2521,86.5739,1.06565,24.7705,121.608
117.94,17.2589,2.43879,30.1954,33.2537,86.2826,1.06565,24.7705,119.486
117.96,17.2589,2.46061,30.3329,33.3465,86.2822,1.06565,24.7705,115.769
117.98,17.2512,2.43318,30.333,33.3466,86.3405,1.06565,24.7705,114.175
118,17.2512,2.41841,31.1576,36.1775,86.3406,1.06565,24.7705,115.765
118.02,17.2431,2.29255,31.1582,36.1796,86.5738,1.06565,24.7705,115.236
118.04,17.2431,2.3099,31.7538,34.973,86.5739,1.06565,23.3714,112.051
118.06,17.2368,2.3546,31.7543,34.9721,86.5739,1.06565,23.3704,108.865
118.08,17.2368,2.29975,31.7543,34.2298,86.5157,1.11724,23.3704,105.15
118.1,17.2283,2.31984,32.2124,34.229,86.5156,1.1173,23.3704,103.554
118.12,17.2283,2.35316,32.2127,33.7651,86.3408,1.11348,23.3704,104.613
118.14,17.2231,2.34975,32.396,33.7645,86.3406,1.11347,23.3704,108.329
118.16,17.2231,2.34084,32.3961,33.7645,86.1657,1.11347,23.3704,110.985
118.18,17.2124,2.42383,32.5794,35.1568,86.1656,1.11347,23.3704,108.334
118.2,17.2124,2.44128,32.5795,35.1579,85.9324,1.11347,23.3704,106.74
118.22,17.2021,2.35068,32.03,34.6012,85.9322,1.11347,23.3704,106.739
118.24,17.2021,2.34602,32.0294,34.6005,85.5824,1.11347,23.3704,106.739
118.26,17.194,2.44435,34.2275,35.482,85.5822,1.11347,23.3704,108.33
118.28,17.194,2.48139,34.2301,35.483,85.5822,1.11347,23.3704,109.924
118.3,17.1881,2.39936,34.2301,36.6427,85.4656,1.11347,24.9952,109.925
118.32,17.1881,2.40204,33.5887,36.6441,85.4655,1.11347,24.997,108.333
118.34,17.1759,2.32484,33.5882,37.3402,85.1157,1.12115,24.997,108.332
118.36,17.1759,2.26416,32.8552,37.3407,85.1155,1.12116,24.997,108.332
118.38,17.1637,2.28756,32.8546,37.3407,84.824,1.12116,24.997,109.924
118.4,17.1637,2.28623,32.6256,35.9954,84.8238,1.16541,24.997,112.047
118.42,17.1538,2.27948,32.6254,35.9938,84.3574,1.16546,24.997,110.988
118.44,17.1538,2.31736,32.3048,33.1176,84.3571,1.16546,24.997,113.109
118.46,17.146,2.36205,32.3044,33.1143,84.4154,1.16546,24.997,117.887
118.48,17.146,2.33114,32.9456,34.5524,84.4154,1.16546,24.997,122.664
118.5,17.132,2.17853,32.9463,34.5541,84.4154,1.16546,24.997,126.384
118.52,17.132,2.20528,32.9463,33.3939,83.9491,1.16546,24.997,127.979
118.54,17.1184,2.37825,33.5419,33.393,83.9487,1.16546,24.997,125.858
118.56,17.1183,2.38681,33.5423,30.887,83.7155,1.16546,25.2028,121.08
118.58,17.1095,2.3983,33.7255,30.885,83.7154,1.16546,25.2029,118.425
118.6,17.1095,2.3969,33.7257,30.885,83.8902,1.16546,25.2029,121.075
118.62,17.1006,2.37052,34.8248,31.8129,83.8904,1.07722,25.2029,121.607
118.64,17.1006,2.37049,34.8261,31.8139,84.415,1.07712,25.2029,120.546
118.66,17.0914,2.44698,34.6886,31.3034,84.4154,1.18211,25.2029,120.546
118.68,17.0914,2.43789,34.6885,31.303,85.2315,1.18219,25.2029,118.954
118.7,17.0848,2.37263,34.6885,31.8599,85.2321,1.18219,25.2029,117.361
118.72,17.0848,2.37443,34.6885,31.8604,85.2321,1.18219,25.2029,114.707
118.74,17.08,2.43971,34.826,30.3753,85.8734,1.18219,25.2029,113.643
118.76,17.08,2.42451,34.8261,30.3742,85.8739,1.18219,25.2029,114.173
118.78,17.0733,2.39387,34.8261,30.3742,87.0397,1.18219,25.2029,114.704
118.8,17.0733,2.40604,35.4214,30.5597,87.0406,1.18219,25.2029,115.235
118.82,17.0707,2.45685,35.4221,30.5599,88.7894,1.18219,25.2029,115.235
118.84,17.0707,2.4444,35.4221,26.8937,88.7908,1.18219,22.5488,112.582
118.86,17.0667,2.36344,35.4221,26.8909,90.9476,1.18219,22.5467,106.743
118.88,17.0667,2.35067,35.926,28.84,90.9493,1.01065,22.5467,101.432
118.9,17.0641,2.41507,35.9264,28.8415,93.8046,1.01051,22.5467,96.124
118.92,17.0641,2.42484,36.4304,32.2757,93.8079,1.08612,22.5467,91.8728
118.94,17.0619,2.50062,36.4308,32.2784,96.6632,1.08617,22.5467,90.8087
118.96,17.0619,2.49015,37.1638,30.8397,96.6664,1.08617,22.5467,93.4607
118.98,17.0582,2.4476,37.1643,30.8386,96.6664,1.08617,22.5467,94.5236
119,17.0582,2.42279,37.1643,30.8386,99.8143,1.08617,22.5467,93.4635
119.02,17.0556,2.49099,37.3476,25.8729,99.8167,1.08617,22.5467,90.8095
119.04,17.0556,2.45947,37.3477,25.8691,101.566,1.08617,22.5467,90.2769
119.06,17.0527,2.46405,36.9354,27.215,101.567,1.08617,22.5467,91.8684
119.08,17.0527,2.51527,36.9351,27.216,102.033,1.08617,22.5467,92.4
119.1,17.0501,2.44595,37.7597,26.1022,102.034,1.08617,21.6209,92.9313
119.12,17.0501,2.41665,37.7603,26.1013,102.383,1.08617,21.6202,90.8099
119.14,17.0438,2.32416,38.0352,26.9367,102.384,0.974184,21.6202,89.7462
119.16,17.0438,2.30045,38.0354,26.9373,104.016,0.974099,21.6202,89.2148
119.18,17.0445,2.41238,37.9438,27.5406,104.017,1.00454,21.6202,87.0919
119.2,17.0445,2.44242,37.9437,27.5411,104.017,1.00456,21.6202,86.029
119.22,17.0434,2.50408,37.9437,27.5411,106.814,1.00456,21.6202,84.9673
119.24,17.0434,2.48299,38.8142,24.803,106.817,1.00456,21.6202,83.9048
119.26,17.0442,2.42195,38.8148,24.8009,108.973,1.00456,21.6202,85.4953
119.28,17.0442,2.42478,38.8148,25.9147,108.976,1.00456,21.6202,86.0278
119.3,17.0431,2.37521,38.8148,25.9156,108.976,1.00456,21.6202,86.0282
119.32,17.0431,2.38947,38.54,27.0294,108.976,1.00456,21.6202,86.0282
119.34,17.0427,2.43942,38.5398,27.0302,108.451,1.00456,21.6202,87.0894
119.36,17.0427,2.43209,37.4402,27.2623,108.451,1.00456,23.5748,84.9677
119.38,17.0449,2.48879,37.4394,27.2624,108.451,1.00456,23.5763,82.3129
119.4,17.0449,2.50251,37.4394,23.7368,108.451,0.920531,23.5763,81.25
119.42,17.0442,2.37658,36.7064,23.7327,108.451,0.920434,23.5763,78.5957
119.44,17.0442,2.36219,36.7058,23.7327,109.325,0.957566,23.5763,77.5328
119.46,17.0445,2.38902,35.194,26.0067,109.326,0.957609,23.5763,78.0622
119.48,17.0486,2.40256,35.1929,26.0085,110.724,0.957609,23.5763,76.4713
119.5,17.0486,2.38682,35.3761,29.3034,110.726,0.957609,23.5763,75.9388
119.52,17.0519,2.35289,35.3763,29.306,110.959,0.957609,23.5763,75.4078
119.54,17.0519,2.37655,36.1551,30.3269,110.959,0.957609,23.5763,77.5299
119.56,17.0615,2.39021,36.1557,30.3277,109.036,0.957609,23.5763,80.7153
119.58,17.0615,2.26606,35.8809,28.3793,109.034,0.957609,23.5763,83.3699
119.6,17.0781,2.31918,35.8806,28.3771,109.034,0.957609,23.5763,86.0261
119.62,17.0781,2.42235,35.8806,28.3771,105.013,0.957609,24.5635,87.6195
119.64,17.094,2.38846,34.5978,29.7229,105.009,0.957609,24.5646,87.0906
119.66,17.094,2.33973,34.5968,29.7239,99.0046,0.917862,24.5646,86.5596
119.68,17.1128,2.34799,35.1008,28.6102,99,0.917831,24.5646,88.6817
119.7,17.1128,2.348,35.1012,28.6093,93.8118,0.917831,24.5646,91.8671
119.72,17.1393,2.40584,35.147,28.8876,93.8079,0.986485,24.5646,91.8696
119.74,17.1394,2.40591,35.147,28.888,90.8349,0.986564,24.5646,91.8696
119.76,17.1641,2.33174,35.5592,29.0271,90.8326,0.986564,24.5646,90.8087
119.78,17.1641,2.33165,35.5596,29.0273,89.6667,0.986564,24.5646,91.8688
119.8,17.1877,2.44838,35.7428,28.285,89.6659,0.986564,24.5646,93.4609
119.82,17.1877,2.44851,35.743,28.2842,89.6659,0.986564,24.5646,94.524
119.84,17.2091,2.42631,35.743,28.2842,88.9663,0.986564,24.5646,97.1779
119.86,17.2091,2.4407,34.7352,28.7947,88.9658,0.986564,24.5646,103.017
119.88,17.232,2.40215,34.7344,28.7951,88.208,0.986564,24.5646,107.266
119.9,17.232,2.42853,34.4138,30.4651,88.2074,0.986564,23.6391,113.104
119.92,17.2427,2.33545,34.4134,30.467,87.3913,0.986564,23.6381,117.887
119.94,17.2427,2.29397,33.8181,28.1475,87.3907,0.977197,23.6381,122.664
119.96,17.26,2.26203,33.8174,28.1449,86.5163,0.977186,23.6381,123.731
119.98,17.26,2.3153,33.1763,28.1449,86.5156,0.860105,23.6381,123.732
120,17.2855,2.39747,33.1756,28.1449,85.7578,0.859971,23.6381,124.262
120.02,17.2855,2.33058,31.5721,30.4189,85.7572,0.859971,23.6381,124.794
120.04,17.3061,2.37375,31.5709,30.4206,85.7572,0.859971,23.6381,122.671
120.06,17.3062,2.40238,31.5709,30.4206,84.8245,0.859971,23.6381,122.67
120.08,17.3205,2.33801,31.5251,31.6731,84.8238,0.859971,23.6381,124.792
120.1,17.3206,2.34988,31.525,31.6746,84.1243,0.859971,23.6381,124.263
120.12,17.3379,2.36384,31.754,29.819,84.1237,0.859971,23.6381,125.854
120.14,17.3379,2.37992,31.7543,29.8168,83.4242,0.859971,23.6381,130.632
120.16,17.3571,2.35204,31.4794,28.9351,83.4237,0.859971,23.0208,135.411
120.18,17.3571,2.32431,31.4792,28.9344,83.3071,0.859971,23.0203,136.476
120.2,17.3685,2.34155,30.4255,30.0946,83.307,0.884685,23.0203,135.416
120.22,17.3685,2.3365,30.4247,30.0955,83.3653,0.884704,23.0203,134.354
120.24,17.384,2.37826,30.4247,30.0955,83.3653,0.805732,23.0203,133.822
120.26,17.384,2.36163,30.2873,31.3944,83.3653,0.805672,23.0203,134.882
120.28,17.4039,2.3998,30.2871,31.3959,83.6568,0.805672,23.0203,132.761
120.3,17.4039,2.43077,29.5086,31.6743,83.657,0.805672,23.0203,131.699
120.32,17.4146,2.4464,29.5077,31.6746,83.8319,0.805672,23.0203,129.044
120.34,17.4146,2.4391,29.3703,29.9575,83.832,0.805672,23.0203,126.389
120.36,17.4349,2.38512,29.3702,29.9562,83.2491,0.805672,23.0203,120.55
120.38,17.4349,2.37662,29.2786,30.049,83.2486,0.805672,23.0203,118.423
120.4,17.45,2.39199,29.2785,30.0491,82.7242,0.805672,23.0203,120.013
120.42,17.4501,2.37245,28.9578,30.3275,82.7236,0.805672,23.3495,121.076
120.44,17.4652,2.39534,28.9575,30.3277,82.7236,0.805672,23.3498,120.016
120.46,17.4652,2.36928,28.9575,30.3277,82.1407,0.844498,23.3498,121.607
120.48,17.4844,2.49534,29.0491,28.3793,82.1402,0.844528,23.3498,122.138
120.5,17.4844,2.53568,29.0492,28.3771,81.8488,0.791614,23.3498,120.547
120.52,17.4977,2.47102,29.5532,28.7483,81.8485,0.791574,23.3498,117.892
120.54,17.4977,2.46807,29.5536,28.7486,81.7902,0.791574,23.3498,113.115
120.56,17.5098,2.39684,29.0038,26.4746,81.7902,0.791574,23.3498,108.335
120.58,17.5098,2.34831,29.0034,26.4729,82.0816,0.791574,23.3498,107.801
120.6,17.5253,2.3185,29.0034,25.5447,82.0819,0.791574,23.3498,110.985
120.62,17.5253,2.35183,29.0034,25.544,82.1402,0.791574,23.3498,111.517
120.64,17.5438,2.40893,29.6448,25.6832,82.1402,0.791574,23.3498,112.049
120.66,17.5438,2.40801,29.6453,25.6833,82.1402,0.791574,23.3498,113.641
120.68,17.5596,2.40044,29.6453,25.6833,82.0819,0.791574,23.3498,113.642
120.7,17.5597,2.41005,29.8743,29.9065,82.0819,0.791574,23.0412,116.295
120.72,17.5733,2.47915,29.8745,29.9097,82.1402,0.774847,23.0409,117.889
120.74,17.5733,2.45305,29.4622,30.1882,82.1402,0.774828,23.0409,116.299
120.76,17.5962,2.36229,29.4619,30.1884,81.6158,0.774828,23.0409,114.706
120.78,17.5962,2.37109,29.187,30.9309,81.6152,0.758849,23.0409,116.296
120.8,17.6142,2.39011,29.1868,30.9315,81.4404,0.758837,23.0409,115.767
120.82,17.6143,2.40689,29.4158,31.8596,81.4402,0.758837,23.0409,111.521
120.84,17.6345,2.36503,29.416,31.8604,81.4402,0.758837,23.0409,109.926
120.86,17.6346,2.35844,29.416,30.7466,81.4402,0.758837,23.0409,110.456
120.88,17.6504,2.33052,29.6451,30.7457,81.4402,0.758837,23.0409,110.456
120.9,17.6504,2.3254,29.6453,30.7457,81.9063,0.758837,23.0409,111.517
120.92,17.6784,2.37232,29.7369,26.569,81.9069,0.758837,23.0409,112.579
120.94,17.6785,2.4318,29.737,26.5658,82.373,0.758837,23.0409,114.702
120.96,17.7006,2.47507,29.233,28.2365,82.3736,0.758837,22.0122,118.949
120.98,17.7006,2.42412,29.2326,28.2378,83.1897,0.758837,22.0114,123.198
121,17.7216,2.35929,29.0494,28.3306,83.1903,0.711675,22.0114,123.201
121.02,17.7216,2.37398,29.0492,28.3306,83.8315,0.711639,22.0114,123.201
121.04,17.7397,2.34276,28.9576,28.5627,83.832,0.76014,22.0114,125.854
121.06,17.7397,2.3704,28.9575,28.5629,83.832,0.760177,22.0114,127.448
121.08,17.7471,2.29626,28.9575,28.5629,84.2982,0.760177,22.0114,127.98
121.1,17.7471,2.26469,28.362,27.4027,84.2987,0.760177,22.0114,126.388
121.12,17.7504,2.39179,28.3615,27.4018,85.1145,0.760177,22.0114,122.144
121.14,17.7504,2.41567,28.499,26.7985,85.1155,0.760177,22.0114,120.547
121.16,17.7896,2.30273,28.4991,26.798,85.6401,0.760177,22.0114,122.138
121.18,17.7896,2.28198,28.0867,27.8654,85.6405,0.760177,22.0114,122.669
121.2,17.802,2.32258,28.0864,27.8662,85.1742,0.760177,22.0114,123.2
121.22,17.802,2.38132,28.0406,27.3559,85.1738,0.760177,23.6568,125.853
121.24,17.82,2.35683,28.0406,27.3553,84.1828,0.760177,23.6586,127.979
121.26,17.8201,2.32457,28.4069,30.649,84.1821,0.716809,23.6586,127.45
121.28,17.8441,2.30151,28.4074,30.6528,84.1821,0.716759,23.6586,125.857
121.3,17.8441,2.27251,28.4074,30.6528,83.7742,0.818225,23.6586,124.795
121.32,17.8665,2.33976,29.9192,28.9821,83.7737,0.818342,23.6586,122.671
121.34,17.8665,2.30008,29.9204,28.9809,82.7244,0.818342,23.6586,120.547
121.36,17.8862,2.36856,30.5617,29.1201,82.7236,0.818342,23.6586,120.546
121.38,17.8862,2.39647,30.5622,29.1202,81.3829,0.818342,23.6586,118.423
121.4,17.9002,2.31018,31.1576,27.914,81.3818,0.818342,23.6586,116.3
121.42,17.9003,2.35752,31.1582,27.9126,80.624,0.818342,23.6586,115.236
121.44,17.9183,2.28798,31.7078,27.3096,80.6234,0.818342,23.6586,114.174
121.46,17.9183,2.24788,31.7084,27.3089,81.4978,0.818342,23.6586,110.459
121.48,17.945,2.37996,31.5252,27.3089,81.4985,0.818342,24.8108,107.803
121.5,17.945,2.36961,31.525,28.6547,81.4985,0.818342,24.8117,106.739
121.52,17.9544,2.28926,31.525,28.6557,82.9558,0.82257,24.8117,107.8
121.54,17.9544,2.29879,30.2881,29.7695,82.957,0.822573,24.8117,105.148
121.56,17.9768,2.40639,30.2871,29.7704,84.356,0.794846,24.8117,99.8392
121.58,17.9768,2.42251,30.4245,27.2653,84.3571,0.794824,24.8117,98.2439
121.6,17.9891,2.30396,30.4247,27.2624,85.9893,0.794824,24.8117,97.7114
121.62,17.9891,2.29583,29.9667,24.7573,85.9905,0.794824,24.8117,97.1806
121.64,18.0055,2.34375,29.9662,24.7545,88.4389,0.794824,24.8117,95.5881
121.66,18.0055,2.34061,29.4623,25.0329,88.4408,0.794824,24.8117,94.5256
121.68,18.0276,2.35442,29.4619,25.0331,91.3554,0.794824,24.8117,93.4635
121.7,18.0276,2.3447,29.4619,25.0331,91.3577,0.794824,24.8117,93.4627
121.72,18.0429,2.25787,28.9581,27.5846,91.3577,0.794824,24.8117,91.8714
121.74,18.043,2.26001,28.9575,27.5875,93.5145,0.794824,24.8117,91.3389
121.76,18.0603,2.23268,28.5454,26.4742,93.5162,0.794824,22.4671,91.3385
121.78,18.0603,2.23962,28.5449,26.4729,93.9825,0.846636,22.4644,89.216
121.8,18.0777,2.34763,28.7281,25.8698,93.9829,0.846675,22.4644,87.0927
121.82,18.0777,2.35232,28.7283,25.8691,93.0502,0.846675,22.4644,87.0902
121.84,18.0874,2.34204,28.7283,27.5862,93.0495,0.789291,22.4644,86.029
121.86,18.0874,2.31998,28.7283,27.5875,91.5921,0.789247,22.4644,83.375
121.88,18.0998,2.34385,29.7362,27.5875,91.591,0.789247,22.4644,83.373
121.9,18.0998,2.3476,29.737,27.5875,91.591,0.789247,22.4644,86.0251
121.92,18.1198,2.26629,29.737,27.5875,89.8422,0.789247,22.4644,87.0894
121.94,18.1198,2.28715,29.7828,25.5927,89.8409,0.789247,22.4644,86.0294
121.96,18.1322,2.30765,29.7828,25.5905,88.0921,0.789247,22.4644,88.6813
121.98,18.1322,2.26328,30.1035,25.7761,88.0907,0.789247,22.4644,91.3365
122,18.1472,2.36484,30.1037,25.7762,86.2836,0.789247,22.4644,90.2773
122.02,18.1472,2.41927,30.1496,26.4724,86.2822,0.789247,21.5797,89.2152
122.04,18.1642,2.35641,30.1496,26.4729,84.4751,0.789247,21.579,89.2144
122.06,18.1643,2.33577,30.0122,28.4684,84.4737,0.866808,21.579,90.2757
122.08,18.1833,2.4211,30.012,28.47,84.1824,0.866867,21.579,91.8678
122.1,18.1833,2.44996,30.012,26.3816,84.1821,0.803536,21.579,93.4615
122.12,18.2033,2.2768,30.47,26.38,84.1821,0.803488,21.579,97.7061
122.14,18.2034,2.27929,30.4705,26.38,83.5408,0.803488,21.579,103.548
122.16,18.2201,2.481,30.6996,25.9159,83.5403,0.803488,21.579,107.267
122.18,18.2201,2.47818,30.6998,25.9156,83.2489,0.803488,21.579,110.453
122.2,18.2321,2.3533,29.9668,25.3587,83.2486,0.803488,21.579,113.109
122.22,18.2321,2.32578,29.9662,25.3582,82.6077,0.803488,21.579,115.763
122.24,18.2478,2.36032,29.0958,24.987,82.6069,0.803488,21.579,116.297
122.26,18.2478,2.37048,29.0951,24.9867,82.3738,0.803488,21.579,115.236
122.28,18.2605,2.40498,28.8202,26.8894,82.3736,0.803488,23.4102,115.766
122.3,18.2605,2.37471,28.82,26.8909,82.3736,0.803488,23.4116,117.358
122.32,18.2752,2.31341,28.82,24.9417,82.257,0.910367,23.4116,116.298
122.34,18.2752,2.29235,29.0949,24.9403,82.2569,0.910448,23.4116,114.175
122.36,18.2772,2.26895,29.0951,24.9403,82.7815,0.897759,23.4116,114.173
122.38,18.2772,2.30791,28.4537,26.054,82.7819,0.897749,23.4116,113.643
122.4,18.2866,2.37088,28.4532,26.0549,83.2481,0.897749,23.4116,113.112
122.42,18.2866,2.36337,27.9035,28.8858,83.2486,0.897749,23.4116,114.172
122.44,18.3173,2.31439,27.903,28.888,84.4141,0.897749,23.4116,115.234
122.46,18.3173,2.3102,27.8114,26.614,84.4154,0.897749,23.4116,115.235
122.48,18.3293,2.35926,27.8113,26.6122,85.3481,0.897749,23.4116,117.358
122.5,18.3293,2.35742,27.399,26.9371,85.3488,0.897749,23.4116,118.951
122.52,18.3384,2.48096,27.3987,26.9373,85.3488,0.897749,23.4116,117.891
122.54,18.3384,2.47167,27.3987,26.9373,86.1649,0.897749,22.3828,114.176
122.56,18.3504,2.46747,26.345,27.123,86.1656,0.897749,22.382,109.928
122.58,18.3504,2.49234,26.3442,27.1231,85.9325,0.929358,22.382,107.803
122.6,18.3658,2.47956,26.1151,26.0557,85.9322,0.929394,22.382,105.148
122.62,18.3658,2.4332,26.115,26.0549,85.5243,0.929394,22.382,103.024
122.64,18.3761,2.42481,25.9317,26.7046,85.5238,0.902778,22.382,106.736
122.66,18.3761,2.45857,25.9316,26.7051,84.9992,0.902758,22.382,110.453
122.68,18.3848,2.30471,26.3439,25.7769,84.9988,0.902758,22.382,115.762
122.7,18.3848,2.28062,26.3442,25.7762,84.4159,0.902758,22.382,117.889
122.72,18.3952,2.32829,25.7489,27.3535,84.4154,0.902758,22.382,118.951
122.74,18.3952,2.35996,25.7482,27.3553,84.4154,0.902758,22.382,117.891
122.76,18.4105,2.34574,25.7482,27.3553,83.5996,0.902758,22.382,117.89
122.78,18.4106,2.36931,25.7482,27.2161,83.5987,0.902758,22.382,118.421
122.8,18.4186,2.36244,25.7482,27.216,82.6081,0.902758,22.382,119.482
122.82,18.4186,2.31728,25.4733,29.1187,82.6069,0.902758,21.1064,124.259
122.84,18.4286,2.39474,25.4731,29.1202,80.9164,0.902758,21.1054,127.447
122.86,18.4286,2.40573,25.3357,31.3014,80.9151,0.87665,21.1054,130.633
122.88,18.4356,2.3177,25.3356,31.303,79.108,0.87663,21.1054,129.043
122.9,18.4453,2.35675,25.7935,30.468,79.1066,0.863129,21.1054,125.329
122.92,18.4453,2.38865,25.794,30.467,77.9408,0.863114,21.1054,121.08
122.94,18.4577,2.35275,25.0613,30.467,77.9399,0.863114,21.1054,119.485
122.96,18.4577,2.33163,25.0605,30.0494,77.9399,0.863114,21.1054,124.259
122.98,18.466,2.34699,25.0605,30.0491,77.9399,0.863114,21.1054,129.569
123,18.466,2.35731,25.1521,27.543,77.9399,0.863114,21.1054,132.226
123.02,18.4714,2.36653,25.1522,27.5411,77.765,0.863114,21.1054,135.412
123.04,18.4714,2.40051,25.6561,27.3091,77.7649,0.863114,21.1054,139.66
123.06,18.4751,2.44617,25.6565,27.3089,77.4734,0.863114,21.1054,138.071
123.08,18.4751,2.46192,24.878,26.6594,77.4732,0.863114,20.7146,136.479
123.1,18.4791,2.3935,24.8771,26.6587,77.8229,0.863114,20.7142,137.007
123.12,18.4791,2.39344,24.7855,28.1896,77.8232,0.871361,20.7142,140.721
123.14,18.4887,2.39371,24.7854,28.1913,77.2402,0.871371,20.7142,140.194
123.16,18.4888,2.39371,24.7854,28.1913,77.2398,0.924386,20.7142,141.786
123.18,18.4951,2.37642,24.6479,28.2377,77.2398,0.924427,20.7142,145.502
123.2,18.4951,2.37641,24.6478,28.2378,76.0739,0.924427,20.7142,148.688
123.22,18.4978,2.46287,24.4647,27.913,76.073,0.924427,20.7142,150.282
123.24,18.4978,2.46297,24.4644,27.9126,75.0238,0.924427,20.7142,148.161
123.26,18.5025,2.42511,24.556,25.7323,75.023,0.924427,20.7142,146.038
123.28,18.5025,2.40931,24.5561,25.7298,74.2651,0.924427,20.7142,147.097
123.3,18.5065,2.3504,24.373,24.6628,74.2646,0.924427,20.7142,152.932
123.32,18.5065,2.29939,24.3728,24.6616,74.2063,0.924427,20.7142,155.062
123.34,18.5108,2.39064,25.0599,27.1212,74.2062,0.924427,22.6276,157.716
123.36,18.5108,2.41081,25.0605,27.1231,74.2062,0.924427,22.6291,162.494
123.38,18.5118,2.31526,25.0605,27.1231,74.1479,0.910459,22.6291,160.906
123.4,18.5118,2.31382,24.9231,27.587,74.1479,0.910448,22.6291,158.783
123.42,18.5121,2.3206,24.9229,27.5875,74.3811,0.923456,22.6291,159.311
123.44,18.5121,2.32657,25.4267,28.0051,74.3812,0.923466,22.6291,158.781
123.46,18.5148,2.30622,25.4273,28.0055,74.7893,0.923466,22.6291,157.189
123.48,18.5148,2.31078,25.9312,26.7061,74.7896,0.923466,22.6291,155.595
123.5,18.5175,2.3633,25.9316,26.7051,75.0228,0.923466,22.6291,157.186
123.52,18.5175,2.40044,25.84,25.6377,75.023,0.923466,22.6291,156.657
123.54,18.5205,2.38518,25.8399,25.6369,75.7808,0.923466,22.6291,156.656
123.56,18.5205,2.36605,25.8399,26.8435,75.7814,0.923466,22.6291,160.901
123.58,18.5235,2.32824,25.7483,26.8444,75.7814,0.923466,22.6291,165.148
123.6,18.5235,2.31821,25.7482,26.8444,76.6558,0.923466,22.6291,167.275
123.62,18.5188,2.33867,25.2444,24.2002,76.6564,0.923466,18.6597,163.034
123.64,18.5188,2.34242,25.2439,24.1972,77.7057,0.914352,18.6551,160.376
123.66,18.447,2.46891,25.2439,25.2181,77.7065,0.914345,18.6551,158.782
123.68,18.447,2.46355,25.2439,25.2189,78.2312,0.914345,18.6551,157.189
123.7,18.4477,2.60045,24.969,23.3626,78.2316,0.967203,18.6551,152.412
123.72,18.4477,2.58014,24.9688,23.3612,79.5718,0.967243,18.6551,146.043
123.74,18.4487,2.47417,25.3353,24.1965,79.5733,0.967243,18.6551,143.382
123.76,18.4487,2.46032,25.3356,24.1972,79.5733,0.967243,18.6551,139.667
123.78,18.447,2.51343,25.3356,25.7286,81.5553,0.967243,18.6551,133.826
123.8,18.447,2.51554,25.3356,25.7298,81.5568,0.967243,18.6551,132.23
123.82,18.4477,2.49669,25.3356,25.7298,83.2474,0.967243,18.6551,131.167
123.84,18.4477,2.47292,25.3356,25.5442,83.2486,0.967243,18.6551,129.574
123.86,18.447,2.55257,25.3356,25.544,85.0558,0.967243,18.6551,129.043
123.88,18.447,2.51929,24.5567,26.797,85.0571,0.967243,17.2766,127.45
123.9,18.4473,2.40333,24.5561,26.798,86.3391,0.967243,17.2755,125.858
123.92,18.4473,2.40271,24.0522,26.1483,86.3406,1.00651,17.2755,121.08
123.94,18.4466,2.50007,24.0518,26.1478,87.6226,1.00654,17.2755,115.242
123.96,18.4466,2.53579,24.6474,27.1688,87.624,0.986746,17.2755,108.868
123.98,18.446,2.51232,24.6478,27.1695,87.624,0.986731,17.2755,101.965
124,18.446,2.50724,24.6478,27.1695,88.207,0.986731,17.2755,95.0611
124.02,18.4473,2.58602,24.7853,31.1607,88.2074,0.986731,17.2755,90.8108
124.04,18.4473,2.56113,24.7854,31.1637,88.732,0.986731,17.2755,92.93
124.06,18.4466,2.34104,25.0603,27.8223,88.7324,0.986731,17.2755,92.401
124.08,18.4466,2.36002,25.0605,27.8198,88.5576,0.986731,17.2755,90.8093
124.1,18.445,2.44923,24.923,25.4993,88.5574,0.986731,17.2755,89.2156
124.12,18.445,2.46762,24.9229,25.4976,86.751,0.986731,17.2755,89.2144
124.14,18.443,2.35891,25.1062,25.4048,86.7489,0.986731,20.5675,90.8063
124.16,18.443,2.33675,25.1063,25.4047,83.8925,0.986731,20.57,93.9913
124.18,18.442,2.32933,25.7019,25.1726,83.8904,1.04653,20.57,98.2388
124.2,18.442,2.3466,25.7023,25.1725,83.8904,1.04658,20.57,98.7727
124.22,18.4416,2.31687,25.7023,25.1725,81.443,0.965613,20.57,95.0601
124.24,18.4416,2.34982,25.29,26.3791,81.4402,0.96552,20.57,93.9945
124.26,18.4353,2.37248,25.2897,26.38,79.2258,0.96552,20.57,93.4633
124.28,18.4353,2.38534,25.9311,26.3336,79.2233,0.96552,20.57,92.9321
124.3,18.4333,2.41973,25.9316,26.3336,77.8248,0.96552,20.57,93.4621
124.32,18.4333,2.41249,25.84,24.2916,77.8232,0.96552,20.57,93.9933
124.34,18.4333,2.43163,25.8399,24.29,77.3568,0.96552,20.57,93.4631
124.36,18.4333,2.42921,26.3438,24.4293,77.3565,0.96552,20.57,93.9933
124.38,18.434,2.43334,26.3442,24.4294,77.7063,0.96552,20.57,91.8712
124.4,18.434,2.40535,26.848,24.4294,77.7065,0.96552,21.9069,90.2783
124.42,18.4299,2.44303,26.8485,25.5432,77.7065,0.96552,21.9084,93.4603
124.44,18.4299,2.46271,26.8485,25.544,77.6482,1.07185,21.9084,93.9931
124.46,18.4279,2.36738,26.986,25.1263,77.6482,1.07197,21.9084,92.9325
124.48,18.4279,2.38291,26.9861,25.126,77.8231,0.975305,21.9084,94.5236
124.5,18.4263,2.3219,27.3526,24.6619,77.8232,0.975232,21.9084,96.1167
124.52,18.4263,2.31494,27.3529,24.6616,77.7649,0.975232,21.9084,100.363
124.54,18.4226,2.32852,27.2612,24.2439,77.7649,0.975232,21.9084,103.019
124.56,18.4226,2.32715,27.2612,24.2436,77.8814,0.975232,21.9084,103.021
124.58,18.4182,2.42375,27.6733,26.6095,77.8815,0.975232,21.9084,101.43
124.6,18.4182,2.39209,27.6738,26.6122,77.9398,0.975232,21.9084,99.8364
124.62,18.4132,2.44588,27.6738,26.6122,77.9399,0.975232,21.9084,101.957
124.64,18.4132,2.47856,28.8649,27.4476,77.9399,0.975232,21.9084,103.021
124.66,18.4062,2.39715,28.8658,27.4482,78.2896,0.975232,21.9084,101.429
124.68,18.4062,2.40815,28.1328,27.6338,78.2899,0.975232,19.4394,98.7751
124.7,18.3992,2.51149,28.1323,27.634,79.106,0.96568,19.4376,96.1199
124.72,18.3992,2.47556,27.8117,25.9175,79.1066,0.965673,19.4376,93.4657
124.74,18.3908,2.3626,27.8113,25.9156,79.573,0.965673,19.4376,89.7483
124.76,18.3908,2.37381,28.0403,28.0959,79.5733,0.997817,19.4376,87.0933
124.78,18.3848,2.44489,28.0406,28.0984,79.6316,0.997854,19.4376,91.3353
124.8,18.3848,2.41463,28.2696,27.2634,79.6317,0.997854,19.4376,98.2342
124.82,18.3825,2.4021,28.2698,27.2624,79.6317,0.997854,19.4376,102.487
124.84,18.3825,2.43561,28.2698,27.2624,79.0487,0.997854,19.4376,101.96
124.86,18.3798,2.30527,28.8654,25.5453,79.0483,0.997854,19.4376,103.021
124.88,18.3798,2.33266,28.8658,25.544,77.8824,0.997854,19.4376,105.675
124.9,18.3735,2.40547,29.0948,27.3996,77.8815,0.997854,19.4376,105.146
124.92,18.3735,2.39704,29.0951,27.4018,77.3569,0.997854,19.4376,104.615
124.94,18.3681,2.37796,28.9577,28.979,77.3565,0.997854,16.7844,101.432
124.96,18.3681,2.35257,28.9575,28.9809,77.7645,0.997854,16.7814,96.122
124.98,18.3618,2.39403,29.0492,27.8206,77.7649,0.844045,16.7814,93.4647
125,18.3618,2.45019,29.0492,27.8198,79.2805,0.843927,16.7814,91.3402
125.02,18.3544,2.50856,29.0492,24.8496,79.2816,1.00421,16.7814,89.216
125.04,18.3544,2.49914,29.2325,24.8474,79.2816,1.00434,16.7814,90.2757
125.06,18.3454,2.50775,29.2326,24.8474,81.5551,1.00434,16.7814,92.399
125.08,18.3454,2.42684,28.8663,23.4093,81.5568,1.00434,16.7814,91.8702
125.1,18.3397,2.47824,28.8658,23.4076,85.3459,1.00434,16.7814,92.4002
125.12,18.3397,2.53436,28.1331,23.5468,85.3488,1.00434,16.7814,93.4615
125.14,18.334,2.48579,28.1323,23.5469,90.3038,1.00434,16.7814,94.524
125.16,18.334,2.4353,27.4909,24.8464,90.3076,1.00434,16.7814,96.6473
125.18,18.3277,2.43524,27.4904,24.8474,95.3791,1.00434,16.7814,98.7715
125.2,18.3277,2.41208,27.9944,25.033,95.383,1.00434,18.8594,93.9974
125.22,18.321,2.53356,27.9947,25.0331,95.383,1.00434,18.861,87.0981
125.24,18.317,2.57552,27.9947,25.0331,97.7148,0.879502,18.861,82.8452
125.26,18.317,2.57555,28.1321,24.3373,97.7165,0.879407,18.861,82.8419
125.28,18.317,2.52175,28.1323,24.3365,97.8914,1.03302,18.861,81.25
125.3,18.307,2.38031,28.6818,25.1715,97.8915,1.03314,18.861,79.1271
125.32,18.2946,2.39816,28.6825,25.1725,96.201,1.03314,18.861,80.1859
125.34,18.2946,2.37344,29.278,23.8266,96.1997,1.03314,18.861,81.248
125.36,18.2882,2.37193,29.2785,23.8256,93.2268,1.03314,18.861,79.6569
125.38,18.2882,2.34197,31.111,23.0831,93.2245,1.03314,18.861,80.1863
125.4,18.2836,2.38096,31.1124,23.0825,90.3109,1.03314,18.861,81.2476
125.42,18.2836,2.56743,31.8912,22.9897,90.3076,1.03314,18.861,81.7795
125.44,18.2792,2.47746,31.8918,22.9896,90.3076,1.03314,18.861,86.0233
125.46,18.2792,2.47736,31.8918,22.9896,87.218,1.03314,19.3548,87.0894
125.48,18.2769,2.49348,32.1209,25.6813,87.2156,1.03314,19.3552,86.5596
125.5,18.2769,2.54061,32.1211,25.6833,85.7583,0.980972,19.3552,88.6817
125.52,18.2769,2.49328,33.0373,26.1938,85.7572,0.980932,19.3552,89.7446
125.54,18.2739,2.49323,33.038,26.1942,87.1562,0.980932,19.3552,90.2761
125.56,18.2689,2.47154,33.4503,23.1777,87.1573,1.00876,19.3552,90.8071
125.58,18.2689,2.47152,33.4506,23.1754,89.7213,1.00878,19.3552,90.2771
125.6,18.2669,2.45176,33.0841,24.7533,89.7242,1.00878,19.3552,89.7458
125.62,18.2669,2.43241,33.0839,24.7545,90.9479,1.00878,19.3552,89.7454
125.64,18.2618,2.38275,32.0302,24.7545,90.9493,1.00878,19.3552,91.868
125.66,18.2618,2.38271,32.0294,23.455,90.9493,1.00878,19.3552,92.4002
125.68,18.2585,2.42684,32.0294,23.4541,91.2408,1.00878,19.3552,88.6862
125.7,18.2585,2.45503,31.5254,22.5723,91.241,1.00878,19.3552,84.9689
125.72,18.2582,2.45505,31.525,22.5716,91.0662,1.00878,19.3552,81.7835
125.74,18.2582,2.41532,31.3418,23.407,91.066,1.00878,20.137,82.3105
125.76,18.2555,2.36207,31.3416,23.4076,89.784,1.00878,20.1376,82.8413
125.78,18.2555,2.35019,31.7081,25.1711,89.7825,0.989886,20.1376,86.0257
125.8,18.2542,2.40724,31.7084,25.1725,88.3257,0.989871,20.1376,88.1499
125.82,18.2542,2.41662,31.8,22.8056,88.3241,1.01853,20.1376,89.7442
125.84,18.2522,2.37055,31.8001,22.8038,87.5663,1.01855,20.1376,89.7454
125.86,18.2522,2.38694,31.8001,22.8038,87.5657,1.01855,20.1376,86.031
125.88,18.2505,2.40596,31.5252,24.5674,87.5657,1.01855,20.1376,81.7831
125.9,18.2505,2.40597,31.525,24.5687,87.857,1.01855,20.1376,79.1277
125.92,18.2522,2.42754,31.8457,25.6825,87.8574,1.01855,20.1376,77.0021
125.94,18.2522,2.40456,31.846,25.6833,88.5566,1.01855,20.1376,75.9397
125.96,18.2501,2.36301,31.2962,25.6833,88.5574,1.01855,20.1376,74.8772
125.98,18.2501,2.38029,31.2958,25.6833,89.1987,1.01855,20.1376,73.2845
126,18.2498,2.39169,31.0209,27.4469,89.1992,1.01855,20.8783,72.7526
126.02,18.2498,2.41507,31.0207,27.4482,89.3157,1.01855,20.8789,73.2829
126.04,18.2471,2.42662,30.8374,28.0979,89.3158,0.977563,20.8789,73.2832
126.06,18.2471,2.40744,30.8373,28.0984,89.3158,0.977532,20.8789,74.8751
126.08,18.2461,2.39599,30.8373,28.0984,88.9079,1.03073,20.8789,78.0589
126.1,18.2461,2.39168,31.4329,27.6343,88.9075,1.03079,20.8789,75.9401
126.12,18.2471,2.37651,31.4333,27.634,87.9168,1.03079,20.8789,73.8167
126.14,18.2471,2.37413,31.3875,27.5412,87.9157,1.03079,20.8789,74.8755
126.16,18.2458,2.42768,31.3875,27.5411,86.3418,1.03079,20.8789,72.2232
126.18,18.2458,2.44286,30.4254,25.824,86.3406,1.03079,20.8789,69.568
126.2,18.2448,2.42718,30.4247,25.8227,85.4662,1.03079,20.8789,67.4435
126.22,18.2448,2.44827,30.4705,25.9619,85.4655,1.03079,20.8789,66.381
126.24,18.2451,2.31659,30.4705,25.962,85.757,1.03079,20.8789,66.9104
126.26,18.2451,2.30214,30.4705,25.6373,85.7572,1.03079,21.1668,69.0325
126.28,18.2445,2.34655,29.875,25.6369,85.7572,1.03079,21.1672,69.5656
126.3,18.2445,2.34704,29.8745,25.6369,86.7478,1.00111,21.1672,70.6269
126.32,18.2441,2.306,29.4622,27.4932,86.7489,1.00107,21.1672,69.5668
126.34,18.2441,2.2869,29.4619,27.4947,87.5068,1.02865,21.1672,67.9741
126.36,18.2451,2.33432,29.3244,25.3135,87.5073,1.02867,21.1672,66.381
126.38,18.2451,2.37801,29.3243,25.3118,86.9244,1.02867,21.1672,66.9104
126.4,18.2445,2.408,29.5075,25.4974,86.924,1.02867,21.1672,67.9717
126.42,18.2445,2.38543,29.5077,25.4976,85.5249,1.02867,21.1672,71.1567
126.44,18.2455,2.38541,28.7292,27.9563,85.5238,1.02867,21.1672,73.2808
126.46,18.2455,2.39852,28.7283,27.9591,85.5238,1.02867,21.1672,73.8139
126.48,18.2455,2.38701,28.7283,27.9591,84.358,1.02867,21.1672,72.753
126.5,18.2455,2.4129,29.049,27.1701,84.3571,1.02867,21.1672,72.2216
126.52,18.2445,2.26481,29.0492,27.1695,83.0746,1.02867,21.1672,76.9969
126.54,18.2445,2.23028,29.4157,28.5154,83.0736,1.02867,19.7887,80.715
126.56,18.2468,2.3095,29.416,28.5164,81.8495,1.02867,19.7876,81.2484
126.58,18.2468,2.32813,29.2328,27.7278,81.8485,1.02688,19.7876,81.7793
126.6,18.2445,2.44917,29.2326,27.7269,80.741,1.02688,19.7876,84.9637
126.62,18.2445,2.42197,29.37,28.4691,80.7401,0.997417,19.7876,87.6183
126.64,18.2468,2.34346,29.3702,28.47,79.924,0.997383,19.7876,90.8051
126.66,18.2468,2.38639,29.1411,29.3053,79.9234,0.997383,19.7876,92.3994
126.68,18.2458,2.37942,29.1409,29.306,79.9234,0.997383,19.7876,91.3394
126.7,18.2458,2.33885,29.1409,29.306,79.9817,0.997383,19.7876,91.8692
126.72,18.2478,2.29449,28.683,29.1204,79.9817,0.997383,19.7876,92.4
126.74,18.2478,2.30423,28.6825,29.1202,80.04,0.997383,19.7876,95.0538
126.76,18.2491,2.32134,28.2245,28.8418,80.04,0.997383,19.7876,96.1167
126.78,18.2491,2.32317,28.224,28.8415,79.632,0.997383,19.7876,97.1792
126.8,18.2498,2.42114,27.3539,27.1715,79.6317,0.997383,19.1089,96.1191
126.82,18.2498,2.44577,27.3529,27.1695,79.1653,0.997383,19.1081,95.5873
126.84,18.2495,2.41854,27.1238,26.6126,79.165,1.00302,19.1081,92.9337
126.86,18.2495,2.37749,27.1236,26.6122,78.9318,1.00303,19.1081,88.6866
126.88,18.2501,2.31037,26.6197,27.8188,78.9316,1.00303,19.1081,86.0302
126.9,18.2501,2.31981,26.6193,27.8198,78.9316,1.00303,19.1081,84.9673
126.92,18.2508,2.36816,26.6193,27.8198,78.5819,1.00303,19.1081,83.3742
126.94,18.2508,2.37421,26.9857,28.2837,78.5816,1.00303,19.1081,82.8426
126.96,18.2515,2.29156,26.9861,28.2842,77.8238,1.00303,19.1081,83.3726
126.98,18.2515,2.2875,26.1615,25.5461,77.8232,1.00303,19.1081,83.9036
127,18.2532,2.31477,26.1608,25.544,77.4151,1.00303,19.1081,83.904
127.02,18.2532,2.31031,26.1608,24.6623,77.4148,1.00303,19.1081,81.2508
127.04,18.2528,2.46717,26.1608,24.6616,77.8812,1.00303,19.1081,80.7182
127.06,18.2528,2.48288,26.619,26.8428,77.8815,1.00303,20.6924,79.6565
127.08,18.2522,2.35247,26.6193,26.8444,78.1146,1.00303,20.6936,78.5948
127.1,18.2522,2.36443,26.6193,26.8444,78.1149,1.00827,20.6936,80.1855
127.12,18.2535,2.40026,26.4819,26.195,78.1149,1.00827,20.6936,81.2476
127.14,18.2535,2.359,26.4818,26.1942,78.1732,1.00645,20.6936,82.3101
127.16,18.2525,2.30687,26.8941,25.034,78.1732,1.00645,20.6936,85.4947
127.18,18.2525,2.34938,26.8944,25.0331,77.8818,1.00645,20.6936,90.2728
127.2,18.2548,2.35289,26.7569,26.0077,77.8815,1.00645,20.6936,95.0522
127.22,18.2548,2.36334,26.7568,26.0085,77.3571,1.00645,20.6936,98.2384
127.24,18.2552,2.36684,27.1692,28.3753,77.3565,1.00645,20.6936,100.895
127.26,18.2552,2.35731,27.1695,28.3771,77.0651,1.00645,20.6936,105.141
127.28,18.2528,2.44633,27.6734,27.3097,77.0648,1.00645,20.6936,110.982
127.3,18.2528,2.39034,27.6738,27.3089,77.0648,1.00645,20.6936,116.822
127.32,18.2528,2.30026,27.6738,27.3089,76.8899,1.00645,20.6936,121.073
127.34,18.2528,2.32621,27.9945,27.6337,76.8898,1.00645,21.3108,122.669
127.36,18.2552,2.29893,27.9947,27.634,76.6566,1.02645,21.3113,123.2
127.38,18.2552,2.31419,28.2238,26.7522,76.6564,1.02646,21.3113,121.078
127.4,18.2548,2.37979,28.224,26.7516,76.7147,1.02646,21.3113,118.955
127.42,18.2548,2.36637,28.0407,25.9626,76.7148,0.980304,21.3113,117.361
127.44,18.2555,2.38915,28.0406,25.962,77.2392,0.980269,21.3113,121.603
127.46,18.2555,2.3619,27.949,27.4471,77.2398,0.980269,21.3113,123.73
127.48,18.2545,2.38457,27.9489,27.4482,78.0559,0.980269,21.3113,123.732
127.5,18.2545,2.3922,28.0405,27.4482,78.0565,0.980269,21.3113,123.732
127.52,18.2552,2.47281,28.0406,27.4482,78.0565,0.980269,21.3113,124.263
127.54,18.2552,2.49956,28.0406,27.4482,79.2807,0.980269,21.3113,125.324
127.56,18.2548,2.41025,27.6741,27.7731,79.2816,0.980269,21.3113,122.672
127.58,18.2548,2.39276,27.6738,27.7733,81.2046,0.980269,21.3113,117.896
127.6,18.2548,2.42335,26.391,27.5413,81.2068,0.980269,18.9246,113.115
127.62,18.2548,2.42631,26.3901,27.5411,84.5866,0.980269,18.9228,109.398
127.64,18.2555,2.434,25.5196,26.4273,84.5904,1.03433,18.9228,107.271
127.66,18.2555,2.43496,25.519,26.4264,88.2046,1.03437,18.9228,106.208
127.68,18.2558,2.48962,25.4273,26.1944,88.2074,0.978002,18.9228,103.554
127.7,18.2558,2.49552,25.4273,26.1942,91.1804,0.977959,18.9228,101.961
127.72,18.2522,2.3717,25.4273,26.1942,91.1826,0.977959,18.9228,100.368
127.74,18.2522,2.34032,24.9233,24.2451,91.1826,0.977959,18.9228,96.6518
127.76,18.2495,2.45793,24.9229,24.2436,92.4646,0.977959,18.9228,95.5881
127.78,18.2495,2.47233,24.3274,24.2436,92.4661,0.977959,18.9228,96.1175
127.8,18.2485,2.35012,24.3269,24.2436,91.9999,0.977959,18.9228,99.3005
127.82,18.2485,2.38448,24.6934,23.8723,91.9994,0.977959,18.9228,102.488
127.84,18.2475,2.3565,24.6937,23.872,89.6676,0.977959,18.9228,106.735
127.86,18.2475,2.31192,25.7474,24.0113,89.6659,0.977959,18.4496,105.147
127.88,18.2485,2.22751,25.7482,24.0114,86.5763,0.977959,18.4492,104.084
127.9,18.2485,2.21923,26.2977,26.702,86.5739,0.959882,18.4492,105.144
127.92,18.2478,2.29986,26.2984,26.7051,86.5739,0.959861,18.4492,105.676
127.94,18.2478,2.32873,26.2984,26.7051,82.4949,0.998545,18.4492,105.677
127.96,18.2485,2.25913,27.1688,26.8443,82.4902,0.998589,18.4492,106.207
127.98,18.2485,2.29941,27.1695,26.8444,78.9343,0.998589,18.4492,110.453
128,18.2481,2.36706,27.536,25.8235,78.9316,0.998589,18.4492,114.701
128.02,18.2481,2.35375,27.5363,25.8227,76.0752,0.998589,18.4492,119.48
128.04,18.2481,2.41574,27.7195,24.7089,76.073,0.998589,18.4492,123.198
128.06,18.2481,2.4291,27.7197,24.708,74.7906,0.998589,18.4492,124.262
128.08,18.2461,2.35625,28.0862,26.3323,74.7896,0.998589,18.4492,124.263
128.1,18.2461,2.32418,28.0864,26.3336,74.5566,0.998589,18.4492,126.384
128.12,18.2421,2.3805,28.0864,26.3336,74.5563,0.998589,21.0417,127.448
128.14,18.2421,2.40315,27.7199,22.9922,74.5563,0.998589,21.0436,124.796
128.16,18.2408,2.37043,27.7197,22.9896,75.489,0.941651,21.0436,124.263
128.18,18.2408,2.35735,27.3073,22.804,75.4897,0.941608,21.0436,125.324
128.2,18.2401,2.37835,27.307,22.8038,77.4717,1.0266,21.0436,124.794
128.22,18.2401,2.36955,26.8489,22.479,77.4732,1.02666,21.0436,124.263
128.24,18.2395,2.38862,26.8485,22.4787,79.5701,1.02666,21.0436,122.142
128.26,18.2395,2.36277,26.1155,23.7782,79.5733,1.02666,21.0436,118.955
128.28,18.2348,2.32662,26.115,23.7792,81.497,1.02666,21.0436,116.83
128.3,18.2348,2.31745,25.9317,24.7073,81.4985,1.02666,21.0436,114.175
128.32,18.2298,2.40627,25.9316,24.708,81.4985,1.02666,21.0436,112.051
128.34,18.2298,2.41781,25.9316,24.708,81.8483,1.02666,21.0436,110.457
128.36,18.2284,2.39495,25.2902,21.6451,81.8485,1.02666,21.0436,109.395
128.38,18.2284,2.4288,25.2897,21.6427,79.9263,1.02666,21.0436,107.803
128.4,18.2264,2.344,25.3355,21.8748,79.9234,1.02666,19.9943,108.862
128.42,18.2264,2.33617,25.3356,21.875,78.6992,1.02666,19.9935,109.924
128.44,18.2207,2.34645,25.4272,21.1324,78.6983,0.99311,19.9935,110.456
128.46,18.2207,2.33085,25.4273,21.1319,78.3488,0.993084,19.9935,107.275
128.48,18.2197,2.41975,25.5647,22.3849,78.3482,1.00061,19.9935,106.739
128.5,18.2197,2.46853,25.5648,22.3858,78.1151,1.00062,19.9935,109.392
128.52,18.207,2.50589,26.6185,24.1494,78.1149,1.00062,19.9935,109.924
128.54,18.207,2.46906,26.6193,24.1507,78.1149,1.00062,19.9935,107.272
128.56,18.1984,2.45188,26.6193,24.1507,78.4646,1.00062,19.9935,108.331
128.58,18.1983,2.4412,26.8026,21.227,78.4649,1.00062,19.9935,106.74
128.6,18.1883,2.50525,26.8027,21.2248,80.3871,1.00062,19.9935,103.557
128.62,18.176,2.48377,26.6653,21.5496,80.3901,1.00062,19.9935,100.369
128.64,18.176,2.36313,26.6651,21.5499,82.0806,1.00062,19.9935,102.489
128.66,18.1723,2.37665,26.3445,21.9675,82.0819,1.00062,18.759,106.205
128.68,18.1723,2.36151,26.3442,21.9679,81.5572,1.00062,18.7581,110.453
128.7,18.1609,2.35442,26.7565,21.1789,81.5568,0.984951,18.7581,113.64
128.72,18.1609,2.3733,26.7568,21.1783,80.9156,0.984939,18.7581,112.05
128.74,18.1522,2.38085,26.7568,21.1783,80.9151,1.04231,18.7581,109.928
128.76,18.1522,2.32983,26.1155,20.2966,80.9151,1.04239,18.7581,109.925
128.78,18.1329,2.33344,26.115,20.2959,80.7985,1.04239,18.7581,109.394
128.8,18.1328,2.32662,26.344,22.4307,80.7984,1.04239,18.7581,107.271
128.82,18.1322,2.40545,26.3442,22.4323,81.1482,1.04239,18.7581,102.494
128.84,18.1322,2.40551,26.5733,24.5671,81.1485,1.04239,18.7581,97.7147
128.86,18.1298,2.36988,26.5735,24.5687,81.6148,1.04239,18.7581,95.0578
128.88,18.1298,2.36985,27.3059,22.2037,81.6152,1.04239,18.7581,96.1163
128.9,18.1278,2.53824,27.307,22.2001,81.6735,1.04239,18.7581,97.1792
128.92,18.1278,2.53837,27.811,20.715,81.6735,1.04239,17.9556,95.0574
128.94,18.1268,2.57696,27.8113,20.7139,81.6735,1.04239,17.955,93.9946
128.96,18.1268,2.57699,27.8113,20.7139,82.489,1.03369,17.955,96.1147
128.98,18.1175,2.50802,26.9867,20.7139,82.4902,1.03367,17.955,98.7711
129,18.1175,2.5755,26.9861,20.7139,83.7727,1.01822,17.955,104.079
129.02,18.1125,2.43954,26.2073,23.9625,83.7737,1.01821,17.955,109.39
129.04,18.1125,2.41212,26.2067,23.9649,84.5898,1.01821,17.955,112.047
129.06,18.1088,2.52806,24.9239,23.2224,84.5904,1.01821,17.955,109.396
129.08,18.1088,2.50704,24.9229,23.2218,86.1644,1.01821,17.955,107.271
129.1,18.1028,2.4113,24.694,23.5928,86.1656,1.01821,17.955,104.619
129.12,18.1028,2.38834,24.6937,23.5934,89.9547,1.01821,17.955,103.553
129.14,18.1024,2.39966,24.7853,23.5934,89.9575,1.01821,17.955,107.267
129.16,18.1024,2.32197,24.7854,22.8973,89.9575,1.01821,17.955,112.576
129.18,18.1028,2.39801,24.7854,22.8967,95.1457,1.01821,17.955,115.764
129.2,18.1028,2.43234,23.9149,22.4326,95.1496,1.01821,21.0618,113.113
129.22,18.0998,2.42407,23.9143,22.4323,98.1809,1.0171,21.0642,112.05
129.24,18.0998,2.40244,24.0058,24.7046,98.1832,1.01709,21.0642,110.989
129.26,18.1024,2.31213,24.006,24.708,94.2776,1.01709,21.0642,113.64
129.28,18.1024,2.36876,24.0976,25.3113,94.2746,1.05577,21.0642,114.173
129.3,18.1031,2.33513,24.0977,25.3118,87.5708,1.0558,21.0642,114.173
129.32,18.1031,2.35748,24.006,24.8477,87.5657,1.0558,21.0642,114.173
129.34,18.1108,2.42204,24.006,24.8474,84.651,1.0558,21.0642,115.234
129.36,18.1108,2.44588,24.006,24.8474,84.6488,1.0558,21.0642,115.235
129.38,18.1138,2.31384,24.418,25.9603,84.6488,1.0558,21.0642,113.114
129.4,18.1138,2.29588,24.4186,25.962,84.9402,1.0558,21.0642,110.458
129.42,18.1175,2.31281,25.8846,26.1941,84.9405,1.0558,21.0642,107.803
129.44,18.1175,2.33119,25.8857,26.1942,85.2319,1.0558,21.0642,103.556
129.46,18.1211,2.28018,26.8013,27.0289,85.2321,1.0558,19.0905,101.962
129.48,18.1212,2.28142,26.8027,27.0302,84.1829,1.0558,19.0875,103.021
129.5,18.1222,2.29839,26.2071,26.1485,84.1821,1.06161,19.0875,103.552
129.52,18.1222,2.2858,26.2067,26.1478,82.2584,1.06161,19.0875,103.022
129.54,18.1215,2.30952,25.4737,26.3334,82.2569,0.96938,19.0875,100.899
129.56,18.1215,2.3178,25.4731,26.3336,82.2569,0.969309,19.0875,97.7134
129.58,18.1225,2.3664,25.4731,26.3336,80.2166,0.969309,19.0875,92.9353
129.6,18.1225,2.41268,25.3358,25.7771,80.2151,0.969309,19.0875,92.9317
129.62,18.1232,2.57887,25.3356,25.7762,78.816,0.969309,19.0875,98.7686
129.64,18.1232,2.52389,26.1144,25.7762,78.8149,0.969309,19.0875,104.61
129.66,18.1242,2.26969,26.115,25.7762,78.232,0.969309,19.0875,107.798
129.68,18.1242,2.27397,25.8859,24.2912,78.2316,0.969309,19.0875,107.27
129.7,18.1242,2.30756,25.8857,24.29,77.6486,0.969309,19.0875,106.208
129.72,18.1242,2.29072,26.1148,22.805,77.6482,0.969309,18.7377,105.677
129.74,18.1245,2.24833,26.115,22.8038,77.1822,0.969309,18.7375,105.677
129.76,18.1245,2.25717,26.115,22.8038,77.1815,0.980648,18.7375,104.615
129.78,18.1258,2.327,25.7485,23.0359,77.1815,0.980657,18.7375,103.023
129.8,18.1258,2.33854,25.7482,23.0361,76.4237,1.02434,18.7375,103.552
129.82,18.1245,2.33511,25.6108,23.5001,76.4231,1.02437,18.7375,103.022
129.84,18.1245,2.35205,25.6106,23.5005,75.8984,1.02437,18.7375,102.491
129.86,18.1265,2.35207,26.0688,25.6353,75.898,1.02437,18.7375,103.552
129.88,18.1265,2.3628,26.0691,25.6369,75.3155,1.02437,18.7375,102.492
129.9,18.1262,2.28577,26.1149,29.628,75.3147,1.02437,18.7375,98.7759
129.92,18.1262,2.27361,26.115,29.6311,75.3147,1.02437,18.7375,99.3037
129.94,18.1258,2.32948,26.0233,26.4753,75.3147,1.02437,18.7375,100.896
129.96,18.1258,2.32225,26.0233,26.4729,75.3147,1.02437,18.7375,103.018
129.98,18.1265,2.27579,26.0233,26.4729,75.4312,1.02437,18.7375,106.205
130,18.1265,2.26784,26.344,25.7768,75.4313,1.02437,19.9514,107.269
130.02,18.1275,2.32777,26.3442,25.7762,75.4313,1.03879,19.9523,103.555
130.04,18.1275,2.34285,26.39,26.5188,75.4313,1.0388,19.9523,98.7767
130.06,18.1262,2.37051,26.3901,26.5193,75.2564,1.0388,19.9523,93.9974
130.08,18.1262,2.37615,26.5275,27.4939,75.2563,1.05943,19.9523,91.8712
130.1,18.1268,2.31058,26.5276,27.4947,74.6156,1.05945,19.9523,91.3394
130.12,18.1268,2.32537,26.2985,28.2836,74.6146,1.05945,19.9523,91.3386
130.14,18.1265,2.35313,26.2984,28.2842,74.3231,1.05945,19.9523,93.9917
130.16,18.1265,2.35723,26.4816,28.2842,74.3229,1.05945,19.9523,96.1163
130.18,18.1275,2.38169,26.4818,27.3096,74.3229,1.05945,19.9523,93.9954
130.2,18.1275,2.34886,26.4818,27.3089,74.6727,1.05945,19.9523,92.4018
130.22,18.1265,2.40004,26.3901,26.4271,74.6729,1.05945,19.9523,89.2168
130.24,18.1265,2.44517,26.3901,26.4264,75.2554,1.05945,19.9523,87.0935
130.26,18.1262,2.29539,26.3901,28.3292,75.2563,1.05945,21.516,84.9677
130.28,18.1262,2.24991,26.3901,28.3306,75.6644,1.05945,21.5172,82.8436
130.3,18.1268,2.31426,25.8403,28.3306,75.6647,1.12434,21.5172,82.8419
130.32,18.1268,2.3302,25.8399,28.3306,76.4808,1.12439,21.5172,86.0257
130.34,18.1265,2.25914,25.4276,26.7528,76.4814,0.98156,21.5172,84.9669
130.36,18.1265,2.23902,25.4273,26.7516,78.9297,0.981451,21.5172,84.9661
130.38,18.1278,2.37571,25.4273,26.7516,78.9316,0.981451,21.5172,84.4359
130.4,18.1278,2.4003,25.5647,26.0554,78.9316,0.981451,21.5172,83.9044
130.42,18.1268,2.31924,25.5648,26.0549,81.4965,0.981451,21.5172,85.4959
130.44,18.1268,2.32605,25.5648,26.2869,81.4985,0.981451,21.5172,87.089
130.46,18.1265,2.2871,25.5648,26.2871,83.0712,0.981451,21.5172,88.1507
130.48,18.1265,2.28661,26.0687,26.6584,83.0736,0.981451,21.5172,89.2136
130.5,18.1268,2.41079,26.0691,26.6587,84.1812,0.981451,21.5172,91.8676
130.52,18.1268,2.44114,26.9854,26.6587,84.1821,0.981451,19.686,92.9309
130.54,18.1262,2.41457,26.9861,26.6587,84.3569,0.981451,19.6846,95.0542
130.56,18.1262,2.42956,25.8408,26.6587,84.3571,1.1168,19.6846,94.5252
130.58,18.1265,2.43671,25.8399,24.6631,84.3571,1.1169,19.6846,95.0554
130.6,18.1265,2.38367,25.8399,24.6616,84.8231,0.936526,19.6846,99.8279
130.62,18.1278,2.33853,25.4734,27.6317,84.8238,0.93625,19.6846,104.611
130.64,18.1278,2.33942,25.4731,27.634,85.9314,0.93625,19.6846,110.982
130.66,18.1262,2.37754,25.4731,26.3346,85.9322,0.93625,19.6846,117.355
130.68,18.1262,2.37194,25.4731,26.3336,87.2147,0.93625,19.6846,118.951
130.7,18.1265,2.42497,25.5189,25.6838,87.2156,0.93625,19.6846,120.544
130.72,18.1265,2.43273,25.519,25.6833,86.9825,0.93625,19.6846,126.383
130.74,18.1265,2.44827,25.7021,27.631,86.9823,0.93625,19.6846,129.038
130.76,18.1265,2.42331,25.7023,27.634,85.6998,0.93625,19.6846,129.042
130.78,18.1278,2.39262,25.7023,27.634,85.6989,0.93625,19.6846,127.981
130.8,18.1278,2.40197,25.3358,28.0052,85.6989,0.93625,18.3679,128.511
130.82,18.1268,2.31293,25.3356,28.0055,84.0083,1.07663,18.3668,129.042
130.84,18.1268,2.30301,24.9691,25.7315,84.007,1.07674,18.3668,127.45
130.86,18.1258,2.48379,24.9688,25.7298,81.9085,0.913859,18.3668,125.857
130.88,18.1258,2.47806,25.3808,24.8023,81.9069,0.913735,18.3668,125.856
130.9,18.1222,2.43972,25.3814,24.8009,79.2254,0.913735,18.3668,125.325
130.92,18.1222,2.45025,25.3356,24.3832,79.2233,0.913735,18.3668,123.202
130.94,18.1155,2.35553,25.3356,24.3829,78.1157,0.913735,18.3668,122.67
130.96,18.1155,2.30291,24.8778,24.893,78.1149,0.913735,18.3668,121.079
130.98,18.1068,2.4074,24.8771,24.8938,78.1149,0.913735,18.3668,119.485
131,18.1068,2.42308,24.8771,24.8938,77.8817,0.913735,18.3668,116.83
131.02,18.1021,2.36522,24.6022,24.8938,77.8815,0.913735,18.3668,113.114
131.04,18.1021,2.42001,24.602,24.8938,76.8322,0.913735,18.3668,109.397
131.06,18.0938,2.53153,24.4187,22.4342,76.8314,0.913735,19.5808,105.679
131.08,18.0937,2.50574,24.4186,22.4323,75.2575,0.913735,19.5817,106.738
131.1,18.0857,2.37654,24.1439,22.6178,75.2563,1.01876,19.5817,112.571
131.12,18.0857,2.41394,24.1435,22.6181,73.6241,1.01892,19.5817,117.356
131.14,18.0834,2.44898,23.8686,22.8965,73.6228,0.999142,19.5817,117.89
131.16,18.0834,2.38258,23.8684,22.8967,72.457,0.999127,19.5817,115.768
131.18,18.0841,2.36744,23.8684,23.9641,72.4561,0.999127,19.5817,116.297
131.2,18.0841,2.39959,23.0438,23.9649,72.4561,0.999127,19.5817,117.889
131.22,18.0834,2.55076,23.0432,23.9649,71.8148,0.999127,19.5817,117.89
131.24,18.0834,2.52186,23.5467,24.3823,71.8144,0.999127,19.5817,120.542
131.26,18.0834,2.39919,23.5475,24.3829,71.2314,0.999127,19.5817,125.321
131.28,18.0834,2.36807,22.9061,23.2691,71.231,0.999127,19.5817,130.101
131.3,18.0821,2.42828,22.9056,23.2683,71.231,0.999127,19.5817,131.166
131.32,18.0821,2.4756,22.4017,21.7368,71.231,0.999127,19.2936,132.758
131.34,18.0757,2.5056,22.4013,21.7356,71.9305,0.999127,19.2934,137.005
131.36,18.0757,2.47471,22.5845,23.8704,71.931,0.83033,19.2934,139.661
131.38,18.062,2.38818,22.5847,23.872,71.931,0.830201,19.2934,141.254
131.4,18.062,2.37553,22.5847,23.872,72.922,0.956678,19.2934,142.848
131.42,18.05,2.41119,22.4931,22.1085,72.9228,0.956774,19.2934,144.441
131.44,18.05,2.44237,22.493,22.1072,73.8555,0.956774,19.2934,147.096
131.46,18.0456,2.41756,21.7605,21.8753,73.8562,0.956774,19.2934,149.749
131.48,18.0456,2.42283,21.7594,21.875,73.4481,0.956774,19.2934,153.467
131.5,18.042,2.49031,21.2555,22.2462,73.4478,0.956774,19.2934,152.409
131.52,18.042,2.47209,21.2551,22.2465,72.2237,0.956774,19.2934,151.347
131.54,18.0369,2.46358,21.3009,23.8708,72.2227,0.956774,19.2934,151.346
131.56,18.0369,2.48128,21.3009,23.872,70.8237,0.956774,19.2934,147.631
131.58,18.0346,2.44724,21.3009,23.872,70.8226,0.956774,19.0054,146.567
131.6,18.0346,2.43028,21.3009,23.2692,70.8226,0.956774,19.0052,150.808
131.62,18.0239,2.43022,21.3009,23.2683,70.298,0.841697,19.0052,153.999
131.64,18.0239,2.40195,21.1177,24.3357,70.2976,0.841609,19.0052,154.532
131.66,18.0139,2.40604,21.1175,24.3365,69.7729,1.03396,19.0052,152.41
131.68,18.0139,2.44305,20.2471,23.7796,69.7725,1.03411,19.0052,150.285
131.7,18.0052,2.49402,20.2464,23.7792,69.9474,1.03411,19.0052,144.447
131.72,18.0052,2.4417,19.9257,23.5471,69.9475,1.03411,19.0052,142.32
131.74,17.9908,2.37136,19.9255,23.5469,70.3553,1.03411,19.0052,146.03
131.76,17.9908,2.38758,19.6964,24.8,70.3559,1.03411,19.0052,147.097
131.78,17.9841,2.4375,19.6963,24.8009,70.5891,1.03411,19.0052,147.098
131.8,17.9841,2.40451,19.7421,24.8009,70.5893,1.03411,19.0052,148.159
131.82,17.9734,2.43331,19.7421,22.991,70.5893,1.03411,19.0052,152.405
131.84,17.9734,2.45595,19.7421,22.9896,70.6475,1.03411,19.0052,156.653
131.86,17.9597,2.48829,19.513,24.289,70.6476,1.03411,17.7912,158.779
131.88,17.9597,2.4704,19.5129,24.29,70.4728,0.986992,17.7903,160.901
131.9,17.9521,2.38052,18.9631,25.4502,70.4726,0.98692,17.7903,161.966
131.92,17.9521,2.42675,18.9627,25.4511,70.4143,0.98692,17.7903,160.905
131.94,17.933,2.55171,18.2297,22.8059,70.4142,1.03795,17.7903,159.843
131.96,17.933,2.57086,18.2291,22.8038,70.123,1.03799,17.7903,157.191
131.98,17.921,2.42784,18.5498,23.8712,70.1226,1.03799,17.7903,158.249
132,17.921,2.42532,18.5501,23.872,70.0643,1.03799,17.7903,163.025
132.02,17.9093,2.46333,18.5501,23.872,70.0642,1.03799,17.7903,162.498
132.04,17.9093,2.47024,17.9545,19.7417,70.0642,1.03799,17.7903,163.028
132.06,17.8956,2.54661,17.954,19.7386,70.1808,1.03799,17.7903,166.212
132.08,17.8956,2.52067,17.725,18.8568,70.1809,1.03799,17.7903,169.399
132.1,17.8882,2.31365,17.7248,18.8561,70.0644,1.03799,17.7903,169.931
132.12,17.8745,2.31189,17.7706,20.1092,70.0642,1.03799,19.6421,174.177
132.14,17.8745,2.36364,17.7707,20.1101,69.5396,1.03799,19.6435,179.487
132.16,17.8585,2.38443,18.0455,19.5532,69.5392,1.17059,19.6435,178.96
132.18,17.8585,2.39962,18.0457,19.5528,69.0728,1.17069,19.6435,182.674
132.2,17.8458,2.38826,18.0457,19.5528,69.0725,1.02497,19.6435,187.453
132.22,17.8458,2.48295,17.9541,19.8312,69.0725,1.02486,19.6435,192.763
132.24,17.8288,2.45889,17.954,19.8314,68.1405,1.02486,19.6435,194.888
132.26,17.8287,2.45885,18.458,19.0889,68.139,1.02486,19.6435,194.891
132.28,17.8127,2.48139,18.4584,19.0883,66.9732,1.02486,19.6435,197.014
132.3,17.8127,2.43914,18.3667,17.0928,66.9723,1.02486,19.6435,199.138
132.32,17.795,2.44468,18.3667,17.0913,65.7481,1.02486,19.6435,200.201
132.34,17.795,2.44469,18.5499,15.699,65.7472,1.02486,19.6435,203.385
132.36,17.7883,2.34846,18.5501,15.698,64.8145,1.02486,19.6435,208.163
132.38,17.7883,2.34838,18.9621,13.9358,64.8138,1.02486,18.8417,214.53
132.4,17.7755,2.25039,18.9627,13.9331,64.8138,1.02486,18.8404,218.784
132.42,17.7755,2.25032,18.9627,13.9331,64.1725,1.22126,18.8404,219.318
132.44,17.7586,2.34583,18.5962,14.7684,64.1721,1.22141,18.8404,219.319
132.46,17.7585,2.3459,18.5959,14.7691,63.5313,1.05218,18.8404,218.258
132.48,17.7519,2.18926,19.1915,11.4277,63.5303,1.05192,18.8404,217.195
132.5,17.7519,2.19215,19.1919,11.4251,63.0057,1.05192,18.8404,216.664
132.52,17.7338,2.12908,19.4668,9.84726,63.0053,1.05192,18.8404,218.786
132.54,17.7338,2.11096,19.467,9.84606,62.1892,1.05192,18.8404,221.971
132.56,17.7165,1.95713,18.3217,9.70683,62.1885,1.05192,18.8404,224.096
132.58,17.7165,1.97888,18.3208,9.70673,61.489,1.05192,18.8404,222.506
132.6,17.6995,1.83673,17.5426,9.70673,61.4885,1.05192,18.8404,216.672
132.62,17.6995,1.84682,17.5414,11.4702,61.4885,1.05192,18.8404,208.704
132.64,17.6726,1.7719,17.5414,11.4716,62.0131,1.05192,18.8404,200.208
132.66,17.6726,1.81965,14.8384,8.03738,62.0135,1.05192,18.1203,197.548
132.68,17.6567,1.7792,14.8364,8.03475,65.0448,0.798473,18.1198,197.016
132.7,17.6567,1.83091,13.1413,4.87899,65.0471,0.79828,18.1198,196.485
132.72,17.6442,1.73853,13.14,4.87659,70.7599,0.79828,18.1198,195.953
132.74,17.6442,1.83732,12.4533,4.27374,70.7643,1.08266,18.1198,196.483
132.76,17.6276,1.81171,12.4523,4.27282,79.2751,1.08309,18.1198,192.239
132.78,17.6276,1.91696,12.2232,5.06176,79.2816,1.08309,18.1198,186.399
132.8,17.6117,1.77041,12.2231,5.06236,88.8418,1.08309,18.1198,184.272
132.82,17.6117,1.89429,12.2231,5.06236,88.8491,1.08309,18.1198,184.27
132.84,17.5947,1.82839,12.5437,6.91869,88.8491,1.08309,18.1198,182.148
132.86,17.5947,1.72614,12.544,6.92011,92.5799,1.08309,18.1198,180.554
132.88,17.5722,1.80003,13.0933,6.54912,92.5828,1.08309,18.1198,178.962
132.9,17.5722,1.72717,13.0942,6.54856,87.1032,1.08309,18.1198,176.307
132.92,17.5626,1.76406,13.1858,5.75962,87.099,1.08309,18.6547,173.121
132.94,17.5626,1.68875,13.1859,5.75902,78.8213,1.08309,18.6551,167.812
132.96,17.5567,1.66604,14.1014,8.44864,78.8149,0.745377,18.6551,161.445
132.98,17.5567,1.63145,14.1028,8.45275,79.5728,0.744861,18.6551,156.66
133,17.5434,1.46554,15.523,8.40634,79.5733,1.12078,18.6551,155.595
133.02,17.5434,1.53565,15.5241,8.4063,79.5733,1.12107,18.6551,154.533
133.04,17.5217,1.37644,15.5241,8.4063,88.9586,1.12107,18.6551,155.593
133.06,17.5217,1.44806,17.0359,8.03504,88.9658,1.12107,18.6551,155.064
133.08,17.5117,1.36334,17.0371,8.03475,103.656,1.12107,18.6551,148.696
133.1,17.5117,1.45028,16.03,8.17387,103.667,1.12107,18.6551,142.328
133.12,17.4995,1.54782,16.0284,8.17409,116.142,1.12107,18.6551,138.073
133.14,17.4995,1.64469,14.9289,7.1531,116.151,1.12107,18.6551,133.825
133.16,17.4837,1.69996,14.9281,7.15233,115.452,1.12107,18.6551,130.107
133.18,17.4836,1.65782,13.8286,7.38437,115.451,1.12107,18.5934,131.166
133.2,17.4718,1.7226,13.8277,7.38454,107.757,1.12107,18.5933,133.289
133.22,17.4718,1.68389,13.8277,7.38454,107.751,1.25753,18.5933,131.699
133.24,17.4483,1.66102,14.1024,7.38454,107.751,1.25763,18.5933,127.456
133.26,17.4482,1.66723,14.1028,7.38454,103.495,1.05871,18.5933,125.327
133.28,17.442,1.83814,13.4156,7.33813,103.492,1.05856,18.5933,129.57
133.3,17.4419,1.77442,13.4151,7.3381,97.8958,1.05856,18.5933,133.818
133.32,17.422,1.96422,12.8653,6.36353,97.8915,1.05856,18.5933,139.128
133.34,17.422,1.89806,12.8649,6.36278,90.7797,1.05856,18.5933,141.785
133.36,17.4143,2.13389,12.59,6.91968,90.7743,1.05856,18.5933,146.563
133.38,17.4143,2.10387,12.5898,6.92011,85.3571,1.05856,18.5933,150.808
133.4,17.4113,2.12485,13.1854,8.5908,85.3488,1.05856,18.5933,153.468
133.42,17.4113,2.09623,13.1859,8.59208,85.3488,1.05856,18.5933,156.123
133.44,17.4065,2.2486,13.1859,8.59208,84.8825,1.05856,18.5933,158.778
133.46,17.4065,2.2287,14.5592,6.55167,84.8821,1.05856,15.8795,159.841
133.48,17.4084,2.32537,14.5613,6.54856,84.5906,1.21312,15.8754,162.496
133.5,17.4084,2.27961,15.7524,8.77615,84.5904,1.21324,15.8754,165.151
133.52,17.3752,2.54702,15.7533,8.77785,77.4203,1.21324,15.8754,170.99
133.54,17.3752,2.40975,17.0819,9.84524,77.4148,0.99814,15.8754,174.709
133.56,17.3449,2.63457,17.0829,9.84606,71.7603,0.997976,15.8754,176.303
133.58,17.3449,2.51998,19.511,9.05712,71.756,0.997976,15.8754,177.366
133.6,17.3353,2.52388,19.5129,9.05652,69.2513,0.997976,15.8754,180.548
133.62,17.3353,2.42218,21.0705,9.05652,69.2475,0.997976,15.8754,182.675
133.64,17.3228,2.54127,21.0717,11.8874,69.2475,0.997976,15.8754,184.269
133.66,17.3228,2.50595,21.0717,11.8896,67.9067,0.997976,15.8754,188.515
133.68,17.3106,2.46636,22.95,13.8851,67.9057,0.997976,15.8754,192.764
133.7,17.3106,2.47171,22.9515,13.8867,67.2645,0.997976,15.8754,193.297
133.72,17.2962,2.45048,24.6007,14.3507,67.264,0.997976,16.0194,193.828
133.74,17.2962,2.41141,24.602,14.3511,67.8465,0.997976,16.0195,192.238
133.76,17.2767,2.4802,25.2892,15.6505,67.8474,1.08499,16.0195,193.297
133.78,17.2766,2.49835,25.2897,15.6515,69.1298,1.08505,16.0195,192.767
133.8,17.273,2.4372,25.5646,16.2548,69.1308,1.0062,16.0195,192.767
133.82,17.273,2.41766,25.5648,16.2553,69.8886,1.00614,16.0195,190.644
133.84,17.2641,2.52476,25.5648,16.2553,69.8892,1.00614,16.0195,188.52
133.86,17.2641,2.55582,25.015,16.905,69.8892,1.00614,16.0195,189.58
133.88,17.2523,2.422,25.0146,16.9055,70.6464,1.00614,16.0195,192.232
133.9,17.2523,2.40085,24.4649,18.669,70.6476,1.00614,16.0195,194.889
133.92,17.2405,2.4299,24.4644,18.6704,71.1722,1.00614,16.0195,197.544
133.94,17.2405,2.45757,23.8231,19.2273,71.1726,1.00614,16.0195,197.016
133.96,17.2298,2.48294,23.8226,19.2277,71.6969,1.00614,16.0195,198.076
133.98,17.2298,2.455,23.5477,20.3415,71.6977,1.00614,17.5009,201.261
134,17.2228,2.41322,23.5475,20.3423,72.747,1.00614,17.502,199.672
134.02,17.2228,2.36106,23.8682,20.3423,72.7478,0.995366,17.502,195.956
134.04,17.2158,2.40983,23.8684,22.1058,72.7478,0.995358,17.502,196.484
134.06,17.2158,2.47174,23.8684,22.1072,74.2634,0.993912,17.502,197.545
134.08,17.2139,2.47637,23.0896,22.3392,74.2646,0.99391,17.502,207.098
134.1,17.2139,2.457,23.089,22.3394,75.2548,0.99391,17.502,216.649
134.12,17.2025,2.52196,23.6846,24.6598,75.2563,0.99391,17.502,223.562
134.14,17.2025,2.51834,23.685,24.6616,76.0141,0.99391,17.502,219.853
134.16,17.1933,2.55814,23.8683,26.1931,76.0147,0.99391,17.502,218.258
134.18,17.1932,2.56506,23.8684,26.1942,77.1223,0.99391,17.502,218.257
134.2,17.1855,2.50638,23.4561,26.9832,77.1231,0.99391,17.502,219.849
134.22,17.1855,2.48778,23.4558,26.9838,78.2307,0.99391,17.502,218.788
134.24,17.173,2.57687,23.4558,26.9838,78.2316,0.99391,17.502,219.848
134.26,17.173,2.60636,23.9597,27.9583,78.2316,0.99391,18.0576,224.625
134.28,17.1648,2.41872,23.9601,27.9591,78.5813,0.956287,18.058,226.221
134.3,17.1648,2.43824,24.1892,29.1193,78.5816,0.956258,18.058,226.222
134.32,17.1615,2.56008,24.1894,29.1202,79.5726,1.02913,18.058,226.222
134.34,17.1615,2.52234,24.3726,28.7489,79.5733,1.02919,18.058,226.222
134.36,17.1479,2.35817,24.3728,28.7486,81.5553,1.02919,18.058,225.161
134.38,17.1479,2.36807,24.5101,29.2587,81.5568,1.02919,18.058,222.509
134.4,17.1368,2.39605,24.5103,29.2595,82.8393,1.02919,18.058,221.974
134.42,17.1368,2.40763,24.6477,29.6772,82.8403,1.02919,18.058,226.219
134.44,17.1302,2.47964,24.6478,29.6775,82.8403,1.02919,18.058,232.059
134.46,17.1302,2.45014,24.6478,29.6775,81.7336,1.02919,18.058,233.654
134.48,17.1268,2.35499,24.6478,29.0278,81.7319,1.02919,18.058,230.473
134.5,17.1268,2.36265,24.6478,29.0273,79.6916,1.02919,18.058,218.797
134.52,17.1231,2.39505,24.8311,24.8506,79.69,1.02919,18.2432,207.114
134.54,17.1231,2.40911,24.8312,24.8474,78.8156,1.02919,18.2433,206.044
134.56,17.1121,2.42156,24.6022,25.9612,78.8149,0.861298,18.2433,215.594
134.58,17.1121,2.42205,24.602,25.962,78.8732,0.86117,18.2433,212.948
134.6,17.1073,2.43453,24.602,25.7765,78.8733,0.975382,18.2433,208.704
134.62,17.1073,2.42484,24.602,25.7762,79.3396,0.975556,18.2433,206.575
134.64,17.1017,2.49096,24.602,25.7762,79.34,0.975556,18.2433,207.104
134.66,17.1017,2.44621,24.6936,24.7553,79.34,0.975556,18.2433,209.758
134.68,17.0951,2.39769,24.6937,24.7545,79.8063,0.975556,18.2433,208.699
134.7,17.0951,2.44972,24.0065,24.1512,79.8067,0.975556,18.2433,209.759
134.72,17.0855,2.43719,24.006,24.1507,79.9816,0.975556,18.2433,212.413
134.74,17.0855,2.4294,24.0975,23.5015,79.9817,0.975556,18.2433,215.066
134.76,17.0781,2.43352,24.0977,23.5005,80.5063,0.975556,18.2433,212.417
134.78,17.0781,2.44476,24.2351,23.9182,80.5068,0.975556,20.4448,210.823
134.8,17.0755,2.48892,24.2352,23.9185,81.8475,0.975556,20.4465,212.945
134.82,17.0755,2.47649,24.1436,23.9185,81.8485,0.855478,20.4465,212.946
134.84,17.0678,2.39937,24.1435,23.5936,81.8485,0.855386,20.4465,210.824
134.86,17.0678,2.38604,24.1435,23.5934,83.3059,0.952984,20.4465,207.108
134.88,17.0659,2.38192,24.2808,24.289,83.307,0.953058,20.4465,200.742
134.9,17.0659,2.39319,24.2811,24.29,82.724,0.953058,20.4465,199.141
134.92,17.0567,2.37257,24.3727,24.5221,82.7236,0.953058,20.4465,197.547
134.94,17.0567,2.40525,24.3728,24.5223,80.5084,0.953058,20.4465,197.546
134.96,17.0534,2.43877,24.1896,23.4557,80.5068,0.953058,20.4465,186.942
134.98,17.0534,2.44129,24.1894,23.4541,79.5158,0.953058,20.4465,176.843
135,17.0482,2.39984,24.1894,22.3867,79.515,0.953058,20.4465,178.958
135.02,17.0482,2.40596,24.1894,22.3858,79.8648,0.953058,20.4465,178.429
135.04,17.0431,2.40215,24.5101,22.3858,79.865,0.953058,22.5657,175.776
135.06,17.0431,2.37625,24.5103,23.2676,79.865,0.953058,22.5673,176.835
135.08,17.0342,2.42513,24.5103,23.2683,80.5646,0.939363,22.5673,175.774
135.1,17.0342,2.43795,24.6934,23.3147,80.5651,0.939352,22.5673,174.713
135.12,17.0291,2.45056,24.6937,23.3147,81.8476,0.981793,22.5673,169.405
135.14,17.029,2.45207,24.0065,22.665,81.8485,0.981825,22.5673,164.095
135.16,17.0209,2.47312,24.006,22.6645,83.4225,0.981825,22.5673,160.376
135.18,17.0209,2.43628,24.3267,24.1496,83.4237,0.981825,22.5673,161.965
135.2,17.0147,2.49527,24.3269,24.1507,85.0559,0.981825,22.5673,161.967
135.22,17.0147,2.46263,24.6018,24.0579,85.0571,0.981825,22.5673,158.252
135.24,17.0084,2.33552,24.602,24.0578,86.7464,0.981825,22.5673,156.659
135.26,17.0084,2.38424,24.602,24.0578,86.7489,0.981825,22.5673,157.187
135.28,16.9977,2.455,24.3729,24.2899,86.7489,0.981825,22.5673,158.779
135.3,16.9977,2.43218,24.3728,24.29,89.139,0.981825,22.5673,163.025
135.32,16.9874,2.37442,24.4644,26.1928,89.1408,0.981825,20.407,167.274
135.34,16.9874,2.38415,24.4644,26.1942,90.7147,1.00563,20.4053,171.522
135.36,16.9811,2.41719,24.9226,25.1268,90.7159,1.00565,20.4053,174.178
135.38,16.9811,2.42938,24.9229,25.126,89.8422,1.00565,20.4053,178.422
135.4,16.97,2.47667,25.5643,24.0586,89.8409,0.975782,20.4053,182.143
135.42,16.97,2.48372,25.5648,24.0578,87.684,0.975759,20.4053,184.799
135.44,16.9667,2.41954,25.5648,24.6611,87.6824,0.975759,20.4053,190.108
135.46,16.9667,2.39029,25.6564,24.6616,87.6824,0.975759,20.4053,192.233
135.48,16.9608,2.40669,25.6565,24.6616,84.4762,0.975759,20.4053,190.644
135.5,16.9608,2.44507,25.8397,22.9909,84.4737,0.975759,20.4053,189.051
135.52,16.9475,2.43665,25.8399,22.9896,80.8012,0.975759,20.4053,187.458
135.54,16.9475,2.41659,25.7483,23.4073,80.7984,0.975759,20.4053,187.987
135.56,16.9438,2.3917,25.7482,23.4076,79.3411,0.975759,20.4053,190.11
135.58,16.9438,2.33755,24.7403,24.6142,79.34,0.975759,19.1708,190.642
135.6,16.9394,2.43374,24.7395,24.6151,79.8642,0.975759,19.1699,191.173
135.62,16.9394,2.5404,23.64,25.961,79.865,0.99452,19.1699,193.296
135.64,16.9268,2.50725,23.6392,25.962,79.865,0.994535,19.1699,197.012
135.66,16.9268,2.47167,23.6392,25.962,80.9726,0.970381,19.1699,198.607
135.68,16.9213,2.32839,22.952,23.2239,80.9735,0.970362,19.1699,198.608
135.7,16.9213,2.29619,22.9515,23.2218,82.0227,0.970362,19.1699,197.547
135.72,16.9139,2.44154,22.1268,23.7323,82.0235,0.970362,19.1699,198.607
135.74,16.9139,2.47213,22.1262,23.7327,82.5478,0.970362,19.1699,199.669
135.76,16.9029,2.56737,21.2558,22.6189,82.5486,0.970362,19.1699,200.732
135.78,16.8977,2.57214,21.2551,22.6181,83.3064,0.970362,19.1699,200.202
135.8,16.8977,2.37734,21.026,22.7109,83.307,0.970362,19.1699,198.079
135.82,16.8977,2.35969,21.0259,22.711,81.2667,0.970362,19.1699,193.302
135.84,16.8885,2.38304,20.4303,23.2679,81.2652,0.970362,19.9929,189.583
135.86,16.8885,2.36413,20.4298,23.2683,81.2652,0.970362,19.9935,187.458
135.88,16.88,2.36408,20.4298,23.2683,77.013,0.996156,19.9935,188.517
135.9,16.88,2.40461,20.2466,22.7114,77.0065,0.996195,19.9935,195.417
135.92,16.8748,2.35849,20.2464,22.711,74.1501,0.976033,19.9935,202.32
135.94,16.8748,2.33499,20.5671,22.3397,74.1479,0.976018,19.9935,209.224
135.96,16.87,2.33495,20.5674,22.3394,72.2257,0.976018,19.9935,215.061
135.98,16.87,2.2418,20.1551,23.546,72.2227,0.976018,19.9935,219.315
136,16.8649,2.24172,20.1547,23.5469,70.0076,0.976018,19.9935,224.094
136.02,16.8648,2.25424,19.8799,22.2939,70.0059,0.976018,19.9935,228.874
136.04,16.8542,2.38549,19.8797,22.293,67.3244,0.976018,19.9935,230.469
136.06,16.8541,2.38753,19.8797,22.293,67.3223,0.976018,19.9935,230.471
136.08,16.846,2.37622,19.8797,21.9217,67.3223,0.976018,19.9935,228.879
136.1,16.846,2.37574,19.8797,21.9214,65.6331,0.976018,19.9935,228.877
136.12,16.8405,2.36072,19.1008,22.3855,65.6305,0.976018,21.7629,231.531
136.14,16.8405,2.36977,19.1002,22.3858,64.8144,1.01231,21.7643,232.063
136.16,16.8375,2.40051,19.0086,23.9637,64.8138,1.01234,21.7643,232.594
136.18,16.8375,2.40054,19.0085,23.9649,63.6479,1.01234,21.7643,237.901
136.2,16.8298,2.34467,19.1002,25.5892,63.647,1.00197,21.7643,244.803
136.22,16.8246,2.31015,19.1002,25.5905,62.3062,1.00196,21.7643,245.339
136.24,16.8246,2.25992,19.0545,25.5905,62.3052,1.00196,21.7643,248.521
136.26,16.8191,2.28663,19.0544,24.291,61.664,1.00196,21.7643,257.547
136.28,16.8191,2.37803,19.0544,24.29,61.6635,1.00196,21.7643,264.982
136.3,16.8147,2.38888,17.9091,24.4757,61.6635,1.00196,21.7643,265.519
136.32,16.8147,2.35854,17.9082,24.4758,62.4796,1.00196,21.7643,260.213
136.34,16.8025,2.35802,17.4043,24.3366,62.4802,1.00196,21.7643,254.902
136.36,16.8025,2.39982,17.4039,24.3365,64.229,1.00196,21.7643,254.368
136.38,16.7933,2.40168,16.4425,23.5018,64.2304,1.00196,19.585,254.897
136.4,16.7933,2.39786,16.4411,23.5005,65.6294,1.00196,19.5817,252.776
136.42,16.78,2.38555,16.0746,22.2011,65.6305,0.964093,19.5817,250.121
136.44,16.78,2.38554,16.0743,22.2001,66.1552,0.964064,19.5817,248.527
136.46,16.7689,2.48533,16.1658,22.2001,66.1555,0.905478,19.5817,250.117
136.48,16.7689,2.48548,16.166,21.9216,66.1555,0.905389,19.5817,253.833
136.5,16.7637,2.36771,16.166,21.9214,65.456,0.905389,19.5817,259.143
136.52,16.7637,2.36762,16.166,22.6175,65.4555,0.905389,19.5817,264.453
136.54,16.7575,2.50458,16.166,22.6181,65.164,0.905389,19.5817,265.518
136.56,16.7575,2.50468,16.0285,22.2468,65.1638,0.905389,19.5817,266.58
136.58,16.7497,2.51675,16.0284,22.2465,65.6884,0.905389,19.5817,260.744
136.6,16.7497,2.45727,16.6693,22.2929,65.6888,0.905389,19.5817,250.135
136.62,16.7339,2.40684,16.6703,22.293,67.0879,0.905389,19.5817,246.935
136.64,16.7339,2.43062,16.6245,24.1493,67.089,0.905389,18.5529,250.117
136.66,16.7239,2.45157,16.6245,24.1507,68.3714,0.905389,18.5522,253.303
136.68,16.7239,2.44811,16.6245,24.1507,68.3724,1.03761,18.5522,250.652
136.7,16.7147,2.45647,17.0368,23.5938,68.3724,1.03771,18.5522,246.405
136.72,16.7147,2.46399,17.0371,23.5934,69.7132,0.930332,18.5522,249.055
136.74,16.7084,2.35203,17.7238,22.2486,69.7142,0.930251,18.5522,251.708
136.76,16.7084,2.31761,17.7248,22.2465,69.4227,0.930251,18.5522,249.59
136.78,16.6962,2.40282,18.8243,19.4156,69.4225,0.930251,18.5522,242.69
136.8,16.6962,2.40884,18.8252,19.4135,69.2476,0.930251,18.5522,240.031
136.82,16.6852,2.40053,19.4665,23.1725,69.2475,0.930251,18.5522,240.029
136.84,16.6852,2.42133,19.467,23.1754,69.4224,0.930251,18.5522,240.029
136.86,16.6704,2.44639,19.467,26.0063,69.4225,0.930251,18.5522,238.968
136.88,16.6704,2.45838,19.1924,26.0085,69.4225,0.930251,18.5522,235.786
136.9,16.6553,2.41215,19.1919,26.0085,70.0054,0.930251,18.5522,230.475
136.92,16.6553,2.39992,19.6043,24.1521,70.0059,0.930251,19.8072,230.471
136.94,16.6457,2.43741,19.6046,24.1507,70.2973,0.964496,19.8082,230.47
136.96,16.6457,2.45136,19.7877,21.5538,70.2976,0.964522,19.8082,232.061
136.98,16.6324,2.39733,19.788,21.5499,69.8312,0.964522,19.8082,232.064
137,16.6324,2.39192,19.9254,21.7355,69.8309,0.836883,19.8082,238.962
137.02,16.6162,2.39969,19.9255,21.7356,68.8399,0.836786,19.8082,243.743
137.04,16.6161,2.41937,19.8797,20.7147,68.8391,0.836786,19.8082,241.093
137.06,16.6062,2.34343,19.8797,20.7139,68.8391,0.836786,19.8082,235.785
137.08,16.6062,2.32678,19.8797,20.7139,68.7808,0.836786,19.8082,230.475
137.1,16.594,2.33417,20.0628,21.4095,68.7808,0.836786,19.8082,227.289
137.12,16.594,2.31782,20.063,21.4105,69.1305,0.836786,19.8082,225.692
137.14,16.577,2.26283,20.2921,21.8746,69.1308,0.836786,19.8082,224.099
137.16,16.577,2.28904,20.2923,21.875,69.5388,0.836786,19.8082,223.567
137.18,16.5663,2.36722,19.9258,20.6684,69.5392,0.836786,20.6106,227.812
137.2,16.5663,2.41929,19.9255,20.6674,70.8216,0.836786,20.6112,230.469
137.22,16.556,2.42316,19.6506,22.3845,70.8226,0.929724,20.6112,228.879
137.24,16.556,2.37577,19.6504,22.3858,73.5603,0.929795,20.6112,225.696
137.26,16.546,2.35306,20.1544,25.0311,73.5645,0.95373,20.6112,222.507
137.28,16.546,2.34887,20.1547,25.0331,73.5645,0.953748,20.6112,216.668
137.3,16.5306,2.38646,20.1547,25.0331,77.237,0.953748,20.6112,212.949
137.32,16.5305,2.43272,19.9257,22.7127,77.2398,0.953748,20.6112,211.354
137.34,16.5176,2.47731,19.9255,22.711,80.2128,0.953748,20.6112,204.455
137.36,16.5176,2.48425,19.7423,24.6601,80.2151,0.953748,20.6112,197.551
137.38,16.5062,2.38937,19.7421,24.6616,82.312,0.953748,20.6112,191.714
137.4,16.5062,2.36915,19.284,24.3367,82.3152,0.953748,20.6112,187.46
137.42,16.4933,2.47589,19.2836,24.3365,83.8309,0.953748,20.6112,183.211
137.44,16.4933,2.46175,20.7038,24.8006,83.832,0.953748,18.348,181.086
137.46,16.4778,2.44046,20.7049,24.8009,84.5893,0.953748,18.3463,175.251
137.48,16.4778,2.41628,22.4458,24.8009,84.5904,0.727448,18.3463,172.059
137.5,16.4616,2.35104,22.4471,24.6617,84.5904,0.727275,18.3463,174.71
137.52,16.4615,2.37247,22.4471,24.6616,84.5904,0.95594,18.3463,175.242
137.54,16.4479,2.43407,23.3176,24.0119,84.5904,0.956115,18.3463,170.998
137.56,16.4479,2.43168,23.3183,24.0114,85.0568,0.956115,18.3463,166.749
137.58,16.4339,2.44432,24.2803,23.0832,85.0571,0.956115,18.3463,161.44
137.6,16.4339,2.42978,24.2811,23.0825,86.8629,0.956115,18.3463,161.966
137.62,16.4217,2.34473,25.6554,22.9897,86.8656,0.956115,18.3463,164.089
137.64,16.4217,2.34651,25.6565,22.9896,88.3813,0.956115,18.3463,164.621
137.66,16.4058,2.47803,26.4811,22.9896,88.3824,0.956115,18.3463,166.744
137.68,16.4058,2.4578,26.4818,23.9178,88.7322,0.956115,18.3463,166.746
137.7,16.3855,2.38342,26.4818,23.9185,88.7324,0.956115,18.3463,169.399
137.72,16.3855,2.38144,27.5355,25.0787,88.7324,0.956115,19.2721,173.116
137.74,16.3763,2.3627,27.5363,25.0796,88.2082,0.742793,19.2728,174.709
137.76,16.3763,2.3973,28.3609,27.3072,88.2074,0.742467,19.2728,176.303
137.78,16.3667,2.51837,28.3615,27.3089,87.6827,0.925047,19.2728,177.366
137.8,16.3667,2.49193,28.5906,25.2669,87.6824,0.925186,19.2728,177.367
137.82,16.3483,2.41521,28.5908,25.2654,87.7406,0.925186,19.2728,174.714
137.84,16.3483,2.3871,29.4612,24.198,87.7407,0.925186,19.2728,172.058
137.86,16.3298,2.42426,29.4619,24.1972,88.0905,0.925186,19.2728,171.526
137.88,16.3298,2.41841,30.3317,24.1972,88.0907,0.925186,19.2728,174.707
137.9,16.3154,2.4018,30.333,22.9441,88.0907,0.925186,19.2728,181.079
137.92,16.3154,2.43348,30.333,22.9432,89.1983,0.925186,19.2728,181.615
137.94,16.2999,2.33971,29.5083,21.6437,89.1992,0.925186,19.2728,182.146
137.96,16.2999,2.33445,29.5077,21.6427,89.6069,0.925186,19.2728,182.676
137.98,16.2929,2.41537,29.4161,21.2715,89.6075,0.925186,20.1987,183.208
138,16.2929,2.40137,29.416,21.2712,89.7241,0.925186,20.1994,184.269
138.02,16.2756,2.31351,28.5456,17.1873,89.7242,0.875752,20.1994,179.495
138.04,16.2756,2.3255,28.5449,17.1842,88.8498,0.875714,20.1994,174.715
138.06,16.2619,2.24049,27.9035,18.7156,88.8491,0.933882,20.1994,171.528
138.08,16.2619,2.2333,27.903,18.7168,87.6832,0.933927,20.1994,169.403
138.1,16.2498,2.46875,27.903,18.7168,87.6824,0.933927,20.1994,169.401
138.12,16.2497,2.50918,27.1242,16.6284,87.6824,0.933927,20.1994,168.34
138.14,16.2372,2.30606,27.1236,16.6268,87.3326,0.933927,20.1994,166.217
138.16,16.2372,2.3114,26.2532,13.9816,87.3323,0.933927,20.1994,164.092
138.18,16.2232,2.10934,26.2525,13.9795,87.1574,0.933927,20.1994,165.152
138.2,16.2232,2.09936,25.7486,14.9077,87.1573,0.933927,20.1994,166.745
138.22,16.2125,2.23784,25.7482,14.9084,86.691,0.933927,20.1994,169.399
138.24,16.2125,2.25657,25.6566,15.233,86.6906,0.933927,21.433,174.703
138.26,16.2062,2.12476,25.6565,15.2335,85.8745,0.933927,21.4349,178.426
138.28,16.2062,2.10365,25.6565,15.2335,85.8739,0.940589,21.4349,180.021
138.3,16.2021,2.18294,25.9772,15.4192,85.8739,0.940594,21.4349,178.43
138.32,16.2021,2.20104,25.9774,15.4193,83.6004,0.944445,21.4349,173.653
138.34,16.1996,1.98445,26.4814,14.0271,83.5987,0.944448,21.4349,173.649
138.36,16.1996,2.09582,26.4818,14.026,79.9845,0.944448,21.4349,173.649
138.38,16.1955,1.87076,27.4431,13.5623,79.9817,0.944448,21.4349,178.422
138.4,16.1955,1.86835,27.4446,13.5616,76.2509,0.944448,21.4349,180.551
138.42,16.1926,1.67729,26.8032,12.3085,76.2481,0.944448,21.4349,182.145
138.44,16.1925,1.70939,26.8027,12.3076,74.1495,0.944448,21.4349,181.085
138.46,16.1874,1.59971,25.7956,12.4467,74.1479,0.944448,21.4349,180.024
138.48,16.1874,1.65671,25.794,12.4469,74.1479,0.944448,21.4349,177.369
138.5,16.3002,1.57301,25.794,12.4469,74.964,0.944448,21.4349,173.652
138.52,16.3003,1.5627,24.8778,12.7254,74.9646,0.944448,18.2252,173.119
138.54,16.1381,1.51353,24.8771,12.7256,81.8433,0.941978,18.2227,173.649
138.56,16.1379,1.53241,23.6859,12.1223,81.8485,0.941976,18.2227,174.18
138.58,16.0701,1.37924,23.685,12.1218,94.7314,0.941976,18.2227,175.242
138.6,16.07,1.4824,22.449,11.148,94.7413,0.940047,18.2227,173.122
138.62,16.0597,1.34592,22.4471,11.1465,110.597,0.940044,18.2227,169.404
138.64,16.0597,1.42652,20.1565,11.7498,110.609,0.940044,18.2227,164.625
138.66,16.0505,1.3919,20.1547,11.7502,123.434,0.940044,18.2227,161.438
138.68,16.0505,1.43352,19.6508,12.0751,123.444,0.940044,18.2227,159.844
138.7,16.0472,1.44996,19.6504,12.0754,123.444,0.940044,18.2227,157.189
138.72,16.0472,1.48454,19.6504,12.0754,128.574,0.940044,18.2227,157.718
138.74,16.0391,1.55016,19.0553,14.1158,128.577,0.940044,18.2227,160.9
138.76,16.039,1.52805,19.0544,14.1189,131.317,0.940044,18.2227,159.313
138.78,16.0339,1.61358,18.8711,12.773,131.319,0.940044,16.7619,157.72
138.8,16.0339,1.59051,18.871,12.772,131.028,0.940044,16.7608,156.126
138.82,16.0313,1.74654,20.4745,11.9367,131.028,0.936057,16.7608,157.186
138.84,16.0313,1.6728,20.4757,11.936,125.781,0.936054,16.7608,153.473
138.86,16.0306,1.81301,21.621,11.7504,125.777,0.924423,16.7608,152.409
138.88,16.0306,1.86914,21.6219,11.7502,116.516,0.924414,16.7608,155.589
138.9,16.049,2.17144,21.6219,11.7502,116.501,0.924414,16.7608,160.37
138.92,16.049,2.13575,22.9505,10.6829,116.501,0.924414,16.7608,167.272
138.94,16.6496,2.29183,22.9515,10.682,105.076,0.924414,16.7608,170.991
138.96,16.6501,2.28721,24.5079,12.166,105.067,0.924414,16.7608,167.813
138.98,17.4498,2.52393,24.5103,12.1682,94.0496,0.924414,16.7608,164.624
139,17.4504,2.31085,26.297,12.3075,94.0412,0.924414,16.7608,160.907
139.02,18.1934,2.49437,26.2984,12.3076,86.1133,0.924414,16.7608,165.15
139.04,18.194,2.35085,27.7186,12.9573,86.1072,0.924414,18.9829,170.99
139.06,17.2936,2.532,27.7197,12.9578,79.6366,0.924414,18.9846,177.893
139.08,17.2929,2.42925,29.1857,12.9578,79.6317,0.930577,18.9846,183.204
139.1,15.8656,2.27105,29.1868,13.3288,79.6317,0.930582,18.9846,181.087
139.12,15.8634,2.16669,29.1868,13.3293,77.2999,0.901706,18.9846,180.023
139.14,15.849,2.41354,29.9656,15.8354,77.2981,0.901684,18.9846,181.614
139.16,15.849,2.37207,29.9662,15.8373,78.464,0.901684,18.9846,180.554
139.18,15.8335,2.42927,30.0578,15.6517,78.4649,0.901684,18.9846,179.492
139.2,15.8335,2.43406,30.0579,15.6515,81.2047,0.901684,18.9846,178.43
139.22,15.8166,2.39948,29.9205,15.2338,81.2068,0.901684,18.9846,177.368
139.24,15.8165,2.40792,29.9204,15.2335,85.1095,0.901684,18.9846,174.185
139.26,15.8059,2.39639,30.1952,16.6258,85.1155,0.901684,18.9846,175.772
139.28,15.8058,2.40729,30.1954,16.6268,88.8463,0.901684,18.9846,178.427
139.3,15.794,2.4498,29.8747,16.6268,88.8491,0.901684,17.8118,176.837
139.32,15.794,2.44158,29.8745,17.4158,88.8491,0.901684,17.8109,177.366
139.34,15.7763,2.46588,29.8745,17.4164,91.3557,0.91016,17.8109,175.775
139.36,15.7763,2.4466,29.8287,18.7158,91.3577,0.910167,17.8109,174.182
139.38,15.7631,2.39188,29.8287,18.7168,91.3577,0.887316,17.8109,178.953
139.4,15.763,2.38897,29.0956,21.5941,91.3577,0.887281,17.8109,183.736
139.42,15.7476,2.4393,29.0951,21.5963,88.3847,0.887281,17.8109,187.454
139.44,15.7475,2.40411,28.7744,23.7311,88.3824,0.887281,17.8109,183.211
139.46,15.7391,2.32104,28.7742,23.7327,85.7612,0.887281,17.8109,181.617
139.48,15.7391,2.30237,29.0948,23.9648,85.7572,0.887281,17.8109,178.962
139.5,15.7247,2.44272,29.0951,23.9649,85.4657,0.887281,17.8109,180.021
139.52,15.7247,2.4706,29.0951,23.9649,85.4655,0.887281,17.8109,188.512
139.54,15.714,2.44946,29.3242,26.703,85.4655,0.887281,17.8109,194.355
139.56,15.714,2.44365,29.3243,26.7051,84.8826,0.887281,17.8109,197.544
139.58,15.704,2.2886,30.5155,26.9836,84.8821,0.887281,17.5229,200.73
139.6,15.704,2.29743,30.5164,26.9838,82.6104,0.884212,17.5226,202.323
139.62,15.6911,2.38807,30.7454,29.4434,82.6069,0.884207,17.5226,203.917
139.64,15.6911,2.39286,30.7456,29.4453,79.8671,0.884207,17.5226,208.164
139.66,15.6778,2.3551,30.4707,33.0187,79.865,0.89759,17.5226,214.535
139.68,15.6778,2.34308,30.4705,33.0215,78.7575,0.897601,17.5226,214.539
139.7,15.6653,2.41596,30.4705,33.0215,78.7566,0.897601,17.5226,213.478
139.72,15.6653,2.42942,30.1498,33.2999,78.7566,0.897601,17.5226,217.192
139.74,15.6546,2.44203,30.1496,33.3001,79.6303,0.897601,17.5226,218.785
139.76,15.6546,2.44011,30.4245,33.7642,79.6317,0.897601,17.5226,219.318
139.78,15.6387,2.49089,30.4247,33.7645,80.9724,0.897601,17.5226,219.849
139.8,15.6387,2.52744,30.2872,35.5281,80.9735,0.897601,17.5226,220.911
139.82,15.6295,2.46714,30.2871,35.5294,81.7896,0.897601,17.5226,227.279
139.84,15.6295,2.40498,30.2871,35.5758,81.7902,0.897601,19.0658,234.713
139.86,15.6132,2.31722,30.2871,35.5759,81.9651,0.897601,19.0669,236.311
139.88,15.6132,2.36777,30.6534,35.5295,81.9652,0.888491,19.0669,235.251
139.9,15.5977,2.383,30.6539,35.5294,81.9652,0.888478,19.0669,234.719
139.92,15.5808,2.32585,30.6539,35.5294,81.8486,0.900071,19.0669,230.474
139.94,15.5808,2.38187,31.1579,33.8123,81.8485,0.900079,19.0669,227.817
139.96,15.5697,2.42995,31.1582,33.811,81.9068,0.900079,19.0669,227.815
139.98,15.5697,2.43849,31.7996,32.9756,81.9069,0.900079,19.0669,227.815
140,15.5513,2.4399,31.8001,32.975,81.3239,0.900079,19.0669,223.57
140.02,15.5512,2.36263,32.8538,30.2369,81.3235,0.900079,19.0669,220.914
140.04,15.5406,2.36254,32.8546,30.2348,79.8661,0.900079,19.0669,223.034
140.06,15.5405,2.39287,33.4044,32.5552,79.865,0.900079,19.0669,222.505
140.08,15.5291,2.39526,33.4048,32.557,78.2911,0.900079,19.0669,223.036
140.1,15.5291,2.27157,33.1301,31.5832,78.2899,0.900079,21.9452,229.929
140.12,15.5199,2.14946,33.1297,31.5817,78.2899,0.900079,21.9496,231.531
140.14,15.5199,2.14937,33.1297,31.5817,78.5814,0.901799,21.9496,228.349
140.16,15.5121,2.03198,33.1297,28.4259,78.5816,0.901801,21.9496,223.571
140.18,15.5121,2.03189,33.1297,28.4235,80.1555,0.934599,21.9496,219.853
140.2,15.4996,1.84462,32.0302,27.8202,80.1567,0.934624,21.9496,216.135
140.22,15.4996,1.84447,32.0294,27.8198,82.9548,0.934624,21.9496,215.071
140.24,15.4871,1.70298,31.1138,28.2371,82.957,0.934624,21.9496,208.708
140.26,15.487,1.70276,31.1124,28.2378,86.4546,0.934624,21.9496,199.677
140.28,15.4859,1.5241,30.3336,29.7692,86.4573,0.934624,21.9496,196.487
140.3,15.4859,1.58746,30.333,29.7704,90.8876,0.934624,21.9496,191.708
140.32,15.4579,1.50057,30.333,29.7704,90.891,0.934624,21.9496,186.398
140.34,15.4579,1.59479,29.6,27.2179,90.891,0.934624,21.9496,180.557
140.36,15.4332,1.39409,29.5994,27.216,99.3435,0.934624,21.9496,173.124
140.38,15.4332,1.49626,29.5079,25.1756,99.35,0.934624,20.9628,169.937
140.4,15.4096,1.35182,29.5077,25.1725,112.116,0.985118,20.9613,166.748
140.42,15.4096,1.4231,30.6072,23.7338,112.126,0.985157,20.9613,167.807
140.44,15.39,1.39784,30.6081,23.7327,122.677,0.985157,20.9613,164.624
140.46,15.39,1.43879,31.9356,21.5068,122.685,0.905081,20.9613,156.668
140.48,15.3845,1.44481,31.9377,21.5034,124.492,0.904959,20.9613,148.697
140.5,15.3845,1.44914,33.9992,21.5034,124.494,0.904959,20.9613,139.67
140.52,15.3834,1.49056,34.0008,22.9421,124.494,0.904959,20.9613,130.642
140.54,15.3834,1.46311,34.0008,22.9432,124.727,0.904959,20.9613,126.921
140.56,15.3797,1.43504,36.8412,21.5973,124.727,0.904959,20.9613,127.449
140.58,15.3797,1.42836,36.8434,21.5963,131.781,0.904959,20.9613,129.572
140.6,15.3767,1.48259,41.8332,20.0196,131.786,0.904959,20.9613,131.694
140.62,15.3767,1.6136,41.8408,20.0172,140.647,0.904959,20.9613,132.759
140.64,15.3852,1.59248,46.6512,19.3211,140.653,0.904959,22.2986,131.168
140.66,15.3852,1.57036,46.6548,19.3206,145.783,0.904959,22.2997,126.921
140.68,15.5541,1.59514,51.5568,18.6709,145.787,0.96471,22.2997,125.326
140.7,15.5542,1.57189,51.5606,18.6704,145.612,0.964756,22.2997,130.631
140.72,16.0376,1.57906,55.7754,18.6704,145.612,0.876134,22.2997,137.534
140.74,16.0379,1.52048,55.7786,18.624,145.612,0.876067,22.2997,139.13
140.76,15.4521,1.54876,55.7786,18.6239,139.142,0.876067,22.2997,141.255
140.78,15.4516,1.49178,60.4057,17.3245,139.137,0.876067,22.2997,143.379
140.8,15.5099,1.47605,60.4092,17.3235,132.141,0.876067,22.2997,138.605
140.82,15.5099,1.41162,66.9146,16.6274,132.136,0.876067,22.2997,133.825
140.84,15.3241,1.47911,66.9196,16.6268,129.28,0.876067,22.2997,130.638
140.86,15.3239,1.49294,73.8832,17.0909,129.278,0.876067,22.2997,131.697
140.88,15.321,1.48044,73.8885,17.0913,129.802,0.876067,22.2997,133.818
140.9,15.321,1.48506,80.8521,15.3742,129.803,0.876067,23.6576,135.944
140.92,15.318,1.41808,80.8574,15.3729,134.175,0.876067,23.6586,140.191
140.94,15.318,1.43501,80.8574,15.3729,134.178,0.774422,23.6586,144.439
140.96,15.3125,1.45116,86.2592,14.7236,134.178,0.774345,23.6586,144.442
140.98,15.3125,1.53427,86.2674,14.7226,143.855,0.893964,23.6586,140.197
141,15.3099,1.39936,92.1773,14.3514,143.862,0.894056,23.6586,135.949
141.02,15.3099,1.46979,92.1818,14.3511,154.821,0.894056,23.6586,133.293
141.04,15.3073,1.42613,99.4661,13.0053,154.83,0.894056,23.6586,131.699
141.06,15.3073,1.41737,99.4716,13.0042,165.264,0.894056,23.6586,128.514
141.08,15.3055,1.46224,107.397,12.1689,165.272,0.894056,23.6586,127.981
141.1,15.3055,1.44671,107.403,12.1682,175.233,0.894056,23.6586,124.269
141.12,15.3073,1.42058,107.403,12.1682,175.248,0.894056,23.6586,113.65
141.14,15.3073,1.41441,116.978,11.1473,175.248,0.894056,23.6586,106.744
141.16,15.304,1.38173,116.986,11.1465,184.575,0.894056,23.6586,105.147
141.18,15.304,1.38198,127.935,9.84705,184.582,0.894056,22.7945,103.554
141.2,15.3048,1.36402,127.943,9.84606,195.483,0.92793,22.7938,103.552
141.22,15.3048,1.36736,139.763,7.47924,195.491,0.927956,22.7938,106.206
141.24,15.311,1.37222,139.772,7.47743,205.569,0.927956,22.7938,108.329
141.26,15.311,1.39383,150.492,8.21996,205.584,0.797549,22.7938,108.862
141.28,15.1881,1.40489,150.5,8.22053,210.539,0.797449,22.7938,107.802
141.3,15.188,1.40698,159.022,9.33433,210.543,0.797449,22.7938,105.678
141.32,15.1687,1.3928,159.028,9.33518,210.543,0.797449,22.7938,100.901
141.34,15.1687,1.40354,159.028,9.33518,212,0.797449,22.7938,93.999
141.36,15.1588,1.42638,165.442,9.10314,212.001,0.797449,22.7938,88.1568
141.38,15.1588,1.40302,165.447,9.10296,213.224,0.797449,22.7938,86.5616
141.4,15.1584,1.43968,169.662,9.05655,213.226,0.797449,22.7938,84.9673
141.42,15.1584,1.43789,169.665,9.05652,215.675,0.797449,22.7938,86.0274
141.44,15.2069,1.3669,170.856,10.82,215.676,0.797449,21.2919,85.4975
141.46,15.2069,1.34576,170.857,10.8214,218.3,0.797449,21.2907,83.3746
141.48,15.2053,1.38507,165.588,12.1672,218.302,1.03958,21.2907,82.8423
141.5,15.2053,1.39817,165.584,12.1682,217.777,1.03977,21.2907,83.9032
141.52,15.1634,1.32523,154.314,13.1428,217.777,0.821968,21.2907,88.1491
141.54,15.1633,1.30977,154.306,13.1436,217.777,0.821801,21.2907,88.6829
141.56,15.34,1.34842,154.306,13.1436,213.813,0.821801,21.2907,85.4996
141.58,15.3402,1.38882,139.829,15.3712,213.81,0.821801,21.2907,84.9665
141.6,15.8755,1.41901,139.818,15.3729,207.81,0.821801,21.2907,84.4359
141.62,15.8763,1.40683,122.134,15.6513,207.801,0.821801,21.2907,82.3125
141.64,15.1717,1.49887,122.121,15.6515,202.03,0.821801,21.2907,80.719
141.66,15.1712,1.52667,103.017,16.5797,202.025,0.821801,21.2907,79.6565
141.68,15.0274,1.72483,103.002,16.5804,193.689,0.821801,21.2907,79.6557
141.7,15.0273,1.71158,83.7605,16.7196,193.683,0.821801,20.6117,81.2476
141.72,15.0113,1.68441,83.7458,16.7197,180.625,0.821801,20.6112,85.4939
141.74,15.0113,1.63736,83.7458,16.7197,180.615,0.923029,20.6112,92.3901
141.76,14.9981,1.64567,69.8187,17.0446,180.615,0.923184,20.6112,101.952
141.78,14.9981,1.62868,69.808,17.0448,165.867,0.85979,20.6112,110.449
141.8,14.985,1.70336,60.2331,17.8802,165.856,0.859741,20.6112,118.946
141.82,14.985,1.6436,60.2258,17.8808,148.134,0.859741,20.6112,124.259
141.84,14.9759,1.65236,51.2923,18.9018,148.121,0.859741,20.6112,126.916
141.86,14.9759,1.55774,51.2855,18.9026,128.184,0.859741,20.6112,129.041
141.88,14.9726,1.61157,42.0383,19.83,128.169,0.859741,20.6112,132.754
141.9,14.9726,1.58586,42.0242,19.8314,109.923,0.859741,20.6112,135.943
141.92,14.9632,1.69747,33.5488,19.8314,109.909,0.859741,20.6112,137.538
141.94,14.9632,1.70506,33.5423,20.574,109.909,0.859741,20.6112,143.376
141.96,14.9554,1.82255,33.5423,20.5745,100.466,0.859741,20.6112,152.932
141.98,14.9554,1.8223,26.8078,22.4773,100.458,0.859741,21.2285,162.49
142,14.948,1.99561,26.8027,22.4787,100.225,0.788398,21.2289,170.457
142.02,14.948,2.04389,23.0002,22.9892,100.225,0.788343,21.2289,178.423
142.04,14.9361,2.08259,22.9973,22.9896,103.023,0.788343,21.2289,183.735
142.06,14.9361,2.2055,22.2185,24.289,103.025,0.790255,21.2289,188.515
142.08,14.9279,2.40178,22.2179,24.29,99.1196,0.790256,21.2289,195.417
142.1,14.9278,2.20627,22.6299,24.8929,99.1166,0.790256,21.2289,201.255
142.12,14.9192,2.45001,22.6305,24.8938,87.283,0.790256,21.2289,208.162
142.14,14.9192,2.28255,23.2719,24.8938,87.274,0.790256,21.2289,212.412
142.16,14.9081,2.49736,23.2724,25.5435,87.274,0.790256,21.2289,221.436
142.18,14.9081,2.34368,23.2724,25.544,74.8574,0.790256,21.2289,227.81
142.2,14.8995,2.5742,25.0133,28.3285,74.8479,0.790256,21.2289,234.183
142.22,14.8995,2.48951,25.0146,28.3306,65.929,0.790256,21.2289,235.78
142.24,14.8958,2.44142,26.7542,30.3247,65.9222,0.790256,18.5151,240.553
142.26,14.8958,2.39353,26.7568,30.3277,62.7743,0.790256,18.511,242.683
142.28,14.8839,2.44887,29.0017,30.4205,62.7719,0.728753,18.511,245.338
142.3,14.8839,2.46578,29.0034,30.4206,62.3639,0.728706,18.511,249.054
142.32,14.8724,2.43679,30.6985,30.4206,62.3636,0.833022,18.511,253.302
142.34,14.8724,2.42394,30.6998,31.9521,63.0631,0.833102,18.511,259.142
142.36,14.8613,2.55495,30.6998,31.9532,63.0636,0.833102,18.511,260.738
142.38,14.8613,2.52248,32.1189,32.9734,63.0636,0.833102,18.511,262.33
142.4,14.8518,2.42165,32.1211,32.975,64.3461,0.833102,18.511,260.741
142.42,14.8518,2.42588,32.8999,33.9496,64.3471,0.833102,18.511,258.087
142.44,14.8428,2.43005,32.9005,33.9503,65.3381,0.833102,18.511,257.023
142.46,14.8428,2.37639,32.9921,34.5072,65.3388,0.833102,18.511,258.614
142.48,14.8341,2.47976,32.9922,34.5076,67.0293,0.833102,18.511,254.37
142.5,14.8341,2.54697,32.5798,35.2038,67.0306,0.833102,19.6838,248
142.52,14.8255,2.49541,32.5795,35.2043,68.9543,0.833102,19.6846,245.342
142.54,14.8255,2.47512,32.5795,35.2043,68.9558,0.417361,19.6846,241.625
142.56,14.8156,2.45399,32.4879,35.9932,68.9558,0.417044,19.6846,236.847
142.58,14.8156,2.47402,32.4878,35.9938,71.579,0.78392,19.6846,227.292
142.6,14.8062,2.4112,32.7167,36.5967,71.581,0.7842,19.6846,217.74
142.62,14.8062,2.33818,32.7171,36.5976,75.3701,0.7842,19.6846,207.644
142.64,14.7972,2.24546,32.6254,38.1755,75.373,0.7842,19.6846,202.33
142.66,14.7971,2.30173,32.6254,38.1767,80.0365,0.7842,19.6846,198.611
142.68,14.7861,2.41335,32.4879,38.3623,80.04,0.7842,19.6846,197.547
142.7,14.786,2.40239,32.4878,38.3625,84.004,0.7842,19.6846,199.669
142.72,14.7758,2.47354,32.9002,41.0541,84.007,0.7842,19.6846,200.732
142.74,14.7758,2.50293,32.9005,41.0562,84.007,0.7842,19.6846,196.491
142.76,14.7667,2.5076,32.9005,41.0562,86.7468,0.7842,19.6846,190.647
142.78,14.7667,2.47971,33.3128,41.5667,86.7489,0.7842,23.4499,189.581
142.8,14.754,2.40379,33.3131,41.5671,89.547,1.08957,23.4527,188.519
142.82,14.754,2.43698,34.3668,42.0776,89.5492,1.08981,23.4527,190.641
142.84,14.7458,2.43275,34.3676,42.078,91.8809,1.08981,23.4527,188.52
142.86,14.7458,2.4182,35.5587,42.9597,91.8827,0.759773,23.4527,184.804
142.88,14.7335,2.50824,35.5596,42.9604,93.8632,0.759521,23.4527,180.559
142.9,14.7334,2.52915,36.201,43.8421,93.8662,0.759521,23.4527,182.145
142.92,14.7232,2.38394,36.2015,43.8428,95.7899,0.759521,23.4527,183.738
142.94,14.7232,2.36119,36.2015,43.8428,95.7914,0.759521,23.4527,181.617
142.96,14.7133,2.51412,37.2552,42.7754,95.7914,0.759521,23.4527,179.493
142.98,14.7133,2.55164,37.256,42.7746,97.7734,0.759521,23.4527,178.43
143,14.7039,2.54684,38.2639,41.3824,97.7749,0.759521,23.4527,177.368
143.02,14.7038,2.53831,38.2647,41.3813,99.8151,0.759521,23.4527,177.897
143.04,14.6973,2.36523,39.1351,41.1493,99.8167,0.759521,25.7571,178.959
143.06,14.6973,2.36099,39.1358,41.1491,101.507,0.759521,25.7589,181.082
143.08,14.6882,2.36473,39.7313,39.9889,101.509,0.707422,25.7589,181.615
143.1,14.6882,2.34695,39.7318,39.988,102.615,0.707383,25.7589,180.555
143.12,14.6784,2.41104,40.0983,39.988,102.617,1.00112,25.7589,176.308
143.14,14.6784,2.43801,40.0986,40.1736,102.617,1.00134,25.7589,169.937
143.16,14.6718,2.45919,40.0986,40.1738,103.433,1.00134,25.7589,168.871
143.18,14.6718,2.44176,40.5567,39.7561,103.434,1.00134,25.7589,168.339
143.2,14.6644,2.39787,40.5571,39.7558,103.667,1.00134,25.7589,163.033
143.22,14.6644,2.38123,40.6487,38.5492,103.667,1.00134,25.7589,157.722
143.24,14.6558,2.42883,40.6488,38.5482,104.075,1.00134,25.7589,153.477
143.26,14.6558,2.43566,41.0611,38.3162,104.075,1.00134,25.7589,153.47
143.28,14.6463,2.3878,41.0614,38.316,104.542,1.00134,25.7589,155.062
143.3,14.6463,2.40065,41.2446,37.8984,104.542,1.00134,24.8124,157.186
143.32,14.6397,2.41969,41.2448,37.898,104.6,1.00134,24.8117,154.534
143.34,14.6397,2.40956,42.0694,37.898,104.6,0.747997,24.8117,151.879
143.36,14.6332,2.43426,42.07,37.9444,104.6,0.747803,24.8117,150.816
143.38,14.6332,2.4256,42.07,37.9445,104.193,1.03381,24.8117,149.754
143.4,14.6254,2.37829,42.574,36.5986,104.192,1.03425,24.8117,148.691
143.42,14.6253,2.36321,42.5744,36.5976,103.901,1.03425,24.8117,148.691
143.44,14.618,2.25751,42.8493,37.2473,103.9,1.03425,24.8117,147.099
143.46,14.6179,2.26328,42.8495,37.2478,103.9,1.03425,24.8117,144.975
143.48,14.6106,2.35054,43.2618,36.5053,103.9,1.03425,24.8117,141.79
143.5,14.6106,2.30337,43.2621,36.5047,103.784,1.03425,24.8117,140.726
143.52,14.6032,2.40847,43.7202,36.5047,103.784,1.03425,24.8117,141.256
143.54,14.6032,2.45787,43.7206,36.1799,103.609,1.03425,24.8117,139.664
143.56,14.5933,2.35765,43.7206,36.1796,103.609,1.03425,24.8117,140.194
143.58,14.5933,2.35093,43.9038,35.6227,103.609,1.03425,26.5194,140.194
143.6,14.5847,2.36582,43.904,35.6223,103.725,1.0175,26.5207,139.664
143.62,14.5847,2.38753,43.9498,35.251,103.725,1.01748,26.5207,139.132
143.64,14.5818,2.43958,43.9498,35.2507,103.842,1.00595,26.5207,137.009
143.66,14.5818,2.45433,44.1789,35.1115,103.842,1.00594,26.5207,133.824
143.68,14.5727,2.48838,44.1791,35.1114,103.317,1.00594,26.5207,134.352
143.7,14.5727,2.47247,43.7667,35.8075,103.317,1.00594,26.5207,133.291
143.72,14.5666,2.4134,43.7664,35.8081,102.617,1.00594,26.5207,129.576
143.74,14.5666,2.37606,43.7664,35.8081,102.617,1.00594,26.5207,130.634
143.76,14.5567,2.45477,43.2167,35.1584,102.617,1.00594,26.5207,135.942
143.78,14.5567,2.52763,43.2162,35.1579,102.384,1.00594,26.5207,139.66
143.8,14.5518,2.43425,42.4832,35.854,102.384,1.00594,26.5207,143.377
143.82,14.5518,2.38221,42.4827,35.8545,102.675,1.00594,26.5207,145.503
143.84,14.5444,2.44797,41.5206,35.344,102.675,1.00594,27.8581,146.566
143.86,14.5362,2.43219,41.5199,35.3436,103.142,1.00594,27.8591,147.097
143.88,14.5362,2.36318,41.1079,35.2973,103.142,1.05032,27.8591,148.158
143.9,14.5279,2.36069,41.1072,35.2972,103.725,1.05039,27.8591,149.751
143.92,14.5279,2.35697,40.6491,36.3646,103.725,0.999,27.8591,149.222
143.94,14.5205,2.32856,40.6488,36.3654,103.725,0.998961,27.8591,146.569
143.96,14.5205,2.40018,40.6488,36.3654,104.716,0.998961,27.8591,146.036
143.98,14.5131,2.45285,40.2365,35.8085,104.717,0.998961,27.8591,145.505
144,14.5131,2.34571,40.2361,35.8081,105.242,0.998961,27.8591,147.096
144.02,14.5033,2.32867,39.7322,36.7362,105.242,0.998961,27.8591,148.689
144.04,14.5033,2.24918,39.7318,36.7369,106,0.998961,27.8591,151.874
144.06,14.4951,2.51457,40.0525,36.6441,106.001,0.998961,27.8591,156.653
144.08,14.4951,2.51477,40.0527,36.6441,106.001,0.998961,27.8591,160.371
144.1,14.4856,2.41311,40.0527,38.2207,106.001,0.998961,26.8106,160.374
144.12,14.4856,2.41296,40.0527,38.2231,104.835,0.998961,26.809,154.537
144.14,14.4762,2.44087,40.0527,38.2231,104.834,1.02342,26.809,151.348
144.16,14.4762,2.44089,40.1444,38.548,104.834,1.02344,26.809,155.591
144.18,14.4659,2.40154,40.1444,38.5482,102.327,1.00205,26.809,155.594
144.2,14.4659,2.40151,40.007,38.177,102.325,1.00203,26.809,155.594
144.22,14.4527,2.45885,40.0069,38.1767,99.4106,1.00203,26.809,154.533
144.24,14.4527,2.51129,39.7322,38.4086,99.4083,1.00203,26.809,155.062
144.26,14.4412,2.45477,39.7318,38.4089,98.4173,1.00203,26.809,157.716
144.28,14.4412,2.41863,39.3195,38.641,98.4166,1.00203,26.809,160.902
144.3,14.4285,2.38128,39.3192,38.6411,98.1834,1.00203,26.809,159.843
144.32,14.4285,2.37887,39.365,38.5483,98.1832,1.00203,26.809,158.251
144.34,14.4141,2.3912,39.365,38.5482,98.1832,1.00203,26.809,158.249
144.36,14.4141,2.4072,39.365,38.5482,97.6003,1.00203,26.809,160.372
144.38,14.3993,2.48809,38.953,38.5482,97.5999,1.00203,24.8559,166.206
144.4,14.3993,2.50364,38.9524,38.5482,95.9676,0.995224,24.8529,172.052
144.42,14.3882,2.41365,39.1815,38.2234,95.9664,0.995219,24.8529,176.301
144.44,14.3882,2.39929,39.1816,38.2231,93.9844,0.995219,24.8529,175.774
144.46,14.3746,2.51668,38.9068,36.5524,93.9829,1.00418,24.8529,173.651
144.48,14.3746,2.53289,38.9065,36.5512,93.4582,1.00419,24.8529,178.956
144.5,14.3615,2.51868,38.8149,36.644,93.4578,1.00419,24.8529,185.327
144.52,14.3615,2.54507,38.8148,36.6441,94.5071,1.00419,24.8529,189.047
144.54,14.3471,2.32719,38.9981,36.6441,94.5079,1.00419,24.8529,198.601
144.56,14.3471,2.28471,38.9982,37.0617,94.5079,1.00419,24.8529,200.731
144.58,14.3344,2.39048,38.9982,37.062,95.4989,1.00419,24.8529,195.426
144.6,14.3344,2.39688,38.7693,37.2939,95.4997,1.00419,24.8529,193.301
144.62,14.3167,2.28732,38.769,37.2943,95.3248,1.00419,24.8529,191.175
144.64,14.3167,2.3217,39.0439,38.4545,95.3247,1.00419,24.3179,190.112
144.66,14.3031,2.47566,39.0441,38.4554,94.2171,1.00419,24.3175,191.704
144.68,14.3031,2.43611,39.3648,39.1051,94.2162,0.996294,24.3175,191.174
144.7,14.2826,2.3943,39.365,39.1056,92.3508,0.996288,24.3175,184.275
144.72,14.2826,2.3899,40.1897,39.5232,92.3494,1.00715,24.3175,181.617
144.74,14.2645,2.37831,40.1903,39.5236,90.0194,1.00716,24.3175,181.615
144.76,14.2645,2.3783,40.1903,39.5236,90.0159,1.00716,24.3175,180.023
144.78,14.2444,2.39806,40.4652,40.591,90.0159,1.00716,24.3175,178.961
144.8,14.2443,2.35729,40.4654,40.5918,87.3927,1.00716,24.3175,174.184
144.82,14.23,2.36535,40.2363,39.1067,87.3907,1.00716,24.3175,169.405
144.84,14.23,2.36487,40.2361,39.1056,85.1172,1.00716,24.3175,162.503
144.86,14.2131,2.34092,39.9154,39.9409,85.1155,1.00716,24.3175,160.375
144.88,14.2131,2.35765,39.9152,39.9416,84.4747,1.00716,24.3175,159.313
144.9,14.1946,2.26408,39.5487,39.6167,84.4737,1.00716,24.1735,150.821
144.92,14.1946,2.28065,39.5484,39.6165,87.3884,1.00716,24.1734,140.733
144.94,14.1782,2.31187,38.907,39.6165,87.3907,0.989062,24.1734,133.296
144.96,14.1782,2.34283,38.9065,38.1314,87.3907,0.989049,24.1734,125.331
144.98,14.156,2.41896,38.9065,38.1303,91.5878,1.02601,24.1734,124.794
145,14.156,2.46296,38.3568,39.4761,91.591,1.02603,24.1734,125.855
145.02,14.1367,2.29104,38.3564,39.4771,94.5057,1.02603,24.1734,123.734
145.04,14.1367,2.28107,37.6692,40.1268,94.5079,1.02603,24.1734,121.609
145.06,14.117,2.42819,37.6686,40.1273,96.0236,1.02603,24.1734,119.485
145.08,14.1169,2.40888,36.5691,40.9627,96.0247,1.02603,24.1734,114.708
145.1,14.0935,2.37085,36.5683,40.9633,96.6072,1.02603,24.1734,109.402
145.12,14.0935,2.36748,36.1102,40.9633,96.6081,1.02603,24.1734,110.455
145.14,14.0759,2.5195,36.1098,40.5456,97.3659,1.02603,24.1734,111.517
145.16,14.0758,2.48606,36.1098,40.5453,97.3665,1.02603,24.1734,109.926
145.18,14.0541,2.4953,36.2473,42.5873,97.3665,1.02603,22.548,107.272
145.2,14.0541,2.50583,36.2474,42.5888,98.4158,1.03016,22.5467,104.086
145.22,14.0249,2.4486,36.5681,41.1038,98.4166,1.03016,22.5467,100.9
145.24,14.0249,2.42895,36.5683,41.1026,99.4068,0.940343,22.5467,101.427
145.26,14.0035,2.50409,37.0264,41.1026,99.4083,0.940205,22.5467,104.081
145.28,14.0035,2.46774,37.0268,41.1026,99.6998,0.940205,22.5467,103.022
145.3,13.9809,2.36917,37.4391,39.6176,99.7,0.940205,22.5467,100.899
145.32,13.9809,2.36094,37.4394,39.6165,99.3503,0.940205,22.5467,100.367
145.34,13.9571,2.418,37.7143,39.6165,99.35,0.940205,22.5467,101.427
145.36,13.9571,2.41805,37.7145,40.0805,99.35,0.940205,22.5467,101.959
145.38,13.9374,2.34468,37.7145,40.0809,98.9423,0.940205,22.5467,103.02
145.4,13.9373,2.37372,38.2643,39.5704,98.9416,0.940205,22.5467,104.083
145.42,13.9152,2.29551,38.2647,39.57,98.9999,0.940205,22.5467,104.614
145.44,13.9151,2.27154,38.173,39.8485,99,0.940205,23.02,105.145
145.46,13.8962,2.33332,38.173,39.8487,98.009,0.940205,23.0203,106.207
145.48,13.8962,2.38233,38.9518,38.5492,98.0082,0.980673,23.0203,107.269
145.5,13.8695,2.39384,38.9524,38.5482,96.2011,0.980704,23.0203,108.862
145.52,13.8695,2.36333,39.548,37.8985,96.1997,1.0035,23.0203,110.985
145.54,13.8486,2.33342,39.5484,37.898,93.8097,1.00352,23.0203,115.763
145.56,13.8486,2.37372,39.5484,37.898,93.8079,1.00352,23.0203,120.542
145.58,13.8214,2.39248,39.8233,36.413,93.8079,1.00352,23.0203,127.444
145.6,13.8214,2.4015,39.8235,36.4118,91.9439,1.00352,23.0203,135.403
145.62,13.8005,2.4257,40.923,36.4582,91.941,1.00352,23.0203,143.374
145.64,13.8005,2.40948,40.9239,36.4583,90.7169,1.00352,23.0203,144.972
145.66,13.7824,2.30749,41.9775,35.9942,90.7159,1.00352,23.0203,142.851
145.68,13.7824,2.28267,41.9784,35.9938,90.7159,1.00352,23.0203,144.441
145.7,13.7672,2.49103,43.2153,34.88,90.7159,1.00352,23.1232,149.749
145.72,13.7672,2.55009,43.2162,34.8792,91.4738,1.00352,23.1233,148.691
145.74,13.7495,2.49458,43.2162,34.6473,91.4743,1.01269,23.1233,146.04
145.76,13.7495,2.46626,43.9493,34.647,91.4743,1.01271,23.1233,146.566
145.78,13.7335,2.51627,43.9498,34.647,93.2814,0.967666,23.1233,147.628
145.8,13.7335,2.54007,44.9577,33.9509,93.2828,0.967632,23.1233,149.751
145.82,13.7129,2.48937,44.9585,33.9503,96.6639,0.967632,23.1233,151.875
145.84,13.7129,2.4637,44.7752,34.4608,96.6664,0.967632,23.1233,152.938
145.86,13.6969,2.48087,44.7751,34.4612,101.097,0.967632,23.1233,150.286
145.88,13.6969,2.45396,44.9582,33.1628,101.1,0.967632,23.1233,147.102
145.9,13.6743,2.66826,44.9585,33.1608,106.813,0.967632,23.1233,147.628
145.92,13.6743,2.69709,44.821,32.9287,106.817,0.967632,23.1233,147.629
145.94,13.6648,2.51272,44.8209,32.9286,106.817,0.967632,23.1233,146.567
145.96,13.6648,2.50541,44.8209,32.9286,112.53,0.967632,23.1233,142.852
145.98,13.6398,2.57837,45.3707,32.4181,112.534,0.967632,23.1233,139.665
146,13.6398,2.54824,45.3711,32.4177,117.14,0.993742,23.1233,134.357
146.02,13.6217,2.43939,45.9667,31.3039,117.143,0.993762,23.1233,129.046
146.04,13.6217,2.41841,45.9671,31.303,119.65,0.993762,23.1233,122.675
146.06,13.6024,2.49133,47.0666,31.3958,119.652,0.958763,23.1233,122.67
146.08,13.6024,2.50939,47.0675,31.3959,121.401,0.958736,23.1233,121.609
146.1,13.5794,2.5494,48.0288,30.654,121.402,0.958736,23.1233,116.836
146.12,13.5793,2.54155,48.0303,30.6528,121.868,0.958736,23.1233,112.053
146.14,13.56,2.45093,49.6337,31.5346,121.869,0.958736,23.1233,113.641
146.16,13.56,2.43101,49.635,31.5353,121.869,0.958736,23.1233,114.173
146.18,13.5428,2.44456,49.635,31.5353,121.869,0.958736,23.1233,111.52
146.2,13.5428,2.44605,50.7345,32.6955,121.869,0.958736,23.1233,108.334
146.22,13.5181,2.45963,50.7353,32.6963,122.277,0.958736,23.1233,104.087
146.24,13.5181,2.49654,51.8798,34.4585,122.277,0.958736,21.3346,99.8416
146.26,13.4943,2.56526,51.8815,34.4612,124.084,0.958736,21.3319,96.6514
146.28,13.4943,2.58307,52.3396,32.7905,124.085,0.928886,21.3319,97.1796
146.3,13.4828,2.57258,52.34,32.7892,126.825,0.928863,21.3319,98.7719
146.32,13.4828,2.55233,52.2484,31.8147,126.827,0.939133,21.3319,96.6506
146.34,13.4503,2.48928,52.2483,31.8139,129.042,0.939141,21.3319,95.057
146.36,13.4503,2.49272,51.5153,31.8139,129.044,0.939141,21.3319,94.5252
146.38,13.4355,2.53495,51.5147,30.8865,129.044,0.939141,21.3319,91.8736
146.4,13.4355,2.50506,51.5147,30.885,129.627,0.939141,21.3319,88.6858
146.42,13.4203,2.49537,50.232,29.6784,129.628,0.939141,21.3319,85.4995
146.44,13.4203,2.52214,50.231,29.6775,128.695,0.939141,21.3319,86.0278
146.46,13.4026,2.46648,48.8566,32.5084,128.694,0.939141,21.3319,87.6201
146.48,13.4026,2.46349,48.8555,32.5106,126.654,0.939141,21.3319,91.3357
146.5,13.387,2.39509,47.1605,32.4178,126.652,0.939141,22.5664,96.1142
146.52,13.387,2.38573,47.1592,32.4177,123.971,0.939141,22.5673,96.6485
146.54,13.3796,2.41855,45.9222,32.4177,123.969,0.946487,22.5673,97.1796
146.56,13.3796,2.41808,45.9213,32.1392,120.879,0.946492,22.5673,99.8331
146.58,13.3681,2.36885,45.9213,32.139,120.877,1.06405,22.5673,103.55
146.6,13.3681,2.38087,45.0973,31.0724,120.877,1.06414,22.5673,108.855
146.62,13.3623,2.39732,45.096,31.0708,117.088,1.06414,22.5673,114.7
146.64,13.3623,2.41127,44.7753,31.0244,117.085,1.06414,22.5673,120.541
146.66,13.3586,2.30384,44.7751,31.0244,113.121,1.06414,22.5673,123.199
146.68,13.3586,2.30514,44.8209,31.1636,113.118,1.06414,22.5673,124.793
146.7,13.3545,2.2942,44.8209,31.1637,107.405,1.06414,22.5673,127.447
146.72,13.3545,2.33129,44.1337,31.9526,107.401,1.06414,22.5673,129.041
146.74,13.3512,2.32115,44.1332,31.9532,100.178,1.06414,22.5673,135.935
146.76,13.3512,2.29981,43.8583,31.9532,100.167,1.06414,22.5673,142.313
146.78,13.3475,2.29309,43.8581,31.3035,100.167,1.06414,23.5755,141.788
146.8,13.3475,2.30613,43.8581,31.303,94.3374,1.0258,23.5763,143.379
146.82,13.3467,2.30277,43.3542,32.7881,94.3329,1.02577,23.5763,144.972
146.84,13.3467,2.30595,43.3538,32.7892,92.176,1.01487,23.5763,149.218
146.86,13.3426,2.43393,42.6666,33.2069,92.1744,1.01486,23.5763,149.752
146.88,13.3426,2.45157,42.6661,33.2072,92.5239,1.01486,23.5763,148.162
146.9,13.3393,2.35789,40.2838,31.9542,92.5244,1.01486,23.5763,144.445
146.92,13.3393,2.35782,40.282,31.9532,92.5827,1.01486,23.5763,144.973
146.94,13.3348,2.46424,37.6706,32.5101,92.5828,1.01486,23.5763,149.749
146.96,13.3348,2.42882,37.6686,32.5106,91.7667,1.01486,23.5763,152.937
146.98,13.3282,2.40374,37.6686,32.5106,91.766,1.01486,23.5763,154
147,13.3282,2.42861,35.0115,32.8354,91.766,1.01486,23.5763,155.062
147.02,13.3249,2.5243,35.0095,32.8357,91.2414,1.01486,23.5763,150.818
147.04,13.3249,2.48768,32.673,32.7893,91.241,1.01486,23.9672,146.57
147.06,13.3221,2.34774,32.6712,32.7892,91.0661,1.0007,23.9675,144.444
147.08,13.3221,2.3701,32.1215,32.7892,91.066,1.00069,23.9675,145.504
147.1,13.3188,2.34014,32.1211,32.7892,91.1242,1.00069,23.9675,144.444
147.12,13.3188,2.34287,31.5255,32.882,91.1243,0.976775,23.9675,142.32
147.14,13.3151,2.37288,31.525,32.8821,90.5414,0.976756,23.9675,144.441
147.16,13.3151,2.36125,31.525,32.8821,90.5409,0.976756,23.9675,141.259
147.18,13.3097,2.23625,31.1585,34.3208,90.5409,0.976756,23.9675,139.664
147.2,13.3097,2.25461,31.1582,34.3219,89.1419,0.976756,23.9675,144.969
147.22,13.3044,2.40353,30.7917,33.4401,89.1408,0.976756,23.9675,150.28
147.24,13.3044,2.3861,30.7915,33.4394,87.6846,0.976756,23.9675,151.874
147.26,13.3036,2.33738,31.158,35.4814,87.6824,0.976756,23.9675,150.816
147.28,13.3036,2.34981,31.1582,35.483,86.2833,0.976756,23.9675,153.999
147.3,13.2982,2.33108,31.7538,35.5294,86.2822,0.976756,21.9512,159.307
147.32,13.2982,2.32509,31.7543,35.5294,84.9998,0.976756,21.9496,159.842
147.34,13.2941,2.26444,32.5331,35.4366,84.9988,0.976756,21.9496,156.128
147.36,13.2941,2.26617,32.5337,35.4365,84.9988,0.976756,21.9496,154.003
147.38,13.2896,2.36796,32.5337,35.4365,84.1251,0.954761,21.9496,153.471
147.4,13.2896,2.40478,32.7169,35.4365,84.1237,0.954727,21.9496,155.062
147.42,13.2867,2.47729,32.7171,35.4365,84.0071,0.954727,21.9496,156.655
147.44,13.2867,2.42687,33.3126,36.2255,84.007,0.954727,21.9496,161.963
147.46,13.2847,2.36355,33.3131,36.2261,84.3568,0.954727,21.9496,165.15
147.48,13.2847,2.36814,33.1757,35.9476,84.3571,0.954727,21.9496,166.214
147.5,13.2822,2.33076,33.1756,35.9474,84.9983,0.954727,21.9496,166.746
147.52,13.2822,2.33302,32.6258,34.4623,84.9988,0.954727,21.9496,169.399
147.54,13.2806,2.27798,32.6254,34.4612,86.0481,0.954727,21.9496,172.054
147.56,13.2805,2.2969,32.4879,34.4612,86.0489,0.954727,21.9496,170.464
147.58,13.2781,2.25357,32.4878,35.1109,86.0489,0.954727,20.3653,167.81
147.6,13.2781,2.26664,32.4878,35.1114,87.1556,0.95665,20.3641,163.566
147.62,13.276,2.34095,32.3046,35.297,87.1573,0.956653,20.3641,159.315
147.64,13.276,2.34603,32.3044,35.2972,89.081,0.952998,20.3641,158.781
147.66,13.2732,2.47855,32.0296,34.3226,89.0825,0.952995,20.3641,161.964
147.68,13.2732,2.46556,32.0294,34.3219,91.8223,0.952995,20.3641,158.783
147.7,13.2748,2.38177,32.0294,34.6467,91.8244,0.952995,20.3641,151.352
147.72,13.2748,2.39615,32.0294,34.647,93.2234,0.952995,20.3641,147.101
147.74,13.269,2.40378,32.1209,34.8788,93.2245,0.952995,20.3641,147.628
147.76,13.269,2.37419,32.1211,34.8792,93.924,0.952995,20.3641,147.098
147.78,13.2674,2.42871,32.1211,34.8792,93.9245,0.952995,20.3641,144.975
147.8,13.2674,2.41101,32.7624,34.6007,93.9245,0.952995,20.3641,144.973
147.82,13.2658,2.4655,32.7629,34.6005,94.216,0.952995,20.3641,142.851
147.84,13.2658,2.46506,32.9004,34.1365,94.2162,0.952995,20.1378,140.727
147.86,13.2633,2.56745,32.9005,34.1361,94.0414,0.95562,20.1376,137.541
147.88,13.2633,2.54988,33.9991,33.3014,94.0412,0.955622,20.1376,136.478
147.9,13.2625,2.50258,34.0008,33.3001,92.9919,0.955622,20.1376,133.824
147.92,13.2625,2.46721,34.2299,33.1609,92.9911,0.979349,20.1376,131.699
147.94,13.2616,2.45344,34.2301,33.1608,91.8253,0.979367,20.1376,131.167
147.96,13.2616,2.47402,34.4591,33.1608,91.8244,0.979367,20.1376,130.636
147.98,13.2616,2.72628,34.4593,34.1818,91.8244,0.979367,20.1376,129.574
148,13.2616,2.73597,34.4593,34.1825,91.0666,0.979367,20.1376,129.573
148.02,13.2588,2.53867,34.8258,33.7185,91.066,0.979367,20.1376,129.573
148.04,13.2588,2.53186,34.8261,33.7181,90.9494,0.979367,20.1376,129.043
148.06,13.2579,2.48068,35.101,34.3678,90.9493,0.979367,20.1376,124.797
148.08,13.2579,2.43861,35.1012,34.3683,91.882,0.979367,20.1376,121.61
148.1,13.2584,2.70054,35.2385,33.0699,91.8827,0.979367,19.3975,124.789
148.12,13.2584,2.69061,35.2387,33.0679,92.8154,0.979367,19.3964,124.794
148.14,13.2571,2.46132,35.0096,33.0679,92.8161,0.971245,19.3964,121.61
148.16,13.2571,2.49529,35.0095,32.7894,93.6322,0.971239,19.3964,122.669
148.18,13.2563,2.55488,35.0095,32.7892,93.6329,0.930781,19.3964,124.792
148.2,13.2563,2.53608,35.376,32.2787,93.6329,0.93075,19.3964,125.855
148.22,13.2555,2.50035,35.3763,32.2784,92.7001,0.93075,19.3964,124.795
148.24,13.2555,2.48175,35.6051,31.6291,92.6994,0.93075,19.3964,123.733
148.26,13.2526,2.47221,35.6055,31.6281,91.7667,0.93075,19.3964,121.079
148.28,13.2526,2.48515,35.6055,31.953,91.766,0.93075,19.3964,119.485
148.3,13.2522,2.45776,35.6055,31.9532,91.4746,0.93075,19.3964,114.708
148.32,13.2522,2.43334,36.0636,34.4129,91.4743,0.93075,19.3964,111.52
148.34,13.2526,2.46493,36.064,34.4148,92.407,0.93075,19.3964,111.518
148.36,13.2526,2.52568,36.5221,34.4148,92.4078,0.93075,19.3964,109.926
148.38,13.2518,2.45173,36.5224,32.3744,92.4078,0.93075,19.6842,108.864
148.4,13.2518,2.40987,36.5224,32.3712,94.3314,0.934585,19.6846,108.332
148.42,13.251,2.61471,36.6599,32.6033,94.3329,0.934588,19.6846,107.801
148.44,13.251,2.64322,36.66,32.6035,96.6647,0.976724,19.6846,105.148
148.46,13.2505,2.5,36.4767,32.0001,96.6664,0.976756,19.6846,103.023
148.48,13.2505,2.49222,36.4766,31.9997,98.4735,0.976756,19.6846,103.021
148.5,13.2505,2.42366,35.6062,32.5102,98.4749,0.976756,19.6846,101.96
148.52,13.2505,2.43302,35.6055,32.5106,99.6408,0.976756,19.6846,100.898
148.54,13.2514,2.43303,34.9641,33.9492,99.6417,0.976756,19.6846,103.02
148.56,13.2514,2.43804,34.9636,33.9503,100.866,0.976756,19.6846,103.552
148.58,13.2493,2.51171,34.9636,33.9503,100.867,0.976756,19.6846,99.838
148.6,13.2493,2.49888,35.1925,33.162,100.867,0.976756,19.6846,99.8352
148.62,13.2501,2.48046,35.1929,33.1608,101.916,0.976756,19.6846,100.896
148.64,13.2501,2.45403,35.3761,32.7431,101.917,0.976756,19.4377,101.959
148.66,13.251,2.46763,35.3763,32.7428,103.433,0.95764,19.4376,99.3061
148.68,13.251,2.52142,35.9718,32.3251,103.434,0.957625,19.4376,98.2428
148.7,13.2526,2.51681,35.9723,32.3248,103.317,0.957625,19.4376,98.242
148.72,13.2526,2.49427,36.0639,33.3458,103.317,0.957625,19.4376,101.426
148.74,13.251,2.55931,36.064,33.3466,99.7055,0.957625,19.4376,102.489
148.76,13.251,2.55678,36.064,33.3466,99.7,0.957625,19.4376,100.368
148.78,13.2497,2.55162,36.6137,34.3675,99.7,0.957625,19.4376,101.427
148.8,13.2497,2.58948,36.6141,34.3683,97.0768,0.957625,19.4376,101.959
148.82,13.2497,2.57904,36.9348,33.3009,97.0748,0.957625,19.4376,102.49
148.84,13.2497,2.54135,36.9351,33.3001,96.8999,0.957625,19.4376,101.96
148.86,13.2505,2.45045,37.3932,34.5531,96.8998,0.957625,19.4376,103.551
148.88,13.2505,2.46096,37.3936,34.5541,96.7833,0.957625,19.4376,102.492
148.9,13.2505,2.50247,38.2182,33.7651,96.7831,0.957625,19.7668,99.3066
148.92,13.2505,2.4325,38.2188,33.7645,96.5499,0.957625,19.767,99.8348
148.94,13.2501,2.50066,39.1351,33.4397,96.5498,0.956138,19.767,100.366
148.96,13.2501,2.52865,39.1358,33.4394,96.5498,0.956137,19.767,98.7743
148.98,13.2493,2.50839,39.1358,33.4394,96.3166,1.0163,19.767,98.7731
149,13.2493,2.50943,38.2653,33.4394,96.3164,1.01634,19.767,97.1812
149.02,13.2534,2.70397,38.2647,33.4394,95.9667,1.01634,19.767,91.8736
149.04,13.2534,2.72196,37.8065,33.3002,95.9664,1.01634,19.767,86.5633
149.06,13.2567,2.55664,37.8062,33.3001,94.9171,1.01634,19.767,81.7835
149.08,13.2567,2.54581,37.0732,33.8106,94.9163,1.01634,19.767,80.7186
149.1,13.2575,2.52036,37.0726,33.811,93.4601,1.01634,19.767,83.3689
149.12,13.2575,2.53245,36.7977,33.7646,93.4578,1.01634,19.767,84.9649
149.14,13.2596,2.61324,36.7975,33.7645,92.7583,1.01634,19.767,83.9048
149.16,13.2596,2.58711,36.7059,33.7645,92.7578,1.01634,19.767,84.9653
149.18,13.2625,2.52751,36.7058,32.9292,92.7578,1.01634,18.5119,88.1499
149.2,13.2625,2.5238,36.7058,32.9286,91.8251,1.00103,18.511,88.1523
149.22,13.2621,2.65391,36.2019,31.6755,91.8244,1.00102,18.511,83.3766
149.24,13.2621,2.66629,36.2015,31.6746,91.0671,0.962827,18.511,78.6009
149.26,13.2621,2.4899,35.7434,32.7884,91.066,0.962769,18.511,74.8792
149.28,13.2621,2.54368,35.743,32.7892,90.2499,0.962769,18.511,73.8151
149.3,13.2633,2.54373,35.4223,32.6036,90.2492,0.962769,18.511,75.4062
149.32,13.2633,2.4645,35.4221,32.6035,89.3748,0.962769,18.511,79.6525
149.34,13.2641,2.44959,35.5595,32.9747,89.3742,0.962769,18.511,80.1863
149.36,13.2641,2.46142,35.5596,32.975,88.7329,0.962769,18.511,81.248
149.38,13.2637,2.50649,35.5596,32.975,88.7324,0.962769,18.511,84.4302
149.4,13.2637,2.51961,35.7429,32.9286,88.7324,0.962769,18.511,86.5576
149.42,13.2662,2.4792,35.743,32.9286,87.858,0.962769,18.511,90.2736
149.44,13.2662,2.53897,35.6056,32.975,87.8574,0.962769,19.0254,93.9909
149.46,13.2703,2.45499,35.6055,32.975,86.5749,0.95337,19.0257,97.1775
149.48,13.2703,2.45838,36.1094,32.8822,86.5739,0.953363,19.0257,99.8331
149.5,13.2731,2.51877,36.1098,32.8821,86.0493,0.953363,19.0257,100.896
149.52,13.2732,2.50055,36.2473,33.0213,86.0489,0.943719,19.0257,98.2441
149.54,13.2789,2.49131,36.2474,33.0215,86.6318,0.943712,19.0257,98.242
149.56,13.2789,2.48769,36.2932,33.0215,86.6323,0.943712,19.0257,100.895
149.58,13.2838,2.49232,36.2932,33.5319,86.6323,0.943712,19.0257,99.836
149.6,13.2838,2.48925,36.2932,33.5323,87.04,0.943712,19.0257,96.6538
149.62,13.2847,2.49386,36.4306,33.5323,87.0406,0.943712,19.0257,93.4651
149.64,13.2847,2.53582,36.4308,33.5323,87.507,0.943712,19.0257,98.7691
149.66,13.2896,2.62296,36.3391,33.5323,87.5073,0.943712,19.0257,104.079
149.68,13.2896,2.5735,36.3391,33.5323,88.3234,0.943712,19.0257,110.451
149.7,13.2974,2.53229,36.2932,34.182,88.3241,0.943712,21.3919,114.17
149.72,13.2974,2.52966,36.2932,34.1825,90.4226,0.943712,21.3937,113.643
149.74,13.304,2.52456,35.927,34.739,90.4242,0.941559,21.3937,110.461
149.76,13.304,2.52403,35.9264,34.7399,93.4555,0.941556,21.3937,107.803
149.78,13.3056,2.54969,35.9264,34.7399,93.4578,0.910634,21.3937,104.617
149.8,13.3056,2.50467,35.4683,33.5797,93.4578,0.91061,21.3937,101.431
149.82,13.3105,2.30704,35.4679,33.5788,97.072,0.91061,21.3937,99.3057
149.84,13.3106,2.34395,34.7808,32.8362,97.0748,0.91061,21.3937,97.1816
149.86,13.3114,2.43541,34.7802,32.8357,99.8729,0.91061,21.3937,96.1187
149.88,13.3114,2.46344,34.826,32.2792,99.875,0.91061,21.3937,95.5877
149.9,13.3151,2.48197,34.8261,32.2784,101.449,0.91061,21.3937,95.0562
149.92,13.3151,2.48497,34.6428,32.8817,101.45,0.91061,21.3937,96.1171
149.94,13.3179,2.40664,34.6427,32.8821,102.208,0.91061,21.3937,93.9954
149.96,13.318,2.39988,35.055,32.8821,102.209,0.91061,21.3937,89.218
149.98,13.3221,2.37115,35.0553,33.2998,102.209,0.91061,22.8133,83.9081
150,13.3221,2.3839,35.0553,33.3001,102.5,0.917843,22.8144,82.3121
150.02,13.3266,2.38393,35.5131,33.4392,102.5,0.917848,22.8144,80.7202
150.04,13.3266,2.37727,35.5138,33.4394,102.325,0.889099,22.8144,84.4322
150.06,13.3327,2.47058,36.1552,30.8406,102.325,0.889077,22.8144,84.4351
150.08,13.3327,2.47263,36.1557,30.8386,101.101,0.889077,22.8144,86.027
150.1,13.3377,2.35231,36.8881,30.2358,101.1,0.889077,22.8144,86.5584
150.12,13.3377,2.3625,36.8892,30.2348,99.4679,0.889077,22.8144,86.5592
150.14,13.343,2.28607,37.3932,32.0912,99.4667,0.889077,22.8144,90.8043
150.16,13.343,2.29151,37.3936,32.0926,98.3008,0.889077,22.8144,95.0526
150.18,13.3488,2.34213,37.3936,32.0926,98.2999,0.889077,22.8144,98.7702
150.2,13.3488,2.36875,37.8975,29.7722,98.2999,0.889077,22.8144,98.7731
150.22,13.3574,2.35376,37.8979,29.7704,97.4255,0.889077,22.8144,98.7731
150.24,13.3574,2.36314,38.3557,30.837,97.4248,0.889077,20.923,98.7731
150.26,13.3636,2.44105,38.3564,30.8386,96.4338,0.930151,20.9201,98.7731
150.28,13.3636,2.38947,38.6312,30.1425,96.4331,0.930182,20.9201,97.7118
150.3,13.3706,2.34302,38.6315,30.1419,95.9084,0.930182,20.9201,98.2416
150.32,13.3706,2.3944,38.8147,30.5596,95.908,0.871809,20.9201,98.7727
150.34,13.3767,2.37552,38.8148,30.5599,95.6749,0.871764,20.9201,101.426
150.36,13.3767,2.38853,38.9981,30.0959,95.6747,0.871764,20.9201,107.265
150.38,13.3821,2.38095,38.9982,30.0955,95.6747,0.871764,20.9201,109.391
150.4,13.3821,2.38653,38.9982,30.0955,95.4998,0.871764,20.9201,112.047
150.42,13.3878,2.39037,38.4943,29.7706,95.4997,0.871764,20.9201,115.763
150.44,13.3878,2.3507,38.4939,29.7704,95.2082,0.871764,20.9201,119.481
150.46,13.3936,2.31388,38.0358,30.1881,95.208,0.871764,20.9201,117.892
150.48,13.3936,2.32757,38.0354,30.1884,95.0914,0.871764,20.9201,119.482
150.5,13.3973,2.35338,37.165,30.2812,95.0913,0.871764,20.8378,119.484
150.52,13.3973,2.37753,37.1643,30.2813,95.0331,0.871764,20.8377,116.832
150.54,13.4067,2.4196,36.5229,30.9774,95.033,0.973536,20.8377,114.706
150.56,13.4067,2.40927,36.5224,30.9779,95.6159,0.973614,20.8377,110.99
150.58,13.417,2.42457,36.5224,30.9779,95.6163,0.865977,20.8377,107.273
150.6,13.417,2.449,35.5611,30.2823,95.6163,0.865895,20.8377,104.619
150.62,13.4232,2.37601,35.5596,30.2813,96.7239,0.865895,20.8377,105.676
150.64,13.4232,2.34035,34.3685,29.2603,96.7248,0.865895,20.8377,106.738
150.66,13.4306,2.38177,34.3676,29.2595,97.7158,0.865895,20.8377,106.739
150.68,13.4306,2.39037,32.4893,29.8628,97.7165,0.865895,20.8377,106.739
150.7,13.4359,2.2451,32.4878,29.8633,97.5416,0.865895,20.8377,109.922
150.72,13.4359,2.21787,31.2967,30.513,97.5415,0.865895,20.8377,111.517
150.74,13.4404,2.24601,31.2958,30.5135,95.6775,0.865895,20.8377,112.048
150.76,13.4404,2.26281,31.3416,30.5135,95.6747,0.865895,21.9899,110.457
150.78,13.4474,2.34505,31.3416,31.3024,95.6747,0.865895,21.9908,110.456
150.8,13.4474,2.34511,31.3416,31.303,92.0022,0.958956,21.9908,114.17
150.82,13.4544,2.4298,30.6544,32.2776,91.9994,0.959027,21.9908,117.888
150.84,13.4544,2.39814,30.6539,32.2784,87.161,0.81595,21.9908,120.544
150.86,13.4602,2.38571,31.1579,31.9999,87.1573,0.815841,21.9908,123.199
150.88,13.4602,2.41769,31.1582,31.9997,82.6139,0.815841,21.9908,126.382
150.9,13.4696,2.31053,31.2041,32.2317,82.6069,0.815841,21.9908,126.387
150.92,13.4696,2.30407,31.2041,32.2319,80.1003,0.815841,21.9908,126.387
150.94,13.4758,2.44037,31.7997,32.2319,80.0984,0.815841,21.9908,129.04
150.96,13.4758,2.41385,31.8001,30.8861,79.1074,0.815841,21.9908,133.287
150.98,13.4819,2.27599,32.1208,30.885,79.1066,0.815841,21.9908,139.128
151,13.4819,2.27907,32.1211,30.0033,79.1066,0.815841,21.9908,142.316
151.02,13.4897,2.35415,32.1211,30.0026,78.7571,0.815841,21.9908,144.439
151.04,13.4897,2.35237,32.6708,29.3993,78.7566,0.815841,19.995,146.565
151.06,13.4914,2.50264,32.6712,29.3988,78.8732,0.888892,19.9935,146.567
151.08,13.4914,2.51793,33.221,29.2132,78.8733,0.888947,19.9935,147.628
151.1,13.4967,2.47631,33.2214,29.2131,79.2228,0.888947,19.9935,147.629
151.12,13.4967,2.48909,33.6795,28.4241,79.2233,0.827821,19.9935,144.445
151.14,13.5025,2.45099,33.6799,28.4235,80.0394,0.827775,19.9935,144.442
151.16,13.5025,2.43065,33.9548,28.4235,80.04,0.827775,19.9935,145.504
151.18,13.5058,2.55228,33.955,29.1661,80.3315,0.827775,19.9935,144.443
151.2,13.5058,2.55237,33.955,29.1666,80.3317,0.827775,19.9935,141.789
151.22,13.514,2.53825,33.8175,28.8418,80.3317,0.827775,19.9935,139.134
151.24,13.514,2.53046,33.8174,28.8415,81.9627,0.827775,19.9935,141.783
151.26,13.5181,2.52577,33.5425,28.9343,81.9652,0.827775,19.9935,144.44
151.28,13.5181,2.54213,33.5423,28.9344,84.4718,0.827775,19.9935,142.32
151.3,13.5214,2.70343,33.6798,29.3521,84.4737,0.827775,21.1046,139.665
151.32,13.5214,2.63338,33.6799,29.3524,85.9894,0.827775,21.1054,134.887
151.34,13.5308,2.53049,33.8173,27.4961,85.9905,0.843762,21.1054,130.108
151.36,13.5308,2.5498,33.8174,27.4947,86.9232,0.843774,21.1054,127.451
151.38,13.5362,2.33578,33.8174,27.4947,86.924,0.890158,21.1054,123.207
151.4,13.5362,2.31287,34.0923,28.5156,86.924,0.890229,21.1054,120.017
151.42,13.544,2.4621,34.0925,28.5164,87.9732,0.890229,21.1054,119.484
151.44,13.544,2.43985,34.5506,29.3054,87.974,0.890229,21.1054,118.953
151.46,13.5514,2.43083,34.551,29.306,89.0816,0.890229,21.1054,114.707
151.48,13.5514,2.48889,34.7342,29.1203,89.0825,0.890229,21.1054,112.582
151.5,13.5555,2.35383,34.7344,29.1202,89.9569,0.890229,21.1054,112.58
151.52,13.5555,2.35326,34.7344,29.9549,89.9575,0.890229,21.1054,113.641
151.54,13.5621,2.38482,34.7344,29.9562,90.3073,0.890229,21.1054,116.826
151.56,13.5621,2.41947,34.7344,29.6313,90.3076,0.890229,21.1054,116.828
151.58,13.5682,2.32381,34.093,29.6311,90.3076,0.890229,23.2658,115.236
151.6,13.5683,2.3389,34.0925,29.6311,90.3658,0.726323,23.2674,115.765
151.62,13.5761,2.49902,33.4053,27.3571,90.3659,0.726072,23.2674,116.297
151.64,13.5761,2.50773,33.4048,27.3553,92.5228,0.885712,23.2674,117.359
151.66,13.5871,2.41905,32.5802,29.1188,92.5244,0.885834,23.2674,113.114
151.68,13.5872,2.4261,32.5795,29.1202,96.3718,0.885834,23.2674,107.274
151.7,13.604,2.35391,32.0298,25.5003,96.3747,0.885834,23.2674,106.208
151.72,13.604,2.34465,32.0294,25.4976,98.8231,0.885834,23.2674,106.738
151.74,13.611,2.41272,31.3427,29.0219,98.825,0.885834,23.2674,109.39
151.76,13.611,2.44727,31.3416,29.0273,98.825,0.885834,23.2674,111.516
151.78,13.62,2.38955,31.3416,29.0273,98.6501,0.885834,23.2674,111.518
151.8,13.62,2.35932,31.0209,30.2803,98.6499,0.885834,23.2674,114.702
151.82,13.6291,2.41624,31.0207,30.2813,97.1926,0.885834,23.2674,116.827
151.84,13.6291,2.36761,30.7,30.8382,97.1915,0.885834,22.5267,118.951
151.86,13.6357,2.31572,30.6998,30.8386,94.51,0.885834,22.5262,120.014
151.88,13.6357,2.38479,31.1118,30.7922,94.5079,0.709554,22.5262,124.787
151.9,13.6472,2.40789,31.1124,30.7922,90.4857,0.709285,22.5262,130.1
151.92,13.6472,2.35631,31.2498,29.2607,90.4826,0.834798,22.5262,133.288
151.94,13.657,2.32277,31.2499,29.2595,86.0523,0.834894,22.5262,135.413
151.96,13.657,2.32638,30.9751,29.2595,86.0489,0.834894,22.5262,135.415
151.98,13.6661,2.41835,30.9749,29.6308,86.0489,0.834894,22.5262,135.945
152,13.6661,2.42272,30.9749,29.6311,81.91,0.834894,22.5262,138.068
152.02,13.6735,2.43532,31.0206,28.8891,81.9069,0.834894,22.5262,140.191
152.04,13.6735,2.39808,31.0207,28.888,79.3419,0.834894,22.5262,144.97
152.06,13.6821,2.42704,30.9749,28.1454,79.34,0.834894,22.5262,149.218
152.08,13.6821,2.4462,30.9749,28.1449,78.349,0.834894,22.5262,153.467
152.1,13.6911,2.47642,30.3797,30.8809,78.3482,0.834894,21.9505,159.303
152.12,13.6911,2.4795,30.3788,30.885,78.0568,0.834894,21.9496,159.842
152.14,13.7002,2.40753,30.104,30.6994,78.0565,0.800769,21.9496,158.781
152.16,13.7002,2.39583,30.1037,30.6993,77.9983,0.800743,21.9496,159.311
152.18,13.71,2.35299,29.554,30.6993,77.9982,0.843398,21.9496,160.373
152.2,13.71,2.35958,29.5536,30.8385,77.9982,0.843431,21.9496,160.904
152.22,13.7174,2.36334,29.5536,30.8386,77.9399,0.843431,21.9496,158.251
152.24,13.7174,2.36191,28.2718,29.6793,77.9399,0.843431,21.9496,155.598
152.26,13.7265,2.35822,28.2698,29.6775,77.8233,0.843431,21.9496,153.472
152.28,13.7265,2.38085,28.3156,29.0742,77.8232,0.843431,21.9496,152.409
152.3,13.7355,2.46647,28.3157,29.0737,77.7066,0.843431,21.9496,154.53
152.32,13.7355,2.44443,26.9871,30.8372,77.7065,0.843431,21.9496,156.124
152.34,13.7388,2.39447,26.9861,30.8386,77.7648,0.843431,21.9496,161.432
152.36,13.7388,2.40792,27.9482,30.8386,77.7649,0.843431,21.9496,167.803
152.38,13.7442,2.48855,27.9489,30.4676,77.7066,0.843431,21.2506,168.869
152.4,13.7442,2.45724,27.9489,30.467,77.7065,0.882309,21.2495,169.401
152.42,13.7503,2.41902,28.1321,30.467,77.7065,0.882339,21.2495,169.932
152.44,13.7503,2.4346,28.1323,30.467,77.998,0.815897,21.2495,170.993
152.46,13.7565,2.38479,28.2239,30.8383,77.9982,0.815846,21.2495,169.402
152.48,13.7565,2.37094,28.224,30.8386,78.2897,0.815846,21.2495,166.217
152.5,13.7663,2.37918,28.2698,31.4419,78.2899,0.815846,21.2495,163.031
152.52,13.7664,2.37682,28.2698,31.4424,78.6394,0.815846,21.2495,166.21
152.54,13.7742,2.2873,27.6743,31.2103,78.6399,0.815846,21.2495,174.705
152.56,13.7742,2.32339,27.6738,31.2101,79.3395,0.815846,21.2495,175.773
152.58,13.7795,2.48204,27.6738,31.2101,79.34,0.815846,21.2495,175.243
152.6,13.7795,2.4047,27.7196,30.8855,79.34,0.815846,21.2495,175.243
152.62,13.7865,2.45397,27.7197,30.885,79.8646,0.815846,21.2495,175.773
152.64,13.7865,2.49237,27.2157,30.885,79.865,0.815846,22.2371,176.304
152.66,13.7943,2.46006,27.2153,30.885,80.448,0.887639,22.2379,176.835
152.68,13.7943,2.46447,26.8488,30.421,80.4484,0.887694,22.2379,176.836
152.7,13.7996,2.44655,26.8485,30.4206,80.6816,0.887694,22.2379,177.366
152.72,13.7996,2.47484,27.4899,30.7455,80.6818,0.832562,22.2379,174.714
152.74,13.8046,2.4203,27.4904,30.7457,81.0313,0.83252,22.2379,175.242
152.76,13.8046,2.41642,27.3988,30.7457,81.0318,0.83252,22.2379,172.059
152.78,13.8124,2.41227,27.3987,30.6065,81.0318,0.83252,22.2379,164.627
152.8,13.8124,2.39093,27.3987,30.6064,81.673,0.83252,22.2379,162.499
152.82,13.8194,2.34077,27.4903,30.6064,81.6735,0.83252,22.2379,160.375
152.84,13.8276,2.34967,27.4904,30.6064,82.3148,0.83252,22.2379,163.557
152.86,13.8276,2.48111,27.3988,30.2815,82.3152,0.83252,22.2379,166.213
152.88,13.8358,2.47473,27.3987,30.2813,82.6065,0.83252,22.2379,167.806
152.9,13.8358,2.43958,27.3987,30.0028,82.6069,0.83252,23.2255,170.992
152.92,13.8436,2.43177,27.3987,30.0026,83.3064,0.83252,23.2262,171.525
152.94,13.8436,2.46215,28.2692,30.049,83.307,0.877764,23.2262,165.688
152.96,13.8494,2.47814,28.2698,30.0491,83.9482,0.877799,23.2262,163.031
152.98,13.8494,2.41832,28.2698,30.0491,83.9487,0.834563,23.2262,167.804
153,13.8564,2.41051,28.4531,29.9562,83.9487,0.83453,23.2262,172.584
153.02,13.8564,2.31054,28.4532,29.9562,84.4729,0.83453,23.2262,174.178
153.04,13.8564,2.41944,29.0946,29.7241,84.4737,0.83453,23.2262,175.772
153.06,13.8621,2.41955,29.0951,29.7239,84.7652,0.83453,23.2262,176.304
153.08,13.8621,2.47865,29.6448,30.3273,84.7654,0.83453,23.2262,176.835
153.1,13.8687,2.47872,29.6453,30.3277,84.8237,0.83453,23.2262,177.366
153.12,13.874,2.51462,30.6073,28.8427,84.8238,0.83453,23.2262,177.367
153.14,13.874,2.51465,30.6081,28.8415,85.4067,0.83453,23.2262,177.367
153.16,13.8794,2.38526,31.0662,28.8415,85.4072,0.83453,23.2262,174.183
153.18,13.8794,2.38516,31.0665,29.9553,85.4072,0.83453,23.288,170.466
153.2,13.8864,2.34117,31.0665,29.9562,86.3399,0.807727,23.288,170.994
153.22,13.8864,2.37158,31.5247,30.1882,86.3406,0.807706,23.288,171.525
153.24,13.8942,2.37163,31.525,30.1884,87.6803,0.842627,23.288,172.586
153.26,13.8942,2.44768,32.1206,30.2812,87.6824,0.84268,23.288,168.342
153.28,13.8999,2.44776,32.1211,30.2813,89.0231,0.84268,23.288,163.033
153.3,13.8999,2.39949,32.3959,29.1211,89.0241,0.84268,23.288,158.784
153.32,13.9044,2.40326,32.3961,29.1202,91.0644,0.84268,23.288,157.719
153.34,13.9045,2.41243,33.1291,29.1202,91.066,0.84268,23.288,159.31
153.36,13.9045,2.35933,33.1297,29.1202,93.2811,0.84268,23.288,158.25
153.38,13.9053,2.31848,33.1297,29.1202,93.2828,0.84268,23.288,154.008
153.4,13.9053,2.25027,33.6795,28.8881,93.2828,0.84268,23.288,149.756
153.42,13.9086,2.25023,33.6799,28.888,95.8477,0.84268,23.288,144.446
153.44,13.9086,2.3526,34.138,29.3056,95.8497,0.84268,24.1522,141.789
153.46,13.9106,2.35268,34.1384,29.306,97.1905,0.799032,24.1528,140.195
153.48,13.9106,2.2912,34.4132,29.8629,97.1915,0.798999,24.1528,139.663
153.5,13.9131,2.32274,34.4134,29.8633,96.9,0.798999,24.1528,140.724
153.52,13.9131,2.38668,34.6423,30.0951,96.8998,0.83304,24.1528,141.786
153.54,13.9164,2.37791,34.6427,30.0955,96.55,0.833092,24.1528,138.603
153.56,13.9164,2.3779,34.8259,30.0955,96.5498,0.833092,24.1528,135.417
153.58,13.9192,2.33766,34.8261,31.3949,96.5498,0.833092,24.1528,132.762
153.6,13.9192,2.33763,34.8261,31.3959,95.7343,0.833092,24.1528,130.639
153.62,13.9221,2.33809,35.1926,30.2357,95.733,0.833092,24.1528,128.513
153.64,13.9221,2.33809,35.1929,30.2348,94.8586,0.833092,24.1528,125.858
153.66,13.9238,2.34151,35.5136,29.5387,94.858,0.833092,24.1528,122.672
153.68,13.9238,2.34151,35.5138,29.5382,94.275,0.833092,24.1528,120.547
153.7,13.9242,2.43945,36.0177,30.884,94.2746,0.833092,25.1198,119.484
153.72,13.9242,2.43952,36.0181,30.885,93.1087,0.833092,25.1206,120.014
153.74,13.9307,2.42773,35.8808,30.3749,93.1078,0.794744,25.1206,117.363
153.76,13.9308,2.43631,35.8806,30.3742,91.2424,0.794685,25.1206,113.645
153.78,13.9328,2.40176,35.8806,30.3742,91.241,0.848868,25.1206,112.581
153.8,13.9328,2.38494,36.2013,32.3697,91.241,0.848909,25.1206,111.519
153.82,13.9369,2.29254,36.2015,32.3712,89.9585,0.848909,25.1206,110.457
153.84,13.9369,2.35703,36.1557,32.3248,89.9575,0.848909,25.1206,110.456
153.86,13.9382,2.52206,36.1557,32.3248,89.4912,0.848909,25.1206,110.987
153.88,13.9382,2.45711,35.9726,33.4841,89.4908,0.848909,25.1206,110.457
153.9,13.9418,2.31059,35.9723,33.4859,89.4908,0.848909,25.1206,110.987
153.92,13.9419,2.296,35.3767,34.5533,89.4908,0.848909,25.1206,109.926
153.94,13.9423,2.40475,35.3763,34.5541,89.8989,0.848909,25.1206,109.925
153.96,13.9423,2.40627,34.9639,34.5541,89.8992,0.848909,25.1206,114.17
153.98,13.9439,2.39489,34.9636,34.4613,89.8992,0.848909,25.9436,116.826
154,13.948,2.36421,34.9636,34.4612,90.9485,0.828118,25.9442,118.951
154.02,13.948,2.26165,34.5974,34.9249,90.9493,0.828102,25.9442,121.073
154.04,13.9476,2.28428,34.5968,34.9256,91.9986,0.833685,25.9442,125.322
154.06,13.9476,2.36927,34.2761,36.3179,91.9994,0.83369,25.9442,130.101
154.08,13.9484,2.38682,34.2759,36.319,92.3491,0.83369,25.9442,138.594
154.1,13.9484,2.41347,34.0928,35.2987,92.3494,0.83369,25.9442,146.024
154.12,13.9505,2.43298,34.0925,35.2972,91.7082,0.83369,25.9442,148.689
154.14,13.9505,2.35384,33.9551,35.2972,91.7077,0.83369,25.9442,149.752
154.16,13.9525,2.30488,33.955,34.5547,90.6584,0.83369,25.9442,151.345
154.18,13.9525,2.37829,33.955,34.5541,90.6576,0.83369,25.9442,153.999
154.2,13.9521,2.41158,34.2298,34.5077,90.6576,0.83369,25.9442,156.654
154.22,13.9521,2.4116,34.2301,34.5076,89.55,0.83369,25.9442,163.554
154.24,13.9538,2.31999,33.7723,35.8988,89.5492,0.83369,24.6901,170.453
154.26,13.9538,2.31985,33.7716,35.901,88.2084,0.808283,24.6882,175.239
154.28,13.955,2.32978,33.2218,35.6689,88.2074,0.808264,24.6882,179.488
154.3,13.955,2.32979,33.2214,35.6687,87.0998,0.808264,24.6882,189.042
154.32,13.9562,2.41435,32.8091,39.6134,87.099,0.831317,24.6882,197.54
154.34,13.9562,2.41442,32.8088,39.6165,86.2246,0.831334,24.6882,202.852
154.36,13.9575,2.3662,32.2132,39.6165,86.2239,0.831334,24.6882,207.102
154.38,13.9575,2.3657,32.2127,40.9613,86.2239,0.831334,24.6882,211.347
154.4,13.9575,2.45096,32.2127,40.9633,86.6902,0.831334,24.6882,217.721
154.42,13.9575,2.42256,32.4418,39.339,86.6906,0.831334,24.6882,224.093
154.44,13.9575,2.43094,32.442,39.3378,87.5067,0.831334,24.6882,229.404
154.46,13.9575,2.4528,32.2129,40.6836,87.5073,0.831334,24.6882,232.592
154.48,13.9587,2.40875,32.2127,40.6847,87.7988,0.831334,24.6882,235.778
154.5,13.9587,2.34584,32.7625,41.8449,87.799,0.831334,25.0791,235.25
154.52,13.9608,2.469,32.7629,41.8457,86.8088,0.831334,25.0794,236.841
154.54,13.9608,2.46375,33.4501,41.8457,86.8073,0.83419,25.0794,243.211
154.56,13.9591,2.4205,33.4506,40.964,85.5831,0.834192,25.0794,254.889
154.58,13.9591,2.47788,33.4506,40.9633,85.5822,0.841855,25.0794,266.042
154.6,13.9599,2.53183,33.9084,41.7517,85.5822,0.841861,25.0794,277.185
154.62,13.9599,2.50173,33.9091,41.7529,83.3087,0.841861,25.0794,284.1
154.64,13.9624,2.35648,34.8712,38.7363,83.307,0.841861,25.0794,286.759
154.66,13.9624,2.37315,34.8719,38.734,80.334,0.841861,25.0794,288.352
154.68,13.9616,2.47868,36.1089,35.3926,80.3317,0.841861,25.0794,292.068
154.7,13.9616,2.45859,36.1098,35.3901,78.0583,0.841861,25.0794,295.255
154.72,13.9624,2.53196,36.7054,31.1669,78.0565,0.841861,25.0794,293.135
154.74,13.9624,2.49785,36.7058,31.1637,78.0565,0.841861,25.0794,286.24
154.76,13.962,2.47931,36.7058,31.1637,78.0565,0.841861,25.0794,282.515
154.78,13.962,2.45553,36.8433,26.5693,78.0565,0.841861,26.9517,276.145
154.8,13.9616,2.36979,36.8434,26.5658,80.0968,0.916716,26.9531,269.772
154.82,13.9616,2.39692,37.0724,21.9714,80.0984,0.916773,26.9531,262.869
154.84,13.9628,2.33427,37.0726,21.9679,83.188,0.822904,26.9531,262.864
154.86,13.9628,2.35715,37.5766,18.9513,83.1903,0.822832,26.9531,263.925
154.88,13.9628,2.34972,37.577,18.949,87.0348,0.822832,26.9531,260.745
154.9,13.9628,2.34499,37.6228,17.2319,87.0406,0.822832,26.9531,257.556
154.92,13.9616,2.37476,37.6228,17.2306,90.6548,0.822832,26.9531,253.839
154.94,13.9616,2.44602,39.043,16.4881,90.6576,0.822832,26.9531,247.999
154.96,13.9628,2.44608,39.0441,16.4875,90.6576,0.822832,26.9531,243.219
154.98,13.9628,2.41061,39.0441,16.4875,93.2808,0.822832,26.9531,233.133
155,13.9636,2.51304,40.0978,17.23,93.2828,0.822832,26.9531,221.452
155.02,13.9636,2.51666,40.0986,17.2306,94.6808,0.822832,26.9531,209.778
155.04,13.9624,2.32464,40.74,16.3488,94.6829,0.822832,25.7392,202.331
155.06,13.9624,2.33145,40.7405,16.3482,96.1986,0.822832,25.7383,192.774
155.08,13.9632,2.40592,42.4355,16.7658,96.1997,0.929317,25.7383,184.277
155.1,13.9632,2.40787,42.4368,16.7662,97.7725,0.929398,25.7383,178.968
155.12,13.9628,2.46929,44.1777,17.091,97.7749,0.809626,25.7383,174.184
155.14,13.9628,2.43467,44.1791,17.0913,98.9407,0.809535,25.7383,173.119
155.16,13.9628,2.35926,44.1791,17.0913,98.9416,0.809535,25.7383,176.833
155.18,13.9628,2.35067,45.3244,16.488,98.9416,0.809535,25.7383,179.489
155.2,13.9628,2.32096,45.3253,16.4875,99.3497,0.809535,25.7383,184.797
155.22,13.9628,2.3571,46.4706,15.8378,99.35,0.809535,25.7383,190.108
155.24,13.964,2.32486,46.4714,15.8373,99.4082,0.809535,25.7383,194.353
155.26,13.964,2.34393,45.9217,16.2086,99.4083,0.809535,25.7383,191.707
155.28,13.9628,2.10301,45.9213,16.2088,99.35,0.809535,25.7383,189.582
155.3,13.9628,2.06675,43.7681,16.0232,99.35,0.809535,21.3764,191.703
155.32,13.9628,1.89581,43.7664,16.0231,99.8746,0.809535,21.3731,193.297
155.34,13.9628,1.89213,39.5058,16.0231,99.875,0.915861,21.3731,195.42
155.36,13.9636,1.74862,39.5026,16.4407,99.875,0.915942,21.3731,198.606
155.38,13.9636,1.76024,39.5026,16.4411,100.749,0.810512,21.3731,200.729
155.4,13.9645,1.59951,33.776,15.9306,100.75,0.810351,21.3731,202.855
155.42,13.9645,1.6394,33.7716,15.9302,103.373,0.810351,21.3731,199.142
155.44,13.9632,1.60769,27.3578,15.0484,103.375,0.810351,21.3731,195.425
155.46,13.9632,1.67524,27.3529,15.0477,108.855,0.810351,21.3731,199.667
155.48,13.964,1.611,21.3514,14.166,108.859,0.810351,21.3731,206.038
155.5,13.964,1.72694,21.3468,14.1653,116.729,0.810351,21.3731,219.839
155.52,13.9645,1.71527,17.0437,14.1653,116.735,0.810351,21.3731,230.454
155.54,13.9645,1.88023,17.0371,13.33,123.963,0.810351,21.3731,232.593
155.56,13.9665,1.96558,15.2962,13.3293,123.969,0.810351,21.3731,231.003
155.58,13.9665,2.11892,15.2949,13.4221,123.969,0.810351,20.9616,229.41
155.6,13.9653,2.46206,15.2949,13.4222,124.318,0.781298,20.9613,226.757
155.62,13.9653,2.27034,15.6156,12.8653,124.319,0.781254,20.9613,224.1
155.64,13.9657,2.37641,15.6158,12.8649,114.467,0.729605,20.9613,226.221
155.66,13.9657,2.23283,16.5321,12.1224,114.46,0.729565,20.9613,229.406
155.68,13.9653,2.38459,16.5328,12.1218,96.9715,0.729565,20.9613,228.347
155.7,13.9653,2.22616,18.915,11.9362,96.9581,0.729565,20.9613,226.755
155.72,13.9657,2.53795,18.9169,11.936,79.7032,0.729565,20.9613,226.223
155.74,13.9657,2.37349,21.572,11.936,79.69,0.729565,20.9613,226.222
155.76,13.9665,2.43855,21.576,12.5393,72.1701,0.729565,20.9613,224.1
155.78,13.9665,2.3497,21.576,12.5398,72.1644,0.729565,20.9613,220.914
155.8,13.9657,2.33099,24.5539,12.4934,72.1644,0.729565,20.9613,217.728
155.82,13.9657,2.33654,24.5561,12.4933,69.8909,0.729565,20.9613,217.726
155.84,13.9645,2.359,26.4803,11.7508,69.8892,0.729565,21.2287,225.154
155.86,13.9645,2.34271,26.4818,11.7502,68.7233,0.780782,21.2289,232.589
155.88,13.9653,2.29357,27.8551,11.8894,68.7224,0.780821,21.2289,232.064
155.9,13.9653,2.32433,27.8572,11.8896,67.5566,0.780821,21.2289,229.41
155.92,13.9649,2.43957,27.903,12.2144,67.5557,0.763973,21.2289,219.326
155.94,13.9649,2.42774,27.903,12.2147,67.2642,0.763961,21.2289,210.298
155.96,13.9645,2.31995,27.903,12.2147,67.264,0.763961,21.2289,209.76
155.98,13.9645,2.31479,26.8035,13.839,67.264,0.763961,21.2289,209.229
156,13.9661,2.18205,26.8027,13.8402,67.4972,0.763961,21.2289,210.29
156.02,13.9661,2.14429,24.7427,12.3563,67.4973,0.763961,21.2289,213.472
156.04,13.9653,2.24451,24.7395,12.354,67.9637,0.763961,21.2289,212.416
156.06,13.9653,2.27448,21.9449,13.5142,67.964,0.763961,21.2289,206.578
156.08,13.9649,2.14505,21.9428,13.5151,68.8967,0.763961,21.2289,203.39
156.1,13.9649,2.15629,19.3792,13.4687,68.8974,0.763961,19.1319,204.448
156.12,13.9657,2.22613,19.3753,13.4687,70.0633,0.763961,19.1287,206.042
156.14,13.9657,2.26063,19.3753,13.1902,70.0642,0.748957,19.1287,206.573
156.16,13.9673,2.20607,16.9931,13.19,70.0642,0.748945,19.1287,208.696
156.18,13.9673,2.18393,16.9912,13.19,71.3467,0.748945,19.1287,212.943
156.2,13.9669,2.14593,15.3878,12.7723,71.3476,0.748945,19.1287,217.191
156.22,13.9669,2.22189,15.3866,12.772,72.3386,0.748945,19.1287,219.317
156.24,13.9665,2.1373,14.2421,14.5342,72.3394,0.748945,19.1287,218.258
156.26,13.9665,2.13839,14.2404,14.5369,73.447,0.748945,19.1287,222.502
156.28,13.9661,2.17626,13.6448,15.6043,73.4478,0.748945,19.1287,226.75
156.3,13.9661,2.21155,13.6443,15.6051,73.7393,0.748945,19.1287,224.631
156.32,13.9657,2.35386,14.0108,16.4868,73.7395,0.748945,19.1287,224.629
156.34,13.9657,2.36755,14.0111,16.4875,73.7395,0.748945,19.1287,227.282
156.36,13.9653,2.29852,14.0111,16.4875,73.0983,0.748945,19.1287,228.876
156.38,13.9653,2.30754,14.7436,18.2033,73.0978,0.748945,18.6764,229.938
156.4,13.9632,2.39652,14.7447,18.2059,71.5239,0.722737,18.6757,231.001
156.42,13.9632,2.29234,15.9816,20.2015,71.5227,0.722717,18.6757,230.471
156.44,13.9591,2.49359,15.9826,20.203,69.0743,0.722717,18.6757,227.817
156.46,13.9591,2.48118,17.2195,20.5743,69.0725,0.726335,18.6757,229.407
156.48,13.9591,2.34108,17.2205,20.5745,67.9649,0.726338,18.6757,233.654
156.5,13.9591,2.28884,19.0072,22.9414,67.964,0.726338,18.6757,235.249
156.52,13.9575,2.45455,19.0085,22.9432,68.197,0.726338,18.6757,235.78
156.54,13.9575,2.42406,21.0701,22.9432,68.1974,0.726338,18.6757,235.781
156.56,13.9571,2.56635,21.0717,23.268,68.1974,0.726338,18.6757,236.311
156.58,13.9571,2.58175,21.0717,23.2683,69.3633,0.726338,18.6757,235.251
156.6,13.9562,2.39684,22.857,23.6856,69.3642,0.726338,18.6757,234.189
156.62,13.9562,2.41796,22.8598,23.6863,70.1803,0.726338,18.6757,229.943
156.64,13.9546,2.50307,23.3179,23.7327,70.1809,0.726338,20.3629,227.817
156.66,13.9546,2.46624,23.3183,23.7327,69.8894,0.726338,20.3641,224.632
156.68,13.9529,2.42405,23.5015,23.083,69.8892,0.756153,20.3641,216.139
156.7,13.9529,2.42696,23.5016,23.0825,69.9475,0.756176,20.3641,208.704
156.72,13.9517,2.41863,22.8603,23.0825,69.9475,0.752222,20.3641,207.637
156.74,13.9517,2.41084,22.8598,23.3144,70.4135,0.752219,20.3641,208.696
156.76,13.9497,2.46118,22.2184,23.3147,70.4142,0.752219,20.3641,207.106
156.78,13.9497,2.48225,22.2179,24.1501,70.4142,0.752219,20.3641,205.513
156.8,13.948,2.27175,22.2179,24.1507,71.2887,0.752219,20.3641,202.859
156.82,13.948,2.24246,21.8514,24.6148,71.2893,0.752219,20.3641,200.203
156.84,13.9447,2.41614,21.8511,24.6151,71.814,0.752219,20.3641,200.201
156.86,13.9447,2.43281,22.1718,24.4295,71.8144,0.752219,20.3641,202.324
156.88,13.9406,2.3344,22.1721,24.4294,71.1736,0.752219,20.3641,203.386
156.9,13.9406,2.35296,22.1262,24.1045,71.1726,0.752219,21.825,201.796
156.92,13.941,2.40629,22.1262,24.1043,69.3655,0.752219,21.8261,199.672
156.94,13.941,2.37001,21.9888,24.1043,69.3642,0.740968,21.8261,198.609
156.96,13.9406,2.27452,21.9887,23.6866,68.6646,0.74096,21.8261,202.323
156.98,13.9406,2.30454,21.9887,23.6863,68.6641,0.737251,21.8261,205.509
157,13.9377,2.40986,21.8054,24.2896,68.6641,0.737248,21.8261,208.696
157.02,13.9377,2.4252,21.8053,24.29,69.1883,0.737248,21.8261,209.758
157.04,13.9332,2.41262,21.8053,25.311,69.1891,0.737248,21.8261,214.005
157.06,13.9332,2.37628,21.8053,25.3118,70.7048,0.737248,21.8261,214.539
157.08,13.9279,2.57507,21.5762,26.3328,70.7059,0.737248,21.8261,216.131
157.1,13.9279,2.54589,21.576,26.3336,71.9874,0.737248,21.8261,223.556
157.12,13.9234,2.43189,21.7593,26.3336,71.9894,0.737248,21.8261,229.935
157.14,13.9234,2.4537,21.7594,26.6584,73.0387,0.737248,21.8261,233.654
157.16,13.9197,2.34435,21.7594,26.6587,73.0395,0.737248,21.8261,235.249
157.18,13.9197,2.33636,21.4845,26.3802,73.0395,0.737248,21.2911,236.842
157.2,13.9176,2.53409,21.4843,26.38,73.6224,0.75044,21.2907,237.904
157.22,13.9176,2.55377,21.4843,26.5192,73.6228,0.75045,21.2907,240.558
157.24,13.9147,2.38487,21.4843,26.5193,73.4481,0.75362,21.2907,244.272
157.26,13.9147,2.38413,21.576,24.8022,73.4478,0.753624,21.2907,245.339
157.28,13.9147,2.49138,21.576,24.8009,73.9725,0.753624,21.2907,243.748
157.3,13.9147,2.49247,21.6218,24.1976,73.9729,0.753624,21.2907,243.216
157.32,13.9094,2.40999,21.6219,24.1972,74.4392,0.753624,21.2907,243.215
157.34,13.9094,2.39504,21.6219,24.1972,74.4396,0.753624,21.2907,243.746
157.36,13.9069,2.48612,21.7593,22.48,74.4396,0.753624,21.2907,244.277
157.38,13.9069,2.53366,21.7594,22.4787,73.7988,0.753624,21.2907,241.626
157.4,13.904,2.39951,22.0343,22.5716,73.7979,0.753624,21.2907,238.969
157.42,13.904,2.38902,22.0345,22.5716,74.0893,0.753624,21.2907,235.253
157.44,13.9032,2.37022,22.2178,23.3142,74.0895,0.753624,22.3606,233.658
157.46,13.9032,2.37253,22.2179,23.3147,76.0715,0.753624,22.3614,233.657
157.48,13.8987,2.36877,22.0346,22.0153,76.073,0.75738,22.3614,237.371
157.5,13.8987,2.34194,22.0345,22.0143,77.5887,0.757383,22.3614,237.905
157.52,13.8938,2.31976,21.8514,22.7563,77.5898,0.764908,22.3614,232.603
157.54,13.8938,2.3165,21.8511,22.7574,77.5898,0.76492,22.3614,232.064
157.56,13.8872,2.4218,21.8511,22.7574,76.5988,0.76492,22.3614,234.186
157.58,13.8872,2.41609,21.6679,22.5254,76.5981,0.76492,22.3614,236.31
157.6,13.8823,2.39544,21.6677,22.5252,73.4526,0.76492,22.3614,237.372
157.62,13.8823,2.4536,21.1638,22.9893,73.4478,0.76492,22.3614,238.966
157.64,13.881,2.37817,21.1634,22.9896,70.6497,0.76492,22.3614,238.967
157.66,13.881,2.37148,20.6136,23.2217,70.6476,0.76492,22.3614,237.906
157.68,13.8794,2.27298,20.6132,23.2218,69.132,0.76492,22.3614,241.089
157.7,13.8794,2.22806,19.9718,23.2682,69.1308,0.76492,22.3614,246.928
157.72,13.8761,2.23129,19.9714,23.2683,68.8976,0.76492,24.3778,251.178
157.74,13.8761,2.22606,19.9714,23.2683,68.8974,0.753777,24.3793,254.893
157.76,13.8732,2.24895,18.7802,23.8716,68.8974,0.75376,24.3793,256.49
157.78,13.8732,2.29386,18.7793,23.872,69.8884,0.767476,24.3793,258.083
157.8,13.8666,2.15241,17.4049,23.6864,69.8892,0.767486,24.3793,258.085
157.82,13.8666,2.17335,17.4039,23.6863,70.647,0.767486,24.3793,261.268
157.84,13.8629,2.28597,16.1211,22.8045,70.6476,0.767486,24.3793,265.516
157.86,13.8629,2.27807,16.1201,22.8038,71.522,0.767486,24.3793,269.233
157.88,13.8609,2.1741,14.8841,22.4329,71.5227,0.767486,24.3793,271.357
157.9,13.8609,2.21201,14.8822,22.4323,72.6885,0.767486,24.3793,271.891
157.92,13.858,2.22995,14.6074,22.4323,72.6894,0.767486,24.3793,275.606
157.94,13.858,2.25496,14.6071,21.7826,72.6894,0.767486,24.3793,276.67
157.96,13.8514,2.25805,14.6071,21.7821,73.6221,0.767486,24.3793,272.956
157.98,13.8514,2.26242,14.1032,21.9213,73.6228,0.767486,23.4946,269.239
158,13.8366,2.27795,14.1028,21.9214,74.4973,0.787586,23.4939,264.991
158.02,13.8366,2.30998,14.4233,21.875,74.4979,0.787601,23.4939,261.807
158.04,13.8325,2.4035,14.4238,21.875,74.2647,0.787601,23.4939,259.149
158.06,13.8325,2.34796,15.0193,20.5291,74.2646,0.814563,23.4939,258.085
158.08,13.8313,2.38614,15.0198,20.5281,73.6233,0.814584,23.4939,257.023
158.1,13.8313,2.35615,15.4318,21.3164,73.6228,0.814584,23.4939,251.72
158.12,13.8317,2.43591,15.4324,21.3176,73.2731,0.814584,23.4939,250.12
158.14,13.8317,2.4203,16.8526,21.3176,73.2728,0.814584,23.4939,250.119
158.16,13.8182,2.33082,16.8537,20.0646,73.2728,0.814584,23.4939,250.119
158.18,13.8181,2.32156,16.8537,20.0637,72.2235,0.814584,23.4939,251.711
158.2,13.814,2.30463,18.3655,20.1101,72.2227,0.814584,23.4939,253.304
158.22,13.814,2.28787,18.3667,20.1101,70.6488,0.814584,23.4939,251.183
158.24,13.805,2.32536,19.8316,20.1565,70.6476,0.814584,21.3763,245.879
158.26,13.805,2.3725,19.8338,20.1566,68.7239,0.814584,21.3731,243.748
158.28,13.8062,2.47064,21.0708,20.1101,68.7224,0.744457,21.3731,242.155
158.3,13.8062,2.44944,21.0717,20.1101,68.0812,0.744404,21.3731,239.5
158.32,13.8046,2.49632,21.7589,20.1101,68.0807,0.766165,21.3731,238.437
158.34,13.8046,2.45436,21.7594,19.2748,68.4305,0.766182,21.3731,241.089
158.36,13.8058,2.42086,21.7594,19.2741,68.4307,0.766182,21.3731,246.398
158.38,13.8058,2.4169,22.3088,18.8568,68.4307,0.766182,21.3731,251.704
158.4,13.805,2.32791,22.3096,18.8561,69.1886,0.766182,21.3731,258.08
158.42,13.805,2.35894,22.7677,18.6241,69.1891,0.766182,21.3731,264.983
158.44,13.8038,2.249,22.7681,18.6239,70.1218,0.766182,21.3731,265.519
158.46,13.8038,2.19774,22.8597,19.088,70.1226,0.766182,21.3731,265.519
158.48,13.8013,2.26273,22.8598,19.0883,70.7638,0.766182,21.3731,267.111
158.5,13.8013,2.27307,22.5391,19.0883,70.7643,0.766182,21.3731,268.704
158.52,13.796,2.24011,22.5388,18.2073,71.3468,0.766182,23.0589,268.175
158.54,13.7959,2.26463,22.5388,18.2059,71.3476,0.803545,23.0615,263.929
158.56,13.7951,2.31147,21.531,18.438,71.3476,0.803573,23.0615,259.681
158.58,13.7951,2.31922,21.5302,18.4381,72.2803,0.827397,23.0615,255.433
158.6,13.7861,2.22426,20.8893,15.7949,72.2811,0.827415,23.0615,251.718
158.62,13.7861,2.22325,20.8883,15.7908,73.2138,0.827415,23.0615,251.712
158.64,13.7791,2.24787,20.1553,16.1157,73.2145,0.827415,23.0615,255.426
158.66,13.7791,2.26965,20.1547,16.116,73.9723,0.827415,23.0615,255.429
158.68,13.7742,2.22354,19.3759,14.2596,73.9729,0.827415,23.0615,252.246
158.7,13.7742,2.2901,19.3753,14.2582,74.789,0.827415,23.0615,251.713
158.72,13.7721,2.1768,19.1005,14.2582,74.7896,0.827415,23.0615,252.243
158.74,13.7721,2.15521,19.1002,14.351,74.7896,0.827415,23.0615,252.773
158.76,13.7688,2.26718,19.1002,14.3511,75.7223,0.827415,23.0615,246.937
158.78,13.7688,2.28179,18.3214,13.2373,75.723,0.827415,22.8763,241.096
158.8,13.7668,2.19664,18.3208,13.2364,76.1894,0.834068,22.8762,236.846
158.82,13.7668,2.21961,18.0459,12.6331,76.1897,0.834073,22.8762,231.537
158.84,13.7614,2.34699,18.0457,12.6327,76.9475,0.834073,22.8762,234.716
158.86,13.7614,2.29662,17.8625,12.9111,76.9481,0.841071,22.8762,244.27
158.88,13.7581,2.09009,17.8623,12.9113,77.9384,0.841077,22.8762,245.338
158.9,13.7581,2.07383,17.8165,13.4218,77.9399,0.841077,22.8762,244.809
158.92,13.7548,2.1501,17.8165,13.4222,78.8143,0.841077,22.8762,242.686
158.94,13.7548,2.18672,17.8165,13.4222,78.8149,0.841077,22.8762,242.684
158.96,13.7536,2.0167,17.7707,12.8653,78.8149,0.841077,22.8762,242.684
158.98,13.7536,2.05326,17.7707,12.8649,80.0391,0.841077,22.8762,245.868
159,13.7532,2.13741,17.5874,12.7721,80.04,0.841077,22.8762,249.054
159.02,13.7532,2.14225,17.5873,12.772,81.904,0.841077,22.8762,250.117
159.04,13.7507,2.12961,17.6331,13.0505,81.9069,0.841077,21.7857,247.466
159.06,13.7507,2.17477,17.6331,13.0507,83.4225,0.841077,21.7849,245.872
159.08,13.7507,2.13614,17.9538,13.0971,83.4237,0.855991,21.7849,247.993
159.1,13.7507,2.1707,17.954,13.0971,84.9381,0.856002,21.7849,251.706
159.12,13.7511,2.06083,17.954,13.0971,84.9405,0.85501,21.7849,252.773
159.14,13.7511,2.09856,18.2289,13.3756,84.9405,0.85501,21.7849,253.835
159.16,13.7495,2.13541,18.2291,13.3758,85.3485,0.85501,21.7849,254.897
159.18,13.7495,2.12354,18.7789,12.5404,85.3488,0.85501,21.7849,258.613
159.2,13.7491,2.10413,18.7793,12.5398,83.7749,0.85501,21.7849,259.146
159.22,13.7491,2.04029,18.3212,12.9111,83.7737,0.85501,21.7849,258.085
159.24,13.7454,2.04853,18.3208,12.9113,81.968,0.85501,21.7849,255.433
159.26,13.7454,2.01796,18.275,12.4937,81.9652,0.85501,21.7849,244.286
159.28,13.745,2.01589,18.275,12.4933,82.8396,0.85501,21.7849,234.195
159.3,13.745,2.01329,17.6336,12.4933,82.8403,0.85501,21.7849,232.596
159.32,13.7405,2.03573,17.6331,12.6326,82.8403,0.85501,20.0154,233.656
159.34,13.7405,2.03163,17.6331,12.6327,85.0554,0.87674,20.0141,236.31
159.36,13.7384,1.96673,17.0375,11.983,85.0571,0.876756,20.0141,238.965
159.38,13.7384,2.01295,17.0371,11.9825,88.7851,0.872922,20.0141,238.967
159.4,13.7359,1.86922,15.9376,11.8432,88.7908,0.872916,20.0141,235.783
159.42,13.7359,1.93226,15.9367,11.8431,91.3557,0.872916,20.0141,233.128
159.44,13.7327,1.9775,14.6082,11.8431,91.3577,0.872916,20.0141,232.595
159.46,13.7327,1.97864,14.6071,11.8431,92.6984,0.872916,20.0141,232.595
159.48,13.7281,2.03345,13.8283,12.168,92.6994,0.872916,20.0141,231.533
159.5,13.7281,2.05538,13.8277,12.1682,92.9326,0.872916,20.0141,233.124
159.52,13.7248,2.11002,13.4157,12.1682,92.9328,0.872916,20.0141,233.126
159.54,13.7248,2.08401,13.4151,12.4931,92.9328,0.872916,20.0141,233.126
159.56,13.7199,2.16051,13.4151,12.4933,91.9418,0.872916,20.0141,230.473
159.58,13.7199,2.17561,13.5525,13.0038,91.941,0.872916,19.8083,227.817
159.6,13.7166,2.32724,13.5526,13.0042,88.9703,0.859472,19.8082,226.755
159.62,13.7166,2.30505,14.3315,12.9114,88.9658,0.859451,19.8082,228.876
159.64,13.7125,2.22017,14.3321,12.9113,84.8852,0.859451,19.8082,229.939
159.66,13.7125,2.21345,15.6148,13.2362,84.8821,0.856563,19.8082,232.593
159.68,13.7076,2.38659,15.6158,13.2364,80.2769,0.856561,19.8082,235.248
159.7,13.7076,2.29407,17.2651,13.2364,80.2734,0.856561,19.8082,236.842
159.72,13.7043,2.44606,17.2663,13.7005,75.7265,0.856561,19.8082,237.374
159.74,13.7043,2.38209,17.2663,13.7009,75.723,0.856561,19.8082,235.253
159.76,13.6957,2.45631,19.2821,15.0003,75.723,0.856561,19.8082,233.127
159.78,13.6957,2.39762,19.2836,15.0013,71.8756,0.856561,19.8082,238.432
159.8,13.6899,2.40904,21.162,14.6764,71.8727,0.856561,19.8082,246.396
159.82,13.6899,2.39917,21.1634,14.6762,69.4827,0.856561,19.8082,246.932
159.84,13.6842,2.44195,23.4082,15.6044,69.4808,0.856561,21.0427,246.933
159.86,13.6842,2.38725,23.4099,15.6051,68.6647,0.856561,21.0436,247.994
159.88,13.6817,2.44953,25.2411,15.6051,68.6641,0.863297,21.0436,248.525
159.9,13.6817,2.42509,25.2439,16.5796,68.8973,0.863307,21.0436,250.118
159.92,13.6813,2.35537,25.2439,16.5804,68.8974,0.854889,21.0436,249.058
159.94,13.6813,2.39577,26.8015,18.1583,68.8974,0.854882,21.0436,247.996
159.96,13.6776,2.44166,26.8027,18.1595,69.7718,0.854882,21.0436,243.219
159.98,13.6776,2.41435,27.215,18.8092,69.7725,0.854882,21.0436,241.093
160,13.6731,2.34308,27.2153,18.8097,71.5796,0.854882,21.0436,241.091
160.02,13.6731,2.35762,27.2153,19.0879,71.581,0.854882,21.0436,239.501
160.04,13.6718,2.43775,27.2153,19.0883,74.3208,0.854882,21.0436,237.906
160.06,13.6718,2.41971,26.803,19.7381,74.3229,0.854882,21.0436,237.374
160.08,13.6702,2.40315,26.8027,19.7386,77.9954,0.854882,21.0436,237.374
160.1,13.6702,2.4017,26.2076,19.7386,77.9982,0.854882,21.0436,237.374
160.12,13.6665,2.38109,26.2067,20.3883,77.9982,0.854882,20.0972,237.374
160.14,13.6665,2.39157,26.2067,20.3888,82.2536,0.848075,20.0965,238.966
160.16,13.6644,2.41227,25.9318,20.5744,82.2569,0.848069,20.0965,240.559
160.18,13.6644,2.43468,25.9316,20.5745,85.5796,0.822655,20.0965,239.499
160.2,13.6587,2.4054,25.9316,21.6419,85.5822,0.822636,20.0965,231.008
160.22,13.6587,2.40396,25.9316,21.6427,86.9229,0.822636,20.0965,221.981
160.24,13.6492,2.43316,25.9316,22.0601,86.924,0.822636,20.0965,220.383
160.26,13.6492,2.38613,25.9316,22.0607,86.8074,0.822636,20.0965,219.32
160.28,13.6439,2.37789,26.0232,22.0607,86.8073,0.822636,20.0965,217.196
160.3,13.6439,2.38812,26.0233,22.2928,86.8073,0.822636,20.0965,215.072
160.32,13.6381,2.49244,26.0233,22.293,86.8073,0.822636,20.0965,210.825
160.34,13.6381,2.48895,26.2523,23.546,86.8073,0.822636,20.0965,206.577
160.36,13.6344,2.36839,26.2525,23.5469,85.9329,0.822636,20.0965,201.267
160.38,13.6344,2.35337,26.7561,25.17,85.9322,0.822636,20.0142,199.673
160.4,13.6283,2.44094,26.7568,25.1725,85.1744,0.893333,20.0141,203.385
160.42,13.6283,2.48149,26.9401,26.0542,85.1738,0.893387,20.0141,204.979
160.44,13.6225,2.50948,26.9402,26.0549,84.3577,0.893387,20.0141,201.797
160.46,13.6225,2.51823,27.3984,26.2405,84.3571,0.864785,20.0141,198.611
160.48,13.6184,2.47155,27.3987,26.2407,83.7158,0.864763,20.0141,195.424
160.5,13.6184,2.50229,27.3987,26.2407,83.7154,0.864763,20.0141,194.891
160.52,13.6159,2.41388,27.7649,26.7044,83.7154,0.864763,20.0141,194.361
160.54,13.6159,2.39512,27.7655,26.7051,83.3073,0.864763,20.0141,191.176
160.56,13.6057,2.44479,27.9946,27.4012,83.307,0.864763,20.0141,187.459
160.58,13.5987,2.44095,27.9947,27.4018,82.9572,0.864763,20.0141,185.865
160.6,13.5987,2.36885,27.537,27.4481,82.957,0.864763,20.0141,186.924
160.62,13.5958,2.36026,27.5363,27.4482,81.9077,0.864763,20.0141,191.701
160.64,13.5958,2.34163,27.0323,27.5874,81.9069,0.864763,20.0141,197.011
160.66,13.5868,2.33171,27.0319,27.5875,81.5571,0.864763,21.4749,198.607
160.68,13.5867,2.30955,27.0319,27.5875,81.5568,0.886873,21.476,199.67
160.7,13.5736,2.29307,27.0319,28.3765,81.5568,0.88689,21.476,200.732
160.72,13.5736,2.41666,27.0319,28.3771,82.6061,0.856017,21.476,201.794
160.74,13.5703,2.44459,27.3066,28.7481,82.6069,0.855994,21.476,203.915
160.76,13.5703,2.36023,27.307,28.7486,84.006,0.855994,21.476,206.572
160.78,13.5621,2.39114,27.3528,28.1453,84.007,0.855994,21.476,210.288
160.8,13.5621,2.39116,27.3529,28.1449,84.2985,0.855994,21.476,211.352
160.82,13.5547,2.37654,27.5361,27.4487,84.2987,0.855994,21.476,207.108
160.84,13.5547,2.37653,27.5363,27.4482,82.8997,0.855994,21.476,202.86
160.86,13.5493,2.34401,27.3988,26.7985,82.8986,0.855994,21.476,200.734
160.88,13.5493,2.34399,27.3987,26.798,81.9084,0.855994,21.476,198.611
160.9,13.5456,2.31497,27.3987,26.798,81.9069,0.855994,21.476,197.547
160.92,13.5456,2.31495,27.582,27.5869,81.9069,0.855994,23.9656,193.301
160.94,13.5444,2.45255,27.5821,27.5875,82.5481,0.871286,23.9675,187.992
160.96,13.5444,2.42921,28.1777,27.8196,82.5486,0.871297,23.9675,185.334
160.98,13.5346,2.48864,28.1781,27.8198,85.1718,0.861689,23.9675,182.679
161,13.5345,2.45173,28.7737,28.1446,85.1738,0.861682,23.9675,177.901
161.02,13.5309,2.36305,28.7742,28.1449,88.3193,0.861682,23.9675,173.126
161.04,13.5308,2.36339,29.1865,28.5161,88.3241,0.861682,23.9675,166.22
161.06,13.5255,2.47772,29.1868,28.5164,91.7634,0.861682,23.9675,159.317
161.08,13.5255,2.45138,29.2784,28.5164,91.766,0.861682,23.9675,160.903
161.1,13.5173,2.36068,29.2785,28.6092,91.766,0.861682,23.9675,162.495
161.12,13.5173,2.31025,29.2785,28.6093,95.2636,0.861682,23.9675,159.844
161.14,13.5173,2.32973,29.7824,28.5629,95.2663,0.861682,23.9675,157.189
161.16,13.5078,2.31546,29.7828,28.5629,99.4635,0.861682,23.9675,151.35
161.18,13.5029,2.28531,30.8365,28.6093,99.4667,0.861682,23.9675,144.978
161.2,13.5029,2.33184,30.8373,28.6093,101.682,0.861682,23.8029,138.606
161.22,13.4992,2.31357,32.3033,28.4237,101.684,0.838488,23.8028,138.07
161.24,13.4992,2.37955,32.3044,28.4235,100.635,0.83847,23.8028,137.54
161.26,13.4996,2.27694,33.7246,28.4235,100.633,0.876989,23.8028,134.355
161.28,13.4996,2.29122,33.7257,28.6092,99.0012,0.877019,23.8028,133.822
161.3,13.4939,2.36812,33.7257,28.6093,99,0.877019,23.8028,133.822
161.32,13.4939,2.38207,35.0085,27.7275,99,0.877019,23.8028,132.76
161.34,13.4898,2.38207,35.0095,27.7269,97.8924,0.877019,23.8028,132.76
161.36,13.4897,2.38008,36.4297,29.8152,97.8915,0.877019,23.8028,133.821
161.38,13.4893,2.33508,36.4308,29.8168,96.4353,0.877019,23.8028,134.882
161.4,13.4893,2.36321,37.6677,28.9815,96.4331,0.877019,23.8028,136.476
161.42,13.4861,2.3822,37.6686,28.9809,95.5587,0.877019,23.8028,138.069
161.44,13.4861,2.36594,38.5849,28.9809,95.558,0.877019,23.8028,139.662
161.46,13.4828,2.27512,38.5856,28.656,94.9751,0.877019,25.4076,139.663
161.48,13.4828,2.26653,39.0437,28.6557,94.9746,0.757868,25.4088,139.132
161.5,13.4782,2.35314,39.0441,29.3983,94.9746,0.757777,25.4088,133.826
161.52,13.4782,2.35321,39.0441,29.3988,94.0426,0.86445,25.4088,130.11
161.54,13.4733,2.32817,39.3648,29.6773,94.0412,0.864613,25.4088,130.635
161.56,13.4733,2.32862,39.365,29.6775,94.2744,0.864613,25.4088,131.166
161.58,13.4655,2.31504,39.4566,29.956,94.2746,0.864613,25.4088,137.003
161.6,13.4655,2.33497,39.4567,29.9562,94.9153,0.864613,25.4088,142.84
161.62,13.4602,2.43559,39.7316,29.9562,94.9163,0.864613,25.4088,144.972
161.64,13.4602,2.42285,39.7318,32.1838,95.2078,0.864613,25.4088,143.912
161.66,13.4565,2.40376,40.3274,32.1855,95.208,0.864613,25.4088,147.626
161.68,13.4565,2.44363,40.3278,31.9534,94.5085,0.864613,25.4088,153.996
161.7,13.4519,2.34732,40.3278,31.9532,94.5079,0.864613,25.4088,155.062
161.72,13.4519,2.30195,41.1525,33.3455,94.5079,0.864613,25.4088,155.594
161.74,13.4474,2.46087,41.1531,33.3466,93.2264,0.68792,27.3414,156.124
161.76,13.4474,2.45617,41.7945,33.6714,93.2245,0.68765,27.3444,158.778
161.78,13.4408,2.3143,41.795,33.6717,93.0496,0.857925,27.3444,161.434
161.8,13.4408,2.32433,42.528,34.3678,93.0495,0.858055,27.3444,158.782
161.82,13.4363,2.38655,42.5285,34.3683,93.5158,0.858055,27.3444,155.597
161.84,13.4363,2.38185,43.4906,34.3683,93.5162,0.858055,27.3444,152.941
161.86,13.4302,2.25579,43.4913,34.4611,94.7403,0.858055,27.3444,150.286
161.88,13.4302,2.24505,43.4913,34.4612,94.7413,0.858055,27.3444,149.754
161.9,13.4252,2.47543,44.2243,35.3894,94.7413,0.858055,27.3444,149.753
161.92,13.4252,2.49159,44.2249,35.3901,97.2479,0.858055,27.3444,149.753
161.94,13.4215,2.3337,44.3623,36.9216,97.2498,0.858055,27.3444,147.1
161.96,13.4215,2.31014,44.3624,36.9227,101.214,0.858055,27.3444,144.444
161.98,13.4158,2.354,45.2329,36.9227,101.217,0.858055,27.3444,140.197
162,13.4158,2.36194,45.2336,36.9227,106.347,0.858055,27.5707,133.826
162.02,13.4125,2.31115,45.0504,36.9227,106.351,0.720804,27.5709,125.868
162.04,13.4125,2.30292,45.0502,37.3404,110.781,0.720594,27.5709,121.611
162.06,13.4071,2.33857,45.0502,37.3407,110.784,0.873943,27.5709,120.016
162.08,13.4071,2.36833,45.0502,37.3407,110.784,0.87406,27.5709,113.647
162.1,13.3981,2.53802,45.0502,37.3407,112.881,0.87406,27.5709,105.158
162.12,13.3981,2.54478,45.2792,37.2943,112.884,0.87406,27.5709,101.962
162.14,13.3911,2.53997,45.2794,37.2943,113.759,0.87406,27.5709,98.7755
162.16,13.3911,2.51532,45.5543,37.2943,113.76,0.87406,27.5709,97.1812
162.18,13.3858,2.42452,45.5545,37.2479,114.459,0.87406,27.5709,92.4043
162.2,13.3858,2.43853,46.1042,37.2478,114.46,0.87406,27.5709,89.2168
162.22,13.3788,2.35001,46.1047,36.3197,114.809,0.87406,27.5709,91.3369
162.24,13.3788,2.35723,46.1047,36.319,114.81,0.87406,27.5709,90.8083
162.26,13.3739,2.38757,47.4332,35.53,114.81,0.87406,27.5709,89.7462
162.28,13.3738,2.3979,47.4343,35.5294,114.751,0.952388,25.9454,90.2761
162.3,13.3702,2.31879,48.0756,35.2974,114.751,0.952448,25.9442,88.6846
162.32,13.3701,2.2995,48.0761,35.2972,114.635,0.866919,25.9442,87.0915
162.34,13.3644,2.30285,49.2673,35.2972,114.635,0.866853,25.9442,87.6209
162.36,13.3644,2.28874,49.2682,34.6939,113.819,0.866853,25.9442,89.2132
162.38,13.3537,2.26527,50.1837,34.6934,113.818,0.866853,25.9442,88.1539
162.4,13.3537,2.2742,50.1851,35.5288,111.253,0.866853,25.9442,88.683
162.42,13.3475,2.38382,51.1014,35.5294,111.251,0.866853,25.9442,90.8059
162.44,13.3475,2.44726,51.1021,35.3902,111.251,0.866853,25.9442,94.5219
162.46,13.3365,2.37939,51.1021,35.3901,108.161,0.866853,25.9442,100.362
162.48,13.3364,2.32853,52.11,33.4873,108.159,0.866853,25.9442,103.55
162.5,13.3295,2.26424,52.1107,33.4859,105.827,0.866853,25.9442,104.083
162.52,13.3295,2.27515,53.2094,33.4859,105.826,0.866853,25.9442,106.735
162.54,13.3237,2.33974,53.2111,33.9036,104.252,0.866853,27.261,109.392
162.56,13.3237,2.3111,54.6771,33.9039,104.25,1.12559,27.262,110.986
162.58,13.3167,2.28749,54.6782,33.9039,103.143,1.12579,27.262,110.987
162.6,13.3167,2.32809,54.6782,33.9039,103.142,0.884382,27.262,109.927
162.62,13.3073,2.36251,55.3654,34.5536,102.093,0.884013,27.262,107.272
162.64,13.3073,2.34045,55.3659,34.5541,102.092,0.884013,27.262,107.27
162.66,13.3011,2.36982,55.4576,34.2756,102.092,0.884013,27.262,109.923
162.68,13.3011,2.36343,55.4576,34.2754,101.742,0.884013,27.262,114.17
162.7,13.2954,2.37854,54.5872,34.2754,101.742,0.884013,27.262,116.826
162.72,13.2953,2.40141,54.5865,33.8578,102.441,0.884013,27.262,116.828
162.74,13.2929,2.50748,53.1216,33.8574,102.442,0.884013,27.262,116.828
162.76,13.2929,2.47412,53.1194,34.1359,103.958,0.884013,27.262,114.706
162.78,13.2855,2.27815,53.1194,34.1361,103.959,0.884013,27.262,108.867
162.8,13.2855,2.29011,50.8746,34.5074,103.959,0.884013,26.9328,105.679
162.82,13.2736,2.43618,50.8728,34.5076,106.99,1.02187,26.9326,103.554
162.84,13.2736,2.4555,47.9408,34.1828,106.992,1.02198,26.9326,99.838
162.86,13.2678,2.44319,47.9386,34.1825,111.073,0.981771,26.9326,96.6514
162.88,13.2678,2.39733,44.9172,34.1825,111.076,0.98174,26.9326,91.3466
162.9,13.2641,2.25176,44.9126,34.4146,115.506,0.98174,26.9326,89.216
162.92,13.2641,2.26855,42.4845,34.4148,115.51,0.98174,26.9326,89.745
162.94,13.2547,2.33606,42.4827,33.4402,118.774,0.98174,26.9326,92.3986
162.96,13.2547,2.33007,42.4827,33.4394,118.777,0.98174,26.9326,95.0538
162.98,13.2485,2.24941,40.7876,33.0682,118.777,0.98174,26.9326,98.7702
163,13.2485,2.23357,40.7863,33.0679,119.243,0.98174,26.9326,101.426
163.02,13.237,2.35425,39.825,33.6244,119.243,0.98174,26.9326,105.14
163.04,13.237,2.36793,39.8235,33.6252,114.988,0.98174,26.9326,107.268
163.06,13.2308,2.30654,39.2279,33.6252,114.985,0.98174,24.3607,106.739
163.08,13.2308,2.33105,39.2275,34.2285,107.698,0.98174,24.3587,107.269
163.1,13.2259,2.33787,38.8155,34.229,107.692,0.901912,24.3587,106.209
163.12,13.2259,2.33925,38.8148,34.1362,101.513,0.90179,24.3587,105.677
163.14,13.2193,2.38697,38.8148,34.1361,101.509,1.04197,24.3587,107.799
163.16,13.2193,2.38236,39.273,33.9505,101.509,1.04207,24.3587,109.923
163.18,13.2144,2.37854,39.2733,33.9503,98.0109,1.04207,24.3587,112.578
163.2,13.2144,2.41042,39.6856,34.7393,98.0082,1.04207,24.3587,118.948
163.22,13.2053,2.41041,39.686,34.7399,95.3267,1.04207,24.3587,124.259
163.24,13.2053,2.38973,39.8691,35.0645,95.3247,1.04207,24.3587,128.505
163.26,13.1988,2.44754,39.8694,35.065,93.401,1.04207,24.3587,134.879
163.28,13.1988,2.42898,39.6861,35.065,93.3995,1.04207,24.3587,140.721
163.3,13.1905,2.40956,39.686,35.2506,91.8256,1.04207,24.3587,146.562
163.32,13.1905,2.38759,39.686,35.2507,91.8244,1.04207,24.3587,146.567
163.34,13.1844,2.39133,39.1362,36.0861,91.8244,1.04207,22.1984,146.567
163.36,13.1844,2.40276,39.1358,36.0867,90.6002,0.905072,22.1967,144.444
163.38,13.1795,2.38383,38.6322,35.8085,90.5993,0.904967,22.1967,142.321
163.4,13.1794,2.31111,38.6315,35.8081,89.1419,1.05966,22.1967,143.379
163.42,13.1704,2.24081,38.1275,35.8081,89.1408,1.05978,22.1967,145.503
163.44,13.1704,2.3236,38.1271,35.8081,87.5669,1.05978,22.1967,144.974
163.46,13.1593,2.416,37.5316,35.8081,87.5657,1.05978,22.1967,146.035
163.48,13.1593,2.41232,37.5311,35.7617,86.5164,1.05978,22.1967,147.097
163.5,13.1482,2.34047,37.5311,35.7616,86.5156,1.05978,22.1967,147.098
163.52,13.1482,2.32744,36.8444,35.3906,86.5156,1.05978,22.1967,147.098
163.54,13.1347,2.4902,36.8434,35.3901,85.9326,1.05978,22.1967,148.689
163.56,13.1346,2.49433,35.9271,34.8332,85.9322,1.05978,22.1967,150.283
163.58,13.1256,2.35356,35.9264,34.8328,85.9322,1.05978,22.1967,152.406
163.6,13.1256,2.36239,35.2855,34.5545,85.9322,1.05978,24.2526,153.999
163.62,13.112,2.44412,35.2846,34.5541,86.1654,1.05978,24.2558,154.001
163.64,13.112,2.40214,34.9181,34.5077,86.1656,0.984827,24.2558,155.062
163.66,13.0977,2.30718,34.9178,34.5076,86.3987,0.984769,24.2558,155.063
163.68,13.0977,2.32817,34.9178,34.5076,86.3989,1.05513,24.2558,152.941
163.7,13.0841,2.35056,34.4596,34.7397,86.3989,1.05518,24.2558,150.816
163.72,13.0841,2.36792,34.4593,34.7399,86.3989,1.05518,24.2558,146.57
163.74,13.064,2.31753,33.91,34.6007,86.3989,1.05518,24.2558,144.976
163.76,13.064,2.30598,33.9091,34.6005,86.9818,1.05518,24.2558,144.973
163.78,13.0381,2.32276,33.3594,34.5541,86.9823,1.05518,24.2558,144.973
163.8,13.0381,2.28039,33.3589,34.5541,87.6818,1.05518,24.2558,144.973
163.82,13.02,2.31648,33.4506,35.2502,87.6824,1.05518,24.2558,141.79
163.84,13.02,2.3527,33.4506,35.2507,88.4985,1.05518,24.2558,137.542
163.86,13.0003,2.27224,33.6339,35.9005,88.4991,1.05518,24.2558,135.947
163.88,13.0002,2.31023,33.634,35.901,88.4991,1.05518,22.8166,134.355
163.9,12.9699,2.39985,33.634,35.901,88.9654,1.03465,22.8144,132.761
163.92,12.9698,2.37607,34.0005,35.5761,88.9658,1.03464,22.8144,135.943
163.94,12.9378,2.39867,34.0008,35.5759,89.0241,1.05911,22.8144,139.13
163.96,12.9378,2.36754,34.8254,36.1792,89.0241,1.05912,22.8144,140.193
163.98,12.9016,2.37114,34.8261,36.1796,87.9165,1.05912,22.8144,137.01
164,12.9016,2.38898,35.5133,36.6901,87.9157,1.05912,22.8144,133.293
164.02,12.868,2.37759,35.5138,36.6905,87.1002,1.05912,22.8144,131.7
164.04,12.8679,2.37009,36.4301,36.0872,87.099,1.05912,22.8144,131.697
164.06,12.8375,2.4087,36.4308,36.0867,86.6909,1.05912,22.8144,129.044
164.08,12.8375,2.39197,36.4308,37.3862,86.6906,1.05912,22.8144,127.45
164.1,12.8079,2.33125,37.209,37.3872,86.6906,1.05912,22.8144,126.919
164.12,12.8079,2.39499,37.2102,37.3872,86.7489,1.05912,22.8144,126.387
164.14,12.7808,2.53067,37.6683,37.2943,86.7489,1.05912,18.6789,127.979
164.16,12.7808,2.50496,37.6686,37.2943,87.0987,1.05809,18.6757,129.041
164.18,12.7594,2.44109,37.8977,37.6191,87.099,1.05809,18.6757,128.512
164.2,12.7594,2.39134,37.8979,37.6194,88.2066,1.05809,18.6757,127.45
164.22,12.7348,2.34476,37.6688,36.552,88.2074,1.0499,18.6757,126.388
164.24,12.7347,2.36637,37.6686,36.5512,89.8966,1.0499,18.6757,127.978
164.26,12.7113,2.49953,37.3021,36.6904,89.8992,1.0499,18.6757,130.633
164.28,12.7113,2.47005,37.3019,36.6905,89.8992,1.0499,18.6757,135.942
164.3,12.678,2.42618,37.3019,36.6905,91.4731,1.0499,18.6757,141.252
164.32,12.678,2.45996,37.1186,36.9689,91.4743,1.0499,18.6757,146.562
164.34,12.6534,2.49498,37.1185,36.9692,93.6312,1.0499,18.6757,142.852
164.36,12.6533,2.47356,36.9352,36.5515,93.6329,1.0499,18.6757,139.135
164.38,12.6306,2.51067,36.9351,36.5512,95.6716,1.0499,18.6757,134.89
164.4,12.6306,2.47275,36.706,36.2727,95.6747,1.0499,18.5317,134.884
164.42,12.6111,2.52523,36.7058,36.2725,97.0737,1.0499,18.5316,135.414
164.44,12.6111,2.47721,36.6142,36.2725,97.0748,1.09905,18.5316,133.823
164.46,12.5944,2.49718,36.6141,35.53,97.8909,1.09909,18.5316,130.638
164.48,12.5944,2.5244,37.0265,35.5294,97.8915,1.04975,18.5316,130.105
164.5,12.5842,2.44748,37.0268,35.2974,97.8915,1.04971,18.5316,129.574
164.52,12.5842,2.47505,37.0268,35.2972,98.1245,1.04971,18.5316,127.983
164.54,12.5763,2.42111,37.4391,34.3226,98.1249,1.04971,18.5316,126.388
164.56,12.5763,2.41217,37.4394,34.3219,98.3581,1.04971,18.5316,126.387
164.58,12.5693,2.49341,38.2182,33.765,98.3582,1.04971,18.5316,126.918
164.6,12.5693,2.48233,38.2188,33.7645,98.4165,1.04971,18.5316,125.327
164.62,12.5633,2.41859,39.0893,33.6717,98.4166,1.04971,18.5316,124.264
164.64,12.5633,2.4161,39.0899,33.6717,98.0085,1.04971,18.5316,123.732
164.66,12.5572,2.47513,39.4564,33.6717,98.0082,1.04971,18.5316,120.548
164.68,12.5572,2.45468,39.4567,33.3004,97.0172,1.04971,19.3751,117.362
164.7,12.553,2.4141,40.0981,33.3001,97.0165,1.08034,19.3758,110.992
164.72,12.553,2.44405,40.0986,33.2537,97.0165,1.08037,19.3758,104.619
164.74,12.5475,2.60918,40.0986,33.2537,96.1427,1.05839,19.3758,100.373
164.76,12.5475,2.62845,40.3735,33.1609,96.1414,1.05835,19.3758,100.366
164.78,12.5414,2.64004,40.3737,33.1608,95.7333,1.05835,19.3758,100.897
164.8,12.5414,2.6258,40.5111,32.1862,95.733,1.05835,19.3758,101.959
164.82,12.5386,2.49449,40.5112,32.1855,95.9662,1.05835,19.3758,100.898
164.84,12.5386,2.48575,40.7403,32.1855,95.9664,1.05835,19.3758,99.3053
164.86,12.5359,2.58213,40.7405,31.3037,96.083,1.05835,19.3758,97.7122
164.88,12.5359,2.5966,41.0609,31.303,96.0831,1.05835,19.3758,96.1203
164.9,12.5312,2.74888,41.0614,31.1638,96.3745,1.05835,19.3758,94.526
164.92,12.5312,2.7159,41.0614,31.1637,96.3747,1.05835,19.3758,93.9941
164.94,12.5307,2.49424,41.3821,31.3029,96.3747,1.05835,19.6021,93.4631
164.96,12.5307,2.5009,41.3823,31.303,96.3747,1.10021,19.6023,97.7078
164.98,12.5256,2.58969,41.703,31.9992,96.3747,1.10024,19.6023,100.364
165,12.5256,2.60092,41.7033,31.9997,95.2089,1.07806,19.6023,101.958
165.02,12.5219,2.49655,41.9779,31.9533,95.208,1.07805,19.6023,105.671
165.04,12.5219,2.47381,41.9784,31.9532,94.1004,1.07805,19.6023,106.738
165.06,12.5182,2.65237,41.9784,32.1389,94.0996,1.07805,19.6023,107.269
165.08,12.5182,2.69432,41.9784,32.139,93.9247,1.07805,19.6023,107.8
165.1,12.515,2.56908,41.9784,32.139,93.9245,1.07805,19.6023,108.861
165.12,12.515,2.54525,41.8409,31.5357,93.9245,1.07805,19.6023,110.455
165.14,12.515,2.5248,41.8408,31.5353,94.799,1.07805,19.6023,108.864
165.16,12.515,2.52012,41.2452,31.3496,94.7996,1.07805,19.6023,105.148
165.18,12.5136,2.44827,41.2448,31.3495,96.1987,1.07805,19.6023,103.554
165.2,12.5136,2.45322,40.3285,31.7672,96.1997,1.07805,19.6023,101.43
165.22,12.5154,2.50997,40.3278,31.7675,98.0651,1.07805,18.6353,101.959
165.24,12.5154,2.51359,39.2292,32.0921,98.0666,1.1254,18.6345,104.61
165.26,12.515,2.48417,39.2275,32.0926,98.0666,1.12547,18.6345,107.268
165.28,12.515,2.43561,39.2275,32.0926,100.107,1.0406,18.6345,105.678
165.3,12.514,2.53524,38.128,32.4174,100.108,1.04054,18.6345,105.677
165.32,12.514,2.56851,38.1271,32.4177,101.449,1.04054,18.6345,107.268
165.34,12.5136,2.45371,37.1651,32.0928,101.45,1.04054,18.6345,107.8
165.36,12.5136,2.45568,37.1643,32.0926,101.683,1.04054,18.6345,110.454
165.38,12.5168,2.57054,36.3403,32.1853,101.684,1.04054,18.6345,108.335
165.4,12.5168,2.56156,36.3391,32.1855,101.392,1.04054,18.6345,106.209
165.42,12.5201,2.3525,35.377,31.3965,101.392,1.04054,18.6345,105.146
165.44,12.5201,2.38187,35.3763,31.3959,99.9928,1.04054,18.6345,104.084
165.46,12.5201,2.4596,35.3763,31.3959,99.9917,1.04054,18.6345,103.553
165.48,12.5201,2.43252,35.1472,32.5561,99.9917,1.04054,21.7208,103.022
165.5,12.5224,2.41899,35.147,32.557,97.6017,1.13657,21.7231,107.266
165.52,12.5224,2.438,35.2843,32.8353,97.5999,1.13664,21.7231,110.981
165.54,12.5284,2.4608,35.2846,32.8357,95.6762,1.01081,21.7231,114.701
165.56,12.5284,2.49019,35.8801,33.3462,95.6747,1.01071,21.7231,121.602
165.58,12.5335,2.47637,35.8806,33.3466,93.1098,1.01071,21.7231,131.69
165.6,12.5335,2.47686,36.7046,33.8567,93.1078,1.01071,21.7231,139.651
165.62,12.5447,2.35428,36.7058,33.8574,89.5519,1.01071,21.7231,147.622
165.64,12.5447,2.35465,37.3472,33.0685,89.5492,1.01071,21.7231,151.343
165.66,12.5447,2.39513,37.3477,33.0679,89.5492,1.01071,21.7231,155.06
165.68,12.5521,2.3904,37.6684,33.0679,86.926,1.01071,21.7231,154.532
165.7,12.5521,2.36584,37.6686,33.532,86.924,1.01071,21.7231,158.246
165.72,12.56,2.41112,37.6686,33.5323,85.7581,1.01071,21.7231,161.433
165.74,12.56,2.50592,37.6229,33.0686,85.7572,1.01071,23.5323,163.026
165.76,12.5716,2.49768,37.6228,33.0679,86.2818,1.01071,23.5351,167.804
165.78,12.5716,2.35713,37.7144,32.3254,86.2822,1.04698,23.5351,170.461
165.8,12.5804,2.33919,37.7145,32.3248,87.3898,1.04701,23.5351,169.402
165.82,12.5804,2.354,37.8061,32.3248,87.3907,0.989722,23.5351,168.34
165.84,12.5879,2.35309,37.8062,32.2784,88.4982,0.989679,23.5351,167.278
165.86,12.5879,2.35309,37.7604,32.2784,88.4991,0.989679,23.5351,169.4
165.88,12.6032,2.26404,37.7603,32.5102,89.7223,0.989679,23.5351,173.643
165.9,12.6032,2.26391,37.7603,32.5106,89.7242,0.989679,23.5351,173.119
165.92,12.618,2.37666,37.5313,33.0675,89.7242,0.989679,23.5351,167.812
165.94,12.618,2.37675,37.5311,33.0679,90.7152,0.989679,23.5351,162.502
165.96,12.6245,2.34826,37.1188,32.9751,90.7159,0.989679,23.5351,157.191
165.98,12.6245,2.34824,37.1185,32.975,90.7742,0.989679,23.5351,151.881
166,12.6329,2.38629,37.0727,32.975,90.7743,0.989679,23.5351,143.387
166.02,12.6329,2.38632,37.0726,32.8823,91.2985,0.989679,23.8435,134.897
166.04,12.6431,2.31005,36.6145,32.8821,91.2993,0.862789,23.844,127.455
166.06,12.6431,2.31905,36.6141,32.9749,92.232,0.862692,23.844,121.612
166.08,12.6524,2.33608,36.6141,32.975,92.2327,1.02434,23.844,115.24
166.1,12.6524,2.34471,36.6599,33.0678,92.2327,1.02446,23.844,113.114
166.12,12.6598,2.54929,36.66,33.0679,92.9906,1.02446,23.844,111.519
166.14,12.6598,2.5022,36.66,33.4392,92.9911,1.02446,23.844,110.457
166.16,12.6663,2.30877,36.66,33.4394,93.8072,1.02446,23.844,112.578
166.18,12.6663,2.32498,36.7516,34.3676,93.8079,1.02446,23.844,111.519
166.2,12.6752,2.27459,36.7517,34.3683,94.5074,1.02446,23.844,110.457
166.22,12.6752,2.30584,36.7517,34.3683,94.5079,1.02446,23.844,111.517
166.24,12.6817,2.46218,36.7517,34.6002,94.5662,1.02446,23.844,112.578
166.26,12.6817,2.40319,36.6601,34.6005,94.5663,1.02446,23.844,114.172
166.28,12.6896,2.26109,36.66,34.6469,94.5663,1.02446,21.6424,112.581
166.3,12.6896,2.27126,36.66,34.647,93.3421,0.784101,21.6408,110.458
166.32,12.699,2.40164,36.9807,34.9718,93.3412,0.783917,21.6408,113.109
166.34,12.699,2.41554,36.9809,34.9721,91.8838,0.924924,21.6408,116.295
166.36,12.7113,2.38464,37.0267,35.1113,91.8827,0.925031,21.6408,119.481
166.38,12.7113,2.37522,37.0268,35.1114,90.7177,0.925031,21.6408,122.665
166.4,12.7167,2.37898,37.1642,35.1114,90.7159,0.925031,21.6408,123.731
166.42,12.7167,2.35729,37.1643,35.065,89.5501,0.925031,21.6408,124.793
166.44,12.7232,2.25484,37.1643,35.065,89.5492,0.925031,21.6408,127.447
166.46,12.7232,2.24984,37.6224,35.1578,89.1994,0.925031,21.6408,129.041
166.48,12.7347,2.35206,37.6228,35.1579,89.1992,0.925031,21.6408,130.634
166.5,12.7347,2.39415,37.9893,35.2971,89.1992,0.925031,21.6408,132.758
166.52,12.7458,2.43408,37.9896,35.2972,89.6069,0.925031,21.6408,134.88
166.54,12.7458,2.39852,38.3103,34.5082,89.6075,0.925031,21.6408,136.476
166.56,12.7561,2.30382,38.3105,34.5076,90.7734,0.833039,23.0399,138.069
166.58,12.7561,2.3093,38.2647,34.5076,90.7743,0.832969,23.0409,133.294
166.6,12.7639,2.36496,38.2647,34.8786,91.5315,0.832969,23.0409,128.518
166.62,12.7639,2.37632,38.2647,34.8792,91.5327,0.866121,23.0409,126.389
166.64,12.7717,2.36136,38.0814,34.972,91.5327,0.866146,23.0409,125.856
166.66,12.7717,2.37114,38.0813,34.9721,92.4071,0.866146,23.0409,125.325
166.68,12.7791,2.3599,38.0355,34.74,92.4078,0.866146,23.0409,124.264
166.7,12.7791,2.38377,38.0354,34.7399,93.6319,0.866146,23.0409,122.671
166.72,12.7902,2.28837,37.898,34.8791,93.6329,0.866146,23.0409,121.609
166.74,12.7902,2.28215,37.8979,34.8792,94.7978,0.866146,23.0409,120.547
166.76,12.8013,2.44396,38.1728,34.8792,94.7996,0.866146,23.0409,117.892
166.78,12.8013,2.43579,38.173,34.6472,95.1494,0.866146,23.0409,115.237
166.8,12.8013,2.3506,38.4479,34.647,95.1496,0.866146,23.0409,115.235
166.82,12.8116,2.36859,38.4481,34.879,95.1496,0.866146,23.6376,117.358
166.84,12.8116,2.33613,38.4481,34.8792,94.6833,0.892566,23.6381,117.359
166.86,12.8206,2.32488,38.4022,34.3687,94.6829,0.892586,23.6381,115.768
166.88,12.8206,2.39493,38.4022,34.3683,94.2169,0.848741,23.6381,116.297
166.9,12.8297,2.40438,38.3564,34.5075,94.2162,0.848674,23.6381,116.828
166.92,12.8297,2.28983,38.3564,34.5076,93.6333,0.848674,23.6381,117.359
166.94,12.8408,2.31361,38.5854,34.8325,93.6329,0.848674,23.6381,117.89
166.96,12.8408,2.36866,38.5856,34.8328,93.2248,0.848674,23.6381,118.421
166.98,12.8547,2.36359,38.723,34.8328,93.2245,0.848674,23.6381,116.299
167,12.8548,2.36359,38.7232,34.6471,93.6325,0.848674,23.6381,117.359
167.02,12.8667,2.35686,38.7232,34.647,93.6329,0.848674,23.6381,125.313
167.04,12.8667,2.35685,38.8148,34.2757,93.6329,0.848674,23.6381,130.631
167.06,12.8712,2.3393,38.8148,34.2754,93.8077,0.848674,23.6381,131.166
167.08,12.8712,2.33929,38.9523,34.3682,93.8079,0.848674,23.6381,131.697
167.1,12.8769,2.36346,38.9524,34.3683,93.4001,0.947416,23.083,132.228
167.12,12.8769,2.36349,39.1815,33.9506,93.3995,0.947566,23.0821,134.882
167.14,12.8852,2.42017,39.1816,33.9503,92.4668,0.947566,23.0821,137.537
167.16,12.8852,2.42022,39.1816,33.9503,92.4661,0.791711,23.0821,140.723
167.18,12.8995,2.36092,39.1816,33.4862,91.7666,0.791592,23.0821,144.97
167.2,12.8996,2.38096,39.1816,33.4859,91.766,0.791592,23.0821,147.096
167.22,12.909,2.47898,39.4565,33.9036,91.766,0.791592,23.0821,146.567
167.24,12.909,2.45851,39.4567,33.9039,91.067,0.791592,23.0821,149.748
167.26,12.9184,2.30255,39.64,33.7647,91.066,0.791592,23.0821,155.059
167.28,12.9185,2.31872,39.6401,33.7645,90.5413,0.791592,23.0821,160.369
167.3,12.932,2.29858,39.5485,33.5325,90.5409,0.791592,23.0821,158.782
167.32,12.932,2.26071,39.5484,33.5323,91.0073,0.791592,23.0821,157.188
167.34,12.9328,2.38097,39.5026,33.5323,91.0076,0.791592,23.0821,157.187
167.36,12.9328,2.38439,39.5026,33.2539,92.6399,0.791592,22.9175,157.187
167.38,12.9402,2.45064,39.5026,33.2537,92.6411,0.90825,22.9174,156.657
167.4,12.9402,2.51632,39.3193,33.068,92.6411,0.908429,22.9174,158.779
167.42,12.9448,2.37776,39.3192,33.0679,95.4975,0.791749,22.9174,160.903
167.44,12.9509,2.34096,39.2734,32.511,95.4997,0.79166,22.9174,156.129
167.46,12.9509,2.28789,39.2733,32.5106,97.948,0.79166,22.9174,151.88
167.48,12.9546,2.31416,39.2275,32.2321,97.9499,0.79166,22.9174,152.408
167.5,12.9546,2.39066,39.2275,32.2319,99.6404,0.79166,22.9174,152.939
167.52,12.96,2.38834,39.2733,32.2319,99.6417,0.79166,22.9174,154.53
167.54,12.96,2.46087,39.2733,32.5104,100.458,0.79166,22.9174,154.532
167.56,12.96,2.44961,39.6856,32.5106,100.458,0.79166,22.9174,152.41
167.58,12.9735,2.38504,39.686,32.3713,100.458,0.79166,22.9174,149.755
167.6,12.9735,2.35868,39.686,32.3712,100.458,0.79166,22.9174,146.571
167.62,12.9863,2.3624,39.9608,32.232,100.458,0.79166,22.9174,145.505
167.64,12.9863,2.32494,39.961,32.2319,100.4,0.87071,23.0614,144.443
167.66,12.9982,2.32495,39.961,31.9535,100.4,0.87077,23.0615,140.197
167.68,12.9982,2.3653,39.961,31.9532,101.216,0.87077,23.0615,135.949
167.7,13.0035,2.36535,40.0527,31.9532,101.217,0.831676,23.0615,131.701
167.72,13.0035,2.38366,40.0527,31.3035,102.907,0.831646,23.0615,132.228
167.74,13.0109,2.3837,39.6865,31.303,102.909,0.831646,23.0615,132.759
167.76,13.0109,2.37291,39.686,30.6069,105.299,0.831646,23.0615,131.698
167.78,13.0179,2.33928,39.686,30.6064,105.3,0.831646,23.0615,131.167
167.8,13.0179,2.34893,39.3195,30.6992,105.3,0.831646,23.0615,131.166
167.82,13.0278,2.31924,39.3192,30.6993,107.516,0.831646,23.0615,131.166
167.84,13.0278,2.31922,38.861,30.328,107.517,0.831646,23.0615,127.452
167.86,13.0352,2.34936,38.8607,30.3277,108.392,0.831646,23.0615,123.735
167.88,13.0352,2.34939,38.174,30.3277,108.392,0.831646,23.0615,122.671
167.9,13.0422,2.43405,38.173,29.8172,107.285,0.831646,20.4279,121.609
167.92,13.0422,2.43412,37.5316,29.8168,107.284,0.791043,20.4259,120.546
167.94,13.0483,2.41089,37.5311,29.3992,104.486,0.791012,20.4259,118.423
167.96,13.0483,2.42032,37.5311,29.3988,104.484,0.854503,20.4259,117.891
167.98,13.059,2.42804,37.073,29.306,104.484,0.854551,20.4259,119.482
168,13.059,2.35829,37.0726,29.306,101.452,0.854551,20.4259,121.075
168.02,13.0668,2.41463,36.7522,28.5176,101.45,0.854551,20.4259,123.728
168.04,13.0668,2.42446,36.7517,28.5164,98.244,0.854551,20.4259,126.385
168.06,13.0746,2.35664,36.6143,28.5164,98.2416,0.854551,20.4259,123.734
168.08,13.0746,2.37403,36.6141,27.9595,94.8022,0.854551,20.4259,120.548
168.1,13.0869,2.49433,36.3395,27.9591,94.7996,0.854551,20.4259,121.076
168.12,13.087,2.48812,36.3391,27.2166,90.9522,0.854551,20.4259,121.607
168.14,13.0894,2.46998,36.3391,27.216,90.9493,0.854551,20.4259,120.546
168.16,13.0894,2.45351,36.2016,27.7729,90.9493,0.854551,20.4259,119.484
168.18,13.1067,2.46229,36.2015,27.7733,88.7924,0.755497,18.5742,118.422
168.2,13.1067,2.45241,35.4685,26.938,88.7908,0.755421,18.5728,117.891
168.22,13.1161,2.58311,35.4679,26.9373,88.033,0.878399,18.5728,117.36
168.24,13.1161,2.5874,34.4608,26.9373,88.0324,0.878493,18.5728,116.829
168.26,13.1223,2.47962,34.4593,26.8445,88.4404,0.878493,18.5728,120.012
168.28,13.1223,2.43362,32.9475,26.8444,88.4408,0.878493,18.5728,126.913
168.3,13.1342,2.44724,32.9463,26.9373,90.073,0.878493,18.5728,130.633
168.32,13.1342,2.4632,32.9463,26.9373,90.0742,0.878493,18.5728,134.35
168.34,13.1441,2.4816,31.297,26.5661,90.0742,0.878493,18.5728,136.475
168.36,13.1441,2.45881,31.2958,26.5658,92.7557,0.878493,18.5728,138.599
168.38,13.1539,2.48157,29.5104,26.0093,92.7578,0.878493,18.5728,138.601
168.4,13.154,2.4863,29.5077,26.0085,94.0402,0.878493,18.5728,138.601
168.42,13.1659,2.49639,28.2708,26.0085,94.0412,0.878493,18.5728,138.601
168.44,13.1659,2.47462,28.2698,25.4051,93.1085,0.878493,17.8115,138.07
168.46,13.1725,2.49977,27.3994,25.4047,93.1078,0.787701,17.8109,139.131
168.48,13.1725,2.48945,27.3987,24.5229,89.8434,0.787631,17.8109,145.5
168.5,13.1786,2.50452,27.3987,24.5223,89.8409,0.929534,17.8109,151.872
168.52,13.1786,2.53498,26.8036,24.7541,89.8409,0.929643,17.8109,156.119
168.54,13.1885,2.48437,26.8027,24.7545,85.294,0.929643,17.8109,160.37
168.56,13.1885,2.5012,26.2987,24.3368,85.2905,0.929643,17.8109,166.211
168.58,13.1996,2.48285,26.2984,24.3365,80.1023,0.929643,17.8109,172.052
168.6,13.1996,2.49768,25.886,24.5221,80.0984,0.929643,17.8109,175.771
168.62,13.2078,2.38816,25.8857,24.5223,77.0088,0.929643,17.8109,178.427
168.64,13.2078,2.4336,25.2902,24.5223,77.0065,0.929643,17.8109,182.143
168.66,13.2197,2.49394,25.2897,23.2228,76.0738,0.929643,17.8109,185.861
168.68,13.2197,2.4785,25.2897,23.2218,76.073,0.929643,17.8109,193.292
168.7,13.2304,2.39792,24.8774,23.1754,76.073,0.929643,17.8109,197.012
168.72,13.2304,2.39786,24.8771,23.1754,77.4721,0.888413,17.6257,200.73
168.74,13.2431,2.42698,24.4651,22.8044,77.4732,0.888381,17.6256,197.551
168.76,13.2431,2.44069,24.4644,22.8038,80.6793,0.935858,17.6256,195.954
168.78,13.2522,2.4744,24.6019,22.8038,80.6818,0.935895,17.6256,201.259
168.8,13.2522,2.43836,24.602,22.8038,82.8386,0.935895,17.6256,207.1
168.82,13.26,2.43007,24.4187,22.8038,82.8403,0.935895,17.6256,208.166
168.84,13.26,2.42317,24.4186,22.9431,82.3739,0.935895,17.6256,209.228
168.86,13.269,2.41082,24.4186,22.9432,82.3736,0.935895,17.6256,214.005
168.88,13.269,2.42879,24.3728,23.2214,82.3736,0.935895,17.6256,217.19
168.9,13.2773,2.42469,24.3728,23.2218,80.5665,0.935895,17.6256,220.378
168.92,13.2773,2.38766,24.6018,23.0362,80.5651,0.935895,17.6256,219.32
168.94,13.2859,2.42982,24.602,23.0361,78.8746,0.935895,17.6256,216.666
168.96,13.2859,2.45925,24.8311,23.0361,78.8733,0.935895,17.6256,217.725
168.98,13.2966,2.31518,24.8312,23.2217,77.9989,0.935895,18.4486,218.787
169,13.2966,2.33409,25.0603,23.2218,77.9982,0.868398,18.4492,216.134
169.02,13.3097,2.49355,25.0605,23.5464,77.8235,0.868347,18.4492,215.602
169.04,13.3097,2.47919,25.0605,23.5469,77.8232,0.972759,18.4492,215.071
169.06,13.3159,2.42657,24.923,23.2685,77.8232,0.972839,18.4492,213.479
169.08,13.3159,2.43632,24.9229,23.2683,77.59,0.972839,18.4492,211.885
169.1,13.3331,2.35233,24.4648,23.918,77.5898,0.972839,18.4492,207.108
169.12,13.3332,2.37954,24.4644,23.9185,78.1728,0.972839,18.4492,202.329
169.14,13.3401,2.3383,24.1438,23.9185,78.1732,0.972839,18.4492,194.897
169.16,13.3401,2.30832,24.1435,23.8721,80.6798,0.972839,18.4492,194.36
169.18,13.3508,2.3713,23.5021,23.872,80.6818,0.972839,18.4492,197.013
169.2,13.3508,2.38189,23.5016,23.9185,83.3633,0.972839,18.4492,192.77
169.22,13.3578,2.37444,22.9061,23.9185,83.3653,0.972839,18.4492,188.522
169.24,13.3578,2.32665,22.9056,23.8721,83.3653,0.972839,18.4492,188.519
169.26,13.3652,2.48278,22.9056,23.872,84.8227,0.922212,16.474,188.519
169.28,13.3652,2.51251,22.081,24.1969,84.8238,0.922173,16.4725,187.988
169.3,13.3697,2.52187,22.0804,24.1972,84.7655,0.949005,16.4725,187.457
169.32,13.3697,2.51884,21.1641,24.1972,84.7654,0.949026,16.4725,184.273
169.34,13.3796,2.44077,21.1634,24.0115,84.9403,0.949026,16.4725,185.331
169.36,13.3796,2.44266,20.7969,24.0114,84.9405,0.949026,16.4725,186.394
169.38,13.3874,2.41368,20.7966,24.3824,84.8822,0.949026,16.4725,183.743
169.4,13.3874,2.43611,20.7966,24.3829,84.8821,0.949026,16.4725,181.086
169.42,13.3915,2.46129,20.8424,24.1045,84.0077,0.949026,16.4725,183.737
169.44,13.3915,2.37993,20.8425,24.1043,84.007,0.949026,16.4725,186.392
169.46,13.3964,2.35974,20.7966,24.1043,84.007,0.949026,16.4725,189.048
169.48,13.3965,2.42212,20.7966,23.8258,81.6753,0.949026,16.4725,191.703
169.5,13.4018,2.38911,20.9799,23.8256,81.6735,0.949026,16.4725,195.419
169.52,13.4018,2.39003,20.98,23.501,77.4796,0.938514,16.7809,198.603
169.54,13.4047,2.39417,20.8426,23.5005,77.4732,0.938498,16.7814,201.792
169.56,13.4047,2.4043,20.8425,22.6187,72.4016,0.938498,16.7814,208.693
169.58,13.408,2.50918,20.8425,22.6181,72.3977,0.952071,16.7814,215.596
169.6,13.408,2.53512,20.705,21.9219,72.3977,0.952081,16.7814,214.01
169.62,13.4158,2.41227,20.7049,21.9214,68.9001,0.952081,16.7814,212.416
169.64,13.4158,2.38346,20.7965,21.9214,68.8974,0.952081,16.7814,215.599
169.66,13.4207,2.33445,20.7966,22.0142,67.3235,0.952081,16.7814,219.316
169.68,13.4207,2.3615,20.6592,22.0143,67.3223,0.952081,16.7814,226.748
169.7,13.424,2.46164,20.6591,21.4574,66.273,0.952081,16.7814,230.998
169.72,13.424,2.43034,20.6133,21.457,66.2722,0.952081,16.7814,235.247
169.74,13.4281,2.56484,20.6132,21.2715,65.049,0.952081,16.7814,236.841
169.76,13.4281,2.57447,20.6132,21.2712,65.0471,0.952081,16.7814,238.435
169.78,13.4302,2.41429,20.3383,20.8535,65.0471,0.952081,16.7814,239.497
169.8,13.4302,2.42397,20.3381,20.8532,64.231,0.964958,18.3862,240.559
169.82,13.4322,2.42817,19.7426,21.5493,64.2304,0.964968,18.3874,244.275
169.84,13.4322,2.39616,19.7421,21.5499,63.1811,0.986022,18.3874,246.4
169.86,13.4343,2.27867,19.0549,21.5499,63.1803,0.986038,18.3874,252.239
169.88,13.4343,2.31006,19.0544,20.3442,60.9668,0.986038,18.3874,258.076
169.9,13.4359,2.35836,18.5505,20.3423,60.9634,0.986038,18.3874,260.738
169.92,13.4359,2.33628,18.5501,20.5744,59.3312,0.986038,18.3874,262.332
169.94,13.4376,2.14493,18.5501,20.5745,59.33,0.986038,18.3874,263.925
169.96,13.4376,2.17906,17.7254,20.4817,59.33,0.986038,18.3874,261.803
169.98,13.4392,2.1672,17.7248,20.4817,58.1641,0.986038,18.3874,258.618
170,13.4392,2.19891,17.2209,21.085,58.1632,0.986038,18.3874,261.799
170.02,13.4404,2.18511,17.2205,21.0854,57.639,0.986038,18.3874,270.285
170.04,13.4404,2.21551,16.5333,21.0854,57.6382,0.986038,18.3874,273.482
170.06,13.4421,2.19336,16.5328,21.0854,57.6382,0.986038,18.3874,271.893
170.08,13.4421,2.20861,16.5328,21.0854,57.6382,0.998211,18.9841,268.177
170.1,13.4429,2.08188,15.8456,21.8744,57.8713,0.99822,18.9846,260.745
170.12,13.4429,2.09032,15.845,21.875,57.8715,0.994438,18.9846,253.311
170.14,13.4437,2.12516,15.2953,22.0606,57.8715,0.994435,18.9846,245.876
170.16,13.4437,2.15025,15.2949,22.0607,57.9881,0.994435,18.9846,243.748
170.18,13.4441,2.01719,14.3328,22.0143,57.9882,0.994435,18.9846,242.685
170.2,13.4441,1.99054,14.3321,22.0143,57.9882,0.994435,18.9846,242.154
170.22,13.4466,2.09914,13.6449,22.0143,57.9882,0.994435,18.9846,246.398
170.24,13.4466,2.14626,13.6443,22.6171,59.2114,0.994435,18.9846,247.992
170.26,13.4474,2.14633,13.6443,22.6181,59.2133,0.994435,18.9846,246.403
170.28,13.4474,2.16939,13.6443,23.7319,59.2133,0.994435,18.9846,241.095
170.3,13.4491,2.2626,13.6443,23.7327,63.0607,0.994435,18.9846,235.785
170.32,13.4491,2.29799,14.0567,24.1968,63.0636,0.994435,18.9846,232.066
170.34,13.4495,2.31573,14.057,24.1972,69.0096,0.993582,17.2974,228.349
170.36,13.4495,2.28961,14.4693,24.1972,69.0141,0.993581,17.2961,224.632
170.38,13.4499,2.48742,14.4696,24.8464,75.305,0.993581,17.2961,224.629
170.4,13.4499,2.45409,15.34,24.8474,75.3147,0.959545,17.2961,224.098
170.42,13.4503,2.56922,15.3407,24.9402,78.1127,0.959519,17.2961,217.2
170.44,13.4503,2.51307,16.6693,24.9403,78.1149,0.959519,17.2961,212.419
170.46,13.4519,2.49286,16.6703,25.4507,78.1149,0.959519,17.2961,212.946
170.48,13.4519,2.39563,16.6703,25.4511,79.0476,0.959519,17.2961,213.477
170.5,13.4523,2.57087,17.9073,25.4047,79.0483,0.959519,17.2961,209.232
170.52,13.4523,2.53503,17.9082,25.4047,81.4948,0.959519,17.2961,204.987
170.54,13.4528,2.54436,20.0614,25.4047,81.4985,0.959519,17.2961,204.981
170.56,13.4528,2.51142,20.063,24.9406,85.1127,0.959519,17.2961,204.981
170.58,13.4528,2.36726,22.5828,24.9403,85.1155,0.959519,17.2961,203.389
170.6,13.4536,2.38211,22.5847,24.4762,89.1377,0.959519,17.6665,200.734
170.62,13.4536,2.49015,24.7837,24.4758,89.1408,0.951873,17.6668,201.794
170.64,13.454,2.48421,24.7854,23.9653,91.764,0.951867,17.6668,198.08
170.66,13.454,2.397,24.7854,23.9649,91.766,0.930929,17.6668,194.363
170.68,13.4536,2.37647,25.0144,23.9649,91.766,0.930913,17.6668,193.829
170.7,13.4536,2.46735,25.0146,22.0622,91.9409,0.930913,17.6668,193.298
170.72,13.4544,2.44564,25.0604,22.0607,91.941,0.930913,17.6668,191.706
170.74,13.4544,2.52788,25.0605,20.5768,91.3586,0.930913,17.6668,191.705
170.76,13.454,2.56542,25.1521,20.5745,91.3577,0.930913,17.6668,191.705
170.78,13.454,2.56545,25.1522,18.3934,88.9093,0.930913,17.6668,191.705
170.8,13.454,2.43517,25.5187,18.3917,88.9075,0.930913,17.6668,190.113
170.82,13.454,2.43507,25.519,17.3707,86.1676,0.930913,17.6668,189.05
170.84,13.4548,2.51117,25.519,17.3699,86.1656,0.930913,17.6668,187.988
170.86,13.4548,2.51123,26.0687,17.3699,86.1656,0.930913,17.6668,188.518
170.88,13.4524,2.41287,26.0691,17.4163,83.7773,0.922224,18.9003,189.049
170.9,13.4523,2.41272,26.9854,17.4164,83.7737,0.92221,18.9022,187.988
170.92,13.4544,2.2931,26.9861,16.7203,81.3254,0.904929,18.9022,193.824
170.94,13.4544,2.29301,27.8565,16.7197,81.3235,0.904916,18.9022,208.156
170.96,13.4544,2.45644,27.8572,15.5595,78.059,0.904916,18.9022,218.249
170.98,13.4544,2.46063,27.8572,15.5586,78.0565,0.904916,18.9022,225.686
171,13.454,2.32985,28.3153,15.6979,74.384,0.904916,18.9022,234.712
171.02,13.454,2.32737,28.3157,15.698,74.3812,0.904916,18.9022,242.672
171.04,13.4552,2.36118,28.5906,15.8836,74.3812,0.904916,18.9022,246.93
171.06,13.4552,2.38932,28.5908,15.8837,71.6997,0.904916,18.9022,244.28
171.08,13.4552,2.29297,28.7282,15.8837,71.6977,0.904916,18.9022,241.624
171.1,13.4552,2.28195,28.7283,16.9511,70.3569,0.904916,18.9022,238.969
171.12,13.4544,2.36965,28.8199,16.9519,70.3559,0.904916,18.9022,238.967
171.14,13.4544,2.36829,28.82,17.3696,71.1137,0.904916,21.0214,240.028
171.16,13.456,2.19952,28.82,17.3699,71.1143,0.901923,21.023,238.968
171.18,13.456,2.21914,29.0491,18.1125,71.1143,0.901921,21.023,237.906
171.2,13.4536,2.24459,29.0492,18.113,72.5133,0.886514,21.023,234.191
171.22,13.4536,2.22372,29.3241,18.902,72.5144,0.886502,21.023,232.065
171.24,13.4528,2.12314,29.3243,18.9026,73.0969,0.886502,21.023,233.124
171.26,13.4528,2.16234,29.8283,19.3202,73.0978,0.886502,21.023,234.187
171.28,13.4519,2.14355,29.8287,19.3206,73.0978,0.886502,21.023,225.698
171.3,13.4519,2.15068,29.8287,19.3206,73.0978,0.886502,21.023,217.201
171.32,13.4519,2.01598,30.1035,18.9957,74.5551,0.886502,21.023,210.296
171.34,13.4519,2.0433,30.1037,18.9955,74.5563,0.886502,21.023,206.046
171.36,13.4528,1.8724,30.6993,18.9026,74.5563,0.886502,21.023,193.308
171.38,13.4528,1.87925,30.6998,18.9026,79.4492,0.886502,21.023,177.391
171.4,13.4523,1.7052,31.5702,18.949,79.4567,0.886502,21.558,164.101
171.42,13.4523,1.74614,31.5709,18.949,91.1737,0.886275,21.5584,151.356
171.44,13.4507,1.60119,33.8157,18.949,91.1826,0.886275,21.5584,139.672
171.46,13.4507,1.62547,33.8174,19.4595,111.819,0.886275,21.5584,127.458
171.48,13.4491,1.49783,33.8174,19.4599,111.834,0.888201,21.5584,122.143
171.5,13.4491,1.54369,37.7115,19.5991,111.834,0.888203,21.5584,116.832
171.52,13.4499,1.36339,37.7145,19.5992,141.25,0.888203,21.5584,114.177
171.54,13.4499,1.39728,43.3953,18.5782,141.295,0.888203,21.5584,108.867
171.56,13.4499,1.19514,43.3996,18.5775,175.922,0.888203,21.5584,99.3114
171.58,13.4499,1.35366,52.379,17.9742,175.948,0.888203,21.5584,91.8753
171.6,13.4515,1.21944,52.3858,17.9737,204.978,0.888203,21.5584,86.5632
171.62,13.4515,1.26745,66.6795,17.9737,205.001,0.888203,21.5584,83.906
171.64,13.4487,1.32991,66.6904,17.3704,221.439,0.888203,21.5584,80.1896
171.66,13.4486,1.3649,88.1767,17.3699,221.452,0.888203,21.5584,73.2885
171.68,13.4486,1.29865,88.1931,17.4627,221.452,0.888203,22.2168,66.385
171.7,13.4486,1.30965,88.1931,17.4628,231.304,0.899314,22.2173,65.3185
171.72,13.4499,1.32693,117.88,16.117,231.311,0.899322,22.2173,64.2564
171.74,13.4499,1.32308,117.903,16.116,236.612,0.897421,22.2173,64.7858
171.76,13.4491,1.30905,152.583,15.1878,236.62,0.897418,22.2173,62.6641
171.78,13.4491,1.31203,152.609,15.1871,237.669,0.897418,22.2173,58.9481
171.8,13.4486,1.34472,178.54,15.1871,237.67,0.897418,22.2173,58.4146
171.82,13.4486,1.33087,178.559,15.0479,236.387,0.897418,22.2173,63.7205
171.84,13.4466,1.39717,196.381,15.0477,236.386,0.897418,22.2173,68.5003
171.86,13.4466,1.4265,196.394,13.8411,234.754,0.897418,22.2173,73.2796
171.88,13.4429,1.40014,207.015,13.8402,234.753,0.897418,22.2173,76.9948
171.9,13.4429,1.4114,207.031,12.448,234.753,0.897418,22.2173,80.7149
171.92,13.4396,1.47578,207.031,12.4469,236.094,0.897418,22.2173,81.779
171.94,13.4396,1.43105,211.933,12.6325,236.095,0.897418,23.3489,80.1879
171.96,13.4396,1.43805,211.937,12.6327,237.261,0.907124,23.3498,78.0642
171.98,13.4396,1.43388,214.823,12.6327,237.262,0.907131,23.3498,80.1851
172,13.4404,1.40312,214.825,12.0294,234.463,0.907131,23.3498,83.3705
172.02,13.4404,1.37804,217.572,12.0289,234.461,0.880826,23.3498,84.4334
172.04,13.4371,1.40262,217.576,12.8643,229.273,0.880786,23.3498,85.4963
172.06,13.4371,1.39316,217.576,12.8649,229.269,0.880786,23.3498,89.2116
172.08,13.438,1.4306,219.637,12.4008,225.655,0.880786,23.3498,92.9288
172.1,13.438,1.45688,219.639,12.4005,225.652,0.880786,23.3498,93.9929
172.12,13.4355,1.45918,220.693,13.2358,225.652,0.880786,23.3498,95.055
172.14,13.4355,1.43004,220.694,13.2364,222.621,0.880786,23.3498,93.9945
172.16,13.4343,1.47852,219.686,13.7933,222.619,0.880786,23.3498,91.3406
172.18,13.4343,1.48658,219.685,13.7938,221.861,0.880786,23.3498,93.9917
172.2,13.433,1.44748,215.974,14.5827,221.86,0.880786,23.3498,98.2388
172.22,13.433,1.46276,215.971,14.5833,227.282,0.880786,21.3334,102.487
172.24,13.4334,1.42735,215.971,14.5833,227.286,0.88324,21.3319,98.7787
172.26,13.4334,1.41725,211.619,17.8319,227.286,0.883244,21.3319,95.0586
172.28,13.4355,1.47652,211.616,17.8344,233.756,0.88137,21.3319,89.7495
172.3,13.4355,1.43653,211.066,22.0575,233.761,0.881369,21.3319,86.031
172.32,13.4318,1.41097,211.065,22.0607,234.694,0.881369,21.3319,82.8444
172.34,13.4318,1.46915,213.539,26.1911,234.695,0.881369,21.3319,82.3113
172.36,13.4334,1.49751,213.541,26.1942,230.614,0.881369,21.3319,82.3109
172.38,13.4334,1.47067,220.042,33.7066,230.611,0.881369,21.3319,82.8411
172.4,13.4318,1.47062,220.052,33.7181,225.481,0.881369,21.3319,83.3726
172.42,13.4318,1.44471,220.052,37.8948,225.477,0.881369,21.3319,82.3117
172.44,13.4244,1.37866,229.718,37.898,225.477,0.881369,21.3319,81.2496
172.46,13.4244,1.37701,229.726,37.898,221.397,0.881369,21.3319,81.2488
172.48,13.4228,1.41,238.659,38.687,221.394,0.881369,21.0233,79.6569
172.5,13.4228,1.38758,238.666,38.6876,221.802,0.882381,21.023,76.4719
172.52,13.4195,1.38684,245.395,39.3368,221.802,0.882382,21.023,75.9392
172.54,13.4195,1.44131,245.406,39.3378,230.138,0.882382,21.023,75.4078
172.56,13.4203,1.42939,251.407,37.4351,230.144,0.89174,21.023,76.9993
172.58,13.4203,1.4045,251.412,37.4336,244.368,0.891747,21.023,78.5924
172.6,13.4182,1.38036,251.412,34.0458,244.379,0.891747,21.023,76.4711
172.62,13.4182,1.42068,256.772,34.0432,244.379,0.891747,21.023,74.3469
172.64,13.4158,1.32523,256.776,34.0432,258.602,0.891747,21.023,71.1615
172.66,13.4158,1.33539,263.923,30.377,258.613,0.891747,21.023,70.0978
172.68,13.4149,1.34618,263.928,30.3742,267.765,0.891747,21.023,66.3826
172.7,13.4149,1.36585,272.495,28.0073,267.772,0.891747,21.023,64.2572
172.72,13.4133,1.38432,272.502,28.0055,273.194,0.891747,21.023,67.4394
172.74,13.4133,1.37427,284.999,24.7131,273.198,0.891747,21.023,70.093
172.76,13.4117,1.38539,285.018,24.708,276.579,0.891747,24.2945,70.097
172.78,13.4117,1.36978,300.824,21.9699,276.582,0.893797,24.297,69.5664
172.8,13.408,1.34199,300.836,21.9679,276.582,0.893798,24.297,69.0353
172.82,13.408,1.35105,317.557,21.9679,278.389,0.854638,24.297,67.443
172.84,13.4092,1.32373,317.57,20.1579,278.39,0.854608,24.297,66.3806
172.86,13.4092,1.32181,317.57,20.1566,278.332,0.854608,24.297,65.8491
172.88,13.4092,1.34844,331.029,18.9972,278.332,0.854608,24.297,64.258
172.9,13.4092,1.35882,331.049,18.9955,277.865,0.854608,24.297,62.6637
172.92,13.4084,1.35369,340.166,18.9955,277.865,0.854608,24.297,62.6625
172.94,13.4084,1.36533,340.173,18.9955,277.69,0.854608,24.297,62.6625
172.96,13.4084,1.31,344.984,19.2739,277.69,0.854608,24.297,63.1931
172.98,13.4084,1.28309,344.987,19.2741,277.282,0.854608,24.297,63.7242
173,13.4088,1.23785,344.85,19.2741,277.282,0.854608,24.297,66.9084
173.02,13.4088,1.25858,344.85,20.2016,277.689,0.854608,24.0914,68.5015
173.04,13.4071,1.31302,335.275,20.203,277.69,0.863218,24.091,70.0958
173.06,13.4071,1.30737,335.267,20.5279,277.69,0.863224,24.091,72.7502
173.08,13.4063,1.30356,335.267,20.5281,279.38,0.855856,24.091,71.1603
173.1,13.4063,1.31608,316.026,20.7137,279.382,0.855851,24.091,72.2204
173.12,13.5041,1.27123,316.011,20.7139,279.323,0.855851,24.091,74.8743
173.14,13.5041,1.27978,288.798,21.2708,279.323,0.855851,24.091,72.2232
173.16,13.3768,1.26242,288.778,21.2712,277.458,0.855851,24.091,70.6293
173.18,13.3767,1.28122,252.631,21.2712,277.457,0.855851,24.091,71.6893
173.2,13.373,1.33138,252.604,21.5961,274.017,0.855851,24.091,72.7514
173.22,13.373,1.33759,209.036,21.5963,274.015,0.855851,24.091,73.8135
173.24,13.3685,1.4164,209.002,22.431,265.627,0.855851,24.091,75.9352
173.26,13.3685,1.36786,209.002,22.4323,265.614,0.855851,24.091,78.061
173.28,13.3685,1.43609,162.914,23.1748,265.614,0.855851,24.091,79.6545
173.3,13.3685,1.4587,162.879,23.1754,251.041,0.873698,18.7621,81.7783
173.32,13.3693,1.55099,123.16,24.0571,251.029,0.873712,18.7581,83.9024
173.34,13.3693,1.56484,123.129,24.0578,230.452,0.875516,18.7581,85.4959
173.36,13.3677,1.58311,95.0916,24.0578,230.436,0.875517,18.7581,87.089
173.38,13.3677,1.57123,95.0702,24.707,203.933,0.875517,18.7581,88.1507
173.4,13.3677,1.69255,72.7593,24.708,203.892,0.875517,18.7581,92.3974
173.42,13.3677,1.64724,72.7423,25.4506,172.18,0.875517,18.7581,93.9925
173.44,13.41,1.89547,72.7423,25.4511,172.156,0.875517,18.7581,93.4631
173.46,13.3784,1.7844,54.8753,26.5185,172.156,0.875517,18.7581,92.9321
173.48,13.3784,1.91445,54.8616,26.5193,138.696,0.875517,18.7581,93.9929
173.5,13.5008,1.88913,43.5458,27.958,138.67,0.875517,18.7581,99.3001
173.52,13.5008,2.22268,43.5372,27.9591,112.807,0.875517,18.7581,103.546
173.54,13.2076,2.14457,37.4899,27.9591,112.768,0.875517,18.7581,106.206
173.56,13.2074,2.25351,37.4853,28.3768,101.925,0.875517,18.0379,108.861
173.58,13.2033,2.15581,34.6907,28.3771,101.917,0.888126,18.0374,113.638
173.6,13.2033,2.24848,34.6885,29.3517,96.3207,0.888136,18.0374,118.418
173.62,13.2004,2.19168,34.6885,29.3524,96.3164,0.881027,18.0374,122.136
173.64,13.2004,2.4499,33.2683,29.7701,96.3164,0.881021,18.0374,125.853
173.66,13.1988,2.46854,33.2673,29.7704,88.6216,0.881021,18.0374,132.224
173.68,13.1988,2.46856,32.1677,30.8378,88.6158,0.881021,18.0374,138.596
173.7,13.1963,2.51141,32.1669,30.8386,82.4366,0.881021,18.0374,143.907
173.72,13.1963,2.51144,31.5255,30.8386,82.4319,0.881021,18.0374,148.687
173.74,13.1934,2.46843,31.525,31.5342,79.9854,0.881021,18.0374,153.463
173.76,13.1934,2.46836,31.5708,31.5353,79.9817,0.881021,18.0374,160.899
173.78,13.191,2.55402,31.5709,32.3706,79.5154,0.881021,18.0374,168.333
173.8,13.191,2.55408,31.5709,32.3712,79.515,0.881021,18.0374,170.462
173.82,13.191,2.53034,31.9832,33.2994,79.515,0.881021,18.7781,169.402
173.84,13.1848,2.52478,31.9835,33.3001,80.3311,0.884164,18.7787,173.646
173.86,13.1848,2.52478,32.1209,34.3211,80.3317,0.884166,18.7787,180.017
173.88,13.1819,2.50341,32.1211,34.3219,81.0307,0.893016,18.7787,183.734
173.9,13.1819,2.39055,31.6629,34.6003,81.0318,0.89303,18.7787,185.862
173.92,13.1794,2.41927,31.6626,34.6005,81.4398,0.89303,18.7787,191.17
173.94,13.1794,2.41092,30.3798,34.6005,81.4402,0.89303,18.7787,197.541
173.96,13.1753,2.387,30.3788,35.6679,80.3909,0.89303,18.7787,203.914
173.98,13.1753,2.42847,30.3788,35.6687,80.3901,0.89303,18.7787,208.164
174,13.1729,2.42068,29.2335,35.5759,80.3901,0.89303,18.7787,209.228
174.02,13.1729,2.42067,29.2326,35.5759,78.4678,0.89303,18.7787,210.289
174.04,13.17,2.42994,28.6829,35.9471,78.4649,0.89303,18.7787,212.414
174.06,13.17,2.42995,28.6825,35.9474,76.4246,0.89303,18.7787,214.007
174.08,13.1651,2.37486,28.4534,35.9474,76.4231,0.89303,18.7787,212.947
174.1,13.1651,2.37482,28.4532,36.5971,74.3245,0.89303,20.1778,211.885
174.12,13.1638,2.52774,28.3616,36.5976,74.3229,0.896998,20.1788,211.884
174.14,13.1638,2.52786,28.3615,37.0617,72.3992,0.897001,20.1788,211.884
174.16,13.1585,2.41057,28.3615,37.062,72.3977,0.897001,20.1788,214.007
174.18,13.1585,2.41048,28.0866,38.2687,72.3977,0.897001,20.1788,214.008
174.2,13.1552,2.36934,28.0864,38.2696,70.5906,0.897001,20.1788,212.416
174.22,13.1552,2.4032,27.949,39.7546,70.5893,0.897001,20.1788,216.13
174.24,13.1531,2.42826,27.9489,39.7558,70.4145,0.897001,20.1788,217.193
174.26,13.1531,2.38237,27.6282,39.4309,70.4142,0.897001,20.1788,212.95
174.28,13.1499,2.50051,27.628,39.4307,71.8716,0.897001,20.1788,212.946
174.3,13.1499,2.49802,27.628,38.7346,71.8727,0.897001,20.1788,215.599
174.32,13.1437,2.47496,27.628,38.734,73.33,0.897001,20.1788,212.418
174.34,13.1437,2.52861,27.628,38.734,73.3311,0.897001,20.1788,206.048
174.36,13.14,2.40611,27.5821,38.5484,73.3311,0.897001,18.3271,199.675
174.38,13.14,2.34496,27.5821,38.5482,74.0301,0.889927,18.3257,198.61
174.4,13.1342,2.44997,27.5363,38.1306,74.0312,0.889916,18.3257,199.67
174.42,13.1342,2.45707,27.5363,38.1303,73.798,0.87393,18.3257,200.732
174.44,13.1289,2.43422,27.7653,38.3159,73.7979,0.873918,18.3257,201.794
174.46,13.1289,2.41843,27.7655,38.316,72.8652,0.873918,18.3257,199.672
174.48,13.1268,2.432,28.0404,38.9193,72.8644,0.873918,18.3257,198.078
174.5,13.1268,2.44289,28.0406,38.9198,72.2232,0.873918,18.3257,198.608
174.52,13.1223,2.36713,28.1779,38.9198,72.2227,0.873918,18.3257,199.138
174.54,13.1223,2.3988,28.1781,39.3375,72.2227,0.873918,18.3257,195.425
174.56,13.1186,2.46657,28.1781,39.3378,72.9222,0.873918,18.3257,191.708
174.58,13.1186,2.42002,28.6363,38.1312,72.9228,0.873918,18.3257,185.868
174.6,13.1129,2.42449,28.6366,38.1303,74.3218,0.873918,18.3257,186.925
174.62,13.1129,2.45485,28.8199,37.8518,74.3229,0.873918,20.4655,189.579
174.64,13.1079,2.48248,28.82,37.8516,75.5471,0.873918,20.4671,192.764
174.66,13.1079,2.49957,29.0491,37.0162,75.548,0.865504,20.4671,198.604
174.68,13.1038,2.52755,29.0492,37.0156,77.0636,0.865497,20.4671,203.915
174.7,13.1038,2.49429,29.0492,37.0156,77.0648,0.852981,20.4671,204.98
174.72,13.1038,2.38023,29.1867,36.5051,78.0558,0.852972,20.4671,204.45
174.74,13.1001,2.36864,29.1868,36.5047,78.0565,0.852972,20.4671,209.752
174.76,13.1001,2.53689,29.2326,36.5975,78.0565,0.852972,20.4671,215.066
174.78,13.0944,2.54374,29.2326,36.5976,78.7561,0.852972,20.4671,225.153
174.8,13.0944,2.46119,29.4617,36.4584,78.7566,0.852972,20.4671,229.936
174.82,13.0931,2.46162,29.4619,36.4583,79.6893,0.852972,20.4671,228.878
174.84,13.0931,2.52883,29.7367,36.0406,79.69,0.852972,20.4671,227.816
174.86,13.0862,2.5237,29.737,36.0403,80.5644,0.852972,20.4671,230.999
174.88,13.0861,2.46126,29.5081,36.0403,80.5651,0.852972,24.3528,237.364
174.9,13.0804,2.49756,29.5077,35.437,80.5651,0.852972,24.3587,243.742
174.92,13.0804,2.49759,29.187,35.4365,81.3229,0.869647,24.3587,247.992
174.94,13.0738,2.54498,29.1868,35.2509,81.3235,0.86966,24.3587,248.525
174.96,13.0738,2.54501,29.1868,35.2507,82.023,0.83653,24.3587,253.301
174.98,13.0693,2.57243,29.0493,34.4154,82.0235,0.836505,24.3587,258.081
175,13.0693,2.57245,29.0492,34.4148,82.4899,0.836505,24.3587,263.921
175.02,13.066,2.47146,28.7746,33.8119,82.4902,0.836505,24.3587,262.865
175.04,13.066,2.47131,28.7742,33.811,83.1315,0.836505,24.3587,257.558
175.06,13.0615,2.4962,28.6825,33.0685,83.132,0.836505,24.3587,251.717
175.08,13.0615,2.49622,28.6825,33.0679,83.0737,0.836505,24.3587,249.059
175.1,13.0561,2.54696,28.6366,33.0679,83.0736,0.836505,24.3587,246.934
175.12,13.0561,2.55074,28.6366,32.511,82.549,0.836505,24.3587,247.463
175.14,13.0512,2.39025,28.6366,32.5106,82.5486,0.836505,24.3587,249.586
175.16,13.0512,2.38715,28.6824,32.4642,82.5486,0.836505,25.6138,251.71
175.18,13.0492,2.36289,28.6825,32.4641,81.7325,0.890216,25.6148,251.712
175.2,13.0492,2.34883,28.3618,32.789,81.7319,0.890257,25.6148,246.936
175.22,13.0446,2.38532,28.3615,32.7892,81.6153,0.864324,25.6148,242.157
175.24,13.0446,2.41601,28.4531,33.1138,81.6152,0.864304,25.6148,243.214
175.26,13.0409,2.43417,28.4532,33.1143,81.9649,0.864304,25.6148,243.746
175.28,13.0409,2.45263,28.3158,33.1143,81.9652,0.864304,25.6148,240.032
175.3,13.0364,2.53294,28.3157,32.8823,82.1401,0.864304,25.6148,235.784
175.32,13.0364,2.56049,28.3157,32.8821,82.1402,0.864304,25.6148,231.536
175.34,13.0368,2.55011,28.3615,32.6965,82.1402,0.864304,25.6148,227.288
175.36,13.0368,2.51238,28.3615,32.6963,82.3734,0.864304,25.6148,225.692
175.38,13.0344,2.35884,28.4531,32.6963,82.3736,0.864304,25.6148,224.1
175.4,13.0344,2.33903,28.4532,32.6963,82.3736,0.864304,25.6148,222.506
175.42,13.0323,2.37126,28.499,32.093,82.3736,0.864304,25.1621,219.852
175.44,13.0323,2.38442,28.4991,32.0926,82.6068,0.864304,25.1618,217.727
175.46,13.0307,2.41745,28.6823,31.4893,82.6069,0.920564,25.1618,219.848
175.48,13.0307,2.43981,28.6825,31.4888,82.8401,0.920607,25.1618,224.625
175.5,13.029,2.51819,28.6825,31.4888,82.8403,0.851456,25.1618,226.221
175.52,13.029,2.51305,28.4536,31.6743,82.8403,0.851403,25.1618,224.632
175.54,13.0274,2.44857,28.4532,31.6746,84.2393,0.851403,25.1618,220.384
175.56,13.0274,2.44801,28.4074,31.3497,84.2404,0.851403,25.1618,216.136
175.58,13.0249,2.35197,28.4074,31.3495,86.1058,0.851403,25.1618,212.949
175.6,13.0249,2.34047,27.9951,31.4887,86.1072,0.851403,25.1618,211.885
175.62,13.0204,2.44048,27.9947,31.4888,87.5063,0.851403,25.1618,210.823
175.64,13.0204,2.46956,27.6282,31.0711,87.5073,0.851403,25.1618,209.761
175.66,13.0196,2.41343,27.628,31.0708,87.6239,0.851403,25.1618,211.883
175.68,13.0196,2.39783,26.9408,30.8388,87.624,0.851403,25.1618,214.537
175.7,13.0183,2.41425,26.9402,30.8386,87.624,0.851403,24.4828,210.294
175.72,13.0183,2.39085,26.9402,30.8386,86.6913,0.921133,24.4823,206.577
175.74,13.0163,2.41606,26.3451,30.6067,86.6906,0.921186,24.4823,202.862
175.76,13.0163,2.41756,26.3442,30.6064,85.2333,0.808288,24.4823,204.448
175.78,13.013,2.48581,25.8861,29.9103,85.2321,0.808201,24.4823,207.103
175.8,13.013,2.46524,25.8857,29.9097,83.3084,0.808201,24.4823,206.044
175.82,13.0109,2.44712,25.7941,29.9097,83.307,0.808201,24.4823,204.982
175.84,13.0109,2.49084,25.794,29.9097,80.7421,0.808201,24.4823,208.165
175.86,13.0109,2.48166,25.5192,29.9097,80.7401,0.808201,24.4823,210.82
175.88,13.0109,2.48473,25.519,29.9097,77.7694,0.808201,24.4823,208.171
175.9,13.0093,2.5376,25.519,29.9097,77.7649,0.808201,24.4823,202.861
175.92,13.0093,2.53606,25.2899,29.26,77.7649,0.808201,24.4823,196.489
175.94,13.0097,2.43732,25.2897,29.2595,73.5677,0.808201,24.4823,193.3
175.96,13.0097,2.46145,25.0606,29.6772,73.5645,0.808201,25.367,190.114
175.98,13.0056,2.36286,25.0605,29.6775,70.1252,0.892318,25.3677,186.928
176,13.0056,2.34871,24.5107,30.0024,70.1226,0.892382,25.3677,182.68
176.02,13.0048,2.442,24.5103,30.0026,68.4333,0.892382,25.3677,180.026
176.04,13.0048,2.45046,23.7773,30.4203,68.4307,0.799778,25.3677,177.369
176.06,13.0035,2.45047,23.7767,30.4206,67.7312,0.799708,25.3677,178.428
176.08,13.0035,2.42973,23.1812,30.6526,67.7307,0.799708,25.3677,176.306
176.1,13.0035,2.49849,23.1807,30.6528,67.7307,0.799708,25.3677,170.468
176.12,13.0035,2.52049,23.1807,30.6528,68.1387,0.799708,25.3677,171.525
176.14,13.0027,2.47403,22.9058,29.7247,68.139,0.799708,25.3677,177.893
176.16,13.0027,2.46903,22.9056,29.7239,69.4215,0.799708,25.3677,184.265
176.18,13.0052,2.48291,22.4475,29.8632,69.4225,0.799708,25.3677,181.086
176.2,13.0052,2.43873,22.4471,29.8633,69.8888,0.799708,25.3677,177.9
176.22,13.0007,2.44322,22.1264,29.8169,69.8892,0.799708,23.7834,178.428
176.24,13.0007,2.4825,22.1262,29.8168,68.899,0.799708,23.7822,180.55
176.26,12.9978,2.51035,21.6223,28.9815,68.8974,0.782868,23.7822,178.43
176.28,12.9978,2.51997,21.6219,28.9809,67.2069,0.782855,23.7822,174.184
176.3,12.997,2.49205,21.0263,28.9809,67.2056,0.756799,23.7822,175.242
176.32,12.997,2.47342,21.0259,28.2383,67.2056,0.756779,23.7822,176.304
176.34,12.9957,2.56123,21.0259,28.2378,67.0308,0.756779,23.7822,178.427
176.36,12.9957,2.55283,20.751,27.4488,67.0306,0.756779,23.7822,179.49
176.38,13.0331,2.44268,20.7508,27.4482,68.1956,0.756779,23.7822,180.551
176.4,13.0331,2.43555,20.3843,27.5874,68.1974,0.756779,23.7822,181.614
176.42,12.9658,2.42623,20.384,27.5875,69.4799,0.756779,23.7822,186.921
176.44,12.9657,2.46692,20.2924,27.3091,69.4808,0.756779,23.7822,190.64
176.46,12.962,2.43688,20.2923,27.3089,69.714,0.756779,23.7822,189.581
176.48,12.962,2.39723,20.3381,27.3089,69.7142,0.756779,22.8152,184.805
176.5,12.9604,2.45857,20.3381,27.4017,68.8981,0.756779,22.8144,180.556
176.52,12.9604,2.47633,20.3381,27.4018,68.8974,0.735526,22.8144,180.023
176.54,12.962,2.36933,20.0174,27.9587,68.8974,0.735493,22.8144,183.206
176.56,12.962,2.34958,20.0172,27.9591,66.4491,0.743591,22.8144,181.086
176.58,12.9559,2.34146,20.2463,26.6133,66.4472,0.743597,22.8144,179.492
176.6,12.9559,2.3781,20.2464,26.6122,64.2904,0.743597,22.8144,182.144
176.62,12.9505,2.36999,20.7962,26.9835,64.2887,0.743597,22.8144,184.799
176.64,12.9505,2.40951,20.7966,26.9838,63.4143,0.743597,22.8144,183.209
176.66,12.9472,2.43462,21.2089,26.8445,63.4137,0.743597,22.8144,180.024
176.68,12.9472,2.37695,21.2092,26.8444,63.3554,0.743597,22.8144,181.083
176.7,12.946,2.48494,21.8048,26.8444,63.3553,0.743597,22.8144,184.268
176.72,12.946,2.52259,21.8053,27.0765,63.3553,0.743597,22.8144,186.923
176.74,13.2099,2.33282,21.8053,27.0767,63.8796,0.743597,22.8144,189.577
176.76,13.2103,2.33253,21.7595,27.3551,63.8804,0.743597,23.2671,192.764
176.78,12.9388,2.40832,21.7594,27.3553,64.8714,0.671031,23.2674,197.012
176.8,12.9386,2.37525,21.9427,26.7984,64.8721,0.670975,23.2674,201.26
176.82,12.9213,2.30708,21.9428,26.798,66.6209,0.670975,23.2674,201.794
176.84,12.9213,2.29718,21.9428,27.1229,66.6223,0.713562,23.2674,198.08
176.86,12.9209,2.47202,21.9428,27.1231,69.7118,0.713594,23.2674,194.893
176.88,12.9209,2.46357,21.4393,27.1231,69.7142,0.713594,23.2674,196.482
176.9,12.9172,2.37313,21.4385,27.1695,72.5706,0.713594,23.2674,202.852
176.92,12.9172,2.37162,21.4385,27.1695,72.5728,0.713594,23.2674,208.693
176.94,12.9156,2.49405,20.9804,27.1695,72.5728,0.713594,23.2674,210.29
176.96,12.9156,2.49262,20.98,27.1695,74.3799,0.713594,23.2674,208.169
176.98,12.9102,2.36619,20.2928,27.5872,74.3812,0.713594,23.2674,204.452
177,12.9102,2.39505,20.2923,27.5875,75.8386,0.713594,23.2674,200.205
177.02,12.9086,2.50926,19.6514,27.6339,75.8397,0.713594,23.5141,195.96
177.04,12.9086,2.52008,19.6504,27.634,77.6468,0.713594,23.5145,192.239
177.06,12.9045,2.3887,19.2839,26.7986,77.6482,0.646068,23.5145,192.766
177.08,12.9045,2.42267,19.2836,26.798,78.814,0.646017,23.5145,194.359
177.1,12.9008,2.46058,19.2836,27.03,78.8149,0.702265,23.5145,191.707
177.12,12.9008,2.41428,19.2836,27.0302,78.8149,0.702308,23.5145,185.868
177.14,12.9004,2.50783,19.2836,27.0302,78.1737,0.702308,23.5145,180.557
177.16,12.9004,2.48693,19.5127,26.9374,78.1732,0.702308,23.5145,179.492
177.18,12.9008,2.42296,19.5129,26.9373,75.6083,0.702308,23.5145,177.899
177.2,12.9008,2.44033,19.5129,27.4014,75.6063,0.702308,23.5145,176.306
177.22,12.8996,2.3908,19.5129,27.4018,72.5751,0.702308,23.5145,174.713
177.24,12.8996,2.3733,20.108,27.9582,72.5728,0.702308,23.5145,176.832
177.26,12.8983,2.56623,20.1089,27.9591,70.2993,0.702308,23.5145,179.489
177.28,12.8983,2.60714,20.6128,27.1701,70.2976,0.702308,21.4159,181.613
177.3,12.8987,2.43973,20.6132,27.1695,70.2976,0.702308,21.4143,180.023
177.32,12.8987,2.43469,20.6132,26.7055,70.1227,0.643624,21.4143,173.654
177.34,12.8987,2.46471,21.392,26.7051,70.1226,0.643579,21.4143,173.119
177.36,12.8987,2.40473,21.3926,26.7051,70.006,0.690106,21.4143,176.833
177.38,12.8967,2.48699,22.2166,25.6849,70.0059,0.690141,21.4143,178.957
177.4,12.8967,2.50519,22.2179,25.6833,69.5978,0.690141,21.4143,182.674
177.42,12.8946,2.41759,22.5844,25.6369,69.5975,0.690141,21.4143,186.392
177.44,12.8946,2.45019,22.5847,25.6369,70.1222,0.690141,21.4143,188.517
177.46,12.8922,2.43737,23.1803,26.1938,70.1226,0.690141,21.4143,190.11
177.48,12.8922,2.44716,23.1807,26.1942,70.8221,0.690141,21.4143,186.928
177.5,12.8852,2.47393,23.1807,26.5655,70.8226,0.690141,21.4143,182.68
177.52,12.8852,2.41625,23.3638,26.5658,70.8226,0.690141,21.4143,184.798
177.54,12.8761,2.51999,23.3641,26.5658,71.5804,0.690141,21.4143,190.108
177.56,12.8761,2.54723,23.4099,25.4056,71.581,0.690141,21.7229,196.479
177.58,12.8704,2.4239,23.4099,25.4047,72.5137,0.678652,21.7231,198.607
177.6,12.8704,2.40019,23.5474,24.5693,72.5144,0.678643,21.7231,200.731
177.62,12.8634,2.45884,23.5475,24.5687,73.3888,0.678643,21.7231,201.794
177.64,12.8634,2.47912,23.4101,24.0582,73.3895,0.712255,21.7231,202.856
177.66,12.858,2.5122,23.4099,24.0578,73.972,0.712281,21.7231,199.145
177.68,12.858,2.5138,23.2725,24.197,73.9729,0.712281,21.7231,194.894
177.7,12.8519,2.37226,23.2724,24.1972,73.9729,0.712281,21.7231,189.585
177.72,12.8519,2.38039,23.4098,25.3574,74.2643,0.712281,21.7231,187.989
177.74,12.8441,2.47991,23.4099,25.3582,74.2646,0.712281,21.7231,185.336
177.76,12.8441,2.48777,23.4099,25.3582,74.6143,0.712281,21.7231,176.842
177.78,12.842,2.43311,23.5474,25.9151,74.6146,0.712281,21.7231,169.937
177.8,12.842,2.41763,23.5475,25.9156,74.5563,0.712281,21.7231,164.626
177.82,12.8391,2.38894,23.7307,27.0758,74.5563,0.712281,23.1016,159.315
177.84,12.8391,2.42198,23.7309,27.0767,74.2648,0.712281,23.1027,156.128
177.86,12.8346,2.36506,23.9599,27.4943,74.2646,0.694847,23.1027,154.533
177.88,12.8346,2.3636,23.9601,27.4947,74.2646,0.694834,23.1027,154.002
177.9,12.8272,2.35244,23.9143,28.2372,74.2646,0.72359,23.1027,158.246
177.92,12.8231,2.31765,23.9143,28.2378,74.6143,0.723612,23.1027,159.841
177.94,12.8231,2.37224,23.8226,28.2378,74.6146,0.723612,23.1027,155.067
177.96,12.8153,2.39171,23.8226,28.8875,74.6146,0.723612,23.1027,153.471
177.98,12.8153,2.33658,23.8226,28.888,75.8388,0.723612,23.1027,150.817
178,12.8124,2.35851,23.6393,29.352,75.8397,0.723612,23.1027,148.162
178.02,12.8124,2.46463,23.6392,29.3524,76.7134,0.723612,23.1027,145.508
178.04,12.8095,2.45832,23.8224,28.6099,76.7148,0.723612,23.1027,143.913
178.06,12.8095,2.38739,23.8226,28.6093,76.7731,0.723612,23.1027,143.381
178.08,12.8083,2.39406,23.731,27.8668,76.7731,0.723612,22.7118,147.625
178.1,12.8083,2.56531,23.7309,27.8662,77.1229,0.723612,22.7115,144.975
178.12,12.8038,2.30232,23.3644,27.4949,77.1231,0.685734,22.7115,143.382
178.14,12.8038,2.30212,23.3641,27.4947,77.1814,0.685705,22.7115,148.687
178.16,12.8001,2.28013,23.3641,27.4947,77.1815,0.747211,22.7115,155.053
178.18,12.8001,2.2801,22.1271,25.3135,77.1815,0.747304,22.7115,159.839
178.2,12.8005,2.38064,22.1262,25.3118,77.2981,0.747304,22.7115,163.026
178.22,12.8005,2.38072,21.0725,22.8986,77.2981,0.747304,22.7115,166.212
178.24,12.7984,2.43182,21.0717,22.8967,77.5311,0.747304,22.7115,169.926
178.26,12.7984,2.4319,20.6594,21.1332,77.5315,0.747304,22.7115,171.524
178.28,12.7947,2.33778,20.6591,21.1319,77.24,0.747304,22.7115,168.341
178.3,12.7947,2.34826,20.9798,19.554,77.2398,0.747304,22.7115,164.094
178.32,12.7947,2.546,20.98,19.5528,77.3564,0.747304,22.7115,164.091
178.34,12.7947,2.55794,21.6672,19.5528,77.3565,0.747304,22.7115,166.744
178.36,12.7939,2.45825,21.6677,18.671,77.3565,0.747304,20.9215,169.399
178.38,12.7939,2.44598,21.6677,18.6704,78.9875,0.691372,20.9201,168.871
178.4,12.7915,2.4628,22.584,18.2991,78.99,0.691287,20.9201,168.34
178.42,12.7915,2.42509,22.5847,18.2988,82.371,0.759961,20.9201,165.686
178.44,12.789,2.46416,23.7758,18.0204,82.3736,0.760014,20.9201,163.031
178.46,12.789,2.47562,23.7767,18.0201,84.4139,0.760014,20.9201,159.845
178.48,12.7832,2.59297,25.0137,17.6953,84.4154,0.760014,20.9201,155.597
178.5,12.7832,2.57579,25.0146,17.695,84.5903,0.760014,20.9201,151.88
178.52,12.7832,2.52923,26.7542,18.066,84.5904,0.760014,20.9201,155.058
178.54,12.7832,2.52967,26.7568,18.0666,85.8729,0.760014,20.9201,164.615
178.56,12.782,2.32972,26.7568,18.0666,85.8739,0.760014,20.9201,167.275
178.58,12.782,2.36325,29.0933,17.9738,85.8739,0.760014,20.9201,163.032
178.6,12.7771,2.43489,29.0951,17.9737,87.8559,0.760014,20.9201,160.376
178.62,12.7771,2.41158,30.6985,17.8345,87.8574,0.760014,21.99,157.72
178.64,12.7758,2.38677,30.6998,17.8344,88.0322,0.716948,21.9908,159.841
178.66,12.7758,2.39976,30.6082,18.1126,88.0324,0.716915,21.9908,161.433
178.68,12.7709,2.41638,30.6081,18.113,87.0414,0.716915,21.9908,157.19
178.7,12.7709,2.41005,30.1499,17.8346,87.0406,0.762234,21.9908,157.718
178.72,12.7709,2.18392,30.1496,17.8344,86.2245,0.762269,21.9908,164.086
178.74,12.7709,2.16583,29.4629,17.8344,86.2239,0.762269,21.9908,166.212
178.76,12.7676,2.06199,29.4619,18.3449,86.2239,0.762269,21.9908,165.684
178.78,12.7676,2.0784,29.4619,18.3452,84.3585,0.762269,21.9908,165.153
178.8,12.7689,1.97649,27.3545,18.9021,84.3571,0.762269,21.9908,164.622
178.82,12.7689,1.97757,27.3529,18.9026,82.2585,0.762269,21.9908,163.561
178.84,12.7676,1.84842,24.0543,18.9954,82.2569,0.762269,21.9908,164.621
178.86,12.7676,1.85403,24.0518,18.9955,79.2839,0.762269,21.9908,165.152
178.88,12.7668,1.74925,20.6185,18.5781,79.2816,0.762269,20.9012,166.213
178.9,12.7668,1.83489,20.6132,18.5775,78.9319,0.762269,20.8995,172.052
178.92,12.766,1.73923,17.9561,18.7167,78.9316,0.745912,20.8995,177.363
178.94,12.766,1.79184,17.954,18.7168,84.3529,0.7459,20.8995,182.673
178.96,12.7652,1.74616,17.954,18.7168,84.3571,0.765233,20.8995,181.616
178.98,12.7652,1.84468,15.6176,18.5776,84.3571,0.765248,20.8995,179.493
179,12.7639,1.89834,15.6158,18.5775,94.6751,0.765248,20.8995,184.267
179.02,12.7639,1.98513,14.0136,18.8093,94.6829,0.765248,20.8995,189.042
179.04,12.7557,2.12855,14.0111,18.8097,103.077,0.765248,20.8995,193.825
179.06,12.7557,2.20029,13.5072,19.181,103.084,0.765248,20.8995,193.829
179.08,12.7545,2.35561,13.5068,19.1812,98.187,0.765248,20.8995,198.074
179.1,12.7545,2.25229,14.2856,19.3205,98.1832,0.765248,20.8995,208.159
179.12,12.7545,2.48101,14.2862,19.3206,90.7799,0.765248,20.8995,215.596
179.14,12.7545,2.31347,16.1187,19.3206,90.7743,0.765248,20.8995,217.193
179.16,12.7541,2.43896,16.1201,19.5524,90.7743,0.765248,18.5146,220.906
179.18,12.7541,2.38622,16.1201,19.5528,84.5951,0.763612,18.511,227.279
179.2,12.7545,2.485,18.8689,19.6456,84.5904,0.763611,18.511,233.652
179.22,12.7545,2.42953,18.871,19.6457,76.371,0.781052,18.511,233.657
179.24,12.752,2.51098,22.5332,20.2949,76.3647,0.781065,18.511,234.187
179.26,12.752,2.38013,22.5388,20.2959,71.2349,0.781065,18.511,244.8
179.28,12.7504,2.41928,25.7916,20.9456,71.231,0.781065,18.511,255.952
179.3,12.7504,2.36329,25.794,20.9461,70.0068,0.781065,18.511,257.552
179.32,12.7487,2.38365,28.4512,20.6212,70.0059,0.781065,18.511,254.37
179.34,12.7487,2.42872,28.4532,20.621,70.3556,0.781065,18.511,256.49
179.36,12.7462,2.5029,28.4532,20.621,70.3559,0.781065,18.511,258.614
179.38,12.7462,2.48179,30.9252,20.1109,70.3559,0.781065,18.511,258.616
179.4,12.7462,2.41248,30.929,20.1101,71.0554,0.781065,18.511,259.677
179.42,12.7462,2.3829,33.0822,20.5278,71.056,0.781065,19.0048,260.739
179.44,12.7446,2.39105,33.0839,20.5281,72.3384,0.786062,19.0052,258.087
179.46,12.7446,2.4144,33.5878,20.7137,72.3394,0.786066,19.0052,255.431
179.48,12.7438,2.43514,33.5882,20.7139,73.2138,0.786066,19.0052,252.246
179.5,12.7438,2.43467,33.0842,21.0387,73.2145,0.787992,19.0052,244.814
179.52,12.7417,2.4057,33.0839,21.039,74.8455,0.787993,19.0052,237.916
179.54,12.7417,2.42758,32.7174,21.039,74.8479,0.787993,19.0052,233.66
179.56,12.7417,2.40262,32.7171,21.1318,74.8479,0.787993,19.0052,232.065
179.58,12.7417,2.40211,32.7171,21.1319,77.8792,0.787993,19.0052,228.349
179.6,12.7421,2.38562,32.4422,21.5031,77.8815,0.787993,19.0052,224.632
179.62,12.7421,2.34278,32.442,21.5034,82.1953,0.787993,19.0052,220.915
179.64,12.7405,2.36294,32.2129,21.9675,82.1986,0.787993,19.0052,223.565
179.66,12.7405,2.34105,32.2127,21.9679,87.2662,0.787993,19.0052,226.218
179.68,12.7397,2.46045,32.2127,22.5712,87.274,0.787993,21.5153,218.793
179.7,12.7397,2.51174,32.2127,22.5716,91.1797,0.787993,21.5172,214.012
179.72,12.7384,2.50247,32.1211,23.7782,91.1826,0.801184,21.5172,218.784
179.74,12.7384,2.506,32.1211,23.7792,93.6874,0.801194,21.5172,215.076
179.76,12.7372,2.4467,32.1211,23.7792,93.6912,0.803088,21.5172,206.05
179.78,12.7372,2.45758,31.892,26.3316,93.6912,0.803089,21.5172,197.022
179.8,12.7368,2.50316,31.8918,26.3336,94.3324,0.803089,21.5172,193.301
179.82,12.7368,2.45835,31.846,29.5821,94.3329,0.803089,21.5172,189.583
179.84,12.7364,2.32946,31.846,29.5846,94.6827,0.803089,21.5172,187.989
179.86,12.7364,2.32889,32.2125,33.3901,94.6829,0.803089,21.5172,190.11
179.88,12.7339,2.3885,32.2127,33.393,95.4984,0.803089,21.5172,190.112
179.9,12.7339,2.41437,33.0374,36.688,95.4997,0.803089,21.5172,190.642
179.92,12.7351,2.38551,33.038,36.6905,98.0646,0.803089,21.5172,191.704
179.94,12.7352,2.35816,33.4961,36.6905,98.0666,0.803089,21.5172,192.235
179.96,12.7323,2.41115,33.4965,40.0319,98.0666,0.803089,21.6612,195.42
179.98,12.7323,2.42405,33.4965,40.0344,100.049,0.826108,21.6613,195.953
180,12.7319,2.37888,33.6339,41.8444,100.05,0.826126,21.6613,196.484
180.02,12.7319,2.38752,33.634,41.8457,99.2346,0.820606,21.6613,199.135
180.04,12.7298,2.28186,33.6798,43.4236,99.2333,0.820598,21.6613,201.792
180.06,12.7298,2.29538,33.6799,43.4248,97.3679,0.820598,21.6613,199.141
180.08,12.7298,2.28187,33.2218,43.9353,97.3665,0.820598,21.6613,196.486
180.1,12.7298,2.31229,33.2214,43.9357,97.8328,0.820598,21.6613,193.831
180.12,12.7278,2.37096,32.8549,43.3788,97.8332,0.820598,21.6613,188.523
180.14,12.7278,2.41627,32.8546,43.3784,99.4071,0.820598,21.6613,186.927
180.16,12.7269,2.4163,32.8546,43.3784,99.4083,0.820598,21.6613,193.818
180.18,12.7269,2.39644,33.0379,42.6359,99.4083,0.820598,21.6613,197.013
180.2,12.7253,2.41167,33.038,42.6353,99.1752,0.820598,21.6613,200.199
180.22,12.7253,2.40281,33.7252,41.8463,99.175,0.820598,21.2293,200.201
180.24,12.7249,2.45128,33.7257,41.8457,98.0683,0.8459,21.2289,200.201
180.26,12.7249,2.44251,34.5504,39.3861,98.0666,0.845939,21.2289,198.079
180.28,12.7241,2.46364,34.551,39.3842,95.6765,0.845939,21.2289,195.424
180.3,12.7241,2.46961,35.4214,38.0384,95.6747,0.796225,21.2289,194.891
180.32,12.7224,2.57017,35.4221,38.0374,91.3027,0.796187,21.2289,195.422
180.34,12.7224,2.50333,36.659,38.0374,91.2993,0.796187,21.2289,195.422
180.36,12.7228,2.41815,36.66,36.4131,91.2993,0.796187,21.2289,197.545
180.38,12.7228,2.42677,36.66,36.4118,86.5811,0.796187,21.2289,197.016
180.4,12.7232,2.37316,38.5383,35.6693,86.5739,0.796187,21.2289,196.485
180.42,12.7232,2.39033,38.5398,35.6687,84.8251,0.796187,21.2289,194.362
180.44,12.7208,2.46117,40.6013,34.5085,84.8238,0.796187,21.2289,190.115
180.46,12.7208,2.45574,40.6029,34.5076,86.3394,0.796187,21.2289,184.805
180.48,12.7199,2.37693,43.2601,34.1364,86.3406,0.796187,25.3028,184.801
180.5,12.7199,2.37927,43.2621,34.1361,91.2372,0.796187,25.3059,182.148
180.52,12.7204,2.39569,45.6426,33.5332,91.241,0.806944,25.3059,179.495
180.54,12.7204,2.39041,45.6462,33.5323,98.8192,0.80696,25.3059,180.022
180.56,12.7183,2.41109,45.6462,33.5323,98.825,0.840202,25.3059,176.838
180.58,12.7183,2.38506,47.7078,32.5113,98.825,0.840227,25.3059,173.652
180.6,12.7204,2.43475,47.7093,32.5106,105.237,0.840227,25.3059,170.466
180.62,12.7204,2.45602,49.2212,31.2575,105.242,0.840227,25.3059,167.279
180.64,12.7187,2.40996,49.2223,31.2566,108.099,0.840227,25.3059,165.685
180.66,12.7187,2.43042,50.8246,30.19,108.101,0.840227,25.3059,164.093
180.68,12.7195,2.41793,50.827,30.1884,109.15,0.840227,25.3059,158.784
180.7,12.7195,2.4106,52.5221,29.5387,109.151,0.840227,25.3059,154.005
180.72,12.7191,2.40229,52.5234,29.5382,109.501,0.840227,25.3059,152.94
180.74,12.7191,2.41004,54.034,29.5382,109.501,0.840227,25.3059,150.818
180.76,12.7183,2.32222,54.0364,28.61,109.501,0.840227,26.2318,147.1
180.78,12.7183,2.33307,54.0364,28.6093,110.259,0.822378,26.2325,141.261
180.8,12.7171,2.31493,54.861,27.3563,110.259,0.822364,26.2325,135.419
180.82,12.7171,2.28348,54.8616,27.3553,111.6,0.797293,26.2325,130.108
180.84,12.7167,2.01071,54.3577,26.4736,111.601,0.797274,26.2325,126.39
180.86,12.7167,1.98942,54.3573,26.4729,113.991,0.797274,26.2325,126.918
180.88,12.7183,1.88304,51.6564,26.241,113.993,0.797274,26.2325,128.509
180.9,12.7183,1.8756,51.6523,26.2407,117.199,0.797274,26.2325,125.858
180.92,12.7154,1.8387,48.0789,26.2407,117.201,0.797274,26.2325,125.856
180.94,12.7154,1.88051,48.0761,24.5236,120.757,0.797274,26.2325,126.387
180.96,12.7167,1.67008,48.0761,24.5223,120.76,0.797274,26.2325,123.734
180.98,12.7167,1.74368,44.3653,23.4549,120.76,0.797274,26.2325,121.079
181,12.7171,1.56899,44.3624,23.4541,124.025,0.797274,26.2325,117.893
181.02,12.7171,1.61085,42.2109,22.7585,124.027,0.797274,25.9858,118.421
181.04,12.7162,1.38669,42.2076,22.7574,128.283,0.782313,25.9854,120.013
181.06,12.7162,1.5527,40.8332,22.1077,128.286,0.782301,25.9854,120.015
181.08,12.7154,1.51607,40.8322,22.1072,133.008,0.782301,25.9854,124.79
181.1,12.7154,1.62826,40.9238,21.6895,133.011,0.829804,25.9854,133.284
181.12,12.7162,1.63515,40.9239,21.6892,136.042,0.82984,25.9854,135.944
181.14,12.7162,1.64411,42.2524,21.6892,136.045,0.82984,25.9854,134.884
181.16,12.7162,1.60174,42.2534,21.04,136.045,0.82984,25.9854,133.823
181.18,12.7162,1.57278,42.2534,21.039,133.422,0.82984,25.9854,138.067
181.2,12.715,1.6229,45.4145,21.0854,133.42,0.82984,25.9854,142.315
181.22,12.715,1.59689,45.4169,21.0854,130.621,0.82984,25.9854,144.441
181.24,12.7162,1.5734,50.2236,19.9261,130.619,0.82984,25.9854,146.033
181.26,12.7162,1.54211,50.231,19.9243,131.319,0.82984,25.9854,143.913
181.28,12.7158,1.54209,57.0571,19.7387,131.319,0.82984,22.8991,137.544
181.3,12.7158,1.54721,57.0623,19.7386,131.494,0.82984,22.8968,131.702
181.32,12.7146,1.61564,64.2549,18.9032,131.494,0.815355,22.8968,130.106
181.34,12.7146,1.59382,64.2604,18.9026,133.185,0.815344,22.8968,130.635
181.36,12.7142,1.51385,64.2604,18.9026,133.186,0.832153,22.8968,130.635
181.38,12.7142,1.51103,71.2187,18.3461,133.186,0.832165,22.8968,130.635
181.4,12.715,1.47179,71.2293,18.3452,143.096,0.832165,22.8968,129.043
181.42,12.715,1.50462,77.9638,17.3243,143.104,0.832165,22.8968,127.981
181.44,12.7142,1.34462,77.969,17.3235,160.125,0.832165,22.8968,126.919
181.46,12.7142,1.40923,86.032,16.6738,160.138,0.832165,22.8968,124.796
181.48,12.7154,1.40856,86.0382,16.6733,173.604,0.832165,22.8968,124.263
181.5,12.7154,1.411,96.0712,16.07,173.615,0.832165,22.8968,118.957
181.52,12.7158,1.4023,96.0789,16.0695,183.983,0.832165,22.8968,114.18
181.54,12.7158,1.40582,96.0789,16.0695,183.999,0.832165,22.8968,115.234
181.56,12.7146,1.37444,107.395,15.4662,183.999,0.832165,23.1025,114.174
181.58,12.7146,1.36419,107.403,15.4657,195.774,0.825806,23.1027,113.112
181.6,12.7146,1.37946,121.193,15.1409,195.783,0.825802,23.1027,108.335
181.62,12.7146,1.42245,121.204,15.1406,204.119,0.855969,23.1027,105.148
181.64,12.9117,1.37354,138.842,14.6301,204.125,0.855992,23.1027,104.084
181.66,12.9119,1.38233,138.855,14.6298,209.892,0.855992,23.1027,100.372
181.68,12.648,1.37845,153.103,14.6298,209.901,0.855992,23.1027,100.366
181.7,12.6478,1.40317,153.114,14.6298,217.129,0.855992,23.1027,101.427
181.72,12.6478,1.38228,162.414,14.6298,217.135,0.855992,23.1027,101.959
181.74,12.6478,1.35962,162.421,14.537,217.135,0.855992,23.1027,99.3082
181.76,12.6492,1.40415,162.421,14.5369,225.413,0.855992,23.1027,94.5284
181.78,12.6492,1.39884,168.331,14.9081,225.419,0.855992,23.1027,89.7491
181.8,12.6464,1.35651,168.335,14.9084,231.54,0.855992,23.1027,92.3986
181.82,12.6464,1.36629,168.06,15.0012,231.544,0.855992,23.473,96.6457
181.84,12.6482,1.40415,168.06,15.0013,234.226,0.855992,23.4733,97.1796
181.86,12.6482,1.39796,161.646,15.7438,234.228,0.851746,23.4733,97.7106
181.88,12.6427,1.42432,161.641,15.7444,231.898,0.851743,23.4733,95.5901
181.9,12.6427,1.38304,151.104,15.698,231.894,0.838471,23.4733,91.8724
181.92,12.6436,1.37016,151.096,15.698,226.123,0.838461,23.4733,91.3389
181.94,12.6436,1.39776,138.269,15.698,226.119,0.838461,23.4733,90.2773
181.96,12.6417,1.38075,138.259,16.4869,226.119,0.838461,23.4733,90.8071
181.98,12.6417,1.37151,138.259,16.4875,216.151,0.838461,23.4733,93.4607
182,12.6417,1.3972,126.622,17.1836,216.143,0.838461,23.4733,96.1159
182.02,12.6417,1.39777,126.614,17.1842,202.105,0.838461,23.4733,95.5877
182.04,12.6408,1.47321,115.344,17.509,202.084,0.838461,23.4733,93.4643
182.06,12.6408,1.464,115.335,17.5093,185.586,0.838461,23.4733,95.0546
182.08,12.6408,1.49908,103.195,17.138,185.574,0.838461,20.5105,99.3009
182.1,12.6408,1.51318,103.185,17.1377,168.319,0.838461,20.5083,103.549
182.12,12.6427,1.6015,90.7242,17.1377,168.306,0.838461,20.5083,106.736
182.14,12.6427,1.61741,90.7147,16.9985,151.459,0.838461,20.5083,108.861
182.16,12.6403,1.6165,90.7147,16.9984,151.446,0.827101,20.5083,114.165
182.18,12.6403,1.6195,78.0245,16.952,151.446,0.827084,20.5083,119.48
182.2,12.6389,1.79317,78.0148,16.9519,137.922,0.827084,20.5083,126.382
182.22,12.6389,1.73675,66.9739,15.8845,137.912,0.827084,20.5083,125.856
182.24,12.6408,1.87138,66.9655,15.8837,128.126,0.827084,20.5083,129.568
182.26,12.6408,1.82192,58.9482,15.4661,128.111,0.827084,20.5083,137.002
182.28,12.6422,1.8268,58.9421,15.4657,119.833,0.827084,20.5083,141.253
182.3,12.6422,1.79967,53.1238,15.4657,119.827,0.827084,20.5083,148.154
182.32,12.6422,1.97933,53.1194,14.7696,113.298,0.827084,20.5083,153.997
182.34,12.6422,1.94224,53.1194,14.7691,113.293,0.827084,20.5083,156.654
182.36,12.6422,1.9813,47.8967,14.1658,113.293,0.827084,18.4919,157.717
182.38,12.6422,1.88291,47.8927,14.1653,107.584,0.832375,18.4904,157.188
182.4,12.6408,1.99549,43.9528,13.7012,107.576,0.832383,18.4904,156.657
182.42,12.6408,1.96768,43.9498,13.7009,102.213,0.839914,18.4904,158.248
182.44,12.6403,1.95787,40.972,12.8191,102.209,0.83992,18.4904,163.025
182.46,12.6403,1.95421,40.9697,12.8185,99.0607,0.83992,18.4904,165.682
182.48,12.6417,1.96886,39.1372,12.8185,99.0583,0.83992,18.4904,164.623
182.5,12.6417,1.91426,39.1358,12.8185,98.0673,0.83992,18.4904,166.214
182.52,12.6413,1.89221,37.3504,12.8185,98.0666,0.83992,18.4904,167.806
182.54,12.6413,1.85946,37.3477,13.0969,98.0666,0.83992,18.4904,167.808
182.56,12.638,1.82878,37.3477,13.0971,97.4836,0.83992,18.4904,168.869
182.58,12.638,1.81455,36.0191,13.5612,97.4832,0.83992,18.4904,169.931
182.6,12.6427,1.78791,36.0181,13.5616,96.6088,0.83992,18.4904,170.463
182.62,12.6427,1.80249,35.0102,13.3295,96.6081,0.83992,19.9101,169.402
182.64,12.6399,1.79696,35.0095,13.3293,96.4915,0.83992,19.9111,168.871
182.66,12.6399,1.81419,33.8192,13.9786,96.4914,0.851651,19.9111,164.098
182.68,12.6413,1.73372,33.8174,13.9795,99.6393,0.851669,19.9111,158.254
182.7,12.6413,1.72836,32.9928,14.7221,99.6417,0.86096,19.9111,155.596
182.72,12.6427,1.6483,32.9922,14.7226,105.996,0.860968,19.9111,154.533
182.74,12.6427,1.74153,32.9922,14.7226,106.001,0.860968,19.9111,154.532
182.76,12.6473,1.694,32.305,15.3259,106.001,0.860968,19.9111,154.532
182.78,12.6473,1.67867,32.3044,15.3264,107.749,0.860968,19.9111,154.001
182.8,12.6501,1.6963,31.2966,16.0689,107.751,0.860968,19.9111,153.47
182.82,12.6501,1.66466,31.2958,16.0695,107.984,0.860968,19.9111,155.062
182.84,12.6529,1.57667,29.5549,16.9977,107.984,0.860968,19.9111,154.532
182.86,12.6529,1.61665,29.5536,16.9984,110.724,0.860968,19.9111,152.41
182.88,12.6557,1.58135,27.5393,16.8129,110.726,0.860968,19.7056,152.408
182.9,12.6557,1.60182,27.5363,16.8126,115.389,0.860968,19.7052,154.53
182.92,12.6589,1.69103,27.5363,16.8126,115.393,0.860418,19.7052,154.001
182.94,12.6589,1.69171,24.7875,16.6734,115.393,0.860418,19.7052,152.409
182.96,12.6589,1.66879,24.7854,16.6733,121.805,0.845547,19.7052,152.408
182.98,12.6589,1.73254,22.0366,16.8125,121.81,0.845535,19.7052,152.408
183,12.6617,1.76702,22.0345,16.8126,126.357,0.845535,19.7052,153.469
183.02,12.6617,1.80767,19.8372,16.859,126.361,0.845535,19.7052,155.061
183.04,12.6631,1.95998,19.8338,16.8591,124.903,0.845535,19.7052,161.961
183.06,12.6631,2.00751,18.551,16.4878,124.902,0.845535,19.7052,168.334
183.08,12.664,2.10804,18.5501,16.4875,115.867,0.845535,19.7052,170.992
183.1,12.664,2.02317,18.0003,16.1626,115.86,0.845535,19.7052,174.709
183.12,12.664,2.25805,17.9999,16.1624,115.86,0.845535,19.7052,177.365
183.14,12.664,2.11998,17.9999,16.1624,103.851,0.845535,19.7052,178.428
183.16,12.6645,2.24904,18.0457,16.7652,103.842,0.845535,18.0811,179.489
183.18,12.6645,2.18202,18.0457,16.7662,91.6004,0.841736,18.0786,184.267
183.2,12.6654,2.45209,18.4581,17.1374,91.591,0.841733,18.0786,191.168
183.22,12.6654,2.30988,18.4584,17.1377,82.7304,0.841733,18.0786,193.827
183.24,12.6631,2.3509,18.7788,18.4825,82.7236,0.841733,18.0786,194.359
183.26,12.6631,2.28121,18.7793,18.4846,77.8852,0.841733,18.0786,197.013
183.28,12.6617,2.4506,19.6498,19.6912,77.8815,0.841733,18.0786,201.26
183.3,12.6617,2.46353,19.6504,19.6921,74.5005,0.841733,18.0786,208.162
183.32,12.664,2.37162,20.2918,19.6921,74.4979,0.841733,18.0786,212.943
183.34,12.664,2.35527,20.2923,19.5065,74.4979,0.841733,18.0786,211.885
183.36,12.6631,2.35526,20.2923,19.5063,70.7671,0.841733,18.0786,211.884
183.38,12.6631,2.28119,20.7501,19.5991,70.7643,0.841733,18.0786,211.884
183.4,12.664,2.20304,20.7508,19.5992,66.742,0.841733,18.0786,212.415
183.42,12.664,2.24332,21.0256,18.8567,66.7389,0.841733,18.3872,211.885
183.44,12.6645,2.36792,21.0259,18.8561,64.9901,0.841733,18.3874,214.537
183.46,12.6645,2.28674,20.7052,19.413,64.9888,0.830682,18.3874,211.886
183.48,12.6636,2.27009,20.7049,19.4135,63.9395,0.830673,18.3874,207.639
183.5,12.6636,2.29482,20.0177,19.367,63.9387,0.855268,18.3874,207.105
183.52,12.664,2.33653,20.0172,19.367,63.5892,0.855287,18.3874,206.575
183.54,12.664,2.3468,20.0172,19.367,63.5887,0.855287,18.3874,207.104
183.56,12.6649,2.2482,19.3758,19.5526,63.5887,0.855287,18.3874,207.635
183.58,12.665,2.27757,19.3753,19.5528,63.4721,0.855287,18.3874,209.758
183.6,12.6645,2.37012,18.7339,20.6666,63.472,0.855287,18.3874,208.168
183.62,12.6645,2.34541,18.7335,20.6674,63.6469,0.855287,18.3874,216.657
183.64,12.6631,2.22677,17.6798,21.7812,63.647,0.855287,18.3874,229.399
183.66,12.6631,2.23308,17.679,21.7821,63.414,0.855287,18.3874,233.12
183.68,12.6654,2.26345,16.8085,22.6638,63.4137,0.855287,19.7042,234.718
183.7,12.6654,2.21036,16.8078,22.6645,63.0639,0.855287,19.7052,233.658
183.72,12.6626,2.21355,16.3497,22.6645,63.0636,0.85923,19.7052,229.942
183.74,12.6626,2.24598,16.3494,23.5456,63.0636,0.859233,19.7052,223.577
183.76,12.6649,2.37541,16.3494,23.5469,61.7812,0.900751,19.7052,223.036
183.78,12.665,2.40801,16.3952,24.4287,61.7802,0.900783,19.7052,222.505
183.8,12.665,2.25795,16.3952,24.4294,60.0314,0.900783,19.7052,225.689
183.82,12.665,2.27288,16.5785,25.3575,60.03,0.900783,19.7052,228.344
183.84,12.664,2.39724,16.5786,25.3582,58.5727,0.900783,19.7052,231
183.86,12.664,2.37528,17.2658,26.1008,58.5716,0.900783,19.7052,230.471
183.88,12.6645,2.34549,17.2663,26.1013,58.1056,0.900783,19.7052,231.531
183.9,12.6645,2.36623,17.9535,26.1013,58.1049,0.900783,19.7052,234.186
183.92,12.664,2.27514,17.954,27.0759,57.3471,0.900783,19.7052,234.188
183.94,12.664,2.25002,17.954,27.0767,57.3465,0.900783,19.7052,234.188
183.96,12.6663,2.47327,18.2289,27.5872,57.3465,0.900783,21.8656,234.188
183.98,12.6659,2.42417,18.2291,27.5875,57.3465,0.93381,21.8673,234.188
184,12.6659,2.37865,18.6873,27.3091,57.3465,0.933835,21.8673,232.596
184.02,12.665,2.40378,18.6876,27.3089,57.463,0.908379,21.8673,228.883
184.04,12.665,2.38872,19.0541,28.4227,57.4632,0.90834,21.8673,215.081
184.06,12.6645,2.36275,19.0544,28.4235,57.4632,0.90834,21.8673,203.396
184.08,12.6645,2.35529,19.5583,27.3561,57.4632,0.90834,21.8673,200.734
184.1,12.6654,2.39445,19.5587,27.3553,57.7546,0.90834,21.8673,200.202
184.12,12.6654,2.44669,19.4213,27.3553,57.7548,0.90834,21.8673,202.324
184.14,12.6659,2.43404,19.4212,27.1697,57.7548,0.90834,21.8673,201.795
184.16,12.6659,2.55486,19.4212,27.1695,59.3276,0.90834,21.8673,203.915
184.18,12.665,2.43671,19.4212,27.5872,59.33,0.90834,21.8673,206.041
184.2,12.665,2.43662,19.4212,27.5875,61.8366,0.90834,21.8673,209.227
184.22,12.664,2.43451,19.7419,27.2627,61.8385,0.90834,20.3859,208.698
184.24,12.664,2.43451,19.7421,27.2624,64.285,0.90834,20.3847,204.986
184.26,12.6663,2.34125,19.8796,26.8448,64.2887,0.98022,20.3847,201.266
184.28,12.6663,2.34117,19.8797,26.8444,65.8627,0.980275,20.3847,199.672
184.3,12.665,2.44329,20.1545,26.8444,65.8639,0.945142,20.3847,196.487
184.32,12.665,2.44337,20.1547,26.0091,66.5051,0.945116,20.3847,195.953
184.34,12.6654,2.46154,20.1547,26.0085,66.5056,0.945116,20.3847,198.076
184.36,12.6654,2.47102,20.338,25.73,66.5056,0.945116,20.3847,200.2
184.38,12.6654,2.46182,20.3381,25.7298,66.8551,0.945116,20.3847,201.262
184.4,12.6654,2.50919,20.5214,25.1729,66.8556,0.945116,20.3847,202.325
184.42,12.6663,2.54231,20.5215,25.1725,66.9139,0.945116,20.3847,197.55
184.44,12.6663,2.48156,20.888,24.9404,66.9139,0.945116,20.3847,194.893
184.46,12.6663,2.42289,20.8883,24.9403,67.2637,0.945116,20.3847,197.544
184.48,12.6663,2.42785,21.0257,23.7336,67.264,0.945116,22.3805,198.077
184.5,12.6654,2.44063,21.0259,23.7327,67.5554,0.945116,22.382,194.363
184.52,12.6654,2.45386,21.0259,23.7327,67.5557,1.06665,22.382,188.527
184.54,12.6659,2.47235,21.1175,24.3824,67.5557,1.06683,22.382,186.396
184.56,12.6659,2.44041,21.1175,24.3829,68.1386,0.977266,22.382,186.925
184.58,12.665,2.49069,21.0259,23.9188,68.139,0.977197,22.382,187.456
184.6,12.665,2.50563,21.0259,23.9185,68.8969,0.977197,22.382,187.456
184.62,12.6668,2.50565,20.5677,24.2898,68.8974,0.977197,22.382,186.395
184.64,12.6668,2.47763,20.5674,24.29,69.8884,0.977197,22.382,189.048
184.66,12.665,2.34038,20.6589,24.8929,69.8892,0.977197,22.382,194.882
184.68,12.665,2.35864,20.6591,24.8938,71.1134,0.977197,22.382,203.381
184.7,12.6654,2.47428,20.0635,24.8938,71.1143,0.977197,22.382,209.755
184.72,12.6654,2.5032,20.063,24.0585,71.1143,0.977197,22.382,210.291
184.74,12.6636,2.57211,20.063,24.0578,71.8715,0.977197,22.382,208.17
184.76,12.6636,2.54192,19.8798,24.8932,71.8727,0.977197,23.9251,206.044
184.78,12.6649,2.4114,19.8797,24.8938,72.1059,1.05695,23.9263,206.043
184.8,12.665,2.40786,19.8797,24.8474,72.106,1.05701,23.9263,207.104
184.82,12.6654,2.39967,19.8797,24.8474,71.698,1.05701,23.9263,201.799
184.84,12.6654,2.38171,19.559,24.1976,71.6977,0.9943,23.9263,202.325
184.86,12.665,2.3413,19.5587,24.1972,71.5811,0.994252,23.9263,208.162
184.88,12.665,2.33113,19.3756,25.1246,71.581,0.994252,23.9263,208.697
184.9,12.664,2.52809,19.3753,25.126,71.173,0.994252,23.9263,208.167
184.92,12.664,2.53407,19.3753,25.126,71.1726,0.994252,23.9263,211.881
184.94,12.6654,2.43308,19.2379,25.8686,71.1726,0.994252,23.9263,212.945
184.96,12.6654,2.45756,19.2378,25.8691,71.1143,0.994252,23.9263,210.293
184.98,12.6654,2.3518,19.0545,24.4769,71.1143,0.994252,23.9263,207.638
185,12.6654,2.36228,19.0544,24.4758,70.9394,0.994252,23.9263,207.105
185.02,12.6631,2.51971,18.8713,24.5686,70.9393,0.994252,23.7618,207.105
185.04,12.6631,2.47102,18.871,24.5687,70.0649,0.994252,23.7616,206.044
185.06,12.6659,2.54164,18.5961,24.5223,70.0642,1.0337,23.7616,201.267
185.08,12.6659,2.58691,18.5959,24.5223,68.9566,1.03373,23.7616,195.957
185.1,12.665,2.41078,18.0462,24.5223,68.9558,0.987743,23.7616,187.994
185.12,12.665,2.38428,18.0457,24.9863,68.9558,0.987708,23.7616,179.497
185.14,12.664,2.45012,18.0457,24.9867,68.3728,0.987708,23.7616,176.838
185.16,12.664,2.4976,17.9542,24.8012,68.3724,0.987708,23.7616,174.185
185.18,12.6649,2.40548,17.954,24.8009,67.7895,0.987708,23.7616,172.589
185.2,12.665,2.41216,17.9082,24.1976,67.789,0.987708,23.7616,168.873
185.22,12.665,2.53268,17.9082,24.1972,67.6141,0.987708,23.7616,168.339
185.24,12.665,2.52715,18.2744,25.0782,67.614,0.987708,23.7616,174.172
185.26,12.665,2.34737,18.275,25.0796,67.614,0.987708,23.7616,177.364
185.28,12.665,2.36995,18.8705,24.7547,67.614,0.987708,22.9386,175.244
185.3,12.6654,2.54238,18.871,24.7545,67.614,0.987708,22.938,175.243
185.32,12.6654,2.50775,18.871,24.7545,67.614,1.00443,22.938,176.304
185.34,12.6645,2.48458,18.9168,24.8473,67.614,1.00444,22.938,177.366
185.36,12.6645,2.51024,18.9169,24.8474,67.2059,1.00736,22.938,181.081
185.38,12.6659,2.4823,19.5577,24.9865,67.2056,1.00736,22.938,184.796
185.4,12.6659,2.47873,19.5587,24.9867,67.2056,1.00736,22.938,184.801
185.42,12.6645,2.47873,19.9252,24.3834,67.2056,1.00736,22.938,182.679
185.44,12.6645,2.46873,19.9255,24.3829,67.5554,1.00736,22.938,183.208
185.46,12.6645,2.43785,20.1088,24.4293,67.5557,1.00736,22.938,184.8
185.48,12.6645,2.42023,20.1089,24.4294,68.7215,1.00736,22.938,184.801
185.5,12.6654,2.4161,20.7961,24.4294,68.7224,1.00736,22.938,185.332
185.52,12.6654,2.43706,20.7966,23.9656,68.7224,1.00736,22.938,185.863
185.54,12.665,2.57368,20.7966,23.9649,70.2381,1.00736,22.938,188.516
185.56,12.665,2.53514,21.2089,24.0113,70.2392,1.00736,24.0902,191.172
185.58,12.6654,2.46276,21.2092,24.0114,71.3468,1.00402,24.091,196.48
185.6,12.6654,2.46271,20.7969,24.5683,71.3476,1.00402,24.091,200.729
185.62,12.6659,2.33991,20.7966,24.5687,71.2311,1.00402,24.091,202.324
185.64,12.6659,2.35557,20.6592,24.9864,71.231,0.974989,24.091,200.734
185.66,12.6677,2.6797,20.6591,24.9867,69.8912,0.974966,24.091,199.672
185.68,12.6677,2.66074,20.7965,25.0795,69.8892,0.974966,24.091,201.262
185.7,12.6668,2.38782,20.7966,25.0796,68.0821,0.974966,24.091,202.325
185.72,12.6668,2.41635,20.7966,25.0796,68.0807,0.974966,24.091,201.264
185.74,12.6673,2.61162,21.1171,24.1985,68.0807,0.974966,24.091,200.203
185.76,12.6673,2.54155,21.1175,24.1972,66.5651,0.974966,24.091,204.977
185.78,12.6687,2.41157,21.5757,24.1972,66.5639,0.974966,24.091,209.756
185.8,12.6687,2.45248,21.576,24.1972,65.2232,0.974966,24.091,207.107
185.82,12.6677,2.46165,21.8051,24.522,65.2221,0.974966,24.482,208.166
185.84,12.6677,2.49692,21.8053,24.5223,64.0563,0.974966,24.4823,211.351
185.86,12.6691,2.29857,22.355,23.9654,64.0554,1.02168,24.4823,211.884
185.88,12.6691,2.28258,22.3554,23.9649,63.8806,1.02171,24.4823,209.763
185.9,12.7864,2.40946,22.4471,23.9649,63.8804,0.976334,24.4823,209.229
185.92,12.7865,2.4158,22.4471,24.1042,63.8804,0.976299,24.4823,208.168
185.94,12.7771,2.44478,22.4471,24.1043,65.2211,0.976299,24.4823,207.106
185.96,12.7771,2.44285,22.5388,24.2435,65.2221,0.976299,24.4823,204.452
185.98,12.7956,2.46585,22.5388,24.2436,67.1458,0.976299,24.4823,199.674
186,12.7956,2.47878,22.5847,24.5685,67.1473,0.976299,24.4823,192.241
186.02,12.6285,2.52008,22.5847,24.5687,68.8365,0.976299,24.4823,189.054
186.04,12.6283,2.53302,22.5847,24.2903,68.8391,0.976299,24.4823,188.519
186.06,12.6106,2.45503,22.5847,24.29,70.3547,0.976299,24.4823,191.702
186.08,12.6106,2.41362,22.6763,24.3829,70.3559,0.976299,24.4823,194.358
186.1,12.5559,2.42164,22.6764,24.3829,71.5801,0.976299,22.9391,195.952
186.12,12.5558,2.44774,22.6764,24.3829,71.581,1.0366,22.938,198.076
186.14,12.547,2.4842,22.768,23.7332,71.581,1.03665,22.938,197.547
186.16,12.547,2.44867,22.7681,23.7327,72.3965,0.992957,22.938,197.016
186.18,12.5489,2.4898,22.9513,24.7073,72.3977,0.992891,22.938,190.648
186.2,12.5489,2.47923,22.9515,24.708,72.9807,0.992891,22.938,185.867
186.22,12.5475,2.43371,23.4096,24.8473,72.9811,0.992891,22.938,188.516
186.24,12.5475,2.46062,23.4099,24.8474,73.9714,0.992891,22.938,191.17
186.26,12.547,2.5365,23.6848,24.0584,73.9729,0.992891,22.938,191.704
186.28,12.547,2.53867,23.685,24.0578,75.9549,0.992891,22.938,189.582
186.3,12.5465,2.43982,23.7767,24.0578,75.9564,0.992891,22.938,190.111
186.32,12.5465,2.44321,23.7767,24.2435,75.9564,0.992891,22.938,189.05
186.34,12.5479,2.4387,23.7767,24.2436,77.9384,0.992891,22.938,188.519
186.36,12.5479,2.44698,23.8225,24.29,77.9399,0.992891,21.8475,187.988
186.38,12.5465,2.44283,23.8226,24.29,80.2116,0.958474,21.8467,187.987
186.4,12.5465,2.4301,24.0058,24.9862,80.2151,0.958421,21.8467,190.11
186.42,12.5475,2.47545,24.006,24.9867,83.3629,0.958421,21.8467,191.704
186.44,12.5475,2.46683,24.235,24.1978,83.3653,0.960045,21.8467,189.052
186.46,12.5465,2.40521,24.2352,24.1972,84.9976,0.960046,21.8467,187.988
186.48,12.5465,2.41357,24.3268,24.1972,84.9988,0.960046,21.8467,183.212
186.5,12.5475,2.38073,24.3269,24.1972,84.8822,0.960046,21.8467,180.555
186.52,12.5475,2.35903,24.3269,24.1972,84.8821,0.960046,21.8467,178.962
186.54,12.5475,2.44813,24.6476,24.4756,84.8821,0.960046,21.8467,176.837
186.56,12.5475,2.48035,24.6478,24.4758,84.0077,0.960046,21.8467,177.366
186.58,12.5456,2.54219,24.8769,24.5222,84.007,0.960046,21.8467,177.897
186.6,12.5456,2.52827,24.8771,24.5223,83.1326,0.960046,21.8467,176.836
186.62,12.5484,2.47144,25.2436,24.9863,83.132,0.960046,23.2046,174.182
186.64,12.5484,2.46127,25.2439,24.9867,82.141,0.960046,23.2056,172.058
186.66,12.5451,2.39578,25.5185,24.9867,82.1402,0.90097,23.2056,169.935
186.68,12.5451,2.40994,25.519,24.6154,81.0326,0.90088,23.2056,167.279
186.7,12.5475,2.4438,25.7022,24.6151,81.0318,0.979798,23.2056,167.277
186.72,12.5475,2.45859,25.7023,24.2903,81.0318,0.979858,23.2056,171.522
186.74,12.5465,2.50952,25.7023,24.29,79.8668,0.979858,23.2056,177.358
186.76,12.5465,2.50809,25.6565,24.3364,79.865,0.979858,23.2056,183.204
186.78,12.5424,2.50807,25.6565,24.3365,80.3314,0.979858,23.2056,183.739
186.8,12.5424,2.47455,25.9314,23.9188,80.3317,0.979858,23.2056,183.739
186.82,12.5433,2.47911,25.9316,23.9185,80.8564,0.979858,23.2056,187.984
186.84,12.5433,2.50716,26.0232,23.8721,80.8568,0.979858,23.2056,192.763
186.86,12.5419,2.53601,26.0233,23.872,80.099,0.979858,23.2056,199.665
186.88,12.5419,2.53349,25.9317,23.872,80.0984,0.979858,24.4598,204.973
186.9,12.5433,2.51862,25.9316,23.2223,79.3406,0.979858,24.4617,202.328
186.92,12.5433,2.51962,25.9316,23.2218,79.34,0.894957,24.4617,197.55
186.94,12.5428,2.46408,25.9774,24.0108,79.34,0.894893,24.4617,192.77
186.96,12.5428,2.49105,25.9774,24.0114,79.34,0.99395,24.4617,194.889
186.98,12.5414,2.50976,26.2065,24.3826,79.34,0.994026,24.4617,197.014
187,12.5414,2.45029,26.2067,24.3829,79.0485,0.994026,24.4617,196.485
187.02,12.5377,2.40546,26.5729,23.7801,79.0483,0.994026,24.4617,197.545
187.04,12.5377,2.44423,26.5735,23.7792,78.3488,0.994026,24.4617,199.138
187.06,12.5363,2.46679,26.436,23.7792,78.3482,0.994026,24.4617,200.201
187.08,12.5363,2.42902,26.4359,23.7792,77.7653,0.994026,24.4617,200.201
187.1,12.5372,2.43353,26.161,23.7792,77.7649,0.994026,24.4617,200.732
187.12,12.5372,2.44945,26.1608,23.9648,77.7649,0.994026,24.4617,201.263
187.14,12.5335,2.44488,26.1608,23.9649,77.7649,0.994026,24.4617,200.733
187.16,12.5335,2.51422,26.3439,23.7794,77.7649,0.994026,21.9329,200.202
187.18,12.5345,2.52378,26.3442,23.7792,78.1146,0.878562,21.929,195.426
187.2,12.5345,2.4627,26.6191,23.872,78.1149,0.878474,21.929,195.953
187.22,12.5303,2.52826,26.6193,23.872,78.7561,0.878474,21.929,199.137
187.24,12.5303,2.51943,27.0771,24.3358,78.7566,0.995308,21.929,198.079
187.26,12.5307,2.44492,27.0778,24.3365,78.6983,0.995487,21.929,196.485
187.28,12.5307,2.46134,27.0778,23.826,78.6983,0.995487,21.929,192.77
187.3,12.5266,2.39342,27.0778,23.8256,77.4741,0.995487,21.929,189.583
187.32,12.5266,2.35444,27.0778,23.8256,77.4732,0.995487,21.929,194.356
187.34,12.5242,2.46182,27.1236,24.3825,77.4732,0.995487,21.929,199.136
187.36,12.5242,2.51304,27.1236,24.3829,76.3656,0.995487,21.929,207.099
187.38,12.5238,2.48983,27.0321,24.6612,76.3647,0.995487,21.929,208.696
187.4,12.5238,2.44469,27.0319,24.6616,76.5979,0.995487,21.929,205.514
187.42,12.5242,2.46742,26.9861,24.708,76.5981,0.995487,22.4023,204.981
187.44,12.5242,2.50596,26.9861,24.708,78.5801,0.995487,22.4026,204.981
187.46,12.5205,2.4597,27.0777,25.0793,78.5816,0.912094,22.4026,204.45
187.48,12.5205,2.4333,27.0778,25.0796,78.5816,0.91203,22.4026,202.327
187.5,12.5145,2.41559,27.0778,25.0796,81.0299,0.984377,22.4026,201.264
187.52,12.5145,2.43393,27.032,25.4042,81.0318,0.984433,22.4026,199.673
187.54,12.5108,2.36404,27.0319,25.4047,82.9555,0.984433,22.4026,198.078
187.56,12.5108,2.34104,27.1694,25.5903,82.957,0.984433,22.4026,193.302
187.58,12.508,2.41011,27.1695,25.5905,83.7148,0.984433,22.4026,190.645
187.6,12.508,2.39997,26.9862,25.6369,83.7154,0.984433,22.4026,192.235
187.62,12.5001,2.38368,26.9861,25.6369,83.5405,0.984433,22.4026,192.236
187.64,12.5001,2.45982,26.6654,25.5441,83.5403,0.984433,22.4026,189.583
187.66,12.4969,2.43467,26.6651,25.544,82.6666,0.984433,22.4026,185.339
187.68,12.4968,2.37467,26.3903,26.4722,82.6653,0.984433,22.4026,181.618
187.7,12.4936,2.38685,26.3901,26.4729,82.6653,0.984433,23.596,180.023
187.72,12.4936,2.42134,26.3901,26.4729,82.1406,0.929916,23.5969,177.899
187.74,12.488,2.51019,26.4816,26.3801,82.1402,0.929875,23.5969,175.777
187.76,12.488,2.52107,26.4818,26.38,82.5483,0.976013,23.5969,175.243
187.78,12.4838,2.5117,26.5734,26.0551,82.5486,0.976048,23.5969,171.528
187.8,12.4838,2.49494,26.5735,26.0549,83.9476,0.976048,23.5969,166.219
187.82,12.4838,2.4363,26.94,26.1941,83.9487,0.976048,23.5969,165.684
187.84,12.4838,2.41468,26.9402,26.1942,85.989,0.976048,23.5969,164.623
187.86,12.475,2.46347,27.4442,25.6373,85.9905,0.976048,23.5969,163.03
187.88,12.475,2.45396,27.4446,25.6369,87.1555,0.976048,23.5969,159.847
187.9,12.4722,2.44481,27.6278,25.6369,87.1573,0.976048,23.5969,158.251
187.92,12.4722,2.47981,27.628,25.8225,87.1573,0.976048,23.5969,158.249
187.94,12.4695,2.4189,27.628,25.8227,85.7583,0.976048,23.5969,158.78
187.96,12.4694,2.4247,28.4068,25.9619,85.7572,0.976048,23.9055,159.311
187.98,12.4606,2.36024,28.4074,25.962,83.542,0.942298,23.9057,155.597
188,12.4606,2.40234,29.1404,26.2869,83.5403,0.942273,23.9057,149.757
188.02,12.4597,2.40996,29.1409,26.2871,81.6764,0.942273,23.9057,145.511
188.04,12.4597,2.37676,30.2404,26.7976,81.6735,0.986697,23.9057,142.851
188.06,12.4555,2.28257,30.2413,26.798,80.6825,0.986731,23.9057,139.665
188.08,12.4555,2.31554,31.0659,26.798,80.6818,0.986731,23.9057,138.071
188.1,12.4541,2.49086,31.0665,26.3339,80.332,0.986731,23.9057,140.192
188.12,12.4541,2.49738,31.0665,26.3336,80.3317,0.986731,23.9057,140.194
188.14,12.4537,2.42525,31.4789,25.9623,80.3317,0.986731,23.9057,140.194
188.16,12.4537,2.40079,31.4792,25.962,80.7395,0.986731,23.9057,137.543
188.18,12.4541,2.38568,31.3876,25.8228,80.7401,0.986731,23.9057,133.294
188.2,12.4541,2.43318,31.3875,25.8227,81.5562,0.986731,23.9057,130.637
188.22,12.4532,2.46564,30.9752,25.7299,81.5568,0.986731,21.8071,129.574
188.24,12.4532,2.443,30.9749,25.7298,82.0811,0.986731,21.8055,128.513
188.26,12.4541,2.39566,30.6542,25.7298,82.0819,0.979219,21.8055,127.981
188.28,12.4541,2.33415,30.6539,26.5651,81.8487,0.979213,21.8055,132.225
188.3,12.4541,2.40055,30.8372,26.5658,81.8485,0.951204,21.8055,138.065
188.32,12.4541,2.41952,30.8373,27.1691,81.8485,0.951182,21.8055,137.539
188.34,12.4541,2.37856,30.8373,27.1695,81.7319,0.951182,21.8055,135.416
188.36,12.4541,2.42087,30.8373,26.7983,81.7319,0.951182,21.8055,133.292
188.38,12.4532,2.44574,30.8373,26.798,81.2076,0.951182,21.8055,128.519
188.4,12.4532,2.40195,30.6082,27.7262,81.2068,0.951182,21.8055,127.981
188.42,12.4226,2.32543,30.6081,27.7269,79.9826,0.951182,21.8055,131.695
188.44,12.4225,2.3573,30.4248,28.4694,79.9817,0.951182,21.8055,133.82
188.46,12.417,2.52208,30.4247,28.47,78.4661,0.951182,21.8055,136.475
188.48,12.417,2.48864,29.9665,28.47,78.4649,0.951182,21.8055,139.661
188.5,12.4156,2.34496,29.9662,29.0733,78.6398,0.951182,22.5668,141.786
188.52,12.4156,2.35187,29.9662,29.0737,78.6399,0.933471,22.5673,140.196
188.54,12.4114,2.34442,29.7371,29.4914,78.6399,0.933444,22.5673,138.602
188.56,12.4114,2.33788,29.737,29.4917,79.6892,0.975297,22.5673,135.417
188.58,12.4082,2.32675,29.5995,30.4199,79.69,0.975329,22.5673,134.884
188.6,12.4082,2.30094,29.5994,30.4206,81.3805,0.975329,22.5673,132.761
188.62,12.4054,2.38454,29.7369,31.0239,81.3818,0.975329,22.5673,129.045
188.64,12.4054,2.39602,29.737,31.0244,82.9558,0.975329,22.5673,127.45
188.66,12.4077,2.40016,29.6454,31.7663,82.957,0.975329,22.5673,125.858
188.68,12.4077,2.42869,29.6453,31.7675,83.0735,0.975329,22.5673,126.917
188.7,12.4077,2.43709,29.6453,31.7675,83.0736,0.975329,22.5673,123.204
188.72,12.4077,2.41329,29.3704,32.0923,83.0736,0.975329,22.5673,119.486
188.74,12.4058,2.31663,29.3702,32.0926,81.5009,0.975329,22.5673,119.484
188.76,12.4058,2.35256,29.2786,32.4174,81.4985,0.975329,24.2545,119.484
188.78,12.4058,2.47648,29.2785,32.4177,80.0994,0.960145,24.2558,119.484
188.8,12.4058,2.43972,29.2785,33.0674,80.0984,0.960134,24.2558,122.137
188.82,12.4054,2.38167,29.2785,33.0679,79.632,0.960134,24.2558,129.037
188.84,12.4054,2.38932,29.5075,32.6966,79.6317,0.97174,24.2558,131.695
188.86,12.4063,2.36996,29.5077,32.6963,79.8649,0.971749,24.2558,132.228
188.88,12.4063,2.36947,29.5077,32.6963,79.865,0.971749,24.2558,132.228
188.9,12.4077,2.44706,29.8284,32.3251,79.865,0.971749,24.2558,135.412
188.92,12.4077,2.45505,29.8287,32.3248,80.0399,0.971749,24.2558,139.66
188.94,12.4063,2.3066,29.9661,31.9071,80.04,0.971749,24.2558,143.908
188.96,12.4063,2.32739,29.9662,31.9068,80.623,0.971749,24.2558,147.626
188.98,12.4072,2.33104,29.7829,31.1643,80.6234,0.971749,24.2558,152.935
189,12.4072,2.33428,29.7828,31.1637,80.7983,0.971749,24.2558,160.368
189.02,12.4031,2.29354,29.8744,31.0246,80.7984,0.971749,23.7418,169.387
189.04,12.403,2.32591,29.8745,31.0244,80.0989,0.971749,23.741,176.83
189.06,12.4012,2.21451,30.1494,31.0708,80.0984,0.969547,23.741,182.142
189.08,12.4012,2.21314,30.1496,31.0708,80.0984,0.969546,23.741,186.922
189.1,12.4021,2.23745,30.1496,31.0708,78.5245,0.988936,23.741,189.048
189.12,12.4021,2.24272,30.5161,31.3493,78.5233,0.988951,23.741,186.927
189.14,12.403,2.34716,30.5164,31.3495,77.0076,0.988951,23.741,184.803
189.16,12.403,2.31683,30.9742,31.3495,77.0065,0.988951,23.741,185.331
189.18,12.4021,2.36714,30.9749,31.3495,75.8406,0.988951,23.741,188.516
189.2,12.4021,2.39554,31.6162,31.0246,75.8397,0.988951,23.741,191.702
189.22,12.4035,2.38792,31.6167,31.0244,74.7321,0.988951,23.741,193.297
189.24,12.4035,2.38791,32.3949,30.7925,74.7313,0.988951,23.741,190.647
189.26,12.4007,2.52239,32.3961,30.7922,73.3322,0.988951,23.741,187.99
189.28,12.4007,2.51948,32.8085,30.7922,73.3311,0.988951,23.741,187.457
189.3,12.403,2.39282,32.8088,30.5601,73.3311,0.988951,22.918,191.171
189.32,12.403,2.3517,32.8088,30.5599,71.5823,0.988981,22.9174,191.704
189.34,12.3975,2.40056,32.6255,30.5135,71.581,0.988981,22.9174,184.807
189.36,12.3975,2.36219,32.6254,30.5135,70.6483,0.957958,22.9174,177.903
189.38,12.3873,2.43168,32.2134,30.5599,70.6476,0.957934,22.9174,171.535
189.4,12.3873,2.4745,32.2127,30.5599,71.2888,0.957934,22.9174,167.28
189.42,12.3998,2.47881,31.8921,30.9312,71.2893,0.957934,22.9174,160.909
189.44,12.3998,2.43797,31.8918,30.9315,73.6794,0.957934,22.9174,156.129
189.46,12.3989,2.40065,31.4795,30.6994,73.6812,0.957934,22.9174,152.941
189.48,12.3989,2.41078,31.4792,30.6993,77.9949,0.957934,22.9174,149.755
189.5,12.4012,2.41079,31.4792,30.6993,77.9982,0.957934,22.9174,147.1
189.52,12.4012,2.42199,31.2045,31.534,77.9982,0.957934,22.9174,147.098
189.54,12.4007,2.37758,31.2041,31.5353,82.6034,0.957934,22.9174,151.343
189.56,12.4007,2.35948,30.7918,31.2104,82.6069,0.957934,24.6868,155.591
189.58,12.3979,2.47173,30.7915,31.2101,85.1136,0.95819,24.6882,156.655
189.6,12.3979,2.51382,30.2875,31.4422,85.1155,0.958191,24.6882,155.064
189.62,12.3933,2.44843,30.2871,31.4424,85.9316,0.958191,24.6882,154.002
189.64,12.3933,2.4276,30.1955,31.7672,85.9322,0.956252,24.6882,154.532
189.66,12.3938,2.34912,30.1954,31.7675,87.7379,0.956251,24.6882,152.411
189.68,12.3938,2.33122,30.6536,31.7675,87.7407,0.956251,24.6882,150.285
189.7,12.3924,2.39661,30.6539,31.9067,87.7407,0.956251,24.6882,150.814
189.72,12.3924,2.4396,30.6539,31.9068,91.0634,0.956251,24.6882,147.1
189.74,12.3933,2.38043,31.4779,32.2314,91.066,0.956251,24.6882,140.735
189.76,12.3933,2.32474,31.4792,32.2319,94.5053,0.956251,24.6882,141.786
189.78,12.3905,2.35046,32.5329,32.2319,94.5079,0.956251,24.6882,142.848
189.8,12.3905,2.36078,32.5337,32.2319,96.3733,0.956251,24.6882,143.38
189.82,12.3882,2.41758,33.1751,31.9999,96.3747,0.956251,26.1078,141.788
189.84,12.3882,2.44203,33.1756,31.9997,97.5989,0.956251,26.1089,142.848
189.86,12.3905,2.35837,33.4962,31.9997,97.5999,0.960313,26.1089,142.319
189.88,12.3905,2.32428,33.4965,31.7215,98.2988,0.960316,26.1089,139.137
189.9,12.3886,2.27352,33.4965,31.721,98.2999,0.939084,26.1089,135.948
189.92,12.3886,2.3071,34.0921,31.9067,98.2999,0.939067,26.1089,133.293
189.94,12.3896,2.2038,34.0925,31.9068,98.4165,0.939067,26.1089,127.984
189.96,12.3896,2.19776,35.1004,32.7886,98.4166,0.939067,26.1089,122.674
189.98,12.3808,2.40641,35.1012,32.7892,97.5422,0.939067,26.1089,121.078
190,12.3808,2.44503,36.2007,32.4644,97.5415,0.939067,26.1089,122.669
190.02,12.3808,2.36711,36.2015,32.4641,96.6678,0.939067,26.1089,118.958
190.04,12.3808,2.33728,37.2094,32.9746,96.6664,0.939067,26.1089,114.707
190.06,12.378,2.42245,37.2102,32.975,96.4333,0.939067,26.1089,112.582
190.08,12.378,2.45878,37.5767,32.975,96.4331,0.939067,24.895,113.111
190.1,12.3789,2.37969,37.577,33.3463,96.4331,0.939067,24.8941,114.703
190.12,12.3789,2.37502,37.577,33.3466,96.4331,0.951492,24.8941,113.643
190.14,12.3733,2.37121,38.1267,32.604,96.4331,0.951502,24.8941,112.581
190.16,12.3733,2.35022,38.1271,32.6035,96.4331,0.932474,24.8941,112.05
190.18,12.3743,2.34271,38.3104,31.9537,96.4331,0.932445,24.8941,111.518
190.2,12.3743,2.35858,38.3105,31.9532,96.5497,0.932445,24.8941,112.049
190.22,12.3738,2.32258,38.9061,32.1389,96.5498,0.932445,24.8941,113.11
190.24,12.3738,2.33426,38.9065,32.139,96.3168,0.932445,24.8941,113.111
190.26,12.3733,2.41236,39.273,31.3501,96.3164,0.932445,24.8941,110.458
190.28,12.3733,2.39447,39.2733,31.3495,95.9084,0.932445,24.8941,109.925
190.3,12.3733,2.40203,39.2733,31.3495,95.908,0.932445,24.8941,112.047
190.32,12.3733,2.3906,39.594,31.1638,95.908,0.932445,24.8941,114.702
190.34,12.3715,2.25594,39.5943,31.1637,95.6749,0.932445,24.8941,116.827
190.36,12.3715,2.27893,39.8233,32.0455,95.6747,0.932445,24.5649,116.828
190.38,12.3715,2.31949,39.8235,32.0461,95.7329,0.979363,24.5646,116.828
190.4,12.3715,2.311,40.0984,32.6958,95.733,0.979435,24.5646,112.053
190.42,12.3696,2.42601,40.0986,32.6963,95.6747,0.979435,24.5646,107.273
190.44,12.3696,2.40117,40.5109,33.3925,95.6747,0.927085,24.5646,107.8
190.46,12.3705,2.3331,40.5112,33.393,95.6164,0.927045,24.5646,108.331
190.48,12.3705,2.36088,40.5112,33.6714,95.6163,0.927045,24.5646,106.74
190.5,12.3631,2.36088,41.0152,33.6717,95.6163,0.927045,24.5646,105.677
190.52,12.3631,2.34547,41.0155,33.6717,94.8009,0.927045,24.5646,103.556
190.54,12.3603,2.40187,41.6111,33.6717,94.7996,0.927045,24.5646,101.961
190.56,12.3603,2.43577,41.6116,33.6717,93.5754,0.927045,24.5646,100.367
190.58,12.3561,2.38222,42.0697,34.3678,93.5745,0.927045,24.5646,103.019
190.6,12.3561,2.35573,42.07,34.3683,92.3503,0.927045,24.5646,105.675
190.62,12.3548,2.33321,41.9784,35.2965,92.3494,0.927045,25.3053,105.677
190.64,12.3547,2.32216,41.9784,35.2972,91.6499,0.927045,25.3059,105.677
190.66,12.3534,2.32214,42.2988,35.9,91.6494,1.02196,25.3059,106.737
190.68,12.3534,2.32718,42.2993,35.901,91.6494,1.0221,25.3059,106.739
190.7,12.3524,2.27987,42.2993,35.901,91.5911,0.910927,25.3059,104.616
190.72,12.3524,2.31754,42.7574,36.0402,91.591,0.910842,25.3059,104.615
190.74,12.3524,2.3415,42.7578,36.0403,92.5813,0.910842,25.3059,104.084
190.76,12.3524,2.34338,43.0326,36.2259,92.5828,0.910842,25.3059,101.961
190.78,12.3492,2.29554,43.0329,36.2261,93.3989,0.910842,25.3059,101.959
190.8,12.3492,2.24896,42.987,36.8294,93.3995,0.910842,25.3059,102.49
190.82,12.3464,2.35661,42.987,36.8298,93.3995,0.910842,25.3059,104.082
190.84,12.3464,2.3712,42.7579,36.4586,93.3995,0.910842,25.3059,105.675
190.86,12.3464,2.39766,42.7578,36.4583,93.2246,0.910842,25.3059,104.085
190.88,12.3464,2.40104,42.0711,35.9946,93.2245,0.910842,25.2442,102.493
190.9,12.345,2.35947,42.07,35.9938,93.2245,0.910842,25.2441,106.205
190.92,12.345,2.34683,42.07,35.9938,93.6325,1.05389,25.2441,109.391
190.94,12.3357,2.35802,41.7494,35.9938,93.6329,1.054,25.2441,109.394
190.96,12.3357,2.36787,41.7491,35.9938,95.6148,0.972956,25.2441,108.863
190.98,12.3264,2.34155,42.1614,35.901,95.6163,0.972894,25.2441,107.802
191,12.3264,2.32087,42.1617,35.901,98.6476,0.972894,25.2441,104.617
191.02,12.3227,2.33197,42.7111,35.2981,98.6499,0.972894,25.2441,100.373
191.04,12.3227,2.34578,42.7119,35.2972,100.224,0.972894,25.2441,97.713
191.06,12.3176,2.3201,43.1242,34.369,100.225,0.972894,25.2441,95.0578
191.08,12.3176,2.296,43.1245,34.3683,99.3507,0.972894,25.2441,92.9333
191.1,12.3139,2.25945,43.5369,34.3683,99.35,0.972894,25.2441,91.8704
191.12,12.3139,2.27634,43.5372,33.765,99.35,0.972894,25.2441,90.8083
191.14,12.3069,2.30646,43.5372,33.7645,97.6595,0.972894,24.4005,87.6237
191.16,12.3069,2.34427,43.8576,33.5791,97.6582,0.972894,24.3999,84.4399
191.18,12.3046,2.33748,43.8581,33.5788,97.3084,1.04288,24.3999,82.8431
191.2,12.3046,2.28404,44.7286,33.1147,97.3082,1.04294,24.3999,83.3726
191.22,12.3004,2.25084,44.7292,33.1143,98.5906,1.04294,24.3999,83.373
191.24,12.3004,2.26275,45.9195,33.3462,98.5916,0.961298,24.3999,83.373
191.26,12.3013,2.37617,45.9213,33.3466,100.515,0.961173,24.3999,81.2504
191.28,12.2981,2.39229,47.0208,33.3466,100.517,0.961173,24.3999,82.3101
191.3,12.2981,2.47864,47.0216,33.7178,101.741,0.961173,24.3999,83.3722
191.32,12.2972,2.5068,47.0216,33.7181,101.742,0.961173,24.3999,79.1279
191.34,12.2972,2.3547,47.7088,34.6927,101.742,0.961173,24.3999,74.8796
191.36,12.3,2.33219,47.7093,34.6934,102.15,0.961173,24.3999,73.8151
191.38,12.3,2.34705,48.0298,34.8325,102.15,0.961173,24.3999,71.6934
191.4,12.2837,2.35399,48.0303,34.8328,102.383,0.961173,24.3999,70.0982
191.42,12.2837,2.37664,48.4426,34.7863,102.384,0.961173,25.2023,68.5051
191.44,12.28,2.36348,48.4429,34.7863,103.025,0.961173,25.2029,69.0345
191.46,12.28,2.35971,48.7178,35.2968,103.025,0.97667,25.2029,69.5656
191.48,12.2758,2.33877,48.718,35.2972,104.191,0.976682,25.2029,71.1579
191.5,12.2758,2.33876,49.0845,35.0187,104.192,0.92313,25.2029,72.2204
191.52,12.2712,2.37233,49.0848,35.0185,104.192,0.923089,25.2029,73.2816
191.54,12.2712,2.37238,49.0848,35.3434,105.475,0.923089,25.2029,74.3445
191.56,12.2688,2.38742,49.1764,35.3436,105.476,0.923089,25.2029,75.9372
191.58,12.2688,2.38743,49.1765,35.3436,106.875,0.923089,25.2029,77.5303
191.6,12.2661,2.36049,48.7183,35.6221,106.876,0.923089,25.2029,80.1847
191.62,12.2661,2.36047,48.718,35.6223,107.692,0.923089,25.2029,80.7174
191.64,12.2633,2.39383,47.4352,35.5295,107.692,0.923089,25.2029,81.2484
191.66,12.2633,2.38363,47.4343,35.5294,108.566,0.923089,25.2029,76.4768
191.68,12.2605,2.39499,45.6934,35.483,108.567,0.923089,24.668,73.8163
191.7,12.2605,2.38609,45.692,35.483,110.491,0.923089,24.6676,73.8143
191.72,12.2558,2.44159,45.692,35.1581,110.493,0.924914,24.6676,73.8143
191.74,12.2558,2.39246,43.9982,35.1579,110.493,0.924916,24.6676,74.3445
191.76,12.2554,2.33818,43.9957,35.2043,113.466,0.918665,24.6676,74.876
191.78,12.2554,2.34047,42.7129,35.2043,113.468,0.91866,24.6676,76.9989
191.8,12.2549,2.44033,42.7119,35.2043,115.8,0.91866,24.6676,80.1843
191.82,12.2549,2.48029,41.6582,35.7612,115.801,0.91866,24.6676,83.3705
191.84,12.254,2.51182,41.6574,35.7616,115.86,0.91866,24.6676,87.618
191.86,12.254,2.45852,41.4742,35.9937,115.86,0.91866,24.6676,90.8051
191.88,12.248,2.40302,41.474,35.9938,114.403,0.91866,24.6676,95.5796
191.9,12.2479,2.45141,41.474,35.6226,114.401,0.91866,24.6676,99.3013
191.92,12.2452,2.38648,41.8863,35.6223,114.401,0.91866,24.6676,103.549
191.94,12.2452,2.35962,41.8867,35.9472,111.428,0.91866,24.1944,107.797
191.96,12.2442,2.35588,42.9862,35.9474,111.426,0.91866,24.194,109.923
191.98,12.2442,2.37558,42.987,35.9474,106.354,0.91866,24.194,111.517
192,12.2382,2.44406,44.5446,35.4833,106.351,0.91866,24.194,113.11
192.02,12.2382,2.44219,44.5458,35.483,100.293,0.91866,24.194,117.353
192.04,12.24,2.42961,45.966,35.2045,100.283,0.93707,24.194,121.604
192.06,12.2401,2.4412,45.9671,35.2043,95.7365,0.937084,24.194,122.138
192.08,12.2391,2.36246,47.4789,35.2507,95.733,0.937084,24.194,127.976
192.1,12.2391,2.35402,47.4801,35.2507,95.733,0.937084,24.194,131.695
192.12,12.2405,2.33162,48.1215,34.7867,93.6345,0.937084,24.194,132.759
192.14,12.2405,2.31654,48.122,34.7863,93.6329,0.937084,24.194,135.943
192.16,12.2391,2.33132,48.3509,34.7399,94.0406,0.937084,24.194,138.597
192.18,12.2391,2.35115,48.3512,34.7399,94.0412,0.937084,24.194,138.601
192.2,12.2298,2.28442,48.3512,34.7399,95.9649,0.937084,24.194,137.009
192.22,12.2298,2.31044,47.8473,34.9255,95.9664,0.937084,23.2681,135.416
192.24,12.2261,2.30706,47.8469,34.9256,98.2381,0.937084,23.2674,137.005
192.26,12.2261,2.33328,46.9764,35.1113,98.2416,0.877919,23.2674,137.538
192.28,12.2266,2.42453,46.9758,35.1114,99.9904,0.877874,23.2674,138.6
192.3,12.2266,2.37652,45.7388,36.1788,99.9917,0.918117,23.2674,138.07
192.32,12.2257,2.35016,45.7379,36.1796,101.099,0.918148,23.2674,135.417
192.34,12.2257,2.36135,44.4551,36.7365,101.1,0.918148,23.2674,132.231
192.36,12.2275,2.43884,44.4541,36.7369,102.033,0.918148,23.2674,130.637
192.38,12.2275,2.45466,43.6301,36.7369,102.034,0.918148,23.2674,131.166
192.4,12.2252,2.40329,43.6289,37.3867,102.034,0.918148,23.2674,131.697
192.42,12.2252,2.44299,43.6289,37.3872,102.791,0.918148,23.2674,129.044
192.44,12.2252,2.40421,43.354,37.4336,102.792,0.918148,23.2674,122.675
192.46,12.2252,2.38521,43.3538,37.4336,104.716,0.918148,23.2674,119.486
192.48,12.2243,2.39669,43.1247,38.2689,104.717,0.918148,22.9382,120.014
192.5,12.2243,2.38123,43.1245,38.2696,108.448,0.918148,22.938,119.484
192.52,12.2252,2.43863,42.8499,38.8261,108.451,0.867473,22.938,121.074
192.54,12.2252,2.37786,42.8495,38.8269,111.365,0.867396,22.938,122.669
192.56,12.2252,2.50655,43.0785,38.8269,111.368,0.894787,22.938,122.139
192.58,12.2252,2.50104,43.0787,39.523,111.134,0.894808,22.938,123.2
192.6,12.2206,2.44258,43.0787,39.5236,111.134,0.894808,22.938,126.915
192.62,12.2205,2.44452,43.4452,40.1733,111.134,0.894808,22.938,130.633
192.64,12.2089,2.47041,43.4455,40.1738,110.318,0.894808,22.938,132.758
192.66,12.2089,2.45948,44.2695,41.2403,110.318,0.894808,22.938,131.699
192.68,12.2075,2.49185,44.2707,41.242,109.91,0.894808,22.938,130.106
192.7,12.2075,2.47591,45.5993,42.1237,109.909,0.894808,22.938,127.982
192.72,12.2052,2.5175,45.6003,42.1244,110.026,0.894808,22.938,123.204
192.74,12.2052,2.53328,46.4701,41.8925,110.026,0.894808,22.938,120.55
192.76,12.2038,2.51463,46.4714,41.8922,110.9,0.894808,22.5265,118.954
192.78,12.2038,2.55698,46.5173,41.8922,110.901,0.868988,22.5262,115.769
192.8,12.1997,2.5475,46.5173,41.5209,110.901,0.868968,22.5262,112.582
192.82,12.1996,2.4543,46.5173,41.5206,113.466,0.833801,22.5262,109.927
192.84,12.2001,2.37576,46.3799,40.9173,113.468,0.833774,22.5262,110.456
192.86,12.2001,2.37768,46.3798,40.9169,117.723,0.833774,22.5262,110.456
192.88,12.195,2.40644,46.1509,39.8039,117.727,0.833774,22.5262,107.275
192.9,12.195,2.39798,46.1505,39.8022,121.282,0.833774,22.5262,102.494
192.92,12.1931,2.46564,46.4254,38.0851,121.285,0.833774,22.5262,98.7759
192.94,12.1931,2.45751,46.4256,38.0838,121.343,0.833774,22.5262,100.365
192.96,12.1913,2.36957,46.9754,38.0838,121.344,0.833774,22.5262,101.958
192.98,12.1913,2.3964,46.9758,36.97,118.895,0.833774,22.5262,102.49
193,12.189,2.38826,46.9758,36.9692,118.893,0.833774,22.5262,101.429
193.02,12.189,2.37962,48.0287,35.578,118.893,0.833774,19.4423,100.368
193.04,12.1927,2.4537,48.0303,35.5759,114.521,0.96535,19.4376,97.1824
193.06,12.1927,2.45822,50.0002,35.1118,114.518,0.965451,19.4376,95.5881
193.08,12.1913,2.48104,50.0017,35.1114,109.388,0.895547,19.4376,93.9949
193.1,12.1913,2.48864,52.2466,34.5081,109.384,0.895494,19.4376,92.9325
193.12,12.1904,2.45661,52.2483,34.5076,104.546,0.895494,19.4376,91.3398
193.14,12.1904,2.4506,54.0808,34.5076,104.542,0.895494,19.4376,92.3998
193.16,12.1908,2.39767,54.0822,34.6004,100.406,0.895494,19.4376,92.9309
193.18,12.1908,2.39033,54.0822,34.6005,100.4,0.895494,19.4376,92.401
193.2,12.1913,2.47494,55.7773,34.4613,100.4,0.895494,19.4376,91.87
193.22,12.1913,2.49834,55.7786,34.4612,98.1266,0.895494,19.4376,92.4002
193.24,12.1913,2.47079,57.1061,34.3685,98.1249,0.895494,19.4376,92.4006
193.26,12.1913,2.48893,57.1082,34.3683,98.8244,0.895494,19.4376,93.4619
193.28,12.1904,2.44292,58.2077,34.0899,98.825,0.895494,19.5404,95.0546
193.3,12.1904,2.43459,58.2085,34.0897,101.74,0.895494,19.5405,94.5252
193.32,12.1815,2.49885,58.9873,34.1825,101.742,0.878609,19.5405,95.586
193.34,12.1815,2.49271,58.9879,34.1825,104.132,0.878596,19.5405,95.0562
193.36,12.1764,2.59904,58.9421,34.1825,104.134,0.866284,19.5405,89.2188
193.38,12.1764,2.60508,58.9421,34.4608,104.134,0.866274,19.5405,82.8516
193.4,12.176,2.47998,58.9421,34.4612,106.057,0.866274,19.5405,77.5356
193.42,12.176,2.45066,58.484,34.7397,106.059,0.866274,19.5405,72.2252
193.44,12.1764,2.60823,58.4836,34.7399,108.799,0.866274,19.5405,70.0986
193.46,12.1764,2.59196,57.888,34.6935,108.801,0.866274,19.5405,70.097
193.48,12.1746,2.55258,57.8876,34.6934,113.348,0.866274,19.5405,70.6277
193.5,12.1746,2.57232,57.1546,34.6006,113.351,0.866274,19.5405,71.1587
193.52,12.1764,2.5672,57.154,34.6005,118.768,0.866274,19.5405,69.5684
193.54,12.1764,2.55713,56.3294,34.6005,118.777,0.866274,19.5405,68.5047
193.56,12.175,2.58468,56.3288,34.6005,124.431,0.866274,20.0755,71.6877
193.58,12.175,2.57709,56.3288,34.6005,124.435,0.694091,20.0759,75.4046
193.6,12.1746,2.51405,55.3667,34.8326,124.435,0.69396,20.0759,79.1218
193.62,12.1746,2.49062,55.3659,34.8328,129.565,0.884849,20.0759,80.1859
193.64,12.176,2.53082,54.4955,35.1112,129.569,0.884994,20.0759,80.1867
193.66,12.176,2.57754,54.4948,35.1114,134.113,0.884994,20.0759,79.1263
193.68,12.175,2.55702,54.4032,35.6683,134.12,0.884994,20.0759,77.0021
193.7,12.175,2.52957,54.4031,35.6687,137.675,0.884994,20.0759,74.3473
193.72,12.1741,2.56653,54.9987,36.5505,137.678,0.884994,20.0759,73.8147
193.74,12.1741,2.5671,54.9992,36.5512,138.901,0.884994,20.0759,74.3445
193.76,12.1732,2.5558,54.9992,36.5512,138.903,0.884994,20.0759,76.4679
193.78,12.1732,2.55901,56.4194,37.3401,138.903,0.884994,20.0759,80.7145
193.8,12.175,2.6272,56.4204,37.3407,137.854,0.884994,20.0759,85.4935
193.82,12.175,2.61353,58.1613,37.4799,137.853,0.884994,21.4132,90.2728
193.84,12.175,2.52018,58.1627,37.48,135.463,0.657487,21.4143,93.4603
193.86,12.175,2.50215,60.1326,37.8513,135.461,0.657313,21.4143,93.4627
193.88,12.1746,2.53861,60.1341,37.8516,132.316,0.657313,21.4143,92.9325
193.9,12.1746,2.55906,62.4248,38.0836,132.311,0.851399,21.4143,91.8704
193.92,12.175,2.6043,62.4265,38.0838,128.872,0.851548,21.4143,90.2777
193.94,12.175,2.57418,64.7172,38.0838,128.869,0.851548,21.4143,90.8071
193.96,12.1542,2.42036,64.7189,38.9192,128.869,0.851548,21.4143,92.3994
193.98,12.1541,2.44727,64.7189,38.9198,125.838,0.851548,21.4143,89.7475
194,12.15,2.47073,66.0475,39.0126,125.836,0.851548,21.4143,87.6229
194.02,12.15,2.47227,66.0485,39.0127,123.331,0.851548,21.4143,85.5004
194.04,12.1486,2.57073,66.5525,39.1983,123.327,0.851548,21.4143,86.0278
194.06,12.1486,2.55797,66.5528,39.1985,120.995,0.851548,21.4143,87.0894
194.08,12.1486,2.45021,65.8198,39.152,120.993,0.851548,22.1755,89.2128
194.1,12.1486,2.46335,65.8193,39.152,119.07,0.851548,22.1761,91.3369
194.12,12.1476,2.43629,64.6281,39.4769,119.068,0.788903,22.1761,93.9917
194.14,12.1476,2.44587,64.6272,39.4771,118.427,0.788855,22.1761,93.9937
194.16,12.1481,2.45492,64.6272,39.4771,118.427,0.837262,22.1761,92.9333
194.18,12.1481,2.47931,62.9321,39.8484,118.427,0.837336,22.1761,94.5236
194.2,12.1486,2.44279,62.9309,39.8487,118.835,0.837336,22.1761,93.9941
194.22,12.1486,2.41882,61.3274,40.6376,118.835,0.837336,22.1761,93.4631
194.24,12.1463,2.50313,61.3262,40.6382,119.068,0.837336,22.1761,90.8116
194.26,12.1462,2.54124,59.9518,41.3807,119.068,0.837336,22.1761,89.7462
194.28,12.1462,2.49672,59.9507,41.3813,119.185,0.837336,22.1761,88.6842
194.3,12.1462,2.55332,58.7138,42.031,119.185,0.837336,22.1761,88.1527
194.32,12.149,2.39141,58.7128,42.0315,120.234,0.837336,22.1761,91.3361
194.34,12.149,2.36242,57.8424,42.0315,120.235,0.837336,23.9867,95.053
194.36,12.1476,2.40681,57.8417,42.9597,120.235,0.837336,23.9881,96.1171
194.38,12.1476,2.39251,57.8417,42.9604,120.177,0.841356,23.9881,96.1179
194.4,12.1439,2.26539,57.521,44.2598,120.177,0.841362,23.9881,96.1179
194.42,12.1439,2.28878,57.5208,44.2608,117.962,0.851007,23.9881,96.1179
194.44,12.1425,2.37279,57.3834,45.6995,117.96,0.851014,23.9881,96.1179
194.46,12.1425,2.39125,57.3833,45.7006,115.104,0.851014,23.9881,97.7098
194.48,12.1439,2.51076,57.6581,47.0464,115.101,0.851014,23.9881,98.7723
194.5,12.1439,2.51085,57.6583,47.0474,112.595,0.851014,23.9881,97.7118
194.52,12.1444,2.46592,58.0246,49.1342,112.593,0.851014,23.9881,96.6505
194.54,12.1444,2.46585,58.0251,49.1374,111.077,0.851014,23.9881,96.6489
194.56,12.1444,2.34633,58.0251,49.1374,111.076,0.851014,23.9881,99.3021
194.58,12.1444,2.34439,58.3458,50.344,111.076,0.851014,23.9881,104.08
194.6,12.1425,2.42599,58.3461,50.3449,109.852,0.851014,23.9881,106.206
194.62,12.1425,2.43328,58.117,51.1339,109.851,0.851014,25.3255,108.33
194.64,12.1444,2.39651,58.1168,51.1345,109.21,0.8525,25.3265,115.761
194.66,12.1444,2.37194,58.071,52.2474,109.209,0.852502,25.3265,125.31
194.68,12.143,2.34956,58.071,52.2491,108.743,0.852502,25.3265,128.509
194.7,12.143,2.37149,57.9335,52.6668,108.742,0.865983,25.3265,131.695
194.72,12.1425,2.40164,57.9334,52.6671,108.101,0.865994,25.3265,135.942
194.74,12.1425,2.40547,58.1623,52.6671,108.101,0.865994,25.3265,136.476
194.76,12.1407,2.29941,58.1627,53.4561,108.101,0.865994,25.3265,135.946
194.78,12.1407,2.30616,58.1627,53.4567,107.051,0.865994,25.3265,138.068
194.8,12.1421,2.37853,58.3001,53.271,107.051,0.865994,25.3265,138.601
194.82,12.1421,2.36589,58.3002,53.2709,105.826,0.865994,25.3265,139.132
194.84,12.1421,2.34343,58.7583,53.3637,105.826,0.865994,25.3265,139.132
194.86,12.1421,2.34249,58.7587,53.3638,105.417,0.865994,25.3265,137.009
194.88,12.1421,2.36117,59.0791,52.9928,105.417,0.865994,26.9507,133.296
194.9,12.1421,2.37765,59.0796,52.9922,105.884,0.865994,26.9531,131.168
194.92,12.1411,2.35505,59.5378,52.9922,105.884,0.864338,26.9531,131.166
194.94,12.1411,2.33145,59.5381,52.9922,107.4,0.864337,26.9531,132.228
194.96,12.1388,2.32029,59.5381,52.9922,107.401,0.866267,26.9531,132.228
194.98,12.1388,2.34001,59.9962,52.8066,107.401,0.866268,26.9531,133.29
195,12.1379,2.33253,59.9966,52.8064,109.499,0.866268,26.9531,132.229
195.02,12.1379,2.32516,60.4544,52.4355,109.501,0.866268,26.9531,131.168
195.04,12.1365,2.31479,60.4551,52.4349,111.366,0.866268,26.9531,126.391
195.06,12.1365,2.33447,60.7758,52.2493,111.368,0.866268,26.9531,116.305
195.08,12.136,2.4093,60.776,52.2491,113.408,0.866268,26.9531,107.277
195.1,12.136,2.41264,61.5548,52.1099,113.41,0.866268,26.9531,104.617
195.12,12.1351,2.40883,61.5554,52.1098,115.392,0.866268,26.9531,100.369
195.14,12.1351,2.37716,62.38,52.5739,115.393,0.866268,26.5828,95.0599
195.16,12.1328,2.33604,62.3807,52.5742,115.393,0.866268,26.5825,93.9954
195.18,12.1328,2.38559,62.3807,52.5742,117.783,0.86706,26.5825,93.9937
195.2,12.1337,2.40092,63.3886,52.8063,117.785,0.867061,26.5825,91.8712
195.22,12.1337,2.36869,63.3893,52.8064,120.233,0.855493,26.5825,91.3389
195.24,12.1342,2.30424,64.3964,52.621,120.235,0.855484,26.5825,90.8083
195.26,12.1342,2.30873,64.398,52.6207,122.742,0.855484,26.5825,89.7462
195.28,12.1337,2.43141,65.4975,52.7135,122.744,0.855484,26.5825,90.8067
195.3,12.1337,2.40932,65.4983,52.7136,125.6,0.855484,26.5825,93.4607
195.32,12.1328,2.35561,66.8269,52.8064,125.602,0.855484,26.5825,94.524
195.34,12.1328,2.38734,66.8279,52.8064,129.216,0.855484,26.5825,96.1167
195.36,12.1337,2.26793,66.8279,52.8064,129.219,0.855484,26.5825,96.6485
195.38,12.1337,2.27442,68.2013,52.7601,129.219,0.855484,26.5825,94.528
195.4,12.1328,2.29471,68.2034,52.76,132.833,0.855484,26.5825,91.341
195.42,12.1328,2.27704,69.3945,52.528,132.836,0.855484,27.8582,88.1548
195.44,12.1332,2.35307,69.3954,52.5278,135.576,0.863692,27.8591,83.3766
195.46,12.1332,2.39945,70.4491,52.2957,135.578,0.863698,27.8591,82.3117
195.48,12.1323,2.30795,70.4499,52.2956,137.56,0.863698,27.8591,83.9028
195.5,12.1323,2.2605,71.2745,52.1563,137.562,0.859879,27.8591,84.4346
195.52,12.1328,2.28726,71.2752,52.1562,139.426,0.859876,27.8591,86.556
195.54,12.1328,2.29451,71.8707,52.1562,139.428,0.859876,27.8591,90.2736
195.56,12.1332,2.28441,71.8712,51.3673,139.428,0.859876,27.8591,92.399
195.58,12.1332,2.27094,71.8712,51.3667,141.002,0.859876,27.8591,90.2781
195.6,12.1328,2.29774,72.6958,51.1811,141.003,0.859876,27.8591,88.1539
195.62,12.1328,2.3235,72.6965,51.1809,141.994,0.859876,27.8591,88.1523
195.64,12.1337,2.34057,73.1088,51.413,141.995,0.859876,27.8591,88.1523
195.66,12.1337,2.34515,73.1091,51.4131,142.519,0.859876,27.8591,87.0919
195.68,12.1342,2.34859,73.1091,51.0419,142.52,0.859876,29.0731,86.5596
195.7,12.1342,2.33765,73.1091,51.0416,142.054,0.859876,29.074,87.0898
195.72,12.1342,2.30368,72.88,50.7167,142.054,0.865834,29.074,86.029
195.74,12.1342,2.29967,72.8799,50.7165,140.481,0.865839,29.074,87.6189
195.76,12.1342,2.41214,72.5134,50.7165,140.478,0.867735,29.074,88.6825
195.78,12.1342,2.41692,72.5131,50.2988,140.478,0.867737,29.074,87.6221
195.8,12.1342,2.36751,72.5131,50.2985,139.487,0.867737,29.074,89.2132
195.82,12.1342,2.35738,72.1466,50.4841,139.487,0.867737,29.074,90.8063
195.84,12.1328,2.38,72.1463,50.4843,138.671,0.867737,29.074,91.3381
195.86,12.1328,2.38002,71.8714,50.8555,138.67,0.867737,29.074,93.4611
195.88,12.1342,2.27093,71.8712,50.8558,137.388,0.867737,29.074,97.7045
195.9,12.1342,2.26136,71.7796,51.0415,137.387,0.867737,29.074,99.3029
195.92,12.1328,2.41181,71.7795,51.0416,134.355,0.867737,29.074,100.365
195.94,12.1328,2.39342,71.4588,50.4847,134.353,0.867737,27.4691,99.8355
195.96,12.1332,2.34823,71.4586,50.4843,130.739,0.867737,27.4679,97.182
195.98,12.1332,2.37384,71.4586,50.4843,130.736,0.878627,27.4679,96.1187
196,12.1342,2.32246,71.2753,50.6235,130.736,0.878636,27.4679,95.0566
196.02,12.1342,2.32613,71.2752,50.6236,127.358,0.869281,27.4679,94.5256
196.04,12.1319,2.35123,71.0919,50.2523,127.352,0.869267,27.4679,93.9941
196.06,12.1319,2.36818,71.0918,50.252,125.079,0.869267,27.4679,94.5244
196.08,12.1332,2.42158,71.046,50.1592,125.077,0.869267,27.4679,96.1167
196.1,12.1332,2.40278,71.0459,50.1592,124.086,0.869267,27.4679,98.7711
196.12,12.1332,2.40277,70.9085,50.3448,124.085,0.869267,27.4679,100.365
196.14,12.1332,2.39176,70.9084,50.3449,123.561,0.869267,27.4679,98.2437
196.16,12.1328,2.28069,70.9084,50.3449,123.56,0.869267,27.4679,93.47
196.18,12.1328,2.32097,70.3586,50.4378,123.56,0.869267,27.4679,91.3402
196.2,12.1332,2.36933,70.3582,50.4378,123.036,0.869267,27.4679,91.3385
196.22,12.1332,2.36423,69.8085,51.0411,123.035,0.869267,26.3569,91.3385
196.24,12.1351,2.39472,69.808,51.0416,122.686,0.893362,26.356,94.5223
196.26,12.1351,2.36776,69.3041,51.8769,122.685,0.893381,26.356,98.7698
196.28,12.1309,2.44637,69.3037,51.8776,122.627,0.893381,26.356,101.957
196.3,12.1309,2.43084,68.8914,52.2952,122.627,0.882462,26.356,103.021
196.32,12.1342,2.42665,68.8911,52.2956,122.977,0.882454,26.356,104.083
196.34,12.1342,2.46385,68.2497,53.2701,122.977,0.882454,26.356,105.675
196.36,12.1332,2.40394,68.2492,53.2709,122.977,0.882454,26.356,105.146
196.38,12.1332,2.39826,68.2492,53.2709,123.559,0.882454,26.356,106.736
196.4,12.1319,2.40587,67.7911,54.1526,123.56,0.882454,26.356,109.392
196.42,12.1319,2.36779,67.7907,54.1533,124.143,0.882454,26.356,112.047
196.44,12.1346,2.2819,67.241,54.7566,124.144,0.882454,26.356,114.172
196.46,12.1346,2.27112,67.2406,54.7571,125.31,0.882454,26.356,117.888
196.48,12.1342,2.39909,67.1489,55.5924,125.311,0.882454,27.7345,120.544
196.5,12.1342,2.4313,67.1489,55.5931,127.467,0.882454,27.7356,120.015
196.52,12.136,2.36924,67.4235,57.077,127.469,0.900431,27.7356,118.424
196.54,12.136,2.35556,67.424,57.0793,129.334,0.900459,27.7356,116.299
196.56,12.1351,2.35929,67.8363,57.0793,129.336,0.870262,27.7356,117.889
196.58,12.1351,2.35836,67.8366,57.9146,129.336,0.870239,27.7356,121.074
196.6,12.1337,2.45406,67.8366,57.9153,129.161,0.870239,27.7356,121.607
196.62,12.1337,2.47581,68.5238,58.4722,129.161,0.870239,27.7356,122.138
196.64,12.1356,2.36779,68.5243,58.4726,127.645,0.870239,27.7356,119.486
196.66,12.1356,2.32733,69.0279,59.6783,127.644,0.870239,27.7356,113.651
196.68,12.1337,2.32356,69.0286,59.6801,126.42,0.870239,27.7356,110.458
196.7,12.1337,2.36205,69.5784,60.3762,126.419,0.870239,27.7356,108.333
196.72,12.1342,2.50363,69.5788,60.3768,126.594,0.870239,27.7356,103.556
196.74,12.1342,2.50474,69.8537,61.4906,126.594,0.870239,28.2088,98.7767
196.76,12.1342,2.40097,69.8539,61.4914,128.051,0.870239,28.2092,96.6506
196.78,12.1342,2.40928,69.8539,61.4914,128.052,0.861758,28.2092,96.6489
196.8,12.1356,2.35995,70.0371,62.6052,128.052,0.861751,28.2092,96.1183
196.82,12.1356,2.34424,70.0373,62.6061,130.034,0.84747,28.2092,94.526
196.84,12.1346,2.42882,69.9456,63.7199,130.036,0.84746,28.2092,92.9329
196.86,12.1346,2.43425,69.9456,63.7207,131.493,0.84746,28.2092,92.401
196.88,12.1342,2.36831,69.3962,64.6018,131.494,0.84746,28.2092,90.2797
196.9,12.1342,2.34306,69.3954,64.6031,131.844,0.84746,28.2092,89.7458
196.92,12.1342,2.26302,68.6624,65.6241,131.844,0.84746,28.2092,92.3986
196.94,12.1342,2.25902,68.6618,65.6249,130.445,0.84746,28.2092,92.9313
196.96,12.1346,2.24578,68.0663,65.6249,130.444,0.84746,28.2092,93.9929
196.98,12.1346,2.29086,68.0658,66.5995,130.444,0.84746,28.2092,97.7082
197,12.1328,2.29428,68.0658,66.6002,128.579,0.84746,28.2092,99.8335
197.02,12.1328,2.24604,67.7454,67.4813,128.577,0.84746,26.2149,99.8351
197.04,12.1351,2.21699,67.7449,67.4827,126.595,0.826278,26.2119,99.8351
197.06,12.1351,2.27511,67.9281,68.086,126.594,0.826262,26.2119,103.019
197.08,12.1346,2.4436,67.9283,68.0864,124.32,0.826262,26.2119,108.858
197.1,12.1346,2.41275,68.3864,68.9682,124.319,0.862918,26.2119,112.047
197.12,12.1342,2.39754,68.3867,68.9688,121.754,0.862946,26.2119,113.11
197.14,12.1342,2.40741,69.5321,68.9688,121.752,0.862946,26.2119,116.826
197.16,12.1342,2.36948,69.533,69.6181,118.606,0.862946,26.2119,122.661
197.18,12.1342,2.35129,69.533,69.6191,118.602,0.862946,26.2119,125.854
197.2,12.1328,2.35127,70.3576,69.7583,118.602,0.862946,26.2119,124.795
197.22,12.1328,2.35081,70.3582,69.7584,114.871,0.862946,26.2119,124.263
197.24,12.1332,2.38842,70.8622,70.4081,114.868,0.862946,26.2119,123.732
197.26,12.1332,2.42875,70.8625,70.4086,111.254,0.862946,26.2119,129.569
197.28,12.1332,2.43263,71.1832,70.9191,111.251,0.862946,27.9402,134.349
197.3,12.1332,2.39559,71.1835,70.9195,109.269,0.862946,27.9415,134.353
197.32,12.1328,2.419,71.1835,71.0123,109.267,0.859299,27.9415,132.761
197.34,12.1328,2.38128,71.1835,71.0124,109.734,0.859296,27.9415,129.576
197.36,12.1356,2.31388,71.2751,71.0124,109.734,0.826151,27.9415,128.512
197.38,12.1356,2.341,71.2752,71.337,109.734,0.826126,27.9415,129.572
197.4,12.1332,2.38979,71.2752,71.3375,112.241,0.826126,27.9415,127.981
197.42,12.1342,2.37151,71.5042,71.6623,112.243,0.826126,27.9415,126.388
197.44,12.1342,2.36403,71.5044,71.6626,115.799,0.826126,27.9415,126.918
197.46,12.1351,2.40039,72.1,71.709,115.801,0.826126,27.9415,127.449
197.48,12.1351,2.43619,72.1004,71.709,118.366,0.826126,27.9415,129.572
197.5,12.1351,2.44096,72.696,72.4051,118.368,0.826126,27.9415,129.043
197.52,12.1351,2.43251,72.6965,72.4057,119.65,0.826126,27.9415,125.861
197.54,12.1356,2.4325,73.8876,72.22,119.652,0.826126,28.0444,124.795
197.56,12.1356,2.42416,73.8885,72.2199,120.351,0.826126,28.0444,124.794
197.58,12.1374,2.40214,73.8885,72.2199,120.352,0.851009,28.0444,122.671
197.6,12.1374,2.42292,75.5378,71.9879,120.352,0.851028,28.0444,120.547
197.62,12.1305,2.41036,75.539,71.9877,121.168,0.849245,28.0444,122.668
197.64,12.1305,2.41035,78.1046,71.3844,121.168,0.849244,28.0444,124.792
197.66,12.1295,2.40588,78.1065,71.3839,122.741,0.849244,28.0444,125.854
197.68,12.1295,2.40587,81.1302,70.7806,122.744,0.849244,28.0444,120.55
197.7,12.1267,2.47284,81.1325,70.7802,124.551,0.849244,28.0444,117.362
197.72,12.1267,2.47289,84.6143,70.4089,124.552,0.849244,28.0444,118.951
197.74,12.1254,2.47241,84.6169,70.4086,126.884,0.849244,28.0444,118.953
197.76,12.1253,2.47241,84.6169,70.4086,126.886,0.849244,28.0444,120.544
197.78,12.1235,2.51195,88.282,70.9191,126.886,0.849244,28.0444,124.26
197.8,12.1235,2.50454,88.2848,70.9195,129.859,0.849244,28.0444,125.855
197.82,12.1249,2.45093,91.9498,71.1515,129.861,0.849244,27.2626,124.795
197.84,12.1249,2.46351,91.9526,71.1517,133.125,0.872001,27.262,123.733
197.86,12.1258,2.45088,95.8009,70.502,133.128,0.872019,27.262,122.671
197.88,12.1258,2.43397,95.8038,70.5015,137.438,0.872019,27.262,123.2
197.9,12.1263,2.54218,100.293,69.2485,137.445,0.863346,27.262,122.14
197.92,12.1263,2.50075,100.297,69.2475,143.624,0.863339,27.262,117.894
197.94,12.1258,2.49611,105.657,68.7834,143.629,0.863339,27.262,116.299
197.96,12.1258,2.50178,105.661,68.7831,143.629,0.863339,27.262,113.644
197.98,12.1244,2.47871,105.661,68.7831,151.557,0.863339,27.262,109.928
198,12.1244,2.4685,111.983,67.6693,151.563,0.863339,27.262,109.925
198.02,12.1267,2.53073,111.988,67.6684,160.824,0.863339,27.262,109.925
198.04,12.1267,2.49921,119.181,65.7193,160.838,0.863339,27.262,109.925
198.06,12.124,2.38887,119.186,65.7178,170.049,0.863339,27.262,107.802
198.08,12.124,2.40214,127.387,63.8151,170.056,0.863339,27.3237,106.739
198.1,12.1258,2.52338,127.393,63.8136,179.791,0.863339,27.3238,104.616
198.12,12.1258,2.5245,136.922,60.565,179.798,0.865088,27.3238,100.369
198.14,12.1253,2.59308,136.929,60.5625,190.175,0.86509,27.3238,95.5905
198.16,12.1253,2.58782,147.275,56.5281,190.183,0.877204,27.3238,92.4055
198.18,12.1277,2.68905,147.291,56.5219,190.183,0.877222,27.3238,88.6862
198.2,12.1277,2.6474,147.291,56.5219,200.617,0.877222,27.3238,82.8464
198.22,12.1286,2.59853,158.195,53.0413,200.625,0.877222,27.3238,81.25
198.24,12.1286,2.62045,158.203,53.0387,210.535,0.877222,27.3238,82.3101
198.26,12.1272,2.55249,168.511,49.1404,210.543,0.877222,27.3238,83.3722
198.28,12.1272,2.56369,168.519,49.1374,219.17,0.877222,27.3238,81.2504
198.3,12.1291,2.48219,177.819,44.8214,219.177,0.877222,27.3238,77.5344
198.32,12.1291,2.49398,177.826,44.8181,226.638,0.877222,27.3238,74.3478
198.34,12.1291,2.5398,187.446,39.3884,226.644,0.877222,31.6034,74.3453
198.36,12.1295,2.51456,187.454,39.3842,233.29,0.877222,31.6066,75.9372
198.38,12.1295,2.47933,187.454,39.3842,233.295,0.854375,31.6066,78.5896
198.4,12.13,2.51025,199.961,33.5832,233.295,0.85434,31.6066,78.5936
198.42,12.1332,2.47677,199.97,33.5788,238.191,0.915274,31.6066,74.8792
198.44,12.1332,2.44981,215.959,28.6131,238.195,0.91532,31.6066,71.1619
198.46,12.1388,2.55963,215.971,28.6093,240.352,0.91532,31.6066,69.0366
198.48,12.1388,2.62663,231.868,23.1795,240.353,0.91532,31.6066,69.035
198.5,12.1513,2.65003,231.88,23.1754,237.905,0.91532,31.6066,69.035
198.52,12.1514,2.62139,246.484,19.0482,237.903,0.91532,31.6066,70.0954
198.54,12.1555,2.62136,246.506,19.0419,233.007,0.91532,31.6066,71.6889
198.56,12.1555,2.51564,260.57,19.0419,233.003,0.91532,31.6066,73.8127
198.58,12.163,2.51558,260.581,16.3038,233.003,0.91532,31.6066,73.8143
198.6,12.163,2.5803,260.581,16.3017,234.577,0.91532,31.6066,74.3449
198.62,12.1699,2.51426,273.684,15.4664,234.578,0.91532,31.5861,74.876
198.64,12.1699,2.46823,273.694,15.4657,246.062,0.912488,31.586,71.1619
198.66,12.1727,2.30488,284.406,14.9093,246.071,0.912485,31.586,67.4475
198.68,12.1727,2.32434,284.422,14.9084,262.335,0.912485,31.586,65.8499
198.7,12.1769,2.08735,290.882,14.5372,262.347,0.923343,31.586,67.4406
198.72,12.1769,2.08717,290.887,14.5369,274.122,0.923351,31.586,65.8499
198.74,12.1862,1.94459,291.162,15.0938,274.131,0.923351,31.586,63.7262
198.76,12.1862,1.94448,291.162,15.0942,279.902,0.923351,31.586,63.1939
198.78,12.1936,1.65347,286.535,15.0942,279.907,0.923351,31.586,61.071
198.8,12.1936,1.71066,286.531,14.5373,279.907,0.923351,31.586,58.4162
198.82,12.2047,1.56492,286.531,14.5369,281.597,0.923351,31.586,58.4142
198.84,12.2048,1.62885,282.82,14.1192,281.599,0.923351,31.586,58.4142
198.86,12.2154,1.37977,282.817,14.1189,281.482,0.923351,31.586,60.0061
198.88,12.2154,1.49478,278.331,13.4233,281.482,0.923351,25.2538,60.0073
198.9,12.2261,1.26818,278.324,13.4222,280.433,0.923351,25.2441,58.4154
198.92,12.2261,1.41847,263.939,14.1183,280.432,0.971886,25.2441,56.8223
198.94,12.2391,1.2527,263.928,14.1189,278.217,0.971923,25.2441,57.3517
198.96,12.2391,1.38552,239.006,14.9078,278.215,0.837313,25.2441,57.3521
198.98,12.2577,1.33956,238.987,14.9084,273.085,0.83721,25.2441,55.7602
199,12.2577,1.34835,238.987,14.9084,273.081,0.83721,25.2441,56.2896
199.02,12.2693,1.33996,206.988,15.3258,273.081,0.83721,25.2441,57.8807
199.04,12.2693,1.32288,206.939,15.3264,265.037,0.83721,25.2441,59.475
199.06,12.2804,1.39862,170.564,16.301,265.031,0.83721,25.2441,61.0682
199.08,12.2805,1.40935,170.536,16.3017,253.547,0.83721,25.2441,63.1919
199.1,12.2911,1.57349,131.32,16.9514,253.538,0.83721,25.2441,63.1935
199.12,12.2911,1.5743,131.29,16.9519,237.041,0.83721,25.2441,66.3773
199.14,12.3009,1.77944,95.3269,17.5552,237.028,0.83721,19.0716,72.7474
199.16,12.3009,1.76019,95.2995,17.5557,215.825,0.83721,19.0669,78.5847
199.18,12.3074,1.88973,95.2995,17.5557,215.793,0.881104,19.0669,82.8387
199.2,12.3074,1.88487,70.7896,18.5303,215.793,0.881138,19.0669,89.7402
199.22,12.3116,2.14423,70.7708,18.531,191.368,0.795141,19.0669,97.1743
199.24,12.3116,2.1115,56.2481,19.0879,191.349,0.795075,19.0669,101.425
199.26,12.313,2.31989,56.2371,19.0883,164.126,0.795075,19.0669,105.673
199.28,12.313,2.15589,47.2119,19.6452,164.105,0.795075,19.0669,108.33
199.3,12.325,2.45553,47.205,19.6457,133.501,0.795075,19.0669,113.107
199.32,12.325,2.26852,41.1119,20.6667,133.478,0.795075,19.0669,119.479
199.34,12.3459,2.48743,41.1072,20.6674,103.398,0.795075,19.0669,130.096
199.36,12.3459,2.28727,37.9462,21.41,103.375,0.795075,19.0669,138.594
199.38,12.3533,2.37198,37.9437,21.4105,103.375,0.795075,19.0669,142.313
199.4,12.3534,2.26236,37.9437,21.4105,85.7123,0.795075,19.0669,147.625
199.42,12.3622,2.39824,36.2487,22.1067,85.6989,0.795075,20.0751,153.466
199.44,12.3622,2.36735,36.2474,22.1072,77.7709,0.821183,20.0759,158.246
199.46,12.3729,2.52792,35.3769,23.1282,77.7649,0.821203,20.0759,163.025
199.48,12.3729,2.53148,35.3763,23.1289,73.7426,0.821203,20.0759,170.458
199.5,12.3798,2.45076,34.5974,24.0571,73.7395,0.803069,20.0759,177.361
199.52,12.3798,2.4159,34.5968,24.0578,70.6523,0.803055,20.0759,190.092
199.54,12.3849,2.53609,34.1387,25.1716,70.6476,0.803055,20.0759,199.663
199.56,12.3849,2.50849,34.1384,25.1725,68.8988,0.803055,20.0759,201.793
199.58,12.3924,2.44289,33.4512,25.1725,68.8974,0.803055,20.0759,204.448
199.6,12.3924,2.42746,33.4506,26.0078,68.8974,0.803055,20.0759,209.225
199.62,12.4026,2.50193,33.4506,26.0085,69.4221,0.803055,20.0759,211.352
199.64,12.4026,2.4648,32.5344,26.983,69.4225,0.803055,20.0759,212.414
199.66,12.4119,2.46022,32.5337,26.9838,70.7622,0.803055,20.0759,216.657
199.68,12.4119,2.48313,32.0756,28.1904,70.7643,0.803055,20.3639,220.909
199.7,12.4221,2.41386,32.0752,28.1913,72.0467,0.803055,20.3641,223.565
199.72,12.4221,2.42358,31.8003,29.7228,72.0477,0.804417,20.3641,224.098
199.74,12.4355,2.42364,31.8001,29.7239,72.9804,0.804418,20.3641,226.221
199.76,12.4356,2.38875,31.2504,31.2554,72.9811,0.807178,20.3641,224.1
199.78,12.4411,2.44348,31.2499,31.2566,73.2143,0.80718,20.3641,221.445
199.8,12.4411,2.45107,31.2499,31.2566,73.2145,0.80718,20.3641,223.565
199.82,12.4467,2.425,30.7918,32.7417,73.2145,0.80718,20.3641,225.159
199.84,12.4467,2.42787,30.7915,32.7428,72.8647,0.80718,20.3641,226.221
199.86,12.4532,2.37848,30.3333,33.2997,72.8644,0.80718,20.3641,228.875
199.88,12.4532,2.39222,30.333,33.3001,73.8547,0.80718,20.3641,231.529
199.9,12.4643,2.34209,29.8749,34.0426,73.8562,0.80718,20.3641,231.533
199.92,12.4643,2.34159,29.8745,34.0432,76.0131,0.80718,20.3641,231.002
199.94,12.4727,2.4166,29.7371,33.904,76.0147,0.80718,19.2737,224.634
199.96,12.4727,2.4362,29.737,33.9039,77.7635,0.80718,19.2728,220.384
199.98,12.4801,2.44462,29.5079,33.9039,77.7649,0.783131,19.2728,223.565
200,12.4801,2.41051,29.5077,33.7647,77.7649,0.783112,19.2728,221.445
200.02,12.4862,2.42288,29.5077,33.7645,78.1726,0.806168,19.2728,217.201
200.04,12.4862,2.4694,29.4619,33.1148,78.1732,0.806203,19.2728,211.888
200.06,12.4931,2.5051,29.4619,33.1143,78.1149,0.806203,19.2728,207.639
200.08,12.4931,2.50463,29.4619,31.7685,78.1149,0.806203,19.2728,203.391
200.1,12.5019,2.44794,29.4619,31.7675,78.8144,0.806203,19.2728,203.918
200.12,12.502,2.48063,29.4619,30.236,78.8149,0.806203,19.2728,206.041
200.14,12.5071,2.54306,29.4619,30.2348,79.5728,0.806203,19.2728,206.043
200.16,12.5071,2.49506,29.7365,29.0755,79.5733,0.806203,19.2728,204.452
200.18,12.5145,2.45915,29.737,29.0737,79.9231,0.806203,19.2728,202.858
200.2,12.5145,2.48766,29.737,29.0737,79.9234,0.806203,21.3921,201.795
200.22,12.5215,2.4083,30.0118,27.7743,79.9234,0.806203,21.3937,199.141
200.24,12.5215,2.36264,30.012,27.7733,80.3897,0.788602,21.3937,197.017
200.26,12.5266,2.31825,30.4244,27.5413,80.3901,0.788588,21.3937,194.893
200.28,12.5266,2.3758,30.4247,27.5411,82.1972,0.806621,21.3937,192.768
200.3,12.5391,2.4063,30.7454,27.5875,82.1986,0.806634,21.3937,190.644
200.32,12.5391,2.33808,30.7456,27.5875,84.472,0.806634,21.3937,191.173
200.34,12.5461,2.41765,31.1121,27.077,84.4737,0.806634,21.3937,192.235
200.36,12.5461,2.4055,31.1124,27.0767,85.8728,0.806634,21.3937,189.583
200.38,12.5512,2.35648,31.4786,26.4274,85.8739,0.806634,21.3937,184.809
200.4,12.5512,2.38784,31.4792,26.4264,85.8739,0.806634,21.3937,185.332
200.42,12.5572,2.4003,31.4792,26.4264,86.4568,0.806634,21.3937,191.169
200.44,12.5572,2.39788,31.2959,25.8231,86.4573,0.806634,21.3937,193.827
200.46,12.5646,2.29955,31.2958,25.8227,87.6814,0.806634,21.3937,197.543
200.48,12.5646,2.30456,30.517,25.3122,87.6824,0.806634,23.4512,201.261
200.5,12.5749,2.36392,30.5164,25.3118,89.4895,0.806634,23.4527,206.039
200.52,12.5749,2.33679,29.6466,24.9872,89.4908,0.788817,23.4527,206.043
200.54,12.58,2.36325,29.6453,24.9867,90.4818,0.78879,23.4527,203.92
200.56,12.58,2.38745,28.1792,24.8939,90.4826,0.798109,23.4527,203.919
200.58,12.5855,2.29788,28.1781,24.8938,89.8997,0.798116,23.4527,206.041
200.6,12.5855,2.31786,28.1781,24.8938,89.8992,0.798116,23.4527,208.165
200.62,12.5906,2.40019,26.483,24.3833,89.8992,0.798116,23.4527,209.759
200.64,12.5907,2.35993,26.4818,24.3829,87.8589,0.798116,23.4527,212.944
200.66,12.5981,2.24318,24.4675,24.3366,87.8574,0.798116,23.4527,216.658
200.68,12.5981,2.26901,24.4644,24.3365,84.418,0.798116,23.4527,220.378
200.7,12.6027,2.24254,21.8073,24.1973,84.4154,0.798116,23.4527,228.871
200.72,12.6027,2.23535,21.8053,24.1972,78.9941,0.798116,23.4527,237.368
200.74,12.6088,2.12618,19.1939,23.8723,78.99,0.798116,23.2881,243.211
200.76,12.6088,2.16245,19.1919,23.872,74.0933,0.798116,23.288,241.624
200.78,12.6129,2.1517,16.9013,23.9185,74.0895,0.795816,23.288,243.745
200.8,12.6129,2.17071,16.8995,23.9185,74.0895,0.795815,23.288,247.992
200.82,12.6199,2.16802,16.8995,23.9185,72.2824,0.80051,23.288,246.934
200.84,12.6199,2.20532,15.9375,24.0577,72.2811,0.800514,23.288,246.402
200.86,12.6269,2.08352,15.9367,24.0578,71.9896,0.800514,23.288,249.055
200.88,12.6269,2.15148,16.0741,23.6868,71.9894,0.800514,23.288,250.648
200.9,12.631,2.35523,16.0743,23.6863,71.0567,0.800514,23.288,252.242
200.92,12.6311,2.30149,16.5324,23.2222,71.056,0.800514,23.288,253.304
200.94,12.6375,2.4788,16.5328,23.2218,69.074,0.800514,23.288,254.366
200.96,12.6376,2.47797,17.2658,22.8506,69.0725,0.800514,23.288,258.082
200.98,12.6431,2.45431,17.2663,22.8503,66.5658,0.800514,23.288,261.799
201,12.6431,2.41462,18.2742,22.5718,66.5639,0.800514,21.786,263.394
201.02,12.6501,2.56528,18.275,22.5716,66.5639,0.800514,21.7849,263.925
201.04,12.6501,2.5328,18.275,22.5716,65.398,0.776193,21.7849,264.987
201.06,12.6543,2.49321,19.6952,22.2004,65.3971,0.776175,21.7849,267.111
201.08,12.6543,2.42952,19.6963,22.2001,65.3389,0.798949,21.7849,268.704
201.1,12.6594,2.41702,21.7578,20.9935,65.3388,0.798966,21.7849,269.236
201.12,12.6594,2.45691,21.7594,20.9925,66.8544,0.798966,21.7849,263.399
201.14,12.6654,2.45696,23.6836,20.3428,66.8556,0.798966,21.7849,253.843
201.16,12.6654,2.43509,23.685,20.3423,68.8943,0.798966,21.7849,244.292
201.18,12.6714,2.40584,25.2885,19.6926,68.8974,0.798966,21.7849,242.155
201.2,12.6715,2.3513,25.2897,19.6921,71.1126,0.798966,21.7849,240.561
201.22,12.6747,2.49832,25.2897,19.6921,71.1143,0.798966,21.7849,236.846
201.24,12.6747,2.51186,25.702,18.764,71.1143,0.798966,21.7849,234.19
201.26,12.6789,2.40486,25.7023,18.7632,73.2712,0.798966,23.7395,231.004
201.28,12.6789,2.43495,24.9235,18.2992,73.2728,0.798966,23.741,225.695
201.3,12.6835,2.47814,24.9229,18.2988,75.0216,0.762003,23.741,221.446
201.32,12.6835,2.48171,24.0525,17.9275,75.023,0.761974,23.741,222.504
201.34,12.6886,2.44687,24.0518,17.9273,76.7135,0.761974,23.741,223.036
201.36,12.6886,2.43695,23.3646,17.556,76.7148,0.81041,23.741,221.444
201.38,12.697,2.51814,23.3641,17.5557,79.103,0.810447,23.741,219.322
201.4,12.697,2.52236,23.0434,17.5557,79.1066,0.810447,23.741,217.196
201.42,12.7035,2.37138,23.0432,17.7413,79.1066,0.810447,23.741,214.011
201.44,12.7035,2.3751,23.0432,17.7415,81.0886,0.810447,23.741,211.886
201.46,12.7068,2.38663,22.9057,18.1127,81.0901,0.810447,23.741,211.354
201.48,12.7068,2.36992,22.9056,18.113,81.265,0.810447,23.741,209.761
201.5,12.7097,2.39459,22.7682,18.1594,81.2652,0.810447,23.741,209.76
201.52,12.7097,2.38842,22.7681,18.1595,79.1099,0.810447,23.741,210.821
201.54,12.715,2.42554,22.4932,18.1131,79.1066,0.810447,24.0496,211.353
201.56,12.715,2.45261,22.493,18.113,75.4924,0.810447,24.0499,215.598
201.58,12.7183,2.4192,21.8516,18.4379,75.4897,0.80053,24.0499,222.5
201.6,12.7183,2.36458,21.8511,18.4381,71.1759,0.800523,24.0499,229.403
201.62,12.7245,2.25276,20.7974,18.4381,71.1726,0.843096,24.0499,235.776
201.64,12.7245,2.28813,20.7966,18.6702,71.1726,0.843128,24.0499,239.495
201.66,12.7294,2.31006,20.7966,18.6704,67.7942,0.843128,24.0499,242.149
201.68,12.7294,2.35122,19.3764,18.9952,67.789,0.843128,24.0499,245.337
201.7,12.7335,2.25496,19.3753,18.9955,65.9819,0.843128,24.0499,250.646
201.72,12.7335,2.22676,18.0926,20.1557,65.9805,0.843128,24.0499,253.303
201.74,12.731,2.25641,18.0916,20.1566,65.3393,0.843128,24.0499,250.652
201.76,12.731,2.26497,16.9921,20.435,65.3388,0.843128,24.0499,250.119
201.78,12.7347,2.32677,16.9912,20.4352,65.0473,0.843128,24.0499,251.711
201.8,12.7347,2.37018,15.9834,21.317,65.0471,0.843128,22.445,250.12
201.82,12.7401,2.2638,15.9826,21.3176,65.3969,0.843128,22.4438,248.527
201.84,12.7401,2.27475,15.9826,21.0856,65.3971,0.92048,22.4438,247.995
201.86,12.7471,2.35601,14.654,21.0854,65.3971,0.920539,22.4438,252.24
201.88,12.7471,2.369,14.653,21.0854,65.8631,0.817299,22.4438,254.894
201.9,12.7504,2.44517,13.6909,20.7142,65.8639,0.817141,22.4438,251.184
201.92,12.7504,2.42892,13.6902,20.7139,66.6217,0.817141,22.4438,245.875
201.94,12.7512,2.42506,13.2321,21.1315,66.6223,0.817141,22.4438,244.279
201.96,12.7512,2.43324,13.2317,21.1319,67.2052,0.817141,22.4438,243.216
201.98,12.752,2.41015,13.3691,20.6678,67.2056,0.817141,22.4438,241.624
202,12.752,2.35247,13.3693,20.6674,68.3715,0.817141,22.4438,237.377
202.02,12.7536,2.42268,13.3693,20.8993,68.3724,0.817141,22.4438,233.132
202.04,12.7536,2.43577,14.1481,20.8997,68.3724,0.817141,22.4438,228.881
202.06,12.752,2.40273,14.1487,20.9461,70.2378,0.817141,21.3945,228.877
202.08,12.752,2.37374,15.1107,20.9461,70.2392,0.817141,21.3937,228.877
202.1,12.752,2.37745,15.1115,20.8533,71.1136,0.96296,21.3937,226.224
202.12,12.752,2.43373,15.9819,20.8532,71.1143,0.963072,21.3937,223.569
202.14,12.7553,2.37653,15.9826,20.8532,67.9081,0.963072,21.3937,223.567
202.16,12.7553,2.33711,16.715,20.7141,67.9057,0.844646,21.3937,225.158
202.18,12.7569,2.38567,16.7162,20.7139,62.8924,0.844465,21.3937,224.63
202.2,12.7569,2.39323,17.8157,21.2708,62.8886,0.844465,21.3937,226.752
202.22,12.7623,2.4008,17.8165,21.2712,62.8886,0.844465,21.3937,232.06
202.24,12.7623,2.39938,17.8165,21.3176,59.9156,0.844465,21.3937,233.125
202.26,12.7697,2.39187,19.0076,21.3176,59.9134,0.844465,21.3937,234.187
202.28,12.7697,2.37006,19.0085,21.4105,58.8641,0.844465,21.3937,232.065
202.3,12.7717,2.33291,19.9706,21.4105,58.8633,0.844465,21.3937,229.941
202.32,12.7717,2.34599,19.9714,21.4105,58.7467,0.844465,23.4512,234.185
202.34,12.7721,2.44923,20.292,21.4105,58.7466,0.844465,23.4527,237.902
202.36,12.7721,2.4639,20.2923,21.4105,58.3968,0.844465,23.4527,237.905
202.38,12.7726,2.38258,20.2465,20.9004,58.3966,0.968095,23.4527,238.435
202.4,12.7726,2.35945,20.2464,20.8997,58.5714,0.968283,23.4527,239.497
202.42,12.7746,2.36316,20.2923,20.6676,58.5716,0.859109,23.4527,238.968
202.44,12.7746,2.32833,20.2923,20.6674,58.5716,0.859026,23.4527,238.437
202.46,12.7742,2.44201,20.2465,20.389,58.9213,0.859026,23.4527,237.905
202.48,12.7742,2.48897,20.2464,20.3888,58.9216,0.859026,23.4527,235.783
202.5,12.775,2.36898,20.2464,21.0385,59.0382,0.859026,23.4527,236.842
202.52,12.775,2.33835,20.1091,21.039,59.0383,0.859026,23.4527,240.024
202.54,12.7779,2.39729,20.1089,21.039,59.0966,0.859026,23.4527,243.213
202.56,12.7779,2.42644,20.2005,21.039,59.0966,0.859026,23.4527,243.215
202.58,12.7783,2.37411,20.2006,21.039,59.6796,0.859026,24.1729,241.624
202.6,12.7783,2.33869,20.2464,21.2246,59.68,0.859026,24.1734,238.969
202.62,12.7808,2.41065,20.2464,21.2248,61.2539,0.859026,24.1734,233.661
202.64,12.7808,2.42378,20.2464,21.5032,61.2551,0.810928,24.1734,229.942
202.66,12.7791,2.32558,20.2464,21.5034,63.5269,0.810891,24.1734,230.47
202.68,12.7791,2.31298,20.3839,22.3388,63.5303,0.877805,24.1734,228.879
202.7,12.7812,2.41476,20.384,22.3394,63.5303,0.877856,24.1734,225.694
202.72,12.7812,2.4333,20.4298,22.6643,65.9787,0.877856,24.1734,222.507
202.74,12.78,2.46794,20.4298,22.6645,65.9805,0.877856,24.1734,218.26
202.76,12.7799,2.45808,20.4298,22.6645,67.9625,0.877856,24.1734,214.542
202.78,12.782,2.49504,20.3382,22.4789,67.964,0.877856,24.1734,209.233
202.8,12.782,2.48909,20.3381,22.4787,69.2465,0.877856,24.1734,203.392
202.82,12.782,2.5369,20.5214,22.7108,69.2475,0.877856,24.1734,199.673
202.84,12.782,2.54664,20.5215,22.711,69.4807,0.877856,23.371,197.548
202.86,12.7808,2.42706,20.7506,23.0822,69.4808,0.877856,23.3704,194.362
202.88,12.7808,2.41039,20.7508,23.0825,69.4808,0.877856,23.3704,191.179
202.9,12.7836,2.40215,20.934,23.7322,69.4808,0.752055,23.3704,189.582
202.92,12.7836,2.38751,20.9342,23.7327,69.0728,0.751959,23.3704,184.805
202.94,12.7804,2.45696,20.9342,23.6863,69.0725,0.890432,23.3704,180.026
202.96,12.7804,2.45452,21.0716,23.6863,69.0725,0.890538,23.3704,178.43
202.98,12.7824,2.43632,21.0717,23.6863,68.4312,0.890538,23.3704,180.021
203,12.7824,2.49933,21.0717,22.9901,68.4307,0.890538,23.3704,176.307
203.02,12.7832,2.52283,21.0717,22.9896,68.1977,0.890538,23.3704,173.653
203.04,12.7832,2.48846,20.8426,22.7112,68.1974,0.890538,23.3704,169.404
203.06,12.7824,2.36821,20.8425,22.711,69.2467,0.890538,23.3704,163.564
203.08,12.7836,2.33344,20.6592,22.5717,69.2475,0.890538,23.3704,159.845
203.1,12.7836,2.46976,20.6591,22.5716,70.9963,0.890538,23.3704,158.251
203.12,12.782,2.50947,20.5674,22.2004,70.9976,0.890538,24.1111,164.086
203.14,12.782,2.37878,20.5674,22.2001,70.9976,0.890538,24.1116,169.928
203.16,12.7816,2.35427,20.5674,21.7827,72.6286,0.788013,24.1116,176.825
203.18,12.7816,2.43308,20.2925,21.7821,72.6311,0.787856,24.1116,178.428
203.2,12.7845,2.45659,20.2923,20.9931,73.5055,0.903609,24.1116,181.613
203.22,12.7845,2.40565,20.109,20.9925,73.5062,0.903697,24.1116,186.391
203.24,12.7836,2.42597,20.1089,20.9925,73.1564,0.903697,24.1116,189.048
203.26,12.7836,2.4636,20.1089,20.9925,73.1561,0.903697,24.1116,191.172
203.28,12.7841,2.45517,20.1089,20.9925,72.2234,0.903697,24.1116,194.357
203.3,12.7841,2.45516,20.1089,20.7141,72.2227,0.903697,24.1116,193.829
203.32,12.7845,2.47932,20.1089,20.7139,71.1151,0.903697,24.1116,191.706
203.34,12.7845,2.47933,20.2463,20.3426,71.1143,0.903697,24.1116,194.358
203.36,12.7836,2.40672,20.2464,20.3423,71.1143,0.903697,24.1116,197.013
203.38,12.7836,2.40666,20.2464,20.1105,70.8813,0.903697,24.6462,196.485
203.4,12.782,2.42721,20.3839,20.1101,70.8809,0.903697,24.647,192.77
203.42,12.782,2.42722,20.384,19.8781,70.9392,0.840332,24.647,194.359
203.44,12.7849,2.41223,20.6589,19.8779,70.9393,0.840283,24.647,199.666
203.46,12.7849,2.45168,20.6591,19.8779,70.7644,0.840283,24.647,206.569
203.48,12.789,2.38541,21.0714,20.2956,70.7643,0.907438,24.647,208.166
203.5,12.789,2.37164,21.0717,20.2959,70.8226,0.907489,24.647,207.636
203.52,12.7927,2.45571,21.4837,20.2031,70.8226,0.907489,24.647,213.468
203.54,12.7927,2.48469,21.4843,20.203,71.2307,0.907489,24.647,211.885
203.56,12.7968,2.51275,21.6676,20.203,71.231,0.907489,24.647,205.517
203.58,12.7968,2.46118,21.6677,20.203,71.231,0.907489,24.647,199.144
203.6,12.7993,2.48862,21.6677,19.7853,70.9395,0.907489,24.647,198.078
203.62,12.7993,2.49373,21.6219,19.785,70.9393,0.907489,24.647,197.547
203.64,12.805,2.44793,21.6219,19.5994,70.5895,0.907489,23.824,195.424
203.66,12.805,2.47692,21.7134,19.5992,70.5893,0.907489,23.8234,188.529
203.68,12.8017,2.39132,21.7136,19.5992,70.9973,0.907489,23.8234,182.151
203.7,12.8017,2.41589,21.6678,19.6456,70.9976,0.847319,23.8234,181.615
203.72,12.8038,2.49323,21.6677,19.6457,71.6971,0.847273,23.8234,184.799
203.74,12.8038,2.45438,21.4845,20.1098,71.6977,0.886467,23.8234,187.454
203.76,12.8046,2.41132,21.4843,20.1101,73.0384,0.886497,23.8234,185.334
203.78,12.8046,2.43314,20.9804,19.5532,73.0395,0.886497,23.8234,181.618
203.8,12.805,2.49524,20.98,19.5528,73.0395,0.886497,23.8234,177.901
203.82,12.805,2.45156,20.0637,19.3207,74.6134,0.886497,23.8234,180.02
203.84,12.8063,2.46523,20.063,19.3206,74.6146,0.886497,23.8234,182.144
203.86,12.8063,2.49064,19.5133,19.3206,75.7222,0.886497,23.8234,180.554
203.88,12.8054,2.45839,19.5129,19.3669,75.723,0.886497,23.8234,180.553
203.9,12.8054,2.45932,19.5129,19.367,76.714,0.886497,22.1362,185.859
203.92,12.8067,2.44554,19.1922,19.4598,76.7148,0.886497,22.1349,186.925
203.94,12.8067,2.42562,19.1919,19.4599,78.0555,0.886497,22.1349,181.619
203.96,12.8063,2.48962,19.0545,19.2743,78.0565,0.861178,22.1349,178.431
203.98,12.8063,2.53003,19.0544,19.2741,77.9983,0.861159,22.1349,180.021
204,12.8026,2.41024,19.1002,19.2277,77.9982,0.926642,22.1349,180.022
204.02,12.8026,2.42282,19.1002,19.2277,75.2022,0.926692,22.1349,180.022
204.04,12.8046,2.52458,19.1002,19.3205,75.198,0.926692,22.1349,178.43
204.06,12.8046,2.48767,19.1002,19.3206,71.1174,0.926692,22.1349,176.837
204.08,12.8083,2.34768,19.1002,19.3206,71.1143,0.926692,22.1349,183.203
204.1,12.8083,2.3735,19.4667,19.5062,71.1143,0.926692,22.1349,189.576
204.12,12.8251,2.41825,19.467,19.5063,68.083,0.926692,22.1349,190.111
204.14,12.8252,2.42804,19.6961,19.5527,68.0807,0.926692,22.1349,189.05
204.16,12.8268,2.3907,19.6963,19.5528,66.1002,0.926692,23.019,188.519
204.18,12.8268,2.36442,19.9253,19.5064,66.0972,0.926692,23.0203,190.11
204.2,12.828,2.30906,19.9255,19.5063,64.5233,0.926692,23.0203,193.295
204.22,12.828,2.29149,19.8797,20.0632,64.5221,0.921035,23.0203,197.012
204.24,12.8268,2.40335,19.8797,20.0637,63.7643,0.921031,23.0203,198.076
204.26,12.8268,2.42247,19.6506,20.2957,63.7637,0.909397,23.0203,198.077
204.28,12.8272,2.46577,19.6504,20.2959,63.7637,0.909388,23.0203,198.077
204.3,12.8309,2.46631,19.6504,20.2959,63.3556,0.909388,23.0203,193.302
204.32,12.8309,2.47093,19.2381,20.4815,63.3553,0.909388,23.0203,188.522
204.34,12.8346,2.50102,19.2378,20.4817,63.4136,0.909388,23.0203,189.58
204.36,12.8346,2.49168,19.0087,20.4817,63.4137,0.909388,23.0203,190.642
204.38,12.8379,2.46472,19.0085,20.4817,63.5301,0.909388,23.0203,189.582
204.4,12.8379,2.46468,18.642,20.6209,63.5303,0.909388,23.0203,188.519
204.42,12.8412,2.47819,18.6418,20.621,63.6469,0.909388,23.3084,189.049
204.44,12.8412,2.38934,18.1836,20.7138,63.647,0.909388,23.3086,190.641
204.46,12.8428,2.36218,18.1833,20.7139,63.7053,0.909388,23.3086,193.296
204.48,12.8428,2.42788,18.1833,20.7603,63.7053,0.913217,23.3086,196.482
204.5,12.8461,2.54844,18.0458,20.7603,63.7053,0.91322,23.3086,196.484
204.52,12.8461,2.54853,18.0457,20.7603,63.7636,0.895855,23.3086,195.954
204.54,12.8494,2.42177,17.8167,20.7139,63.7637,0.895829,23.3086,195.422
204.56,12.8494,2.42167,17.8165,20.7139,63.5888,0.895829,23.3086,195.953
204.58,12.8511,2.29046,17.6332,20.2962,63.5887,0.895829,23.3086,196.484
204.6,12.8511,2.29036,17.6331,20.2959,63.7053,0.895829,23.3086,197.545
204.62,12.8531,2.4195,17.4957,20.1103,63.7053,0.895829,23.3086,198.607
204.64,12.8531,2.4196,17.4956,20.1101,63.5888,0.895829,23.3086,199.139
204.66,12.8568,2.41937,17.2667,19.6928,63.5887,0.895829,23.3086,198.609
204.68,12.8568,2.41937,17.2663,19.6921,63.5887,0.895829,21.642,199.139
204.7,12.8601,2.45688,17.2663,19.1816,63.3555,0.895829,21.6408,199.139
204.72,12.8601,2.45939,17.2205,19.1812,63.3553,0.895829,21.6408,202.323
204.74,12.865,2.41772,17.2205,19.1812,62.7724,0.904341,21.6408,208.693
204.76,12.865,2.41964,16.9914,18.5315,62.7719,0.904347,21.6408,213.474
204.78,12.8687,2.2803,16.9912,18.531,62.189,0.904347,21.6408,216.661
204.8,12.8687,2.24588,16.7166,17.3253,62.1885,0.871873,21.6408,219.845
204.82,12.8749,2.2693,16.7162,17.3235,61.2559,0.871823,21.6408,221.442
204.84,12.8749,2.32197,16.6703,16.1169,61.2551,0.871823,21.6408,223.035
204.86,12.8778,2.43017,16.6703,16.116,59.7978,0.871823,21.6408,223.567
204.88,12.8778,2.39407,16.533,14.4002,59.7967,0.871823,21.6408,224.097
204.9,12.8802,2.3613,16.5328,14.3975,59.7967,0.871823,21.6408,228.874
204.92,12.8802,2.37546,16.5328,13.0981,58.8057,0.871823,21.6408,233.653
204.94,12.8905,2.34575,16.5786,13.0971,58.8049,0.871823,22.0728,238.432
204.96,12.8905,2.34762,16.5786,12.5402,58.4552,0.871823,22.0732,243.212
204.98,12.8954,2.33651,16.6244,12.5398,58.4549,0.871823,22.0732,248.522
205,12.8954,2.36074,16.6245,12.5398,58.4549,0.871823,22.0732,252.771
205.02,12.9008,2.47342,16.6245,11.9833,58.4549,0.88361,22.0732,254.365
205.04,12.9008,2.45346,16.6245,11.9825,58.6298,0.883628,22.0732,254.898
205.06,12.9057,2.29454,16.7161,12.1217,58.6299,0.868554,22.0732,255.429
205.08,12.9057,2.30445,16.7162,12.1218,59.0963,0.868542,22.0732,253.837
205.1,12.9119,2.50486,16.5787,12.4467,59.0966,0.868542,22.0732,252.244
205.12,12.9119,2.5256,16.5786,12.4469,59.0966,0.868542,22.0732,255.427
205.14,12.9131,2.42958,16.5786,12.4933,59.8544,0.868542,22.0732,258.613
205.16,12.9131,2.39881,16.3039,12.4933,59.855,0.868542,22.0732,260.206
205.18,12.9139,2.36737,16.3035,12.3077,60.2631,0.868542,22.0732,261.801
205.2,12.9139,2.3415,15.708,12.3076,60.2634,0.868542,23.1225,264.455
205.22,12.9176,2.37249,15.7075,12.2148,60.6131,0.868542,23.1233,267.11
205.24,12.9176,2.39731,15.1577,12.2147,60.6134,0.868542,23.1233,266.051
205.26,12.9226,2.45148,15.1573,12.2147,61.0798,0.868542,23.1233,264.989
205.28,12.9226,2.46145,14.9741,12.2147,61.0801,0.913381,23.1233,263.927
205.3,12.9287,2.35693,14.9739,12.2147,61.1384,0.913415,23.1233,267.638
205.32,12.9287,2.36046,14.4242,12.2147,61.1385,0.84053,23.1233,266.582
205.34,12.9308,2.33808,14.4238,12.2147,61.1385,0.840474,23.1233,265.52
205.36,12.9308,2.3293,14.4238,11.8898,61.4299,0.840474,23.1233,264.988
205.38,12.9357,2.28355,13.7829,11.8896,61.4302,0.840474,23.1233,264.988
205.4,12.9357,2.28256,13.7819,12.1216,62.8875,0.840474,23.1233,264.988
205.42,12.9353,2.27924,12.8656,12.1218,62.8886,0.840474,23.1233,258.09
205.44,12.9353,2.27604,12.8649,12.1682,64.6957,0.840474,23.1233,251.186
205.46,12.9341,2.22977,11.7196,12.1682,64.6971,0.840474,20.0576,250.12
205.48,12.9341,2.23196,11.7187,11.797,66.271,0.840474,20.0553,249.058
205.5,12.9341,2.28493,10.436,11.7967,66.2722,0.840474,20.0553,251.179
205.52,12.9341,2.29358,10.435,12.3995,67.2625,0.840474,20.0553,252.241
205.54,12.9369,2.31035,9.7936,12.4005,67.264,0.923453,20.0553,249.059
205.56,12.937,2.35566,9.79311,12.4005,67.264,0.923517,20.0553,240.567
205.58,12.9398,2.2435,9.7473,12.4933,68.1384,0.857329,20.0553,230.478
205.6,12.9398,2.24559,9.74727,12.4933,68.139,0.857279,20.0553,227.287
205.62,12.9468,2.32712,9.74727,12.7718,69.5381,0.857279,20.0553,224.631
205.64,12.9468,2.37885,10.1596,12.772,69.5392,0.857279,20.0553,216.139
205.66,12.9501,2.31096,10.1599,12.401,71.1119,0.857279,20.0553,212.951
205.68,12.9501,2.30553,10.7097,12.4005,71.1143,0.857279,20.0553,209.762
205.7,12.9497,2.33849,10.7101,12.2612,72.3968,0.857279,20.0553,206.576
205.72,12.9497,2.29271,11.4889,12.2611,72.3977,0.857279,18.9237,198.614
205.74,12.9509,2.37642,11.4895,12.1219,72.8641,0.857279,18.9228,194.363
205.76,12.9509,2.38775,12.589,12.1218,72.8644,0.857279,18.9228,190.115
205.78,12.9509,2.39159,12.5898,12.1218,73.5057,0.857279,18.9228,187.458
205.8,12.9509,2.33449,14.009,12.1682,73.5062,0.929455,18.9228,184.275
205.82,12.9497,2.49663,14.0111,12.1682,73.5062,0.929565,18.9228,185.331
205.84,12.9497,2.47169,15.9811,11.9826,74.5555,0.831128,18.9228,194.353
205.86,12.9522,2.34827,15.9826,11.9825,74.5563,0.831053,18.9228,194.36
205.88,12.9522,2.34818,15.9826,12.4926,74.3815,0.831053,18.9228,189.588
205.9,12.955,2.37447,18.4565,12.4933,74.3812,0.831053,18.9228,192.234
205.92,12.955,2.41747,18.4584,12.3077,72.0495,0.831053,18.9228,194.889
205.94,12.9575,2.4894,20.2451,12.3076,72.0477,0.831053,18.9228,198.605
205.96,12.9575,2.45885,20.2464,12.4004,69.6577,0.831053,18.9228,199.139
205.98,12.9591,2.4379,20.7046,12.4005,69.6558,0.831053,20.6922,204.976
206,12.9591,2.45541,20.7049,12.4005,67.6739,0.831053,20.6936,212.94
206.02,12.9641,2.47231,20.6134,12.4005,67.6723,0.831053,20.6936,214.007
206.04,12.9641,2.45217,20.6132,12.8181,66.0401,0.831053,20.6936,212.416
206.06,12.9678,2.50191,20.3383,12.8185,66.0389,0.905147,20.6936,216.66
206.08,12.9678,2.4878,20.3381,12.7256,66.0389,0.905204,20.6936,221.439
206.1,12.9719,2.51571,20.0174,12.7256,65.1645,0.827407,20.6936,226.219
206.12,12.9719,2.51725,20.0172,12.7256,65.1638,0.827348,20.6936,230.998
206.14,12.9785,2.39431,19.9256,13.004,64.5809,0.827348,20.6936,235.777
206.16,12.9785,2.40192,19.9255,13.0042,64.5804,0.827348,20.6936,236.841
206.18,12.9912,2.42273,19.9255,13.6075,63.7643,0.827348,20.6936,237.904
206.2,12.9908,2.40295,19.4216,13.608,63.7637,0.827348,20.6936,237.374
206.22,12.9908,2.40293,19.4212,13.84,62.9476,0.827348,20.6936,235.782
206.24,12.9924,2.44853,19.1005,13.8402,62.9469,0.827348,20.673,229.944
206.26,12.9924,2.46544,19.1002,14.5363,62.1891,0.827348,20.673,228.878
206.28,12.997,2.43995,18.5963,14.5369,62.1885,0.827348,20.673,236.837
206.3,12.997,2.4316,18.5959,15.5107,61.2566,0.827348,20.673,241.615
206.32,13.0126,2.38923,17.9545,15.5122,61.2551,0.876981,20.673,238.969
206.34,13.0126,2.38512,17.954,16.1619,60.439,0.877019,20.673,243.212
206.36,13.0163,2.41287,17.4501,16.1624,60.4384,0.820143,20.673,247.46
206.38,13.0163,2.40877,17.4497,16.8116,60.4384,0.820099,20.673,247.994
206.4,13.0155,2.40144,17.4497,16.8126,60.1469,0.820099,20.673,248.525
206.42,13.0155,2.40144,16.9,16.8126,60.1467,0.820099,20.673,246.934
206.44,13.0204,2.44933,16.8995,17.9264,60.3799,0.820099,20.673,243.749
206.46,13.0204,2.44936,16.4872,17.9273,60.3801,0.820099,20.673,243.216
206.48,13.0261,2.41461,16.4869,19.2267,61.0213,0.820099,20.673,246.93
206.5,13.0261,2.41458,16.3037,19.2277,61.0218,0.820099,20.673,250.117
206.52,13.029,2.44346,16.3035,20.2479,62.1285,0.820099,18.3087,246.407
206.54,13.029,2.44351,15.9828,20.2494,62.1302,0.820099,18.3051,242.687
206.56,13.0286,2.39836,15.9826,20.5279,61.9553,0.820099,18.3051,247.991
206.58,13.0286,2.42117,15.8451,20.5281,61.9552,0.864477,18.3051,253.301
206.6,13.0335,2.47607,15.845,20.2497,61.9552,0.86451,18.3051,253.305
206.62,13.0335,2.46405,15.9367,20.2494,60.0315,0.841082,18.3051,253.305
206.64,13.0381,2.37279,15.9367,20.2494,60.03,0.841064,18.3051,255.428
206.66,13.0381,2.3775,16.0741,20.1567,58.8068,0.841064,18.3051,257.55
206.68,13.0434,2.37379,16.0743,20.1566,58.8049,0.841064,18.3051,254.9
206.7,13.0434,2.40272,16.3492,20.0637,57.8139,0.841064,18.3051,253.837
206.72,13.0426,2.43542,16.3494,20.0637,57.8132,0.841064,18.3051,255.959
206.74,13.0426,2.369,16.3494,20.0637,56.8805,0.841064,18.3051,253.307
206.76,13.0426,2.31901,16.7617,20.0637,56.8798,0.841064,18.3051,243.754
206.78,13.0426,2.35037,16.762,19.8316,55.6556,0.841064,20.2803,232.603
206.8,13.0426,2.39283,17.2656,19.8314,55.6547,0.841064,20.2818,228.353
206.82,13.0426,2.39531,17.2663,20.2027,54.8386,0.841064,20.2818,232.061
206.84,13.043,2.33424,17.4496,20.203,54.8379,0.816311,20.2818,235.778
206.86,13.043,2.33513,17.4497,20.203,54.5465,0.816292,20.2818,236.842
206.88,13.0434,2.49992,17.8159,19.832,54.5462,0.806789,20.2818,237.903
206.9,13.0434,2.47661,17.8165,19.8314,55.2458,0.806774,20.2818,236.844
206.92,13.0422,2.51363,18.183,19.5994,55.2463,0.806774,20.2818,235.782
206.94,13.0422,2.54753,18.1833,19.5992,55.2463,0.806774,20.2818,241.618
206.96,13.0405,2.4684,18.2291,19.692,56.7036,0.806774,20.2818,243.745
206.98,13.0405,2.4484,18.2291,19.6921,56.7048,0.806774,20.2818,236.848
207,13.0475,2.45258,18.1375,19.4601,58.745,0.806774,20.2818,231.006
207.02,13.0475,2.46701,18.1374,19.4599,58.7466,0.806774,20.2818,230.471
207.04,13.0393,2.37625,18.1374,19.7848,61.0783,0.806774,22.1952,229.409
207.06,13.0393,2.35206,18.1833,19.785,61.0801,0.806774,22.1967,227.286
207.08,13.0422,2.42514,18.1833,19.785,63.5868,0.806774,22.1967,226.223
207.1,13.0422,2.44623,18.0917,19.6922,63.5887,0.812551,22.1967,225.161
207.12,13.0463,2.50014,18.0916,19.6921,66.0953,0.812555,22.1967,225.691
207.14,13.0463,2.47514,18.0458,19.228,66.0972,0.809874,22.1967,226.222
207.16,13.0492,2.43431,18.0457,19.2277,68.6019,0.809872,22.1967,226.752
207.18,13.0492,2.46834,17.9083,19.1349,68.6058,0.809872,22.1967,227.284
207.2,13.0483,2.46837,17.9082,19.1348,69.8299,0.809872,22.1967,229.407
207.22,13.0529,2.44943,17.8166,19.1348,69.8309,0.809872,22.1967,231.531
207.24,13.0529,2.47201,17.8165,19.1348,69.8309,0.809872,22.1967,224.634
207.26,13.0635,2.45371,17.8165,19.3204,70.2972,0.809872,22.1967,217.731
207.28,13.0635,2.52338,17.8165,19.3206,70.2976,0.809872,22.1967,215.072
207.3,13.073,2.51565,17.8165,19.3206,70.5306,0.809872,21.3949,214.01
207.32,13.073,2.44164,17.7249,19.5062,70.5309,0.809872,21.3937,210.825
207.34,13.0701,2.46396,17.7248,19.5063,71.0556,0.809872,21.3937,208.169
207.36,13.0701,2.47322,17.7706,20.2953,71.056,0.838851,21.3937,205.514
207.38,13.0459,2.47414,17.7707,20.2959,71.3472,0.838873,21.3937,205.512
207.4,13.0459,2.44695,17.679,20.4351,71.3476,0.839204,21.3937,205.512
207.42,13.0307,2.46448,17.679,20.4352,71.2894,0.839204,21.3937,207.634
207.44,13.0307,2.46449,17.7706,19.507,71.2893,0.839204,21.3937,209.758
207.46,13.006,2.39306,17.7707,19.5063,71.2893,0.839204,21.3937,211.883
207.48,13.006,2.393,17.7707,19.6456,70.6481,0.839204,21.3937,214.007
207.5,13.0039,2.42499,17.679,19.6457,70.6476,0.839204,21.3937,217.192
207.52,13.0039,2.42501,17.679,20.0167,69.7156,0.839204,21.3937,220.376
207.54,13.0002,2.42695,17.7248,20.0172,69.7142,0.839204,21.0233,216.136
207.56,13.0002,2.42695,17.7248,20.0172,68.6066,0.839204,21.023,211.887
207.58,12.9961,2.32387,17.9539,19.878,68.6058,0.839204,21.023,212.415
207.6,12.9961,2.34996,17.954,19.8779,67.0318,0.839204,21.023,215.599
207.62,12.9945,2.41185,17.954,19.5994,67.0306,0.848861,21.023,218.785
207.64,12.9945,2.40076,17.954,19.5992,64.7572,0.848868,21.023,221.971
207.66,12.9851,2.38418,18.0914,19.7847,64.7554,0.850745,21.023,226.216
207.68,12.985,2.35854,18.0916,19.785,64.7554,0.850748,21.023,228.345
207.7,12.9846,2.26751,18.0916,19.2745,62.7151,0.850748,21.023,230.469
207.72,12.9818,2.30331,18.2748,19.2741,62.7136,0.850748,21.023,235.777
207.74,12.9818,2.32476,18.275,19.2277,61.3728,0.850748,21.023,241.087
207.76,12.985,2.29852,18.3208,19.2277,61.3718,0.850748,21.023,242.153
207.78,12.985,2.35373,18.3208,19.5061,60.9055,0.850748,21.023,243.215
207.8,12.9924,2.39871,18.3208,19.5063,60.9051,0.850748,22.1538,245.336
207.82,12.9924,2.3423,18.3208,19.5063,60.6719,0.850748,22.1555,247.462
207.84,12.9978,2.34646,18.3666,18.8566,60.6718,0.850748,22.1555,249.056
207.86,12.9978,2.4354,18.3667,18.8561,60.3803,0.850748,22.1555,250.649
207.88,12.9859,2.41143,18.2293,18.9489,60.3801,0.829568,22.1555,249.59
207.9,12.9859,2.2389,18.2291,18.949,60.3801,0.829536,22.1555,248.527
207.92,12.9887,2.37413,18.2291,18.949,59.6805,0.8348,22.1555,245.342
207.94,12.9887,2.37423,18.1833,18.949,59.68,0.834804,22.1555,244.809
207.96,12.999,2.40635,18.1833,19.1347,59.7383,0.834804,22.1555,248.523
207.98,12.999,2.40638,18.1375,19.1348,59.7383,0.834804,22.1555,247.465
208,12.9883,2.28742,18.1374,18.5779,60.0298,0.834804,22.1555,246.402
208.02,12.9883,2.28733,18.1832,18.5775,60.03,0.834804,22.1555,244.811
208.04,12.9423,2.25333,18.1833,18.8559,59.7969,0.834804,22.1555,243.217
208.06,12.9423,2.2533,17.9542,18.8561,59.7967,0.834804,21.8469,241.624
208.08,12.9411,2.32035,17.954,18.8561,59.7384,0.834804,21.8467,240.03
208.1,12.9411,2.34743,18.0915,19.3202,59.7383,0.834804,21.8467,242.152
208.12,12.9435,2.26367,18.0916,19.3206,59.7383,0.834804,21.8467,244.276
208.14,12.9435,2.24882,18.229,19.3206,59.2137,0.867367,21.8467,240.563
208.16,12.9394,2.32817,18.2291,19.3206,59.2133,0.867392,21.8467,236.849
208.18,12.9394,2.36742,18.2291,18.8565,58.3972,0.887049,21.8467,236.843
208.2,12.9386,2.38634,18.2749,18.8561,58.3966,0.887065,21.8467,235.251
208.22,12.9427,2.37312,18.275,18.9954,58.1051,0.887065,21.8467,233.658
208.24,12.9427,2.38817,18.4582,18.9955,58.1049,0.887065,21.8467,228.881
208.26,12.9341,2.42614,18.4584,18.8098,58.1632,0.887065,21.8467,221.449
208.28,12.9341,2.53671,18.6874,18.8097,58.1632,0.887065,21.8467,216.667
208.3,12.9304,2.49233,18.6876,19.3662,58.4545,0.887065,21.8467,215.073
208.32,12.9304,2.27659,18.6876,19.367,58.4549,0.887065,20.1184,213.479
208.34,12.9316,2.29943,18.6876,19.8775,58.863,0.887065,20.1171,211.885
208.36,12.9316,2.35509,18.6876,19.8779,58.8633,0.887065,20.1171,203.394
208.38,12.93,2.33653,18.6876,19.6924,58.8633,0.887065,20.1171,194.904
208.4,12.93,2.38528,18.7334,19.6921,59.4462,0.905817,20.1171,198.605
208.42,12.9308,2.36744,18.7335,19.6921,59.4467,0.905831,20.1171,202.323
208.44,12.9308,2.36743,18.7335,20.7595,60.1462,0.947476,20.1171,206.04
208.46,12.9312,2.37545,18.367,20.7603,60.1467,0.947507,20.1171,209.757
208.48,12.9312,2.37546,18.3667,20.5283,60.9628,0.947507,20.1171,213.474
208.5,12.9296,2.46713,18.2292,20.5281,60.9634,0.947507,20.1171,216.661
208.52,12.9296,2.4672,18.2291,20.4817,62.1867,0.947507,20.1171,218.254
208.54,12.9296,2.456,18.1833,20.4817,62.1885,0.947507,20.1171,219.849
208.56,12.9296,2.45599,18.1833,20.1104,64.0539,0.947507,20.1171,222.503
208.58,12.9296,2.37834,18.1375,20.1101,64.0554,0.947507,21.6602,224.628
208.6,12.9296,2.35931,18.1374,19.6924,66.0374,0.947507,21.6613,226.752
208.62,12.9312,2.34446,18.1374,19.6921,66.0389,0.947507,21.6613,227.284
208.64,12.9312,2.37305,18.1374,19.4601,66.0389,0.947507,21.6613,227.815
208.66,12.9316,2.37308,18.229,19.4599,67.3204,0.828805,21.6613,230.467
208.68,12.9316,2.37496,18.2291,18.7174,67.3223,0.828624,21.6613,233.124
208.7,12.932,2.3058,18.2291,18.7168,67.7887,0.899532,21.6613,228.881
208.72,12.932,2.29093,18.3666,18.7168,67.789,0.899587,21.6613,224.632
208.74,12.9312,2.29425,18.3667,19.3665,67.6724,0.899587,21.6613,223.037
208.76,12.9312,2.27149,18.4125,19.367,67.6723,0.899587,21.6613,221.444
208.78,12.9324,2.29923,18.4125,19.367,67.1477,0.899587,21.6613,223.565
208.8,12.9365,2.33005,18.4125,19.367,67.1473,0.899587,21.6613,225.688
208.82,12.9365,2.34501,18.4125,19.6919,66.4478,0.899587,21.6613,220.385
208.84,12.9538,2.34554,18.779,19.6921,66.4472,0.899587,21.8671,212.952
208.86,12.9538,2.37549,18.7793,19.7385,66.6221,0.899587,21.8673,203.395
208.88,12.9509,2.39586,18.8251,19.7386,66.6223,0.899587,21.8673,194.904
208.9,12.9509,2.39589,18.8252,20.2955,66.6223,0.899587,21.8673,186.401
208.92,12.9251,2.38343,19.0084,20.2959,66.972,0.861303,21.8673,184.272
208.94,12.925,2.39852,19.0085,19.5534,66.9723,0.861274,21.8673,182.148
208.96,12.9271,2.41295,19.2834,19.5528,66.6225,0.937325,21.8673,172.064
208.98,12.9271,2.32388,19.2836,20.2489,66.6223,0.937383,21.8673,161.974
209,12.9267,2.33683,19.4669,20.2494,65.6896,0.937383,21.8673,156.13
209.02,12.9267,2.33684,19.467,20.4349,65.6888,0.937383,21.8673,150.293
209.04,12.925,2.26644,19.467,20.4352,65.1059,0.937383,21.8673,143.916
209.06,12.925,2.26639,20.0168,20.4352,65.1055,0.937383,21.8673,137.544
209.08,12.925,2.37382,20.0172,20.528,64.231,0.937383,20.0978,132.233
209.1,12.925,2.3739,20.3837,20.5281,64.2304,0.937383,20.0965,127.453
209.12,12.9246,2.24558,20.384,20.7137,62.3067,0.937383,20.0965,126.919
209.14,12.9246,2.24549,20.7505,20.7139,62.3052,0.937383,20.0965,126.918
209.16,12.939,2.18196,20.7508,20.2038,61.0237,0.937383,20.0965,124.267
209.18,12.939,2.2312,20.9798,20.203,61.0218,0.891907,20.0965,122.14
209.2,12.9464,2.40118,20.98,20.8527,60.8469,0.891872,20.0965,120.547
209.22,12.9464,2.38777,20.98,20.8532,60.8468,0.929083,20.0965,119.484
209.24,12.9505,2.25227,20.98,20.6676,60.8468,0.929111,20.0965,118.422
209.26,12.9505,2.2808,20.8884,20.6674,61.3714,0.929111,20.0965,117.36
209.28,12.9456,2.27157,20.8883,20.2498,61.3718,0.929111,20.0965,116.298
209.3,12.9456,2.23922,20.6136,20.2494,62.2456,0.929111,20.0965,113.116
209.32,12.9427,2.18501,20.6132,20.2494,62.2469,0.929111,20.0965,109.927
209.34,12.9427,2.23078,20.6132,19.9246,62.9464,0.929111,21.0841,105.68
209.36,12.9468,2.2247,20.6132,19.9243,62.9469,0.929111,21.0848,101.432
209.38,12.9468,2.21835,20.6132,20.759,64.1119,0.929111,21.0848,105.14
209.4,12.9513,2.21266,20.1551,20.7603,64.1137,0.929111,21.0848,108.86
209.42,12.9604,2.18097,20.1547,20.5283,64.8715,0.929111,21.0848,108.863
209.44,12.9604,2.14034,19.8799,20.5281,64.8721,0.909335,21.0848,109.924
209.46,12.9628,2.26106,19.8797,19.7392,66.0963,0.90932,21.0848,114.701
209.48,12.9628,2.27267,19.559,19.7386,66.0972,0.882389,21.0848,122.133
209.5,12.9628,2.25882,19.5587,19.5993,67.2048,0.882368,21.0848,129.568
209.52,12.9628,2.13385,19.4672,19.5992,67.2056,0.882368,21.0848,133.285
209.54,12.9637,2.14621,19.467,19.8777,67.2056,0.882368,21.0848,137.005
209.56,12.9637,2.22622,19.2838,19.8779,67.2639,0.882368,21.0848,140.192
209.58,12.9637,2.23006,19.2836,19.9243,67.264,0.882368,21.0848,143.378
209.6,12.9637,2.22723,19.7418,19.9243,66.3896,0.882368,22.0724,149.748
209.62,12.9653,2.2744,19.7421,19.9243,66.3889,0.882368,22.0732,156.12
209.64,12.9653,2.27444,20.2002,20.0172,65.6894,0.882368,22.0732,160.37
209.66,12.9665,2.39249,20.2006,20.0172,65.6888,0.882368,22.0732,164.615
209.68,12.9665,2.39267,20.2006,20.11,65.2808,0.882368,22.0732,168.867
209.7,12.8585,2.26045,20.842,20.1101,65.2805,0.936268,22.0732,173.115
209.72,12.8585,2.26035,20.8425,20.6206,63.7648,0.93631,22.0732,178.425
209.74,12.7681,2.30314,21.4838,20.621,63.7637,0.869721,22.0732,184.796
209.76,12.768,2.30317,21.4843,20.7602,61.3736,0.86967,22.0732,186.393
209.78,12.768,2.39743,21.805,20.7603,61.3718,0.86967,22.0732,184.272
209.8,12.768,2.405,21.8053,21.1313,59.9156,0.86967,22.0732,182.149
209.82,12.7602,2.37449,22.355,21.1319,59.9134,0.86967,22.0732,182.677
209.84,12.759,2.37122,22.3554,20.0181,59.8551,0.86967,22.0732,183.208
209.86,12.759,2.40548,22.4013,20.0172,59.855,0.86967,21.2502,181.616
209.88,12.7573,2.37163,22.4013,19.9708,59.855,0.86967,21.2495,180.024
209.9,12.7573,2.33415,22.1722,19.9708,61.3707,0.86967,21.2495,177.369
209.92,12.7487,2.33363,22.1721,20.2492,61.3718,0.86967,21.2495,174.714
209.94,12.7487,2.28193,22.1721,20.2494,64.4031,0.973725,21.2495,174.181
209.96,12.7438,2.28322,21.5765,20.2494,64.4054,0.973805,21.2495,173.65
209.98,12.7438,2.32016,21.576,20.4351,68.1945,0.973805,21.2495,171.527
210,12.7356,2.35548,21.0263,20.4352,68.1974,0.875979,21.2495,169.403
210.02,12.7356,2.40101,21.0259,20.2034,72.5078,0.875905,21.2495,169.931
210.04,12.7298,2.5178,19.8805,20.203,72.5144,0.875905,21.2495,170.463
210.06,12.7298,2.51789,19.8797,20.3886,76.012,0.875905,21.2495,172.586
210.08,12.7249,2.4419,19.0092,20.3888,76.0147,0.875905,21.2495,172.057
210.1,12.7249,2.44184,19.0085,20.1103,77.7635,0.875905,21.2495,173.648
210.12,12.7171,2.34713,18.5962,20.1101,77.7649,0.875905,21.2701,176.303
210.14,12.7171,2.34706,18.5959,19.5996,77.7649,0.875905,21.2701,178.958
210.16,12.7138,2.38305,18.5501,19.5992,78.3473,0.875905,21.2701,181.611
210.18,12.7138,2.3831,18.5501,19.692,78.3482,0.875905,21.2701,184.268
210.2,12.7113,2.38986,19.054,19.6921,77.4155,0.937406,21.2701,190.107
210.22,12.7113,2.35237,19.0544,19.6921,77.4148,0.937453,21.2701,195.949
210.24,12.7047,2.41075,19.0544,19.9242,75.6077,0.937453,21.2701,195.422
210.26,12.6938,2.40054,19.6958,19.9243,75.6063,0.880847,21.2701,194.891
210.28,12.6937,2.24819,19.6963,20.574,73.3329,0.880803,21.2701,197.544
210.3,12.6854,2.25389,20.566,20.5745,73.3311,0.880803,21.2701,200.197
210.32,12.6854,2.25389,20.5674,20.7138,70.7662,0.880803,21.2701,201.263
210.34,12.6812,2.25659,21.4836,20.7139,70.7643,0.880803,21.2701,201.794
210.36,12.6812,2.44299,21.4843,21.0387,68.0245,0.880803,23.1219,203.386
210.38,12.678,2.43669,22.3541,21.039,68.0224,0.880803,23.1233,203.388
210.4,12.678,2.2873,22.3554,20.6213,65.7489,0.880803,23.1233,204.979
210.42,12.6691,2.2749,23.0426,20.621,65.7472,0.880803,23.1233,202.858
210.44,12.6691,2.23541,23.0432,20.7602,65.7472,0.880803,23.1233,194.366
210.46,12.6659,2.31993,23.1348,20.7603,64.2898,0.797671,23.1233,184.809
210.48,12.6659,2.32,23.1349,21.0852,64.2887,0.797607,23.1233,175.25
210.5,12.6603,2.28982,23.3639,21.0854,63.8807,0.905785,23.1233,169.936
210.52,12.6603,2.2898,23.3641,21.0854,63.8804,0.905867,23.1233,164.63
210.54,12.6557,2.37066,23.1808,21.0854,64.6382,0.905867,23.1233,158.254
210.56,12.6557,2.37072,23.1807,21.0854,64.6388,0.905867,23.1233,150.29
210.58,12.645,2.30123,23.1807,20.7142,65.4549,0.905867,23.1233,141.263
210.6,12.645,2.30117,22.9058,20.7139,65.4555,0.905867,23.1233,132.766
210.62,12.6385,2.32646,22.9056,20.5747,66.0967,0.905867,23.4936,124.8
210.64,12.6385,2.35707,22.4017,20.5745,66.0972,0.905867,23.4939,116.834
210.66,12.6338,2.40843,22.4013,20.5745,66.9127,0.905867,23.4939,112.587
210.68,12.6338,2.37529,21.9432,20.5745,66.9139,0.905867,23.4939,109.396
210.7,12.6232,2.27392,21.9428,20.0641,67.8466,0.905867,23.4939,104.088
210.72,12.6232,2.30188,21.7137,20.0637,67.8474,0.678554,23.4939,96.124
210.74,12.6185,2.2886,21.7136,19.878,68.6635,0.678381,23.4939,88.1584
210.76,12.6185,2.2748,21.4845,19.8779,68.6641,0.902875,23.4939,83.3766
210.78,12.612,2.29815,21.4843,20.0171,68.6641,0.903046,23.4939,78.5973
210.8,12.612,2.30086,21.4843,20.0172,69.3631,0.903046,23.4939,76.4727
210.82,12.6064,2.43892,21.4843,20.2029,69.3642,0.903046,23.4939,74.3469
210.84,12.6064,2.41338,21.4843,20.203,69.5973,0.903046,23.4939,75.9372
210.86,12.5986,2.28707,21.576,20.203,69.5975,0.903046,23.4939,76.9997
210.88,12.5907,2.28558,21.576,20.6204,69.481,0.903046,23.4939,79.1214
210.9,12.5907,2.18915,21.9425,20.621,69.4808,0.903046,21.9302,78.0634
210.92,12.5865,2.18262,21.9428,20.8066,69.3642,0.903046,21.929,75.4094
210.94,12.5865,2.40443,22.2635,20.8068,69.3642,0.903046,21.929,74.8768
210.96,12.5795,2.40266,22.2637,21.2708,69.131,0.903046,21.929,74.3457
210.98,12.5795,2.29047,22.7219,21.2712,69.1308,0.757925,21.929,76.4679
211,12.5753,2.26352,22.7222,21.7817,68.8393,0.757814,21.929,78.592
211.02,12.5753,2.30729,22.9511,21.7821,68.8391,0.854081,21.929,80.7145
211.04,12.5721,2.36985,22.9515,21.8285,68.8391,0.854228,21.929,82.8403
211.06,12.5721,2.33493,23.2722,21.8285,68.7225,0.854228,21.929,85.4951
211.08,12.5656,2.31885,23.2724,21.9213,68.7224,0.854228,21.929,88.1503
211.1,12.5656,2.31884,23.5015,21.9214,68.3727,0.854228,21.929,89.7442
211.12,12.5619,2.28803,23.5016,21.7822,68.3724,0.854228,21.929,92.3986
211.14,12.5619,2.28801,23.5016,21.7821,67.9643,0.854228,22.6903,97.707
211.16,12.5531,2.32247,23.5016,21.6893,67.964,0.854228,22.6909,101.953
211.18,12.553,2.32252,23.5016,21.6892,68.1972,0.854228,22.6909,103.551
211.2,12.5451,2.22894,23.5016,21.6892,68.1974,0.854228,22.6909,107.797
211.22,12.5451,2.22886,23.5016,21.5964,68.8969,0.854228,22.6909,110.985
211.24,12.541,2.31038,23.41,21.5963,68.8974,0.837513,22.6909,114.701
211.26,12.534,2.33798,23.4099,21.5963,69.9467,0.8375,22.6909,118.419
211.28,12.534,2.31064,23.5016,21.5963,69.9475,0.851033,22.6909,126.912
211.3,12.5266,2.31423,23.5016,21.5036,70.8795,0.851044,22.6909,135.402
211.32,12.5266,2.38056,23.3642,21.5034,70.8809,0.851044,22.6909,143.905
211.34,12.5224,2.37966,23.3641,21.3642,70.8809,0.851044,22.6909,152.401
211.36,12.5224,2.45273,23.135,21.3641,71.1724,0.851044,22.6909,158.776
211.38,12.5191,2.42123,23.1349,21.1322,71.1726,0.851044,22.6909,163.022
211.4,12.5191,2.44641,22.7684,21.1319,70.5897,0.851044,23.6991,166.213
211.42,12.5117,2.47148,22.7681,21.3175,70.5893,0.851044,23.6998,172.052
211.44,12.5117,2.39219,22.4932,21.3176,69.5983,0.851044,23.6998,177.363
211.46,12.5043,2.34201,22.493,21.3176,69.5975,0.851044,23.6998,180.551
211.48,12.5043,2.34197,22.493,21.5961,69.7141,0.851044,23.6998,183.206
211.5,12.4992,2.27586,22.6304,21.5963,69.7142,0.863883,23.6998,183.739
211.52,12.4992,2.27581,22.6305,22.1064,71.4034,0.863893,23.6998,184.269
211.54,12.4899,2.46765,22.7222,22.1072,71.406,0.873419,23.6998,185.862
211.56,12.4899,2.46779,22.7222,22.432,73.1548,0.873426,23.6998,187.455
211.58,12.4829,2.36682,23.1804,22.4323,73.1561,0.873426,23.6998,193.293
211.6,12.4829,2.36674,23.1807,22.2003,73.331,0.873426,23.6998,199.135
211.62,12.4764,2.28921,23.6388,22.2001,73.3311,0.873426,23.6998,202.323
211.64,12.4764,2.30521,23.6392,22.757,71.9904,0.873426,23.6998,200.203
211.66,12.4667,2.41622,23.8681,22.7574,71.9894,0.873426,23.2681,197.55
211.68,12.4667,2.42985,23.8684,22.7574,71.9894,0.873426,23.2674,195.424
211.7,12.463,2.33288,23.9142,23.0823,70.2406,0.873426,23.2674,189.054
211.72,12.4629,2.35556,23.9143,23.0825,70.2392,0.873426,23.2674,182.682
211.74,12.4555,2.25294,23.9601,23.2681,68.3155,0.873426,23.2674,179.493
211.76,12.4555,2.23258,23.9601,23.2683,68.3141,0.873426,23.2674,175.776
211.78,12.4541,2.33035,24.1892,23.6395,67.4397,0.873426,23.2674,172.059
211.8,12.4532,2.35494,24.1894,23.6398,67.439,0.896286,23.2674,172.587
211.82,12.4532,2.38901,24.1894,24.1039,67.847,0.896321,23.2674,173.118
211.84,12.4509,2.37626,24.0977,24.1043,67.8474,0.896321,23.2674,170.996
211.86,12.4509,2.27374,24.0977,23.965,69.0132,0.896321,23.2674,168.341
211.88,12.4448,2.28619,23.9146,23.9649,69.0141,0.896321,23.2674,167.809
211.9,12.4448,2.39699,23.9143,23.8257,70.4715,0.896321,23.2674,167.808
211.92,12.4369,2.389,23.6394,23.8256,70.4726,0.896321,23.144,169.931
211.94,12.4369,2.32925,23.6392,23.4543,72.0465,0.896321,23.1439,170.463
211.96,12.4291,2.31313,23.0436,23.4541,72.0477,0.896321,23.1439,168.871
211.98,12.429,2.37238,23.0432,23.4541,72.6889,0.896321,23.1439,168.339
212,12.4253,2.27493,22.4934,23.1756,72.6894,0.887208,23.1439,164.625
212.02,12.4253,2.27486,22.493,23.1754,72.6894,0.887201,23.1439,160.38
212.04,12.4128,2.36967,22.4472,22.9433,72.5728,0.896836,23.1439,156.128
212.06,12.4128,2.36974,22.4471,22.9432,72.5728,0.896843,23.1439,158.778
212.08,12.4063,2.36481,22.4471,22.8039,72.6893,0.896843,23.1439,161.434
212.1,12.4063,2.36481,22.6762,22.8038,72.6894,0.896843,23.1439,163.558
212.12,12.3979,2.32583,22.6764,22.479,72.0482,0.896843,23.1439,165.682
212.14,12.3979,2.3258,23.0887,22.4787,72.0477,0.896843,23.1439,167.806
212.16,12.3868,2.42091,23.089,22.2932,70.3585,0.896843,23.1439,168.338
212.18,12.3868,2.41634,23.593,22.293,70.3559,0.896843,23.1439,169.4
212.2,12.3808,2.52705,23.5933,22.4786,67.6744,0.896843,22.9381,170.993
212.22,12.378,2.47971,24.1431,22.4787,67.6723,0.896843,22.938,170.464
212.24,12.378,2.38662,24.1435,22.4787,64.8742,0.896843,22.938,164.626
212.26,12.3784,2.4127,24.7849,22.618,64.8721,0.891565,22.938,158.785
212.28,12.3784,2.35584,24.7854,22.6181,64.8721,0.891561,22.938,156.658
212.3,12.3655,2.34188,24.7854,22.4326,62.6004,0.895434,22.938,154.535
212.32,12.3654,2.5295,25.4268,22.4323,62.5969,0.89544,22.938,155.063
212.34,12.3622,2.51289,25.4273,22.6179,61.3727,0.89544,22.938,155.594
212.36,12.3622,2.37872,26.0228,22.6181,61.3718,0.89544,22.938,155.594
212.38,12.3594,2.38245,26.0233,23.1745,60.4398,0.89544,22.938,155.594
212.4,12.3594,2.42802,26.573,23.1754,60.4384,0.89544,22.938,154.533
212.42,12.3585,2.52209,26.5735,23.5002,60.555,0.89544,22.938,151.879
212.44,12.3585,2.52216,26.8483,23.5005,60.5551,0.89544,22.938,149.754
212.46,12.3548,2.44842,26.8485,23.3613,61.4878,0.89544,21.6829,149.222
212.48,12.3547,2.44836,26.5737,23.3612,61.4885,0.89544,21.6819,147.099
212.5,12.3557,2.5245,26.5735,23.3612,61.4885,0.89544,21.6819,143.914
212.52,12.3557,2.52455,26.253,23.9176,63.3525,0.895205,21.6819,140.73
212.54,12.3543,2.49026,26.2525,23.9185,63.3553,0.895205,21.6819,138.072
212.56,12.3543,2.49023,25.7486,23.8257,66.27,0.932041,21.6819,135.417
212.58,12.3408,2.49607,25.7482,23.8256,66.2722,0.932069,21.6819,133.292
212.6,12.3408,2.46523,25.7482,24.0576,69.9447,0.932069,21.6819,131.168
212.62,12.3408,2.54828,25.061,24.0578,69.9475,0.932069,21.6819,127.983
212.64,12.3408,2.54887,25.0605,23.9186,74.0281,0.932069,21.6819,124.796
212.66,12.3404,2.63681,24.4196,23.9185,74.0312,0.932069,21.6819,126.915
212.68,12.3404,2.62066,24.4186,23.7329,77.762,0.932069,21.6819,128.51
212.7,12.339,2.64359,23.8688,23.7327,77.7649,0.932069,22.5255,126.919
212.72,12.339,2.66061,23.8684,24.0576,80.2715,0.932069,22.5262,128.51
212.74,12.339,2.53921,23.4561,24.0578,80.2734,0.932069,22.5262,126.919
212.76,12.339,2.5225,23.4558,24.0578,81.6724,0.932069,22.5262,120.55
212.78,12.3399,2.46837,22.9977,24.0578,81.6735,0.936552,22.5262,116.301
212.8,12.3413,2.4444,22.9973,24.0578,81.6735,0.936555,22.5262,116.828
212.82,12.3413,2.40402,22.9057,23.965,81.965,0.938485,22.5262,117.359
212.84,12.3413,2.45387,22.9056,23.9649,81.9652,0.938487,22.5262,116.298
212.86,12.3413,2.34493,22.9056,23.408,81.5572,0.938487,22.5262,115.236
212.88,12.3408,2.35252,22.9514,23.4076,81.5568,0.938487,22.5262,112.584
212.9,12.3408,2.44817,22.9515,23.454,80.391,0.938487,22.5262,110.988
212.92,12.3404,2.43569,23.0431,23.4541,80.3901,0.938487,22.5262,110.456
212.94,12.3404,2.38932,23.0432,22.8972,79.1659,0.938487,22.5262,113.64
212.96,12.3436,2.41214,23.2722,22.8967,79.165,0.938487,24.3162,116.295
212.98,12.3436,2.43286,23.2724,22.8967,77.7076,0.938487,24.3175,117.359
213,12.3459,2.36154,23.5931,22.2006,77.7065,0.938487,24.3175,119.482
213.02,12.3459,2.36148,23.5933,22.2001,76.1338,0.938487,24.3175,120.014
213.04,12.3478,2.35432,24.1431,22.2929,76.1314,0.992005,24.3175,121.076
213.06,12.3478,2.35432,24.1435,22.293,76.1314,0.992046,24.3175,124.26
213.08,12.3478,2.42558,24.51,22.3394,74.0328,0.877966,24.3175,127.447
213.1,12.3478,2.42563,24.5103,22.3394,74.0312,0.877879,24.3175,131.164
213.12,12.3445,2.36062,24.5103,22.3858,71.816,0.877879,24.3175,134.881
213.14,12.3445,2.36057,24.9684,22.3858,71.8144,0.877879,24.3175,136.476
213.16,12.3482,2.38147,24.9688,22.525,69.7174,0.877879,24.3175,138.067
213.18,12.3482,2.31737,25.3811,22.5252,69.7142,0.877879,24.3175,144.438
213.2,12.3459,2.36561,25.3814,22.4324,68.1985,0.877879,24.3175,146.565
213.22,12.3459,2.40947,25.473,22.4323,68.1974,0.877879,24.3175,143.913
213.24,12.3469,2.31455,25.4731,22.4323,67.2064,0.877879,24.7085,144.973
213.26,12.3469,2.2937,25.3815,22.4323,67.2056,0.877879,24.7088,149.218
213.28,12.3464,2.35753,25.3814,22.4323,67.0308,0.877879,24.7088,150.814
213.3,12.3464,2.34923,25.1983,22.4787,67.0306,0.986511,24.7088,152.406
213.32,12.3107,2.4103,25.198,22.4787,67.0306,0.986677,24.7088,150.285
213.34,12.3106,2.39028,25.1522,22.1539,67.4387,0.89335,24.7088,148.161
213.36,12.3055,2.40267,25.1522,22.1536,67.439,0.893278,24.7088,147.098
213.38,12.3055,2.44223,25.1522,22.1073,68.1962,0.893278,24.7088,146.037
213.4,12.306,2.28684,24.8315,22.1072,68.1974,0.893278,24.7088,146.566
213.42,12.306,2.27144,24.8312,22.6641,69.305,0.893278,24.7088,144.444
213.44,12.3065,2.45927,24.4647,22.6645,69.3058,0.893278,24.7088,143.912
213.46,12.3065,2.46039,24.4644,22.4325,70.0053,0.893278,24.7088,143.911
213.48,12.3065,2.39798,23.8689,22.4323,70.0059,0.893278,23.0833,141.789
213.5,12.3083,2.37905,23.8684,22.4323,70.0059,0.893278,23.0821,143.379
213.52,12.3083,2.29126,23.548,22.4323,70.0059,0.893278,23.0821,144.971
213.54,12.3083,2.29251,23.5475,22.4323,70.5888,0.893278,23.0821,146.565
213.56,12.3083,2.44647,22.9061,22.4787,70.5893,0.959649,23.0821,147.097
213.58,12.2666,2.46104,22.9056,22.4787,70.5893,0.9597,23.0821,142.852
213.6,12.2665,2.38701,22.9056,22.5251,72.0466,0.92515,23.0821,138.604
213.62,12.2605,2.3719,22.2642,22.5252,72.0477,0.925124,23.0821,145.499
213.64,12.2605,2.29484,22.2637,22.9429,73.3885,0.925124,23.0821,152.403
213.66,12.2605,2.29386,22.0349,22.9432,73.3895,0.925124,23.0821,155.589
213.68,12.2605,2.3746,22.0345,23.5465,74.1473,0.925124,23.0821,150.288
213.7,12.2586,2.28942,21.9429,23.5469,74.1479,0.925124,23.0821,147.631
213.72,12.2586,2.28936,21.9428,23.9182,74.964,0.925124,23.0821,148.69
213.74,12.2596,2.39938,22.3551,23.9185,74.9646,0.925124,23.0821,152.405
213.76,12.2596,2.39946,22.3554,24.429,76.3637,0.925124,21.2921,155.061
213.78,12.2568,2.47701,23.0426,24.4294,76.3647,0.925124,21.2907,152.941
213.8,12.2568,2.47707,23.0432,24.4294,76.3647,0.925124,21.2907,150.288
213.82,12.2582,2.35364,23.9136,24.6614,77.6472,0.912754,21.2907,147.631
213.84,12.2582,2.35355,23.9143,24.6616,77.6482,0.912745,21.2907,149.751
213.86,12.2596,2.51106,23.9143,25.1257,77.4733,0.921033,21.2907,151.875
213.88,12.2596,2.49271,24.9672,25.126,77.4732,0.92104,21.2907,152.937
213.9,12.2568,2.33138,24.9688,25.2188,76.249,0.92104,21.2907,154
213.92,12.2568,2.32122,26.0225,25.2189,76.2481,0.92104,21.2907,151.348
213.94,12.2577,2.58852,26.0233,25.4045,75.0822,0.92104,21.2907,148.162
213.96,12.2577,2.56768,27.306,25.4047,75.0813,0.92104,21.2907,144.976
213.98,12.2577,2.56246,27.307,25.4047,75.4893,0.92104,21.2907,141.79
214,12.2577,2.56039,28.9105,25.4047,75.4897,0.92104,21.2907,143.379
214.02,12.2577,2.53452,28.9117,25.4047,77.7614,0.92104,21.8869,141.79
214.04,12.2577,2.54424,30.6526,25.3583,77.7649,0.92104,21.8878,133.297
214.06,12.2582,2.61737,30.6539,25.3582,77.7649,0.92104,21.8878,125.331
214.08,12.2582,2.57277,31.4785,25.2654,80.4464,0.85004,21.8878,117.365
214.1,12.2577,2.50617,31.4792,25.2654,80.4484,0.849985,21.8878,117.359
214.12,12.2577,2.45568,31.4792,25.1725,81.8475,0.935091,21.8878,117.359
214.14,12.2572,2.53097,31.4792,25.1725,81.8485,0.935156,21.8878,113.645
214.16,12.2572,2.53482,31.4792,24.5696,81.7903,0.935156,21.8878,109.931
214.18,12.2582,2.44501,31.1585,24.5687,81.7902,0.935156,21.8878,107.272
214.2,12.2582,2.4465,31.1582,24.8007,81.557,0.935156,21.8878,104.617
214.22,12.2582,2.57003,30.7001,24.8009,81.5568,0.935156,21.8878,102.492
214.24,12.2582,2.63456,30.6998,24.7081,81.4403,0.935156,21.8878,101.96
214.26,12.2577,2.58411,30.6998,24.708,81.4402,0.935156,21.8878,99.3061
214.28,12.2568,2.57023,30.6998,24.7544,82.4312,0.935156,22.3199,97.1816
214.3,12.2568,2.58597,30.9744,24.7545,82.4319,0.935156,22.3202,95.5893
214.32,12.2591,2.57807,30.9749,24.7545,84.1224,0.935156,22.3202,96.1175
214.34,12.2591,2.50108,31.2955,24.1048,84.1237,0.834294,22.3202,96.6485
214.36,12.2582,2.46756,31.2958,24.1043,84.1237,0.834217,22.3202,93.4651
214.38,12.2582,2.56569,31.8909,24.197,85.4052,0.907655,22.3202,90.2813
214.4,12.2609,2.57925,31.8918,24.1972,85.4072,0.907768,22.3202,92.9296
214.42,12.2609,2.5906,31.8918,23.8259,85.4072,0.907768,22.3202,95.5848
214.44,12.2628,2.62368,32.2125,23.8256,85.4072,0.907768,22.3202,101.424
214.46,12.2628,2.47419,32.2127,24.2897,84.3579,0.907768,22.3202,106.735
214.48,12.2623,2.54875,32.8999,24.29,84.3571,0.907768,22.3202,111.514
214.5,12.2623,2.5488,32.9005,24.5685,82.958,0.907768,22.3202,111.518
214.52,12.2642,2.44622,33.7245,24.5687,82.957,0.907768,22.3202,112.048
214.54,12.2642,2.44606,33.7257,24.5687,81.7328,0.907768,24.316,115.233
214.56,12.2619,2.51942,35.0085,24.7543,81.7319,0.907768,24.3175,118.419
214.58,12.2619,2.51948,35.0095,24.7545,80.9157,0.907768,24.3175,126.381
214.6,12.2586,2.34847,36.338,25.2186,80.9151,0.860855,24.3175,134.347
214.62,12.2586,2.34834,36.3391,25.2189,80.9151,0.860819,24.3175,142.312
214.64,12.26,2.46225,36.3391,25.3581,80.6819,0.919883,24.3175,150.278
214.66,12.26,2.46385,37.4377,25.3582,80.6818,0.919928,24.3175,153.465
214.68,12.26,2.40644,37.4394,25.2654,80.5652,0.919928,24.3175,156.654
214.7,12.26,2.38252,38.4473,25.2654,80.5651,0.919928,24.3175,159.309
214.72,12.2512,2.44826,38.4481,25.7294,81.148,0.919928,24.3175,158.25
214.74,12.2512,2.47653,39.1353,25.7298,81.1485,0.919928,24.3175,155.066
214.76,12.2498,2.38528,39.1358,25.9154,82.4892,0.919928,24.3175,157.186
214.78,12.2498,2.47109,39.5939,25.9156,82.4902,0.919928,24.3175,163.555
214.8,12.2498,2.45415,39.5943,25.9156,84.995,0.919928,27.1958,166.211
214.82,12.2498,2.43527,40.1898,26.4725,84.9988,0.919928,27.2002,163.031
214.84,12.2535,2.44791,40.1903,26.4729,84.9988,0.919928,27.2002,161.437
214.86,12.2535,2.45086,40.74,26.3337,88.3798,0.939045,27.2002,159.844
214.88,12.2572,2.28992,40.7405,26.3336,88.3824,0.939059,27.2002,156.661
214.9,12.2572,2.28111,41.107,26.0087,92.6379,0.929719,27.2002,153.472
214.92,12.2577,2.34368,41.1072,26.0085,92.6411,0.929712,27.2002,153.47
214.94,12.2577,2.33134,41.1072,25.962,97.2463,0.929712,27.2002,153.47
214.96,12.2577,2.24923,41.4279,25.962,97.2498,0.929712,27.2002,150.817
214.98,12.235,2.2491,41.4282,26.0548,101.272,0.929712,27.2002,148.692
215,12.2349,2.22931,41.6572,26.0549,101.275,0.929712,27.2002,141.792
215.02,12.2317,2.26562,41.6574,26.194,104.887,0.929712,27.2002,134.364
215.04,12.2317,2.38852,42.0697,26.1942,104.892,0.929712,27.2002,126.924
215.06,12.2312,2.37181,42.07,26.1942,108.681,0.929712,27.8175,122.142
215.08,12.2312,2.26329,42.4824,26.1014,108.684,0.929712,27.8179,120.547
215.1,12.2219,2.27381,42.4827,26.1013,111.424,0.929712,27.8179,117.892
215.12,12.2219,2.37914,42.8492,26.9831,111.426,1.03924,27.8179,115.237
215.14,12.2196,2.36376,42.8495,26.9838,111.426,1.03932,27.8179,119.48
215.16,12.2196,2.36375,42.8495,27.262,111.717,0.887202,27.8179,123.725
215.18,12.2215,2.32907,43.4908,27.2624,111.718,0.886969,27.8179,119.487
215.2,12.2215,2.32904,43.4913,27.5873,110.902,0.886969,27.8179,115.239
215.22,12.2196,2.34016,44.0411,27.5875,110.901,0.886969,27.8179,114.705
215.24,12.2196,2.34017,44.0415,28.0052,109.677,0.886969,27.8179,116.827
215.26,12.2182,2.33286,44.5455,28.0055,109.676,0.886969,27.8179,117.359
215.28,12.2182,2.33286,44.5458,28.516,107.402,0.886969,27.8179,118.421
215.3,12.2187,2.40544,45.141,28.5164,107.401,0.886969,27.8179,121.603
215.32,12.2187,2.43054,45.1419,28.5164,104.428,0.886969,25.1226,122.669
215.34,12.2219,2.52134,45.7832,28.6092,104.425,0.886969,25.1206,125.323
215.36,12.2219,2.47094,45.7837,28.6093,104.425,0.886969,25.1206,127.978
215.38,12.221,2.31015,46.3331,28.9339,101.338,1.06899,25.1206,130.631
215.4,12.221,2.29985,46.3339,28.9344,101.333,1.06927,25.1206,133.819
215.42,12.2345,2.37928,46.3339,28.7952,98.7103,0.901608,25.1206,137.005
215.44,12.2345,2.39258,46.4713,28.7951,98.7083,0.90148,25.1206,137.538
215.46,12.2349,2.39259,46.4714,28.7487,96.3182,0.90148,25.1206,138.069
215.48,12.2349,2.41564,46.5173,28.7486,96.3164,0.90148,25.1206,135.947
215.5,12.2294,2.49774,46.5173,28.795,94.5093,0.90148,25.1206,134.354
215.52,12.2294,2.46156,46.2426,28.7951,94.5079,0.90148,25.1206,133.822
215.54,12.2424,2.44465,46.2422,28.8415,93.3421,0.90148,25.1206,134.883
215.56,12.2424,2.43299,45.7841,28.8415,93.3412,0.90148,25.1206,132.761
215.58,12.2136,2.37319,45.7837,28.8415,93.6909,0.90148,25.6144,127.453
215.6,12.2136,2.36385,45.4172,29.0736,93.6912,0.90148,25.6148,125.327
215.62,12.2164,2.36011,45.4169,29.0737,93.6912,0.90148,25.6148,128.509
215.64,12.2164,2.33804,45.0046,29.0737,95.3234,1.05675,25.6148,131.695
215.66,12.2182,2.34911,45.0043,29.0737,95.3247,1.05687,25.6148,128.516
215.68,12.2182,2.35288,45.0043,29.5378,96.782,0.969152,25.6148,125.327
215.7,12.2182,2.34918,44.6836,29.5382,96.7831,0.969085,25.6148,120.549
215.72,12.2233,2.36853,44.6834,29.7702,97.8907,0.969085,25.6148,115.77
215.74,12.2233,2.25911,44.6376,29.7704,97.8915,0.969085,25.6148,113.113
215.76,12.2192,2.25551,44.6375,30.4665,98.4745,0.969085,25.6148,110.989
215.78,12.2192,2.33867,44.5459,30.467,98.4749,0.969085,25.6148,108.864
215.8,12.1872,2.3688,44.5458,30.838,98.8244,0.969085,25.6148,108.333
215.82,12.1871,2.44331,44.6375,30.8386,98.825,0.969085,25.6148,106.74
215.84,12.169,2.45241,44.6375,30.8386,98.8832,0.969085,27.2813,103.024
215.86,12.169,2.36627,44.9582,31.117,98.8833,0.969085,27.2826,102.491
215.88,12.1421,2.42199,44.9585,31.1173,98.8833,0.969085,27.2826,103.551
215.9,12.1421,2.42208,45.3708,31.8134,98.5335,0.899465,27.2826,104.614
215.92,12.1217,2.4383,45.3711,31.8139,98.5333,0.899412,27.2826,103.553
215.94,12.1216,2.43832,45.3711,32.1388,97.7754,0.981557,27.2826,102.491
215.96,12.1151,2.296,45.7834,32.139,97.7749,0.98162,27.2826,100.368
215.98,12.1151,2.29589,45.7837,32.5103,96.7256,0.98162,27.2826,98.2437
216,12.1142,2.37142,46.2877,32.5106,96.7248,0.98162,27.2826,99.3033
216.02,12.1142,2.37148,46.2881,32.7888,95.5015,0.98162,27.2826,99.8344
216.04,12.1142,2.33855,46.7462,32.7892,95.4997,0.98162,27.2826,95.0595
216.06,12.1142,2.30507,46.7465,32.9749,94.1589,0.98162,27.2826,91.3414
216.08,12.1137,2.31979,46.8382,32.975,94.1579,0.98162,27.2826,91.3386
216.1,12.1137,2.34698,46.8382,32.975,93.575,0.98162,27.262,94.5223
216.12,12.1128,2.39212,46.7008,33.2999,93.5745,0.98162,27.262,98.7698
216.14,12.1128,2.39693,46.7007,33.3001,93.5745,0.98162,27.262,99.8344
216.16,12.1128,2.32262,46.1514,33.3465,94.5065,0.815172,27.262,100.896
216.18,12.1128,2.31472,46.1505,33.3466,94.5079,0.814918,27.262,101.428
216.2,12.1123,2.37372,46.1505,33.2073,96.4316,0.982333,27.262,101.959
216.22,12.1123,2.37847,45.4175,33.2072,96.4331,0.98246,27.262,100.898
216.24,12.1072,2.37093,45.4169,32.9288,99.3478,0.98246,27.262,100.897
216.26,12.1072,2.32617,44.5007,32.9286,99.35,0.98246,27.262,103.02
216.28,12.11,2.3372,44.5,33.0214,101.915,0.98246,27.262,106.205
216.3,12.11,2.38502,43.7675,33.0215,101.917,0.98246,27.262,107.798
216.32,12.1091,2.48749,43.7664,33.0215,103.374,0.98246,27.262,106.739
216.34,12.1091,2.47714,43.5832,33.0215,103.375,0.98246,27.262,107.269
216.36,12.1072,2.39029,43.583,33.0215,103.492,0.98246,25.4514,105.678
216.38,12.1072,2.42104,43.8577,32.9751,103.492,0.98246,25.45,103.556
216.4,12.1096,2.39819,43.8581,32.975,103.492,0.98246,25.45,104.083
216.42,12.1096,2.35792,44.3162,32.9286,101.685,0.864562,25.45,104.614
216.44,12.1086,2.39565,44.3166,32.9286,101.684,0.864472,25.45,105.676
216.46,12.1086,2.41811,44.3166,33.1606,98.6523,0.990503,25.45,106.738
216.48,12.1086,2.37994,44.8205,33.1608,98.6499,0.9906,25.45,106.739
216.5,12.1082,2.36485,44.8209,33.0216,96.0267,0.9906,25.45,107.269
216.52,12.1082,2.34988,45.3703,33.0215,96.0247,0.9906,25.45,104.619
216.54,12.1068,2.36527,45.3711,33.1607,94.6257,0.9906,25.45,102.492
216.56,12.1068,2.32483,45.8292,33.1608,94.6246,0.9906,25.45,103.552
216.58,12.1077,2.3462,45.8296,33.4392,94.8578,0.9906,25.45,106.206
216.6,12.1077,2.39854,46.1961,33.4394,94.858,0.9906,25.45,108.861
216.62,12.1086,2.38091,46.1964,33.4394,95.5575,0.9906,26.1084,108.332
216.64,12.1086,2.45675,46.1047,33.5323,95.558,0.9906,26.1089,107.801
216.66,12.1054,2.3665,46.1047,33.5323,95.558,0.9906,26.1089,105.68
216.68,12.1054,2.36636,45.6465,33.3467,95.7912,0.888934,26.1089,103.554
216.7,12.1026,2.4408,45.6462,33.3466,95.7914,0.888857,26.1089,99.838
216.72,12.1026,2.44086,45.6462,33.7178,95.4999,0.976472,26.1089,96.1207
216.74,12.0942,2.31117,44.959,33.7181,95.4997,0.976539,26.1089,100.363
216.76,12.0942,2.31108,44.9585,33.7181,95.0333,0.976539,26.1089,104.611
216.78,12.0938,2.43643,43.9964,33.7181,95.033,0.976539,26.1089,110.982
216.8,12.0938,2.43652,43.9957,33.7645,94.6252,0.976539,26.1089,113.108
216.82,12.0928,2.39365,43.2168,33.7645,94.6246,0.976539,26.1089,112.58
216.84,12.0928,2.37748,43.2162,33.5789,94.7412,0.976539,26.1089,112.58
216.86,12.0928,2.26777,42.7581,33.5788,94.7413,0.976539,26.1089,112.58
216.88,12.0928,2.25403,42.7578,33.5788,95.2073,0.976539,27.0135,113.641
216.9,12.0905,2.34799,42.3455,33.486,95.208,0.976539,27.0149,114.703
216.92,12.0905,2.33309,42.3451,33.4859,95.208,0.976539,27.0149,113.643
216.94,12.0891,2.29992,41.9328,33.3467,95.1497,0.926407,27.0149,112.581
216.96,12.0891,2.34168,41.9325,33.3466,95.1496,0.926369,27.0149,109.927
216.98,12.0891,2.43826,41.9325,33.4858,94.5084,0.953472,27.0149,107.272
217,12.0891,2.41657,41.3369,33.4859,94.5079,0.953492,27.0149,105.147
217.02,12.085,2.35459,41.3365,33.4859,93.3429,0.953492,27.0149,103.025
217.04,12.0849,2.37842,40.97,33.4859,93.3412,0.953492,27.0149,104.083
217.06,12.0822,2.41257,40.9697,33.7643,92.2919,0.953492,27.0149,103.553
217.08,12.0822,2.4154,40.649,33.7645,92.2911,0.953492,27.0149,103.552
217.1,12.0831,2.37365,40.6488,33.9502,91.6498,0.953492,27.0149,106.206
217.12,12.0831,2.3549,40.5113,33.9503,91.6494,0.953492,27.0149,109.391
217.14,12.0817,2.33992,40.5112,33.9503,90.6584,0.953492,25.1426,110.455
217.16,12.0798,2.37596,40.6486,34.0431,90.6576,0.953492,25.1412,106.214
217.18,12.0798,2.34685,40.6488,34.0432,90.6576,0.953492,25.1412,105.146
217.2,12.0794,2.34225,40.832,34.4609,89.2586,0.972405,25.1412,104.084
217.22,12.0794,2.40179,40.8322,34.4612,89.2575,0.972419,25.1412,103.553
217.24,12.0771,2.43159,40.8322,34.7861,87.7419,0.959131,25.1412,103.022
217.26,12.0771,2.42,40.9696,34.7863,87.7407,0.959121,25.1412,101.96
217.28,12.0771,2.33081,40.9697,35.204,86.0502,0.959121,25.1412,101.959
217.3,12.0771,2.25104,40.9697,35.2043,86.0489,0.959121,25.1412,100.899
217.32,12.0766,2.3054,40.9697,35.2507,84.3001,0.959121,25.1412,98.7747
217.34,12.0766,2.34972,41.0613,35.2507,84.2987,0.959121,25.1412,98.2424
217.36,12.0743,2.36349,41.0614,35.2507,83.6575,0.959121,25.1412,99.8339
217.38,12.0743,2.3635,40.8783,35.4362,83.657,0.959121,25.1412,102.486
217.4,12.0752,2.32798,40.878,35.4365,83.8902,0.959121,26.3345,104.613
217.42,12.0752,2.32795,40.6489,35.8078,83.8904,0.959121,26.3354,104.615
217.44,12.0757,2.37162,40.6488,35.8081,83.8904,0.959121,26.3354,101.961
217.46,12.0757,2.37166,40.1906,36.2257,84.9979,1.00188,26.3354,99.3062
217.48,12.0747,2.39689,40.1903,36.2261,84.9988,1.00191,26.3354,99.3041
217.5,12.0747,2.39691,40.1903,36.4581,86.3978,0.945819,26.3354,99.3041
217.52,12.0733,2.28982,39.6867,36.4583,86.3989,0.945776,26.3354,96.653
217.54,12.0733,2.28393,39.686,36.5047,87.6814,0.945776,26.3354,93.9958
217.56,12.0733,2.34151,39.2736,36.5047,87.6824,0.945776,26.3354,93.4631
217.58,12.0733,2.36733,39.2733,37.0152,88.3236,0.945776,26.3354,95.0546
217.6,12.0729,2.34325,38.9984,37.0156,88.3241,0.945776,26.3354,93.4639
217.62,12.0729,2.30279,38.9982,37.0156,88.499,0.945776,26.3354,91.3402
217.64,12.0738,2.24591,38.7234,37.062,88.4991,0.945776,26.3354,92.9305
217.66,12.0738,2.29475,38.7232,37.062,87.9166,0.945776,27.5484,94.5224
217.68,12.0738,2.38109,38.5857,37.1085,87.9157,0.945776,27.5503,96.1167
217.7,12.0738,2.37012,38.5856,37.1085,87.9157,0.945776,27.5503,97.1792
217.72,12.0724,2.31835,38.4482,37.2477,87.2745,0.984003,27.5503,98.2412
217.74,12.0724,2.29539,38.4481,37.2478,87.274,0.984032,27.5503,100.365
217.76,12.0738,2.43879,38.4481,37.4799,86.8659,0.927334,27.5503,101.958
217.78,12.0738,2.43322,38.3564,37.48,86.8656,0.927291,27.5503,101.429
217.8,12.0715,2.32406,38.3564,37.2945,86.5744,0.927291,27.5503,101.428
217.82,12.0715,2.27708,38.3564,37.2943,86.5739,0.927291,27.5503,101.959
217.84,12.0719,2.27374,38.3564,37.2015,86.7488,0.927291,27.5503,101.429
217.86,12.0719,2.33035,38.3564,37.2014,86.7489,0.927291,27.5503,103.551
217.88,12.0719,2.39274,38.3564,37.155,86.5742,0.927291,27.5503,108.324
217.9,12.0719,2.3765,38.5396,37.1549,86.5739,0.927291,27.5503,112.046
217.92,12.0724,2.24782,38.5398,37.1549,86.1076,0.927291,26.9536,110.457
217.94,12.0724,2.23539,38.6772,36.7837,86.1072,0.927291,26.9531,108.864
217.96,12.0733,2.32586,38.6773,36.7834,86.1072,0.927291,26.9531,108.863
217.98,12.0719,2.35993,38.6773,36.4121,84.883,0.943467,26.9531,108.863
218,12.0719,2.33882,38.998,36.4118,84.8821,0.943479,26.9531,106.74
218.02,12.0724,2.33381,38.9982,36.6437,83.6006,0.920155,26.9531,105.678
218.04,12.0724,2.34745,39.3189,36.6441,83.5987,0.920119,26.9531,105.146
218.06,12.0692,2.33334,39.3192,36.4584,82.7243,0.920119,26.9531,104.084
218.08,12.0692,2.31978,39.7773,36.4583,82.7236,0.920119,26.9531,103.022
218.1,12.0659,2.30241,39.7777,36.0406,82.4904,0.920119,26.9531,104.083
218.12,12.0659,2.44813,40.19,36.0403,82.4902,0.920119,26.9531,104.614
218.14,12.0678,2.45556,40.1903,35.7154,82.4902,0.920119,26.9531,106.206
218.16,12.0678,2.37892,40.5565,35.7152,82.4902,0.920119,26.9531,107.798
218.18,12.065,2.38819,40.5571,35.7152,82.4902,0.920119,26.8503,106.209
218.2,12.065,2.3882,40.8778,35.5295,83.1315,0.920119,26.8502,104.616
218.22,12.0654,2.40822,40.878,35.5294,83.132,0.920119,26.8502,103.553
218.24,12.0654,2.40824,40.878,35.3902,83.8898,0.939681,26.8502,102.491
218.26,12.0659,2.30922,41.2445,35.3901,83.8904,0.939696,26.8502,103.021
218.28,12.0659,2.30915,41.2448,35.158,84.8814,0.939696,26.8502,103.552
218.3,12.0645,2.33527,41.5195,35.1579,84.8821,0.918686,26.8502,101.432
218.32,12.0645,2.33531,41.5199,34.7402,85.9897,0.918653,26.8502,98.7751
218.34,12.0659,2.34165,41.8864,34.7399,85.9905,0.918653,26.8502,101.426
218.36,12.0659,2.33332,41.8867,34.3686,87.0398,0.918653,26.8502,106.735
218.38,12.0645,2.33331,42.436,34.3683,87.0406,0.918653,26.8502,110.45
218.4,12.0645,2.35362,42.4368,34.3683,88.4397,0.918653,26.8502,111.517
218.42,12.0664,2.39148,42.895,34.8788,88.4408,0.918653,26.8502,112.579
218.44,12.0664,2.38688,42.8953,34.8792,88.4408,0.918653,27.8584,114.172
218.46,12.065,2.28047,43.3076,35.2505,90.1896,0.918653,27.8591,115.765
218.48,12.065,2.29096,43.3079,35.2507,90.1909,0.918653,27.8591,114.705
218.5,12.0603,2.34533,43.7661,34.9259,92.2895,0.960484,27.8591,113.643
218.52,12.0603,2.31979,43.7664,34.9256,92.2911,0.960516,27.8591,110.461
218.54,12.0627,2.37921,43.7664,35.1113,94.2731,0.960516,27.8591,109.395
218.56,12.0627,2.37643,44.0871,35.1114,94.2746,0.93911,27.8591,107.271
218.58,12.0622,2.23721,44.0874,35.065,96.3149,0.939094,27.8591,101.963
218.6,12.0622,2.28335,44.3164,35.065,96.3164,0.939094,27.8591,100.367
218.62,12.0622,2.42989,44.3166,35.297,98.823,0.939094,27.8591,101.427
218.64,12.0622,2.40339,44.7747,35.2972,98.825,0.939094,27.8591,101.428
218.66,12.0617,2.41861,44.7751,35.2972,101.563,0.939094,27.8591,100.368
218.68,12.0617,2.43383,45.2332,35.2972,101.567,0.939094,27.8591,98.7743
218.7,12.0603,2.35415,45.2336,35.2972,103.257,0.939094,27.139,98.7731
218.72,12.0603,2.32024,45.6459,35.2972,103.259,0.939094,27.1385,98.7731
218.74,12.0622,2.56109,45.6462,35.2972,103.259,0.939094,27.1385,98.7731
218.76,12.0622,2.5885,45.9669,34.9259,104.483,0.957436,27.1385,98.7731
218.78,12.0627,2.38202,45.9671,34.9256,104.484,0.95745,27.1385,96.1199
218.8,12.0627,2.36753,45.9671,34.7865,104.775,0.935313,27.1385,91.3458
218.82,12.0627,2.36374,46.5627,34.7863,104.775,0.935279,27.1385,89.216
218.84,12.0622,2.34738,46.5631,34.415,105.125,0.935279,27.1385,86.5612
218.86,12.0622,2.45431,47.2045,34.4148,105.125,0.935279,27.1385,82.3141
218.88,12.0622,2.4632,47.205,34.4148,105.824,0.935279,27.1385,82.8411
218.9,12.0622,2.45899,47.8006,33.4402,105.826,0.935279,27.1385,86.5564
218.92,12.0631,2.43227,47.801,33.4394,106.758,0.935279,27.1385,88.1511
218.94,12.0631,2.33412,48.2592,32.929,106.759,0.935279,27.1385,89.7442
218.96,12.0627,2.32981,48.2595,32.9286,107.517,0.935279,28.9491,86.5616
218.98,12.0627,2.62876,48.5344,32.5573,107.517,0.935279,28.9504,83.3754
219,12.0617,2.63976,48.5346,32.557,107.517,0.935279,28.9504,83.373
219.02,12.0617,2.46307,48.5346,32.1397,108.275,0.934011,28.9504,81.7823
219.04,12.0627,2.51674,48.9011,32.139,108.276,0.934009,28.9504,77.5348
219.06,12.0627,2.51678,48.9014,31.6749,108.567,0.910775,28.9504,78.0622
219.08,12.0627,2.39979,49.1305,31.6746,108.567,0.910758,28.9504,79.6545
219.1,12.0627,2.3997,49.1306,31.3033,108.334,0.910758,28.9504,79.6557
219.12,12.0659,2.38297,49.4055,31.303,108.334,0.910758,28.9504,78.0638
219.14,12.0659,2.38296,49.4057,31.303,107.343,0.910758,28.9504,76.4707
219.16,12.0654,2.42848,49.8177,31.3494,107.342,0.910758,28.9504,75.409
219.18,12.0654,2.42855,49.8183,31.3495,106.06,0.910758,28.9504,74.8768
219.2,12.0659,2.37933,50.4139,31.2567,106.059,0.910758,28.9504,74.3457
219.22,12.0659,2.33589,50.4144,31.2566,106.059,0.910758,30.3907,74.876
219.24,12.0659,2.37119,51.1474,31.2566,104.835,0.910758,30.3918,75.407
219.26,12.0659,2.3913,51.1479,31.2566,104.834,0.910758,30.3918,76.4687
219.28,12.0659,2.37075,51.1479,31.1174,103.318,0.929172,30.3918,81.7758
219.3,12.0659,2.38893,52.3382,31.1173,103.317,0.929186,30.3918,82.3101
219.32,12.0678,2.42637,52.34,31.4421,101.743,0.929186,30.3918,79.6577
219.34,12.0678,2.42928,53.2104,31.4424,101.742,0.911031,30.3918,79.1251
219.36,12.0701,2.32441,53.2111,32.0921,100.343,0.911017,30.3918,79.6553
219.38,12.0701,2.34448,54.2182,32.0926,100.342,0.911017,30.3918,82.8371
219.4,12.071,2.41264,54.2197,32.4638,99.5256,0.911017,30.3918,84.4338
219.42,12.071,2.43231,54.9528,32.4641,99.525,0.911017,30.3918,86.027
219.44,12.0761,2.52749,54.9533,32.4641,99.5833,0.911017,30.3918,89.212
219.46,12.0812,2.52808,55.274,33.0674,99.5834,0.911017,30.3918,92.3982
219.48,12.0812,2.49674,55.2743,33.0679,99.5834,0.911017,31.2559,90.2781
219.5,12.0836,2.49624,55.2743,33.3927,100.341,0.911017,31.2566,88.1539
219.52,12.0836,2.45364,55.0911,33.393,100.342,0.911017,31.2566,87.6221
219.54,12.0836,2.4241,55.0909,34.3212,102.382,0.906956,31.2566,85.4988
219.56,12.0836,2.43245,54.7702,34.3219,102.384,0.906953,31.2566,83.3746
219.58,12.0817,2.47076,54.7699,34.8788,105.007,0.906953,31.2566,84.4342
219.6,12.0817,2.42149,53.9911,34.8792,105.009,0.893158,31.2566,84.9657
219.62,12.0822,2.37842,53.9905,34.4151,107.457,0.893147,31.2566,82.8436
219.64,12.0822,2.4476,53.3033,34.4148,107.459,0.893147,31.2566,81.7807
219.66,12.0831,2.38976,53.3028,34.4148,109.09,0.893147,31.2566,81.7799
219.68,12.0831,2.38967,52.5698,34.9253,109.092,0.893147,31.2566,81.7799
219.7,12.0831,2.36769,52.5692,34.9256,109.092,0.893147,31.2566,78.0654
219.72,12.0831,2.36768,52.2027,35.0185,110.142,0.893147,31.2566,74.3482
219.74,12.0854,2.38963,52.2024,35.0185,110.143,0.893147,31.0303,72.7534
219.76,12.0854,2.38964,52.2024,35.2506,110.143,0.893147,31.0301,71.1603
219.78,12.0863,2.37746,51.9734,35.2507,110.143,0.893147,31.0301,68.5059
219.8,12.0863,2.37745,51.9732,35.3899,109.094,0.893147,31.0301,65.8528
219.82,12.0873,2.32555,51.9732,35.3901,109.092,0.940922,31.0301,64.7875
219.84,12.0873,2.32689,51.9732,34.8796,107.227,0.940959,31.0301,66.3785
219.86,12.0891,2.37554,51.6525,34.8792,107.226,0.920452,31.0301,67.9717
219.88,12.0891,2.37416,51.6523,34.9256,105.07,0.920436,31.0301,67.4426
219.9,12.0914,2.33292,51.2399,34.9256,105.067,0.920436,31.0301,67.4418
219.92,12.0915,2.33566,51.2396,34.9256,103.085,0.920436,31.0301,66.3806
219.94,12.0905,2.36191,50.8273,34.6936,103.084,0.920436,31.0301,65.3185
219.96,12.0905,2.38799,50.827,34.6934,103.084,0.920436,31.0301,70.0934
219.98,12.0914,2.31299,50.3231,34.7862,101.277,0.920436,31.0301,74.8727
220,12.0915,2.2969,50.3227,34.7863,101.275,0.920436,30.1454,72.7538
220.02,12.0928,2.35993,49.9107,35.0182,99.4694,0.920436,30.1447,70.6313
220.04,12.0928,2.35677,49.91,35.0185,99.4667,0.920436,30.1447,71.1587
220.06,12.0961,2.30728,49.91,35.2042,97.1932,0.920436,30.1447,73.2816
220.08,12.0961,2.33707,49.7726,35.2043,97.1915,0.948651,30.1447,74.3445
220.1,12.0993,2.36116,49.7725,35.7148,94.2768,0.948672,30.1447,78.5904
220.12,12.0993,2.35238,49.6351,35.7152,94.2746,0.917635,30.1447,82.3081
220.14,12.0998,2.34895,49.635,35.7152,90.8935,0.917611,30.1447,84.4334
220.16,12.0998,2.33936,49.6807,35.9007,90.891,0.917611,30.1447,87.6164
220.18,12.1003,2.34617,49.6808,35.901,87.2185,0.917611,30.1447,90.2744
220.2,12.1003,2.36089,49.9099,35.9938,87.2156,0.917611,30.1447,92.9296
220.22,12.1017,2.43729,49.91,35.9938,84.0678,0.917611,30.1447,96.1154
220.24,12.1017,2.43638,49.7268,36.3187,84.0654,0.917611,30.1447,99.3017
220.26,12.1058,2.28834,49.7267,36.319,84.0654,0.917611,32.161,97.1816
220.28,12.1058,2.2767,49.7267,36.5046,82.0834,0.917611,32.1626,95.0574
220.3,12.1068,2.29356,49.6809,36.5047,82.0819,0.917611,32.1626,95.0558
220.32,12.1068,2.28077,49.6808,36.4583,81.6738,0.948915,32.1626,97.709
220.34,12.1086,2.33481,49.3601,36.4583,81.6735,0.948939,32.1626,101.425
220.36,12.1086,2.34302,49.3599,37.2936,82.7811,0.948939,32.1626,103.02
220.38,12.1091,2.33622,48.8563,37.2943,82.7819,0.931337,32.1626,100.37
220.4,12.1072,2.32806,48.8555,37.2943,84.7639,0.93131,32.1626,97.1824
220.42,12.1072,2.39883,47.9851,37.2943,84.7654,0.93131,32.1626,97.7106
220.44,12.1068,2.37753,47.9844,37.2943,86.9223,0.93131,32.1626,96.6497
220.46,12.1068,2.36627,46.7017,37.7583,86.924,0.93131,32.1626,95.5877
220.48,12.1072,2.38939,46.7007,37.7587,86.924,0.93131,32.1626,95.0562
220.5,12.1072,2.40839,45.5554,38.1764,88.9059,0.93131,32.1626,94.5252
220.52,12.1072,2.40311,45.5545,38.1767,88.9075,0.93131,33.0055,90.8132
220.54,12.1072,2.43543,45.5545,38.5016,91.1226,0.93131,33.0068,89.7462
220.56,12.1105,2.44559,44.6382,38.5018,91.1243,0.93131,33.0068,90.2761
220.58,12.1105,2.35248,44.6375,38.6874,93.1063,0.93131,33.0068,86.562
220.6,12.11,2.43558,44.271,38.6876,93.1078,0.8915,33.0068,83.3754
220.62,12.11,2.43564,44.2707,39.1981,94.9732,0.89147,33.0068,83.373
220.64,12.1123,2.34021,44.5914,39.1985,94.9746,0.890344,33.0068,82.8423
220.66,12.1123,2.34014,44.5917,39.1985,95.9649,0.890343,33.0068,80.721
220.68,12.1198,2.31658,44.7291,39.8946,95.9664,0.890343,33.0068,81.2484
220.7,12.1198,2.31656,44.7292,39.8951,95.5583,0.890343,33.0068,83.3714
220.72,12.1267,2.37143,45.1874,39.2918,95.558,0.890343,33.0068,85.4955
220.74,12.1267,2.37147,45.1877,39.2913,95.558,0.890343,33.0068,86.5584
220.76,12.13,2.29954,45.1877,39.3842,93.9258,0.890343,33.0068,87.6205
220.78,12.13,2.28962,45.6458,39.3842,93.9245,0.890343,31.2168,88.1519
220.8,12.124,2.37278,45.6462,39.4306,92.6431,0.890343,31.2154,88.6826
220.82,12.124,2.4013,46.1501,39.4307,92.6411,0.890343,31.2154,89.7446
220.84,12.0943,2.26962,46.1505,39.1058,92.4662,0.890343,31.2154,93.4599
220.86,12.0942,2.28267,46.8377,39.1056,92.4661,0.882474,31.2154,98.769
220.88,12.078,2.33691,46.8382,39.1056,93.2816,0.882468,31.2154,103.015
220.9,12.078,2.32976,47.2505,39.1056,93.2828,0.887028,31.2154,105.144
220.92,12.0636,2.32631,47.2509,39.1056,94.0989,0.887031,31.2154,108.329
220.94,12.0636,2.3349,47.3425,38.8271,94.0996,0.887031,31.2154,111.516
220.96,12.0552,2.33488,47.3426,38.8269,94.0996,0.887031,31.2154,109.926
220.98,12.0552,2.3022,47.48,38.7805,93.8664,0.887031,31.2154,108.333
221,12.0548,2.32259,47.4801,38.7805,93.8662,0.887031,31.2154,113.638
221.02,12.0548,2.33041,47.4801,38.224,93.1672,0.887031,31.2154,118.944
221.04,12.0552,2.28303,47.4343,38.2231,93.1661,0.887031,31.4417,123.198
221.06,12.0552,2.318,47.4343,37.7591,92.8747,0.887031,31.4419,127.446
221.08,12.0562,2.45518,47.4343,37.7587,92.8745,0.887031,31.4419,130.102
221.1,12.0548,2.42364,47.4343,37.9907,92.583,0.887031,31.4419,132.757
221.12,12.0548,2.34731,47.5259,37.9909,92.5828,0.896431,31.4419,132.76
221.14,12.0562,2.35966,47.526,37.9445,92.2913,0.896438,31.4419,132.76
221.16,12.0562,2.37857,47.526,37.9445,92.2911,0.896438,31.4419,131.169
221.18,12.0562,2.36703,47.526,37.9445,91.883,0.896438,31.4419,128.513
221.2,12.0562,2.3482,47.3885,37.9909,91.8827,0.896438,31.4419,128.511
221.22,12.0552,2.33196,47.3884,37.9909,91.8827,0.896438,31.4419,134.348
221.24,12.0552,2.38812,47.5717,37.9909,92.1159,0.896438,31.4419,140.19
221.26,12.0552,2.39242,47.5718,37.9909,92.1161,0.896438,31.4419,140.725
221.28,12.0552,2.31123,47.5718,38.1766,93.3985,0.896438,31.4419,141.256
221.3,12.0557,2.39715,47.7091,38.1767,93.3995,0.896438,33.3128,142.317
221.32,12.0557,2.39728,47.7093,38.0839,94.2739,0.896438,33.3156,143.379
221.34,12.0529,2.32867,47.5719,38.0838,94.2746,0.896438,33.3156,141.788
221.36,12.0529,2.32862,47.5718,38.6871,93.8665,0.896438,33.3156,140.195
221.38,12.0557,2.25083,47.3887,38.6876,93.8662,0.929704,33.3156,139.664
221.4,12.0557,2.25071,47.3884,39.0124,93.2833,0.929755,33.3156,139.132
221.42,12.0543,2.3283,47.2052,39.0127,93.2828,0.906396,33.3156,135.948
221.44,12.0543,2.32835,47.205,39.0127,93.3994,0.906378,33.3156,137.007
221.46,12.0571,2.34268,47.1134,39.4768,93.3995,0.906378,33.3156,135.947
221.48,12.0571,2.36641,47.1133,39.4771,93.3995,0.906378,33.3156,130.109
221.5,12.0422,2.3513,47.2049,39.9412,94.4488,0.906378,33.3156,127.451
221.52,12.0422,2.36271,47.205,39.9416,94.4496,0.906378,33.3156,126.919
221.54,12.0408,2.42751,47.205,39.8951,95.5572,0.906378,33.3156,127.449
221.56,12.0408,2.40767,47.1134,39.8951,95.558,0.906378,32.6367,131.164
221.58,12.0399,2.40765,47.1133,40.0343,95.8495,0.906378,32.6362,134.881
221.6,12.0399,2.42138,47.2508,40.0344,95.8497,0.906378,32.6362,137.006
221.62,12.0385,2.44163,47.2509,40.1273,95.7914,0.906378,32.6362,139.13
221.64,12.0385,2.39958,47.2509,40.1273,95.7914,0.937748,32.6362,135.418
221.66,12.0399,2.30553,47.2509,40.1273,95.7331,0.937772,32.6362,130.643
221.68,12.0399,2.34369,47.2509,39.4776,95.733,0.918467,32.6362,128.513
221.7,12.0385,2.32329,47.2509,39.4771,95.2084,0.918453,32.6362,128.511
221.72,12.0385,2.3065,47.5716,39.6163,95.208,0.918453,32.6362,129.042
221.74,12.032,2.37535,47.5718,39.6165,95.208,0.918453,32.6362,127.45
221.76,12.032,2.39978,47.5718,39.5236,93.9838,0.918453,32.6362,127.449
221.78,12.0311,2.41507,47.5718,39.5236,93.9829,0.918453,32.6362,129.572
221.8,12.0311,2.37968,47.5718,39.8482,93.0509,0.918453,32.6362,132.755
221.82,12.0288,2.41502,47.4344,39.8487,93.0495,0.918453,31.5663,133.29
221.84,12.0288,2.4387,47.4343,39.7559,92.9912,0.918453,31.5654,133.821
221.86,12.0302,2.39911,47.2968,39.7558,92.9911,0.918453,31.5654,130.107
221.88,12.0302,2.39954,47.2967,39.2457,93.5736,0.918453,31.5654,126.393
221.9,12.0302,2.34662,47.1593,39.2449,93.5745,0.926945,31.5654,131.693
221.92,12.0302,2.33874,47.1592,38.5488,94.1575,0.926952,31.5654,137.004
221.94,12.0292,2.39523,47.1134,38.5482,94.1579,0.891732,31.5654,140.192
221.96,12.0292,2.42697,47.1133,38.5482,93.8081,0.891706,31.5654,139.663
221.98,12.0302,2.41931,47.1591,38.4554,93.8079,0.891706,31.5654,135.949
222,12.0288,2.4004,47.1592,38.4554,93.8079,0.891706,31.5654,133.293
222.02,12.0288,2.44811,47.3423,38.0844,92.5846,0.891706,31.5654,133.291
222.04,12.0274,2.42743,47.3426,38.0838,92.5828,0.891706,31.5654,131.168
222.06,12.0274,2.39899,47.3426,38.1766,90.9505,0.891706,31.5654,129.044
222.08,12.0278,2.39612,47.8007,38.1767,90.9493,0.891706,33.1703,127.45
222.1,12.0278,2.43288,47.801,37.9911,89.6668,0.891706,33.1715,125.857
222.12,12.0292,2.41854,48.4882,37.9909,89.6659,0.891706,33.1715,124.264
222.14,12.0292,2.29765,48.4888,38.1301,89.0829,0.891706,33.1715,122.671
222.16,12.0278,2.31608,48.9923,38.1303,89.0825,0.934294,33.1715,123.73
222.18,12.0278,2.33734,48.9931,38.2231,89.0825,0.934359,33.1715,124.793
222.2,12.0297,2.30775,49.4054,38.2231,89.0825,0.895588,33.1715,123.733
222.22,12.0297,2.30772,49.4057,38.0375,89.1991,0.895558,33.1715,121.609
222.24,12.0292,2.47791,49.5432,38.0374,89.1992,0.895558,33.1715,122.138
222.26,12.0292,2.47804,49.5433,37.8053,89.1992,0.895558,33.1715,124.261
222.28,12.0283,2.47877,49.5433,37.8051,90.1901,0.895558,33.1715,126.385
222.3,12.0283,2.47877,49.4059,37.8051,90.1909,0.895558,33.1715,126.387
222.32,12.0288,2.39076,49.4057,37.898,92.0563,0.895558,33.1715,122.142
222.34,12.0288,2.39069,49.1308,37.898,92.0577,0.895558,32.616,120.016
222.36,12.0288,2.3444,49.1306,37.9908,94.098,0.895558,32.6156,117.892
222.38,12.0288,2.35682,48.9017,37.9909,94.0996,0.895558,32.6156,120.011
222.4,12.0274,2.37194,48.9014,38.1766,96.1398,0.895558,32.6156,122.137
222.42,12.0274,2.37749,48.993,38.1767,96.1414,0.921634,32.6156,121.608
222.44,12.0283,2.43923,48.9931,38.4551,97.8319,0.921654,32.6156,121.077
222.46,12.0283,2.44888,49.0389,38.4554,97.8332,0.904721,32.6156,122.669
222.48,12.0274,2.47449,49.0389,38.5946,97.8332,0.904708,32.6156,126.384
222.5,12.0274,2.45711,49.2222,38.5947,99.2905,0.904708,32.6156,130.632
222.52,12.0278,2.3627,49.2223,38.6874,99.2917,0.904708,32.6156,132.226
222.54,12.0278,2.33385,49.3598,38.6876,99.8746,0.904708,32.6156,131.698
222.56,12.0269,2.35619,49.3599,38.6876,99.875,0.904708,32.6156,129.044
222.58,12.0269,2.37728,49.3599,38.8732,99.7002,0.904708,32.6156,125.858
222.6,12.0278,2.36599,49.6806,38.8734,99.7,0.904708,31.3399,123.203
222.62,12.0278,2.35659,49.6808,39.1518,99.4669,0.904708,31.3389,120.548
222.64,12.0283,2.39421,49.8182,39.152,99.4667,0.904708,31.3389,121.607
222.66,12.0283,2.41467,49.8183,39.0593,100.166,0.904708,31.3389,122.668
222.68,12.0274,2.24348,49.9558,39.0591,100.167,0.902808,31.3389,121.078
222.7,12.0274,2.2468,49.9559,39.2912,101.682,0.902807,31.3389,119.485
222.72,12.0288,2.35,49.8643,39.2913,101.684,0.893241,31.3389,120.014
222.74,12.0255,2.32437,49.8642,39.3378,103.257,0.893233,31.3389,117.361
222.76,12.0255,2.35048,49.7268,39.3378,103.259,0.893233,31.3389,112.584
222.78,12.026,2.39574,49.7267,39.3378,103.259,0.893233,31.3389,111.519
222.8,12.026,2.30033,49.7267,39.3378,103.899,0.893233,31.3389,109.927
222.82,12.0274,2.2633,49.7267,39.3378,103.9,0.893233,31.3389,106.741
222.84,12.0274,2.35321,49.5892,39.1522,103.492,0.893233,31.3389,105.147
222.86,12.0269,2.34538,49.5891,39.152,103.492,0.893233,31.1126,101.962
222.88,12.0269,2.36782,49.5891,38.9665,102.327,0.893233,31.1125,98.7779
222.9,12.026,2.39788,49.5891,38.9662,102.325,0.893233,31.1125,96.1199
222.92,12.026,2.32485,49.5891,38.6878,100.168,0.893233,31.1125,93.4647
222.94,12.026,2.41922,49.864,38.6876,100.167,0.881718,31.1125,92.4014
222.96,12.026,2.41929,49.8642,37.945,97.6601,0.881709,31.1125,91.3393
222.98,12.0274,2.33801,50.2307,37.9445,97.6582,0.876418,31.1125,92.3998
223,12.0274,2.33795,50.231,37.666,95.5013,0.876414,31.1125,96.115
223.02,12.0255,2.38575,50.2768,37.6658,95.4997,0.876414,31.1125,99.2992
223.04,12.0255,2.38582,50.2768,37.573,94.4504,0.876414,31.1125,101.427
223.06,12.025,2.35337,50.3226,37.5729,94.4496,0.876414,31.1125,100.898
223.08,12.025,2.35334,50.3227,37.5729,94.0415,0.876414,31.1125,100.897
223.1,12.026,2.37303,49.8187,37.6657,94.0412,0.876414,31.1125,101.958
223.12,12.026,2.36129,49.8183,37.6658,94.0412,0.876414,32.2441,101.959
223.14,12.0278,2.36129,49.3144,37.3874,93.2834,0.876414,32.2449,101.959
223.16,12.0278,2.41008,49.314,37.3872,93.2828,0.876414,32.2449,105.671
223.18,12.0264,2.43324,49.314,37.1087,92.8748,0.882205,32.2449,109.391
223.2,12.0264,2.40103,48.9933,37.1085,92.8745,0.88221,32.2449,109.394
223.22,12.0274,2.2997,48.9931,37.3869,93.0493,0.88221,32.2449,109.924
223.24,12.0274,2.22396,48.8556,37.3872,93.0495,0.880278,32.2449,112.047
223.26,12.0278,2.34347,48.8555,37.712,92.8746,0.880277,32.2449,114.172
223.28,12.0278,2.43926,48.8097,37.7123,92.8745,0.880277,32.2449,117.888
223.3,12.0302,2.45208,48.8097,37.7123,91.6512,0.880277,32.2449,122.132
223.32,12.0302,2.42421,48.9929,37.7123,91.6494,0.880277,32.2449,123.731
223.34,12.0269,2.31482,48.9931,37.7123,89.6091,0.880277,32.2449,123.201
223.36,12.0297,2.29534,49.0389,37.8515,89.6075,0.880277,32.2449,123.731
223.38,12.0297,2.27534,49.0389,37.8516,89.6075,0.880277,31.2162,121.079
223.4,12.0297,2.26175,49.0389,38.0372,88.3833,0.880277,31.2154,118.424
223.42,12.0297,2.39734,49.1306,38.0374,88.3824,0.880277,31.2154,116.83
223.44,12.0311,2.42101,49.1306,38.1302,88.7322,0.89382,31.2154,115.236
223.46,12.0311,2.463,49.039,38.1303,88.7324,0.89383,31.2154,114.705
223.48,12.0302,2.45188,49.0389,38.2695,89.8983,0.89383,31.2154,113.112
223.5,12.0302,2.40182,48.8557,38.2696,89.8992,0.893984,31.2154,110.989
223.52,12.032,2.43485,48.8555,38.2232,91.2389,0.893985,31.2154,110.457
223.54,12.032,2.35382,48.26,38.2231,91.241,0.893985,31.2154,110.987
223.56,12.0315,2.38479,48.2595,38.5944,92.9898,0.893985,31.2154,114.701
223.58,12.0315,2.38481,47.16,38.5947,92.9911,0.893985,31.2154,117.888
223.6,12.0343,2.38066,47.1592,38.5947,92.9911,0.893985,31.2154,114.176
223.62,12.0343,2.38066,46.2887,38.7803,94.6234,0.893985,31.2154,110.459
223.64,12.0325,2.42507,46.2881,38.7805,94.6246,0.893985,30.5364,110.987
223.66,12.0325,2.4251,46.0592,39.0123,96.2556,0.893985,30.5359,111.517
223.68,12.0353,2.55632,46.0588,39.0127,96.2581,0.893985,30.5359,109.926
223.7,12.0353,2.55642,46.0588,39.0591,97.4822,0.893985,30.5359,108.333
223.72,12.0348,2.40525,46.1504,39.0591,97.4832,0.847562,30.5359,106.209
223.74,12.0348,2.40085,46.1505,38.6879,97.7164,0.847526,30.5359,105.146
223.76,12.0367,2.47634,46.5628,38.6876,97.7165,0.848141,30.5359,106.207
223.78,12.0367,2.51005,46.5631,38.734,96.7838,0.848142,30.5359,106.208
223.8,12.0329,2.48009,47.1583,38.734,96.7831,0.848142,30.5359,109.389
223.82,12.0329,2.45664,47.1592,38.7804,94.8594,0.848142,30.5359,115.231
223.84,12.0357,2.38774,47.8922,38.7805,94.858,0.848142,30.5359,117.358
223.86,12.0357,2.37262,47.8927,38.7805,93.284,0.848142,30.5359,119.482
223.88,12.0367,2.32781,48.809,38.6412,93.2828,0.848142,30.5359,121.606
223.9,12.0367,2.36004,48.8097,38.6411,93.2828,0.848142,31.3589,118.955
223.92,12.0376,2.32805,49.4511,38.6411,92.7582,0.848142,31.3595,116.299
223.94,12.0376,2.30259,49.4516,38.6411,92.7578,0.848142,31.3595,114.175
223.96,12.0376,2.42672,49.4516,38.5483,92.991,0.877135,31.3595,112.051
223.98,12.0394,2.43213,49.8181,38.5482,92.9911,0.877157,31.3595,106.743
224,12.0394,2.38818,49.8183,38.409,93.7489,0.877157,31.3595,101.963
224.02,12.0404,2.39386,49.8183,38.4089,93.7495,0.879147,31.3595,104.08
224.04,12.0404,2.32665,49.8183,39.0122,94.7988,0.87915,31.3595,105.145
224.06,12.0408,2.2961,49.2686,39.0127,94.7996,0.87915,31.3595,101.431
224.08,12.0408,2.38091,49.2682,39.2911,95.9072,0.87915,31.3595,99.8364
224.1,12.0404,2.43186,48.5352,39.2913,95.908,0.87915,31.3595,100.366
224.12,12.0404,2.47003,48.5346,39.2913,96.899,0.87915,31.3595,100.366
224.14,12.0399,2.46836,48.0307,39.3842,96.8998,0.87915,31.3595,100.366
224.16,12.0399,2.46836,48.0303,39.3842,96.8998,0.87915,32.2025,104.078
224.18,12.0427,2.38862,48.0303,38.9666,97.1913,0.87915,32.2038,107.798
224.2,12.0427,2.38856,48.0303,38.9662,97.1915,0.87915,32.2038,106.739
224.22,12.0418,2.35326,48.0303,38.2701,97.0749,0.875293,32.2038,105.677
224.24,12.0418,2.35324,48.4426,38.2696,97.0748,0.87529,32.2038,101.962
224.26,12.0432,2.45521,48.4429,38.3624,95.326,0.87529,32.2038,98.2449
224.28,12.0432,2.45529,48.9468,38.3625,95.3247,0.878753,32.2038,94.5276
224.3,12.0445,2.40444,48.9472,37.9915,93.0529,0.878756,32.2038,92.4039
224.32,12.0445,2.38339,49.4054,37.9909,93.0495,0.878756,32.2038,96.1151
224.34,12.0445,2.41647,49.4057,37.9909,91.1258,0.878756,32.2038,97.1792
224.36,12.0445,2.46561,49.6806,37.2484,91.1243,0.878756,32.2038,96.1187
224.38,12.0436,2.35515,49.6808,37.2478,90.8328,0.878756,32.2038,95.0566
224.4,12.0436,2.34395,49.9557,36.9694,90.8326,0.878756,32.2038,93.9945
224.42,12.0459,2.42433,49.9559,36.9692,90.8326,0.878756,31.0516,96.1163
224.44,12.0459,2.44213,50.0475,36.8763,92.0568,0.878756,31.0507,98.2404
224.46,12.0446,2.36485,50.0476,36.8763,92.0577,0.878756,31.0507,99.3033
224.48,12.0445,2.37823,50.0476,36.505,93.9231,0.871073,31.0507,100.365
224.5,12.0455,2.39732,49.6811,36.5047,93.9245,0.871067,31.0507,99.3049
224.52,12.0455,2.38656,49.6808,36.5975,95.9633,0.871067,31.0507,97.1832
224.54,12.0459,2.39415,49.2685,36.5976,95.9664,0.884541,31.0507,95.5881
224.56,12.0459,2.36046,49.2682,36.7368,97.8318,0.884551,31.0507,94.5256
224.58,12.045,2.30573,48.9933,36.7369,97.8332,0.884551,31.0507,88.6878
224.6,12.045,2.29174,48.9931,36.7369,98.9408,0.884551,31.0507,87.0915
224.62,12.0464,2.33861,48.9473,36.6905,98.9416,0.884551,31.0507,91.3353
224.64,12.0469,2.38372,48.9472,36.6905,99.4663,0.884551,31.0507,90.2773
224.66,12.0469,2.33244,49.6339,36.7832,99.4667,0.884551,31.0507,89.216
224.68,12.0473,2.30508,49.635,36.7834,99.4667,0.884551,32.244,89.745
224.7,12.0473,2.41323,50.6428,37.0154,99.1752,0.884551,32.2449,90.2761
224.72,12.0487,2.44166,50.6436,37.0156,99.175,0.884551,32.2449,89.2152
224.74,12.0487,2.35684,50.6436,36.9692,98.0674,0.852432,32.2449,87.6225
224.76,12.0478,2.36459,51.5599,36.9692,98.0666,0.852408,32.2449,88.6825
224.78,12.0478,2.41411,51.5606,37.062,96.6675,0.852408,32.2449,89.214
224.8,12.0469,2.37644,52.4304,37.062,96.6664,0.871445,32.2449,89.7446
224.82,12.0469,2.29659,52.4317,37.0156,95.7337,0.871474,32.2449,91.868
224.84,12.0459,2.29473,52.9814,37.0156,95.733,0.871474,32.2449,90.2777
224.86,12.0459,2.29473,52.9819,37.0156,95.7913,0.871474,32.2449,87.6233
224.88,12.0473,2.35408,53.5774,36.7836,95.7914,0.871474,32.2449,87.0907
224.9,12.0473,2.35413,53.5779,36.7834,96.9572,0.871474,32.2449,85.4983
224.92,12.0483,2.35506,53.6695,36.7834,96.9581,0.871474,32.2449,83.9052
224.94,12.0483,2.35506,53.6696,36.7834,96.9581,0.871474,34.1378,86.0266
224.96,12.0492,2.43374,53.6696,36.8762,98.5321,0.871474,34.1393,88.1507
224.98,12.0492,2.4338,53.2573,36.8763,98.5333,0.871474,34.1393,89.7442
225,12.0492,2.44914,53.2569,36.8299,100.049,0.847508,34.1393,90.8067
225.02,12.0492,2.43462,52.8449,36.8298,100.05,0.847489,34.1393,87.6261
225.04,12.0487,2.34545,52.8443,36.6442,101.274,0.847489,34.1393,83.3762
225.06,12.0487,2.39594,52.1571,36.6441,101.275,0.878173,34.1393,84.4342
225.08,12.0487,2.52204,52.1566,36.2264,102.441,0.878196,34.1393,89.2107
225.1,12.0487,2.4591,51.4236,36.2261,102.442,0.878196,34.1393,92.3982
225.12,12.0469,2.43801,51.423,36.2261,103.433,0.878196,34.1393,93.9925
225.14,12.0469,2.42695,50.7358,36.5045,103.434,0.878196,34.1393,95.5856
225.16,12.0473,2.41028,50.7353,36.5047,103.434,0.878196,34.1393,93.9962
225.18,12.0473,2.38858,50.2772,36.0871,104.25,0.878196,34.1393,92.4018
225.2,12.0473,2.26399,50.2768,36.0867,104.25,0.878196,32.3698,91.3394
225.22,12.0473,2.29226,50.2768,35.8083,104.833,0.878196,32.3685,93.4611
225.24,12.0483,2.40619,50.0019,35.8081,104.834,0.878196,32.3685,93.9933
225.26,12.0483,2.40013,50.0017,35.576,104.834,0.878196,32.3685,91.3406
225.28,12.0469,2.25661,50.0017,35.5759,104.834,0.823472,32.3685,89.7467
225.3,12.0469,2.25039,50.0017,35.4367,103.669,0.82343,32.3685,91.8663
225.32,12.0483,2.43086,50.185,35.4365,103.667,0.866788,32.3685,95.0534
225.34,12.0483,2.49184,50.1851,35.4829,100.986,0.866821,32.3685,96.1171
225.36,12.0497,2.39501,50.3684,35.483,100.983,0.866821,32.3685,94.526
225.38,12.0487,2.36136,50.3685,35.483,97.8356,0.866821,32.3685,95.0554
225.4,12.0487,2.38016,50.6892,35.5294,97.8332,0.866821,32.3685,95.5865
225.42,12.0478,2.36841,50.6895,35.5294,97.8332,0.866821,32.3685,94.5256
225.44,12.0478,2.30956,50.7811,35.4366,95.3266,0.866821,32.3685,93.4635
225.46,12.0464,2.32138,50.7812,35.4365,95.3247,0.866821,32.1216,98.2384
225.48,12.0464,2.40707,50.7812,35.2045,93.4593,0.866821,32.1214,103.018
225.5,12.045,2.40234,50.5979,35.2043,93.4578,0.866821,32.1214,104.083
225.52,12.045,2.29004,50.5978,35.3434,92.3511,0.866821,32.1214,103.023
225.54,12.0497,2.27075,50.1396,35.3436,92.3494,0.822282,32.1214,103.552
225.56,12.0497,2.27406,50.1393,35.5293,91.9996,0.822248,32.1214,104.614
225.58,12.0506,2.31034,49.5437,35.5294,91.9994,0.863951,32.1214,109.39
225.6,12.0506,2.31037,49.5433,35.5294,91.9411,0.863983,32.1214,114.7
225.62,12.0506,2.34947,49.0393,35.5294,91.941,0.863983,32.1214,120.011
225.64,12.0506,2.3495,49.0389,35.5294,91.9993,0.863983,32.1214,121.607
225.66,12.0487,2.37305,48.3065,35.8076,91.9994,0.863983,32.1214,123.198
225.68,12.0487,2.37309,48.3054,35.8081,91.9994,0.863983,32.1214,125.323
225.7,12.0473,2.33626,47.6182,35.8545,91.8245,0.863983,32.1214,127.448
225.72,12.0473,2.33623,47.6176,35.8545,91.8244,0.863983,32.6769,125.857
225.74,12.0473,2.36226,47.6176,35.7617,90.8917,0.863983,32.6773,124.264
225.76,12.0473,2.37595,46.9763,35.7616,90.891,0.863983,32.6773,124.794
225.78,12.0492,2.43864,46.9758,35.808,89.6668,0.863983,32.6773,124.794
225.8,12.0492,2.40117,46.2433,35.8081,89.6659,0.833251,32.6773,122.673
225.82,12.0492,2.26914,46.2422,35.9473,89.3744,0.833204,32.6773,122.67
225.84,12.0492,2.26315,45.6008,35.9474,89.3742,0.847758,32.6773,124.792
225.86,12.0473,2.3556,45.6003,35.9474,89.9571,0.847769,32.6773,126.386
225.88,12.0473,2.40104,44.959,35.9938,89.9575,0.847769,32.6773,123.203
225.9,12.0492,2.40108,44.9585,35.9938,91.1817,0.847769,32.6773,118.425
225.92,12.0492,2.3811,44.6378,36.4115,91.1826,0.847769,32.6773,113.646
225.94,12.0483,2.43747,44.6375,36.4118,91.1826,0.847769,32.6773,112.581
225.96,12.0483,2.43414,44.2252,36.4118,92.1153,0.847769,32.6773,111.519
225.98,12.0529,2.31117,44.2249,36.4118,92.1161,0.847769,32.2041,110.457
226,12.0529,2.29474,44.2249,36.1334,92.3492,0.847769,32.2038,109.395
226.02,12.0497,2.39585,43.7213,36.1332,92.3494,0.847769,32.2038,107.803
226.04,12.0497,2.44302,43.7206,36.0868,91.5333,0.847769,32.2038,105.678
226.06,12.0492,2.3259,43.4457,36.0867,91.5327,0.846275,32.2038,104.085
226.08,12.0492,2.30353,43.4455,35.9475,89.9005,0.846274,32.2038,100.9
226.1,12.0511,2.40679,43.2622,35.9474,89.8992,0.84137,32.2038,100.367
226.12,12.0511,2.4064,43.2621,35.9474,88.2087,0.841366,32.2038,99.8356
226.14,12.0515,2.37971,43.4453,36.0866,88.2074,0.841366,32.2038,99.3045
226.16,12.0515,2.38535,43.4455,36.0867,86.8677,0.841366,32.2038,99.8344
226.18,12.0506,2.31532,43.5371,36.1331,86.8656,0.841366,32.2038,100.366
226.2,12.0506,2.29808,43.5372,36.1332,86.8656,0.841366,32.2038,100.897
226.22,12.0506,2.32651,43.3997,35.9475,86.1661,0.841366,32.2038,101.428
226.24,12.0506,2.35565,43.3996,35.9474,86.1656,0.841366,31.6688,99.8364
226.26,12.0506,2.35944,43.3996,35.901,85.9324,0.841366,31.6684,98.2433
226.28,12.0515,2.34034,43.1248,35.901,85.9322,0.841366,31.6684,97.1808
226.3,12.0515,2.36275,43.1245,35.8082,85.641,0.841366,31.6684,99.3009
226.32,12.0511,2.35214,42.8039,35.8081,85.6405,0.851923,31.6684,103.019
226.34,12.0511,2.43108,42.8036,35.8081,85.8737,0.851931,31.6684,105.144
226.36,12.0511,2.47579,42.5287,35.8081,85.8739,0.838839,31.6684,105.676
226.38,12.0511,2.38756,42.5285,35.8081,85.5824,0.838829,31.6684,106.207
226.4,12.0506,2.38331,42.3911,35.4368,85.5822,0.838829,31.6684,106.208
226.42,12.0506,2.27778,42.391,35.4365,84.8244,0.838829,31.6684,107.269
226.44,12.0511,2.41786,42.2994,35.2509,84.8238,0.838829,31.6684,108.331
226.46,12.0511,2.41796,42.2993,35.2507,84.8238,0.838829,31.6684,107.801
226.48,12.0497,2.32289,42.2993,35.2972,83.5996,0.838829,31.6684,107.27
226.5,12.0497,2.32282,42.3909,35.2972,83.5987,0.838829,32.1005,108.331
226.52,12.052,2.26322,42.391,35.5754,82.3172,0.838829,32.1008,111.513
226.54,12.052,2.26313,42.391,35.5759,82.3152,0.838829,32.1008,114.702
226.56,12.0534,2.48061,42.391,35.5294,81.3242,0.838829,32.1008,120.011
226.58,12.0534,2.48077,42.2535,35.5294,81.3235,0.854288,32.1008,124.26
226.6,12.0524,2.39111,42.2534,35.715,80.8571,0.8543,32.1008,127.977
226.62,12.0524,2.39104,41.6121,35.7152,80.8568,0.840665,32.1008,132.225
226.64,12.0524,2.37218,41.6116,35.7152,80.507,0.840655,32.1008,132.759
226.66,12.0524,2.35585,40.696,35.8079,80.5068,0.840655,32.1008,133.29
226.68,12.0529,2.41402,40.6946,35.8081,80.5068,0.840655,32.1008,132.229
226.7,12.0529,2.42652,39.4118,35.9937,81.4395,0.840655,32.1008,131.167
226.72,12.0534,2.49447,39.4109,35.9938,81.4402,0.840655,32.1008,127.983
226.74,12.0534,2.49953,39.4109,36.2259,83.0724,0.840655,32.1008,124.796
226.76,12.0524,2.46095,38.1739,36.2261,83.0736,0.840655,32.574,123.202
226.78,12.0524,2.44676,38.173,35.9012,84.531,0.840655,32.5744,128.507
226.8,12.0534,2.39295,37.1659,35.901,84.5321,0.840655,32.5744,133.814
226.82,12.0534,2.37969,37.1643,35.7617,85.115,0.840655,32.5744,138.597
226.84,12.052,2.36847,36.6604,35.7616,85.1155,0.854926,32.5744,142.315
226.86,12.052,2.38156,36.66,35.7152,84.4742,0.854937,32.5744,141.257
226.88,12.052,2.37781,36.5226,35.7152,84.4737,0.839837,32.5744,142.317
226.9,12.052,2.3877,36.5224,35.7152,81.9671,0.839825,32.5744,141.257
226.92,12.0538,2.50956,36.5683,35.6688,81.9652,0.839825,32.5744,140.195
226.94,12.0529,2.50314,36.5683,35.6687,81.9652,0.839825,32.5744,140.725
226.96,12.0529,2.38543,36.5683,35.7616,78.4676,0.839825,32.5744,141.256
226.98,12.0538,2.33697,36.6141,35.7616,78.4649,0.839825,32.5744,137.011
227,12.0538,2.40061,36.6141,35.4832,75.0839,0.839825,32.5744,132.763
227.02,12.0529,2.42823,36.5684,35.483,75.0813,0.839825,31.2586,129.048
227.04,12.0529,2.36001,36.5683,35.2509,73.6823,0.839825,31.2566,127.981
227.06,12.0511,2.34163,36.2476,35.2507,73.6812,0.839825,31.2566,130.633
227.08,12.0511,2.37226,36.2474,35.0187,74.1475,0.839825,31.2566,131.697
227.1,12.052,2.36572,35.9267,35.0185,74.1479,0.861006,31.2566,134.351
227.12,12.052,2.41906,35.9264,34.6937,75.4886,0.861023,31.2566,139.659
227.14,12.0515,2.35968,35.4225,34.6934,75.4897,0.84789,31.2566,143.908
227.16,12.0515,2.35964,35.4221,34.6934,75.4897,0.84788,31.2566,146.562
227.18,12.0538,2.44639,35.0556,34.7398,76.5389,0.84788,31.2566,149.22
227.2,12.0538,2.44646,35.0553,34.7399,76.5397,0.84788,31.2566,146.569
227.22,12.0524,2.38163,34.6888,34.9719,76.4815,0.84788,31.2566,143.913
227.24,12.0524,2.38158,34.6885,34.9721,76.4814,0.84788,31.2566,139.666
227.26,12.0529,2.38649,34.6885,34.7864,75.5487,0.84788,31.2566,135.418
227.28,12.0529,2.38649,34.5511,34.7863,75.548,0.84788,33.3347,135.945
227.3,12.0506,2.34966,34.551,34.6008,73.3345,0.84788,33.3362,133.825
227.32,12.0506,2.35955,34.4594,34.6005,73.3311,0.84788,33.3362,133.822
227.34,12.0497,2.33355,34.4593,34.3685,71.2909,0.84788,33.3362,139.659
227.36,12.0497,2.33541,34.5051,34.3683,71.2893,0.872951,33.3362,141.786
227.38,12.0511,2.354,34.5051,34.3683,70.5315,0.87297,33.3362,139.134
227.4,12.0511,2.37308,34.551,34.5075,70.5309,0.849124,33.3362,139.132
227.42,12.0506,2.45349,34.551,34.5076,70.4726,0.849106,33.3362,139.132
227.44,12.0506,2.43174,34.3219,34.5076,70.4726,0.849106,33.3362,139.132
227.46,12.052,2.40676,34.3218,34.5076,70.4726,0.849106,33.3362,138.601
227.48,12.052,2.4477,33.9552,34.1828,71.1721,0.849106,33.3362,138.07
227.5,12.052,2.43082,33.955,34.1825,71.1726,0.849106,33.3362,139.131
227.52,12.052,2.39118,33.955,34.4608,72.0464,0.849106,33.3362,142.313
227.54,12.0529,2.42018,33.4968,34.4612,72.0477,0.849106,33.3568,142.849
227.56,12.0529,2.38054,33.4965,34.4612,72.9221,0.849106,33.3568,141.257
227.58,12.0515,2.49884,32.9009,34.4612,72.9228,0.849106,33.3568,141.256
227.6,12.0515,2.54859,32.9005,34.3684,74.1469,0.849106,33.3568,140.195
227.62,12.052,2.49227,32.3507,34.3683,74.1479,0.866419,33.3568,137.541
227.64,12.052,2.51772,32.3503,34.3683,74.7308,0.866432,33.3568,137.539
227.66,12.0529,2.49043,31.9841,34.5538,74.7313,0.839473,33.3568,139.66
227.68,12.0529,2.47597,31.9835,34.5541,74.3232,0.839432,33.3568,142.847
227.7,12.0562,2.38165,31.8919,35.0646,74.3229,0.839432,33.3568,146.033
227.72,12.0562,2.31583,31.8918,35.065,74.3229,0.839432,33.3568,150.281
227.74,12.0543,2.36627,32.1667,35.1114,73.4485,0.839432,33.3568,154.529
227.76,12.0543,2.38807,32.1669,35.1114,73.4478,0.839432,33.3568,152.94
227.78,12.0534,2.2717,32.1669,35.2042,72.69,0.839432,33.3568,149.755
227.8,12.0534,2.27698,32.6705,35.2043,72.6894,0.839432,29.245,151.343
227.82,12.0538,2.39369,32.6712,35.5756,72.5728,0.839432,29.2387,149.223
227.84,12.0538,2.43185,33.3584,35.5759,72.5728,0.839432,29.2387,147.099
227.86,12.0538,2.41932,33.3589,35.3902,72.5145,0.839432,29.2387,151.343
227.88,12.0548,2.37005,33.7713,35.3901,72.5144,0.875385,29.2387,153.468
227.9,12.0548,2.30942,33.7716,35.3901,72.8059,0.875413,29.2387,152.409
227.92,12.0529,2.32505,34.0006,35.2044,72.8061,0.854401,29.2387,151.347
227.94,12.0529,2.31403,34.0008,35.2043,73.5639,0.854385,29.2387,148.162
227.96,12.0538,2.37383,34.0466,35.2043,73.5645,0.854385,29.2387,144.976
227.98,12.0538,2.36253,34.0467,35.2043,73.5645,0.854385,29.2387,144.443
228,12.0529,2.34914,34.0467,35.0651,74.4972,0.854385,29.2387,143.912
228.02,12.0529,2.33415,34.0467,35.065,74.4979,0.854385,29.2387,144.442
228.04,12.0538,2.37871,34.0467,34.6937,75.4306,0.854385,29.2387,145.504
228.06,12.0538,2.37874,34.0467,34.6934,75.4313,0.854385,28.3951,143.913
228.08,12.0543,2.40906,34.0467,34.9255,76.0726,0.854385,28.3945,141.258
228.1,12.0543,2.40908,33.726,34.9256,76.073,0.854385,28.3945,137.542
228.12,12.0543,2.40517,33.7257,35.0185,75.9565,0.854385,28.3945,137.008
228.14,12.0543,2.40516,33.6799,35.0185,75.9564,0.874736,28.3945,138.069
228.16,12.0534,2.44006,33.6799,35.0185,75.2574,0.874752,28.3945,135.419
228.18,12.0534,2.44011,33.2218,34.9257,75.2563,0.854476,28.3945,132.762
228.2,12.0548,2.3854,33.2214,34.9256,75.2563,0.85446,28.3945,136.474
228.22,12.0548,2.40188,32.8549,34.972,73.8573,0.85446,28.3945,140.191
228.24,12.0529,2.50856,32.8546,34.9721,73.8562,0.85446,28.3945,143.908
228.26,12.0529,2.49916,32.8546,34.3688,72.2823,0.85446,28.3945,147.626
228.28,12.0538,2.43839,32.9921,34.3683,72.2811,0.85446,28.3945,144.975
228.3,12.0538,2.43546,32.9922,34.1365,71.5821,0.85446,28.3945,142.322
228.32,12.0557,2.44385,33.4045,34.1361,71.581,0.85446,30.8223,142.849
228.34,12.0557,2.40361,33.4048,34.3217,71.4061,0.85446,30.8242,144.972
228.36,12.0548,2.43245,33.9545,34.3219,71.406,0.85446,30.8242,147.096
228.38,12.0548,2.45055,33.955,35.0644,70.8813,0.85446,30.8242,147.098
228.4,12.0543,2.42559,34.4131,35.065,70.8809,0.877228,30.8242,146.567
228.42,12.0543,2.39641,34.4134,35.065,69.5402,0.877245,30.8242,145.505
228.44,12.0552,2.42961,34.78,34.9722,69.5392,0.861399,30.8242,144.443
228.46,12.0552,2.43063,34.7802,34.9721,69.5392,0.861387,30.8242,146.565
228.48,12.0548,2.43975,34.9177,35.6218,68.6648,0.861387,30.8242,148.689
228.5,12.0548,2.46059,34.9178,35.6223,68.6641,0.861387,30.8242,151.874
228.52,12.0534,2.47905,34.9178,35.8542,68.4311,0.861387,30.8242,154.528
228.54,12.0534,2.42455,35.101,35.8545,68.4307,0.861387,30.8242,154.001
228.56,12.0483,2.43803,35.1012,36.365,68.8971,0.861387,30.8242,149.225
228.58,12.0404,2.51776,35.4219,36.3654,68.8974,0.861387,32.9022,148.16
228.6,12.0404,2.39596,35.4221,37.2936,69.9467,0.861387,32.9038,148.69
228.62,12.0385,2.41725,35.697,37.2943,69.9475,0.861387,32.9038,144.446
228.64,12.0385,2.37875,35.6972,37.2943,71.5215,0.861387,32.9038,140.197
228.66,12.0241,2.32734,35.4683,38.0826,71.5227,0.851727,32.9038,139.664
228.68,12.0241,2.34934,35.4679,38.0838,72.3388,0.851712,32.9038,138.071
228.7,12.0153,2.3615,35.5596,38.7799,72.3394,0.85999,32.9038,136.478
228.72,12.0153,2.33191,35.5596,38.7805,72.3394,0.859996,32.9038,137.538
228.74,12.0097,2.36965,35.7887,39.291,72.6892,0.859996,32.9038,138.6
228.76,12.0097,2.40363,35.7889,39.2913,72.6894,0.859996,32.9038,138.07
228.78,12.0079,2.48291,35.7889,39.4306,73.6221,0.859996,32.9038,134.355
228.8,12.0079,2.48297,36.1093,39.4307,73.6228,0.859996,32.9038,132.762
228.82,12.0023,2.44509,36.1098,39.6627,74.6138,0.859996,32.9038,133.29
228.84,12.0023,2.44506,36.7054,39.6629,74.6146,0.859996,32.9038,134.352
228.86,11.9995,2.44599,36.7058,39.5237,75.1975,0.859996,31.155,134.883
228.88,11.9995,2.44599,37.2098,39.5236,75.198,0.859996,31.1536,131.7
228.9,11.9958,2.42542,37.2102,39.5236,76.4221,0.859996,31.1536,127.983
228.92,11.9958,2.4254,37.7141,39.57,76.4231,0.852336,31.1536,124.266
228.94,11.9939,2.44817,37.7145,39.57,78.1136,0.85233,31.1536,119.487
228.96,11.9939,2.43298,38.2643,39.4308,78.1149,0.867334,31.1536,114.708
228.98,11.9911,2.3565,38.2647,39.4307,78.1149,0.867345,31.1536,112.582
229,11.9911,2.35691,39.1809,38.9202,80.2718,0.867345,31.1536,110.458
229.02,11.9874,2.52334,39.1816,38.9198,80.2734,0.867345,31.1536,106.744
229.04,11.9874,2.47029,39.1816,38.5485,82.0805,0.867345,31.1536,107.8
229.06,11.9842,2.58684,40.2353,38.5482,82.0819,0.867345,31.1536,108.862
229.08,11.9842,2.62871,40.2361,37.9913,83.1895,0.867345,31.1536,106.21
229.1,11.98,2.42868,41.2898,37.9909,83.1903,0.867345,31.1536,104.616
229.12,11.98,2.41888,41.2906,37.434,82.8405,0.867345,32.1618,107.798
229.14,11.9795,2.52845,42.1153,37.4336,82.8403,0.867345,32.1626,108.331
229.16,11.9795,2.55678,42.1159,37.4336,81.85,0.867345,32.1626,103.56
229.18,11.9754,2.33853,43.3528,36.9695,81.8485,0.771707,32.1626,98.7767
229.2,11.9754,2.30916,43.3538,36.9692,80.4495,0.771634,32.1626,95.5893
229.22,11.9656,2.40244,45.1405,36.7835,80.4484,0.761584,32.1626,92.403
229.24,11.9656,2.42772,45.1419,36.7834,80.4484,0.761577,32.1626,87.0943
229.26,11.9563,2.44019,45.1419,36.4121,79.7489,0.761577,32.1626,81.7839
229.28,11.9563,2.43187,47.0202,36.4118,79.7484,0.761577,32.1626,77.0042
229.3,11.9568,2.47144,47.0216,35.9481,79.3406,0.761577,32.1626,75.4098
229.32,11.9568,2.47849,48.8083,35.9474,79.34,0.761577,32.1626,74.3461
229.34,11.9549,2.37264,48.8097,35.6225,79.1651,0.761577,32.1626,73.2841
229.36,11.9549,2.35748,50.459,35.6223,79.165,0.761577,32.1626,73.8139
229.38,11.9503,2.43961,50.4602,35.4367,79.165,0.761577,30.9281,74.3449
229.4,11.9503,2.46086,51.6514,35.4365,79.165,0.761577,30.9271,76.4679
229.42,11.9419,2.3555,51.6523,35.4365,79.9811,0.761577,30.9271,76.4695
229.44,11.9405,2.3695,52.6601,35.3901,79.9817,0.942126,30.9271,76.4695
229.46,11.9405,2.45037,52.6609,35.3901,79.9817,0.942264,30.9271,73.8163
229.48,11.9382,2.42595,53.3481,35.2044,81.2059,0.928787,30.9271,71.1611
229.5,11.9382,2.39285,53.3486,35.2043,81.2068,0.928777,30.9271,72.2204
229.52,11.9387,2.40101,53.3486,35.0188,82.9543,0.928777,30.9271,72.7514
229.54,11.9387,2.31333,53.99,35.0185,82.957,0.928777,30.9271,68.5072
229.56,11.9396,2.37181,53.9905,35.1113,85.1721,0.928777,30.9271,63.7282
229.58,11.9396,2.52691,54.6777,35.1114,85.1738,0.928777,30.9271,64.2552
229.6,11.9391,2.47641,54.6782,35.2042,88.2051,0.928777,30.9271,65.3169
229.62,11.9391,2.47179,55.0905,35.2043,88.2074,0.928777,30.9271,67.9708
229.64,11.934,2.35184,55.0909,35.2043,91.9382,0.928777,30.9477,70.0954
229.66,11.934,2.35175,55.5486,35.6217,91.941,0.928777,30.9477,72.2179
229.68,11.934,2.40926,55.5493,35.6223,96.6045,0.928777,30.9477,76.9969
229.7,11.934,2.4093,55.8242,35.6223,96.6081,0.859134,30.9477,81.7762
229.72,11.9331,2.37021,55.8244,35.6223,96.6081,0.859081,30.9477,79.1267
229.74,11.9331,2.37018,56.1909,35.5759,101.097,0.887387,30.9477,76.4715
229.76,11.9336,2.43565,56.1912,35.5759,101.1,0.887409,30.9477,73.8163
229.78,11.9336,2.4357,56.1912,35.3902,105.356,0.887409,30.9477,74.8755
229.8,11.934,2.3485,56.7405,35.3901,105.359,0.887409,30.9477,75.9368
229.82,11.934,2.33916,56.7414,35.6221,109.789,0.887409,30.9477,76.9997
229.84,11.9326,2.39555,57.7035,35.6223,109.793,0.887409,30.9477,80.1843
229.86,11.9326,2.4084,57.7042,35.5295,114.281,0.887409,30.9477,81.248
229.88,11.9294,2.48418,59.216,35.5294,114.285,0.887409,30.9477,80.1876
229.9,11.9294,2.48325,59.2172,35.5294,117.258,0.887409,29.3017,80.1867
229.92,11.9312,2.43264,61.1413,36.0399,117.26,0.887409,29.3005,80.1867
229.94,11.9312,2.4326,61.1428,36.0403,118.193,0.887409,29.3005,81.248
229.96,11.9841,2.3734,63.296,36.1795,118.193,0.777483,29.3005,82.3101
229.98,11.9842,2.32901,63.2976,36.1796,118.193,0.777399,29.3005,83.3722
230,11.9884,2.29601,65.5883,36.1796,117.727,0.889673,29.3005,84.4342
230.02,11.9884,2.31663,65.59,36.1796,117.727,0.889759,29.3005,84.9653
230.04,11.9995,2.32039,65.59,36.226,116.269,0.889759,29.3005,84.4355
230.06,11.9995,2.34895,67.8349,36.2261,116.268,0.889759,29.3005,84.4351
230.08,12.006,2.30305,67.8366,36.2261,114.694,0.889759,29.3005,86.027
230.1,12.006,2.34114,70.1272,36.2261,114.693,0.889759,29.3005,84.9669
230.12,12.0106,2.4187,70.129,35.8084,113.76,0.889759,29.3005,83.9048
230.14,12.0107,2.39654,71.3659,35.8081,113.76,0.889759,29.3005,87.0878
230.16,12.0116,2.35113,71.3669,35.8081,113.41,0.889759,29.1977,90.8018
230.18,12.0116,2.33404,71.9166,35.8081,113.41,0.889759,29.1975,94.5219
230.2,12.0111,2.349,71.917,35.8081,113.351,0.889759,29.1975,92.4022
230.22,12.0111,2.34067,71.4589,35.3904,113.351,0.735621,29.1975,90.2781
230.24,12.0107,2.3631,71.4586,35.3901,113.351,0.735504,29.1975,88.1539
230.26,12.0107,2.39122,71.4586,35.3901,112.885,0.888151,29.1975,86.0298
230.28,12.0097,2.44623,70.8172,35.3901,112.884,0.888268,29.1975,86.0282
230.3,12.0097,2.42948,70.8167,35.1582,112.477,0.888268,29.1975,86.5584
230.32,12.0102,2.31644,69.9462,35.1579,112.476,0.888268,29.1975,86.0286
230.34,12.0102,2.31774,69.9456,34.9722,111.777,0.888268,29.1975,84.9669
230.36,12.012,2.28406,69.35,34.9721,111.776,0.888268,29.1975,83.3742
230.38,12.012,2.28584,69.3496,35.0185,110.668,0.888268,29.1975,86.5568
230.4,12.012,2.28921,68.4791,35.0185,110.668,0.888268,29.1975,90.2736
230.42,12.0139,2.26332,68.4784,35.0185,109.035,0.888268,30.1645,89.2152
230.44,12.0139,2.3139,67.7913,34.9721,109.034,0.888268,30.1653,88.1531
230.46,12.0153,2.32941,67.7907,34.9721,109.034,0.888268,30.1653,89.7442
230.48,12.0153,2.36309,66.7828,34.74,107.052,0.76166,30.1653,91.3373
230.5,12.0158,2.39867,66.7821,34.7399,107.051,0.761563,30.1653,92.3998
230.52,12.0158,2.36446,66.7821,34.9717,105.187,0.874641,30.1653,93.4611
230.54,12.0148,2.38113,66.2323,34.9721,105.184,0.874814,30.1653,94.524
230.56,12.0148,2.40416,66.2319,36.2251,104.018,0.874814,30.1653,94.5248
230.58,12.0148,2.34363,65.7738,36.2261,104.017,0.874814,30.1653,93.9941
230.6,12.0148,2.34359,65.7734,37.247,103.434,0.874814,30.1653,94.5244
230.62,12.0167,2.36583,65.4986,37.2478,103.434,0.874814,30.1653,97.1779
230.64,12.0167,2.36585,65.4983,37.2478,102.443,0.874814,30.1653,97.7106
230.66,12.0181,2.35467,65.0406,39.01,102.442,0.874814,30.1653,98.2412
230.68,12.0181,2.35466,65.0399,39.0127,101.276,0.874814,29.5892,97.7114
230.7,12.0167,2.34804,64.4901,40.4977,101.275,0.874814,29.5887,97.1804
230.72,12.0167,2.34803,64.4897,40.4989,101.275,0.874814,29.5887,99.3025
230.74,12.0148,2.3458,63.8941,41.6591,100.459,0.829728,29.5887,101.427
230.76,12.0148,2.36995,63.8937,41.66,100.458,0.829694,29.5887,104.081
230.78,12.0134,2.39271,63.8937,42.7274,101.158,0.883345,29.5887,104.083
230.8,12.0134,2.3801,63.3901,42.7282,101.158,0.883386,29.5887,99.3114
230.82,12.0134,2.38386,63.3893,43.6099,102.383,0.883386,29.5887,95.0591
230.84,12.0134,2.38434,62.9312,43.6106,102.384,0.883386,29.5887,95.5864
230.86,12.0116,2.35043,62.9309,44.7244,103.258,0.883386,29.5887,98.24
230.88,12.0116,2.32372,62.2895,44.7253,103.259,0.883386,29.5887,99.3033
230.9,12.0125,2.33112,62.289,44.7253,103.725,0.883386,29.5887,100.896
230.92,12.0125,2.34578,61.556,45.4678,103.725,0.883386,29.5887,101.428
230.94,12.012,2.38706,61.5554,45.4684,103.667,0.883386,28.5394,97.1832
230.96,12.012,2.41269,60.8224,46.0252,103.667,0.883386,28.5386,92.9349
230.98,12.0171,2.43636,60.8218,46.0257,103.667,0.883386,28.5386,91.3398
231,12.0172,2.43212,59.7682,46.3041,103.609,0.873858,28.5386,89.7467
231.02,12.038,2.30002,59.7673,46.3043,103.609,0.873851,28.5386,87.0943
231.04,12.038,2.2954,59.7673,46.3507,103.317,0.895178,28.5386,83.3758
231.06,12.0408,2.36976,58.3471,46.3508,103.317,0.895194,28.5386,81.7811
231.08,12.0408,2.34828,58.3461,47.0469,102.967,0.895194,28.5386,82.3105
231.1,12.0459,2.37824,56.5594,47.0474,102.967,0.895194,28.5386,83.9028
231.12,12.0478,2.40152,56.558,47.5579,102.326,0.895194,28.5386,83.904
231.14,12.0478,2.36369,54.7713,47.5583,102.325,0.895194,28.5386,80.7202
231.16,12.0552,2.35948,54.7699,47.5583,101.568,0.895194,28.5386,80.7178
231.18,12.0552,2.42033,53.5788,48.1616,101.567,0.895194,28.5386,80.7178
231.2,12.0608,2.38413,53.5779,48.1621,100.343,0.895194,28.7238,79.1259
231.22,12.0608,2.38824,53.2114,48.2085,100.342,0.895194,28.7239,77.5328
231.24,12.0627,2.41443,53.2111,48.2085,100.342,0.895194,28.7239,74.8784
231.26,12.0627,2.34971,53.2111,48.1157,98.1849,0.898407,28.7239,72.2232
231.28,12.0673,2.31872,53.2111,48.1156,98.1832,0.898409,28.7239,67.4455
231.3,12.0673,2.35938,53.2111,48.2084,94.4553,0.888757,28.7239,67.9721
231.32,12.0631,2.39099,53.486,48.2085,94.4496,0.888742,28.7239,67.9729
231.34,12.0631,2.39101,53.4862,48.3478,89.4363,0.888742,28.7239,64.7891
231.36,12.0608,2.29806,53.532,48.3479,89.4325,0.888742,28.7239,66.3785
231.38,12.0608,2.29798,53.532,48.1158,84.769,0.888742,28.7239,66.9104
231.4,12.058,2.29722,53.7611,48.1156,84.7654,0.888742,28.7239,65.8495
231.42,12.058,2.29722,53.7613,48.1156,82.0839,0.888742,28.7239,69.0325
231.44,12.052,2.34256,53.9445,48.3941,82.0819,0.888742,28.7239,72.2187
231.46,12.052,2.3426,53.9447,48.3943,82.0819,0.888742,28.1273,75.9356
231.48,12.0478,2.43971,54.2654,47.9766,81.4989,0.888742,28.1268,79.6529
231.5,12.0478,2.46521,54.2656,47.9763,81.4985,0.888742,28.1268,79.6557
231.52,12.0422,2.24987,54.2656,47.4662,82.4305,0.89535,28.1268,79.6557
231.54,12.0422,2.22762,54.4488,47.4654,82.4319,0.89536,28.1268,81.2476
231.56,12.0381,2.29371,54.449,47.0942,83.3063,0.89536,28.1268,80.7182
231.58,12.038,2.34117,54.2657,47.0939,83.307,0.883855,28.1268,77.0034
231.6,12.038,2.35582,54.2656,46.6298,83.8899,0.883847,28.1268,74.878
231.62,12.038,2.34485,53.8991,46.6294,83.8904,0.883847,28.1268,76.9989
231.64,12.038,2.35988,53.8988,45.7941,83.9487,0.883847,28.1268,79.1231
231.66,12.038,2.38487,53.7157,45.7935,83.9487,0.883847,28.1268,81.7758
231.68,12.0399,2.39254,53.7154,45.7935,84.6482,0.883847,28.1268,82.8411
231.7,12.0399,2.37166,53.807,45.515,84.6488,0.883847,28.1268,83.9032
231.72,12.038,2.42509,53.8071,45.5148,84.6488,0.883847,27.2627,78.5977
231.74,12.038,2.43079,54.3111,44.5402,86.281,0.883847,27.262,73.2873
231.76,12.0371,2.25002,54.3114,44.5395,86.2822,0.883847,27.262,72.7526
231.78,12.0371,2.25204,54.3114,43.7505,88.7306,0.892027,27.262,72.2216
231.8,12.0348,2.38685,54.9523,43.7499,88.7324,0.892033,27.262,72.7514
231.82,12.0348,2.34236,54.9533,42.8218,91.2391,0.892033,27.262,74.8747
231.84,12.0371,2.27511,55.4114,42.8211,91.241,0.884436,27.262,72.7538
231.86,12.0371,2.28088,55.4118,42.0785,93.1064,0.88443,27.262,69.5684
231.88,12.0371,2.33714,55.7325,42.078,93.1078,0.88443,27.262,66.9128
231.9,12.0371,2.35378,55.7327,42.078,94.9149,0.88443,27.262,65.3189
231.92,12.0399,2.30379,56.4657,41.6139,94.9163,0.88443,27.262,65.3177
231.94,12.0399,2.30512,56.4663,41.6135,96.7803,0.88443,27.262,66.3781
231.96,12.0436,2.34394,57.5658,40.9638,96.7831,0.88443,27.262,67.441
231.98,12.0436,2.33428,57.5666,40.9633,96.7831,0.88443,28.8257,68.5031
232,12.0432,2.3679,58.9868,40.2672,98.6485,0.88443,28.8269,69.5652
232.02,12.0432,2.3773,58.9879,40.2667,98.6499,0.88443,28.8269,69.0358
232.04,12.0422,2.3924,58.9879,39.7098,100.049,0.893094,28.8269,69.035
232.06,12.0487,2.4072,60.4081,39.7093,100.05,0.893101,28.8269,69.035
232.08,12.0487,2.33927,60.4092,38.9204,101.041,0.893101,28.8269,67.443
232.1,12.0483,2.30768,61.7378,38.9198,101.042,0.878064,28.8269,67.4418
232.12,12.0483,2.25436,61.7388,38.5949,101.625,0.878053,28.8269,67.9725
232.14,12.0483,2.28281,63.0216,38.5947,101.625,0.878053,28.8269,69.5648
232.16,12.0483,2.38952,63.0225,38.5947,103.198,0.878053,28.8269,74.338
232.18,12.0506,2.3703,64.5802,38.4091,103.2,0.878053,28.8269,77.5291
232.2,12.0506,2.27453,64.5814,38.4089,105.474,0.878053,28.8269,76.4703
232.22,12.0562,2.33599,66.0474,37.852,105.476,0.878053,28.8269,75.4082
232.24,12.0562,2.54824,66.0485,37.8516,105.476,0.878053,29.4853,75.938
232.26,12.0552,2.33946,67.1938,36.9234,107.866,0.878053,29.4858,76.4691
232.28,12.0552,2.3393,67.1947,36.9227,107.867,0.878053,29.4858,78.0614
232.3,12.0548,2.31484,67.1947,36.6909,109.964,0.873889,29.4858,79.123
232.32,12.0548,2.3148,68.2026,36.6905,109.968,0.873882,29.4858,79.1247
232.34,12.0548,2.34147,68.2034,36.1336,111.483,0.873882,29.4858,78.594
232.36,12.0548,2.34149,68.6157,36.1332,111.484,0.868221,29.4858,77.0017
232.38,12.0562,2.47883,68.616,35.9475,113.408,0.868217,29.4858,78.0618
232.4,12.0562,2.47893,69.0741,35.9474,113.41,0.868217,29.4858,81.2464
232.42,12.0576,2.52821,69.0745,35.9474,115.333,0.868217,29.4858,81.7795
232.44,12.0576,2.49096,69.2576,35.901,115.335,0.868217,29.4858,82.3101
232.46,12.0599,2.39915,69.2579,35.901,117.433,0.868217,29.4858,81.7803
232.48,12.0599,2.38024,69.2579,35.7153,117.435,0.868217,29.4858,81.2492
232.5,12.0589,2.3429,69.2579,35.7152,117.435,0.868217,27.5517,83.902
232.52,12.0589,2.3368,69.2579,35.5761,118.891,0.868217,27.5503,86.5552
232.54,12.0589,2.42285,69.0746,35.5759,118.893,0.868217,27.5503,88.6817
232.56,12.0589,2.40927,69.0745,35.2046,119.943,0.858661,27.5503,89.214
232.58,12.0613,2.34963,68.6163,35.2043,119.943,0.858653,27.5503,86.5612
232.6,12.0613,2.33377,68.616,34.7866,119.594,0.858653,27.5503,86.0286
232.62,12.045,2.39696,68.0204,34.7863,119.593,0.84721,27.5503,89.7426
232.64,12.045,2.44636,68.02,34.6007,118.019,0.847201,27.5503,93.4599
232.66,12.0408,2.41287,67.3791,34.6005,118.018,0.847201,27.5503,93.9929
232.68,12.0408,2.42631,67.3781,34.6005,115.745,0.847201,27.5503,95.055
232.7,12.0408,2.41791,66.5077,34.3221,115.743,0.847201,27.5503,96.1171
232.72,12.0408,2.37402,66.507,34.3219,115.743,0.847201,27.5503,93.9954
232.74,12.0404,2.33292,65.4991,34.5539,113.236,0.847201,27.5503,91.8712
232.76,12.0404,2.35117,65.4983,34.5541,113.234,0.847201,27.3034,93.9921
232.78,12.0436,2.48128,65.4983,34.5077,110.903,0.847201,27.3032,96.1163
232.8,12.0237,2.46883,64.3081,34.5076,110.901,0.847201,27.3032,95.5877
232.82,12.0237,2.36549,64.3063,34.4612,108.628,0.847201,27.3032,96.1175
232.84,12.0292,2.38196,62.6112,34.4612,108.626,0.842394,27.3032,99.3017
232.86,12.0292,2.38949,62.6099,34.6932,106.469,0.842391,27.3032,99.8347
232.88,12.0274,2.3748,60.3651,34.6934,106.467,0.81747,27.3032,100.896
232.9,12.0274,2.31174,60.3634,34.9255,103.844,0.817451,27.3032,103.02
232.92,12.0213,2.29516,57.9353,34.9256,103.842,0.817451,27.3032,103.552
232.94,12.0213,2.28067,57.9334,34.9256,101.221,0.817451,27.3032,109.385
232.96,12.026,2.32345,55.9177,35.1113,101.217,0.817451,27.3032,115.231
232.98,12.026,2.48593,55.9161,35.1114,101.217,0.817451,27.3032,118.95
233,12.0121,2.37308,54.6334,35.4363,98.3604,0.817451,27.3032,122.667
233.02,12.012,2.373,54.6324,35.4365,98.3582,0.817451,28.3106,124.26
233.04,12.0093,2.38567,54.6324,35.6222,95.2687,0.817451,28.3121,127.977
233.06,12.0093,2.38568,53.8536,35.6223,95.2663,0.817451,28.3121,131.695
233.08,12.0046,2.48732,53.853,35.6687,91.5355,0.817451,28.3121,137.534
233.1,12.0046,2.4874,53.349,35.6687,91.5327,0.814708,28.3121,142.845
233.12,12.0041,2.32522,53.3486,35.808,87.1606,0.814706,28.3121,146.033
233.14,12.0041,2.32509,52.7989,35.8081,87.1573,0.789717,28.3121,152.934
233.16,12.0032,2.42037,52.7985,35.8081,82.7886,0.789698,28.3121,157.711
233.18,12.0032,2.46292,52.0196,35.7617,82.7819,0.789698,28.3121,158.78
233.2,12.006,2.40524,52.019,35.7616,79.9256,0.789698,28.3121,157.719
233.22,12.006,2.37587,50.7821,36.0401,79.9234,0.789698,28.3121,156.657
233.24,12.0051,2.41605,50.7812,36.0403,79.9234,0.789698,28.3121,160.371
233.26,12.0051,2.37175,49.361,36.2723,79.5153,0.789698,28.3121,164.088
233.28,12.0079,2.29591,49.3599,36.2725,79.515,0.789698,27.736,170.458
233.3,12.0079,2.33893,49.3599,36.5971,80.6217,0.789698,27.7356,170.463
233.32,12.0079,2.37629,47.7564,36.5976,80.6234,0.789698,27.7356,169.402
233.34,12.0079,2.35544,47.7552,36.7832,83.0135,0.789698,27.7356,166.748
233.36,12.0079,2.45362,46.335,36.7834,83.0153,0.78777,27.7356,158.786
233.38,12.0079,2.49384,46.3339,37.0618,85.2887,0.787768,27.7356,152.943
233.4,12.0046,2.39754,44.7763,37.062,85.2905,0.764657,27.7356,150.816
233.42,12.0046,2.36009,44.7751,37.062,86.9227,0.76464,27.7356,149.223
233.44,12.0046,2.31211,43.5849,37.5722,86.924,0.76464,27.7356,147.631
233.46,12.0046,2.337,43.583,37.5729,86.6908,0.76464,27.7356,142.322
233.48,11.9953,2.40132,42.9875,37.5265,86.6906,0.76464,27.7356,137.012
233.5,11.9953,2.45359,42.987,37.5265,86.6906,0.76464,27.7356,132.763
233.52,11.9967,2.41063,42.8039,37.6656,85.4091,0.76464,27.7356,128.518
233.54,11.9967,2.36314,42.8036,37.6658,85.4072,0.76464,26.1513,126.389
233.56,11.999,2.31837,42.8036,37.6658,83.5418,0.76464,26.1501,125.856
233.58,11.999,2.33814,43.0785,37.6658,83.5403,0.76464,26.1501,127.448
233.6,11.9995,2.36447,43.0787,37.4338,81.6167,0.76464,26.1501,127.98
233.62,11.9995,2.34904,43.3994,37.4336,81.6152,0.76191,26.1501,130.633
233.64,12.0111,2.42667,43.3996,37.3872,79.8664,0.761908,26.1501,133.289
233.66,12.025,2.40913,43.537,37.3872,79.865,0.758046,26.1501,130.109
233.68,12.025,2.33587,43.5372,37.3872,78.5826,0.75804,26.1501,126.921
233.7,12.0102,2.34955,43.2165,37.2015,78.5816,0.75804,26.1501,123.734
233.72,12.0102,2.45268,43.2162,37.2014,77.8238,0.75804,26.1501,124.793
233.74,12.0074,2.43775,42.5291,37.3406,77.8232,0.75804,26.1501,125.855
233.76,12.0074,2.30577,42.5285,37.3407,77.8232,0.75804,26.1501,128.509
233.78,12.0093,2.3252,42.5285,36.691,77.8232,0.75804,26.1501,134.348
233.8,12.0093,2.38512,41.8419,36.6905,77.8232,0.75804,27.6509,138.064
233.82,12.0088,2.3976,41.8408,36.5513,77.9981,0.75804,27.6532,136.478
233.84,12.0088,2.31334,41.0162,36.5512,77.9982,0.75804,27.6532,134.354
233.86,12.0088,2.29223,41.0155,36.2727,78.4063,0.75804,27.6532,132.761
233.88,12.0088,2.29222,40.2367,36.2725,78.4066,0.755485,27.6532,132.76
233.9,12.0106,2.42644,40.2361,35.9476,78.6398,0.755484,27.6532,134.882
233.92,12.0107,2.42654,39.7322,35.9474,78.6399,0.759361,27.6532,133.822
233.94,12.0236,2.31488,39.7318,35.9474,78.5817,0.759364,27.6532,131.701
233.96,12.0237,2.31471,39.4111,35.3441,78.5816,0.759364,27.6532,129.575
233.98,12.0543,2.36133,39.4109,35.3436,78.5816,0.759364,27.6532,126.92
234,12.0543,2.36136,39.2734,34.8796,77.9986,0.759364,27.6532,124.265
234.02,12.0538,2.41409,39.2733,34.8792,77.9982,0.759364,27.6532,124.263
234.04,12.0538,2.40663,39.2733,34.1831,77.357,0.759364,27.6532,124.263
234.06,12.0798,2.45496,39.2733,34.1825,77.3565,0.759364,30.0605,124.263
234.08,12.0798,2.48324,39.2733,33.6721,76.5987,0.759364,30.0623,123.732
234.1,12.1003,2.38441,39.3191,33.6717,76.5981,0.759364,30.0623,123.201
234.12,12.1003,2.30643,39.3192,33.3468,75.9569,0.759364,30.0623,124.262
234.14,12.1105,2.31008,39.4108,33.3466,75.9564,0.759312,30.0623,127.447
234.16,12.1105,2.35839,39.4109,33.3466,75.6069,0.759312,30.0623,126.919
234.18,12.1207,2.4078,39.4109,33.1609,75.6063,0.720537,30.0623,126.387
234.2,12.1207,2.41537,39.4109,33.1608,75.548,0.720507,30.0623,124.795
234.22,12.1295,2.45995,39.0902,32.8823,75.548,0.720507,30.0623,123.202
234.24,12.1295,2.46192,39.0899,32.8821,75.548,0.720507,30.0623,128.507
234.26,12.137,2.37921,38.8609,33.1606,75.8395,0.720507,30.0623,133.818
234.28,12.137,2.32877,38.8607,33.1608,75.8397,0.720507,30.0623,138.597
234.3,12.1476,2.38864,38.8607,33.2535,76.0144,0.720507,30.0623,140.192
234.32,12.1476,2.45078,38.3568,33.2537,76.0147,0.720507,29.7743,139.663
234.34,12.1611,2.38911,38.3564,33.0216,76.3645,0.720507,29.7741,138.602
234.36,12.1611,2.36172,37.8524,33.0215,76.3647,0.720507,29.7741,138.601
234.38,12.1648,2.38058,37.852,33.2999,76.423,0.720507,29.7741,141.785
234.4,12.1648,2.3834,37.2565,33.3001,76.4231,0.720851,29.7741,143.91
234.42,12.1699,2.38341,37.256,33.3001,76.1899,0.720852,29.7741,145.503
234.44,12.1699,2.3553,36.8898,33.1146,76.1897,0.701489,29.7741,145.504
234.46,12.1722,2.37397,36.8892,33.1143,75.6651,0.701459,29.7741,144.974
234.48,12.1723,2.39523,36.4311,33.1607,75.6647,0.701459,29.7741,144.443
234.5,12.1755,2.35377,36.4308,33.1608,75.6647,0.701459,29.7741,139.667
234.52,12.1746,2.3876,36.0188,33.2071,74.9074,0.701459,29.7741,134.891
234.54,12.1746,2.38765,36.0181,33.2072,74.9063,0.701459,29.7741,128.516
234.56,12.1746,2.36808,36.0181,33.2072,74.2068,0.701459,29.7741,125.858
234.58,12.1746,2.38322,35.5142,33.2072,74.2062,0.701459,32.3253,126.917
234.6,12.1755,2.37355,35.5138,33.1144,73.4484,0.701459,32.3273,128.51
234.62,12.1755,2.4316,34.964,33.1143,73.4478,0.701459,32.3273,127.981
234.64,12.1764,2.41662,34.9636,32.9751,72.69,0.701459,32.3273,127.45
234.66,12.1764,2.37403,34.3227,32.975,72.6894,0.70124,32.3273,125.328
234.68,12.1774,2.40783,34.3218,32.975,71.9899,0.701239,32.3273,123.202
234.7,12.1774,2.39259,33.4055,32.8358,71.9894,0.676041,32.3273,121.078
234.72,12.1778,2.42028,33.4048,32.8357,71.115,0.676022,32.3273,122.138
234.74,12.1778,2.42031,32.4885,32.7429,71.1143,0.676022,32.3273,123.2
234.76,12.1685,2.29027,32.4878,32.7428,71.1143,0.676022,32.3273,126.385
234.78,12.1685,2.29017,32.4878,32.65,70.1233,0.676022,32.3273,129.571
234.8,12.1648,2.34243,31.5723,32.6499,70.1226,0.676022,32.3273,129.573
234.82,12.1648,2.34251,31.5709,32.5571,69.1898,0.676022,32.3273,130.104
234.84,12.1676,2.31136,30.7462,32.557,69.1891,0.676022,35.3312,131.166
234.86,12.1676,2.31133,30.7456,32.4642,68.4313,0.676022,35.3335,132.228
234.88,12.1755,2.3291,30.1959,32.4641,68.4307,0.676022,35.3335,133.82
234.9,12.1755,2.30236,30.1954,32.4641,67.6729,0.676022,35.3335,134.352
234.92,12.1843,2.2522,29.7831,32.6033,67.6723,0.677518,35.3335,139.659
234.94,12.1843,2.24776,29.7828,32.6035,66.3909,0.677519,35.3335,143.375
234.96,12.1941,2.47154,29.4163,32.6035,66.3889,0.68719,35.3335,147.095
234.98,12.1941,2.51722,29.416,32.6035,66.3889,0.687198,35.3335,152.404
235,12.1992,2.3604,29.187,32.6499,64.6984,0.687198,35.3335,157.714
235.02,12.1992,2.294,29.1868,32.6499,64.6971,0.687198,35.3335,156.128
235.04,12.1996,2.29746,29.1868,32.6499,62.7151,0.687198,35.3335,154.533
235.06,12.1996,2.34602,29.0493,32.6499,62.7136,0.687198,35.3335,152.94
235.08,12.2015,2.3254,29.0492,32.6035,61.4894,0.687198,35.3335,152.939
235.1,12.2015,2.31495,29.0492,32.6035,61.4885,0.687198,33.8316,152.939
235.12,12.201,2.26785,29.0492,32.6963,60.6141,0.687198,33.8304,157.184
235.14,12.201,2.25623,29.0492,32.6963,60.6134,0.687198,33.8304,161.432
235.16,12.2029,2.24626,29.0492,32.6036,59.9144,0.687198,33.8304,163.557
235.18,12.2029,2.29273,29.0951,32.6035,59.9134,0.711646,33.8304,164.09
235.2,12.2085,2.50838,29.0951,32.6035,59.2138,0.711665,33.8304,165.152
235.22,12.2085,2.44715,28.9576,32.3714,59.2133,0.702329,33.8304,166.214
235.24,12.2094,2.28085,28.9575,32.3712,59.2133,0.702321,33.8304,164.623
235.26,12.2094,2.2892,28.6369,32.4641,58.9218,0.702321,33.8304,163.03
235.28,12.2126,2.37918,28.6366,32.4641,58.9216,0.702321,33.8304,161.437
235.3,12.2127,2.38871,28.6366,32.2786,58.7469,0.702321,33.8304,162.496
235.32,12.2159,2.33983,28.3617,32.2784,58.7466,0.702321,33.8304,164.62
235.34,12.2159,2.31418,28.3615,32.2319,58.9215,0.702321,33.8304,166.214
235.36,12.2182,2.27986,28.0408,32.2319,58.9216,0.702321,32.5342,169.399
235.38,12.2173,2.28608,28.0406,32.2783,59.2714,0.702321,32.5332,174.707
235.4,12.2173,2.27942,27.8115,32.2784,59.2716,0.702321,32.5332,174.712
235.42,12.2182,2.33034,27.8113,32.2784,59.7963,0.702321,32.5332,177.895
235.44,12.2182,2.3992,27.3078,32.0001,59.7967,0.763598,32.5332,187.442
235.46,12.2127,2.33826,27.307,31.9997,60.4379,0.763692,32.5332,191.701
235.48,12.2127,2.23503,26.9405,31.9069,60.4384,0.692622,32.5332,195.95
235.5,12.2145,2.25557,26.9402,31.9068,60.4384,0.692568,32.5332,196.484
235.52,12.2145,2.41326,26.9402,31.4431,61.1956,0.692568,32.5332,197.014
235.54,12.2127,2.41397,26.7112,31.4424,61.1968,0.692568,32.5332,199.668
235.56,12.2127,2.40979,26.711,31.3031,61.5466,0.692568,32.5332,202.323
235.58,12.2122,2.39885,26.6652,31.303,61.5468,0.692568,32.5332,207.101
235.6,12.2122,2.39884,26.6651,30.839,61.78,0.692568,32.5332,209.758
235.62,12.2057,2.36442,26.6651,30.8386,61.7802,0.692568,32.5332,211.883
235.64,12.2057,2.3644,26.6651,30.5601,61.4887,0.692568,33.6237,214.537
235.66,12.2043,2.46157,26.9398,30.5599,61.4885,0.692568,33.6245,219.311
235.68,12.2043,2.46171,26.9402,30.5599,60.9056,0.692568,33.6245,224.094
235.7,12.2048,2.36082,27.0777,30.3279,60.9051,0.789708,33.6245,228.874
235.72,12.2048,2.36075,27.0778,30.3277,60.9051,0.789783,33.6245,233.122
235.74,12.2048,2.38792,27.4443,30.4669,59.9724,0.697193,33.6245,237.371
235.76,12.2048,2.37165,27.4446,30.467,59.9717,0.697122,33.6245,238.435
235.78,12.2099,2.37166,27.7653,30.4206,59.0973,0.697122,33.6245,239.497
235.8,12.2099,2.38842,27.7655,30.4206,59.0966,0.697122,33.6245,238.438
235.82,12.2145,2.31744,27.7655,30.1886,58.8052,0.697122,33.6245,231.007
235.84,12.2145,2.34305,27.8113,30.1884,58.8049,0.697122,33.6245,220.389
235.86,12.214,2.32822,27.8113,30.0956,59.2713,0.697122,33.6245,214.013
235.88,12.214,2.31222,27.8572,30.0955,59.2716,0.697122,31.2584,212.947
235.9,12.215,2.39049,27.8572,29.9099,60.146,0.697122,31.2566,212.946
235.92,12.215,2.37013,27.8114,29.9097,60.1467,0.697122,31.2566,215.069
235.94,12.2159,2.27281,27.8113,29.9097,61.3699,0.697122,31.2566,216.661
235.96,12.2159,2.32693,27.8113,30.0025,61.3718,0.78751,31.2566,211.888
235.98,12.2131,2.4042,27.8113,30.0026,62.3045,0.787579,31.2566,208.7
236,12.2131,2.39726,27.903,30.1882,62.3052,0.783025,31.2566,205.514
236.02,12.2145,2.3632,27.903,30.1884,62.3052,0.783021,31.2566,205.512
236.04,12.2145,2.35715,27.903,30.0492,63.0047,0.783021,31.2566,205.512
236.06,12.2034,2.37597,27.674,30.0491,63.0053,0.783021,31.2566,204.981
236.08,12.2034,2.38805,27.6738,30.1419,63.2968,0.783021,31.2566,199.144
236.1,12.1449,2.35756,27.7196,30.1419,63.297,0.783021,31.2566,193.302
236.12,12.1449,2.33173,27.7197,30.1883,63.4136,0.783021,31.2566,187.992
236.14,12.1203,2.51043,27.8113,30.1884,63.4137,0.783021,31.2566,180.559
236.16,12.1202,2.5402,27.8113,29.9565,63.4719,0.783021,29.3446,181.613
236.18,12.1128,2.43126,27.7655,29.9562,63.472,0.783021,29.3417,186.391
236.2,12.1128,2.40159,27.7655,29.9562,63.6469,0.783021,29.3417,184.802
236.22,12.1017,2.36015,27.6739,29.8633,63.647,0.835718,29.3417,183.209
236.24,12.091,2.37135,27.6738,29.8633,63.647,0.835759,29.3417,189.045
236.26,12.091,2.34879,27.5822,29.492,64.1717,0.877074,29.3417,194.887
236.28,12.084,2.35577,27.5821,29.4917,64.1721,0.877106,29.3417,197.544
236.3,12.084,2.41632,27.5821,29.7236,64.9293,0.877106,29.3417,200.197
236.32,12.0826,2.40774,27.353,29.7239,64.9304,0.877106,29.3417,201.793
236.34,12.0826,2.38125,27.3529,29.5383,65.63,0.877106,29.3417,207.631
236.36,12.0831,2.38743,27.4445,29.5382,65.6305,0.877106,29.3417,214.003
236.38,12.0831,2.41019,27.4446,29.4454,65.5722,0.877106,29.3417,214.008
236.4,12.0822,2.39015,27.3988,29.4453,65.5722,0.877106,29.3417,212.416
236.42,12.0822,2.41007,27.3987,29.4453,64.6395,0.877106,31.8312,213.477
236.44,12.0803,2.41392,27.2614,28.7961,64.6388,0.877106,31.8331,213.477
236.46,12.0803,2.41393,27.2612,28.7951,63.4146,0.877106,31.8331,212.947
236.48,12.0803,2.44469,27.4902,28.5166,63.4137,0.886399,31.8331,212.416
236.5,12.0803,2.44472,27.4904,28.5164,63.4137,0.886406,31.8331,215.068
236.52,12.0812,2.43441,27.8109,28.1454,62.4234,0.904056,31.8331,217.722
236.54,12.0812,2.4344,27.8113,28.1449,62.4219,0.904083,31.8331,221.44
236.56,12.0826,2.34741,27.8113,27.7736,61.7807,0.904083,31.8331,225.157
236.58,12.0826,2.34735,28.2695,27.7733,61.7802,0.904083,31.8331,220.384
236.6,12.084,2.36799,28.2698,27.4949,61.3721,0.904083,31.8331,209.768
236.62,12.084,2.3456,28.728,27.4947,61.3718,0.904083,31.8331,205.515
236.64,12.0822,2.33812,28.7283,27.2626,60.9055,0.904083,31.8331,202.859
236.66,12.0822,2.36224,29.0487,27.2624,60.9051,0.904083,31.8331,199.145
236.68,12.0785,2.41154,29.0492,26.9376,60.4971,0.904083,31.0307,195.955
236.7,12.0784,2.39062,29.3241,26.9373,60.4967,0.904083,31.0301,191.708
236.72,12.078,2.37931,29.3243,26.9373,60.147,0.904083,31.0301,185.337
236.74,12.078,2.35966,29.5076,26.6589,60.1467,0.93485,31.0301,178.965
236.76,12.0771,2.3783,29.5077,26.6587,60.1467,0.934873,31.0301,171
236.78,12.0771,2.40769,29.5993,26.241,60.3216,0.962171,31.0301,163.035
236.8,12.0775,2.32207,29.5994,26.2407,60.3217,0.962192,31.0301,161.438
236.82,12.0775,2.33881,29.5994,26.3799,60.7298,0.962192,31.0301,158.252
236.84,12.0771,2.29808,29.8743,26.38,60.7301,0.962192,31.0301,152.412
236.86,12.0771,2.29142,29.8745,26.3336,61.1964,0.962192,31.0301,152.939
236.88,12.0761,2.34999,30.0119,26.3336,61.1968,0.962192,31.0301,154
236.9,12.0784,2.34217,30.012,26.6584,61.4883,0.962192,31.0301,148.695
236.92,12.0784,2.46438,30.1953,26.6587,61.4885,0.962192,31.0301,145.507
236.94,12.0771,2.46545,30.1954,26.6587,61.7797,0.962192,29.6321,141.793
236.96,12.0771,2.40733,30.3329,26.7515,61.7802,0.962192,29.6299,136.481
236.98,12.0775,2.41492,30.333,26.7516,62.1882,0.962192,29.6299,132.232
237,12.0775,2.3997,30.3788,26.7051,62.1885,1.04099,29.6299,127.983
237.02,12.0747,2.41185,30.3788,26.7051,62.1885,1.04105,29.6299,126.389
237.04,12.0747,2.34433,30.3788,26.8907,62.8881,1.06049,29.6299,124.795
237.06,12.0724,2.32935,30.333,26.8909,62.8886,1.0605,29.6299,121.61
237.08,12.0724,2.32934,30.333,27.0765,64.2877,1.0605,29.6299,119.485
237.1,12.071,2.53612,30.0581,27.0767,64.2887,1.0605,29.6299,116.83
237.12,12.071,2.53628,30.0579,26.7518,66.2707,1.0605,29.6299,114.706
237.14,12.0729,2.26296,29.783,26.7516,66.2722,1.0605,29.6299,114.704
237.16,12.0729,2.26275,29.7828,26.7516,68.8352,1.0605,29.6299,117.355
237.18,12.0715,2.38631,29.4621,26.7516,68.8391,1.0605,29.6299,117.359
237.2,12.0715,2.3864,29.4619,26.7516,71.7538,1.0605,27.2844,113.645
237.22,12.0687,2.37911,29.2786,26.7051,71.756,1.0605,27.2826,109.928
237.24,12.0687,2.3791,29.2785,26.7051,71.756,1.0605,27.2826,107.802
237.26,12.0636,2.41082,29.141,26.6587,73.738,1.1475,27.2826,106.209
237.28,12.0636,2.36064,29.1409,26.6587,73.7395,1.14756,27.2826,98.2481
237.3,12.0608,2.37927,29.0952,26.0558,74.9045,1.07742,27.2826,91.8793
237.32,12.0608,2.38256,29.0951,26.0549,74.9063,1.07731,27.2826,91.8696
237.34,12.0576,2.34891,29.0951,25.9157,74.9063,1.07731,27.2826,95.0534
237.36,12.0576,2.3443,29.0035,25.9156,74.9063,1.07731,27.2826,98.7702
237.38,12.0594,2.20331,29.0034,25.6835,74.0902,1.07731,27.2826,99.8344
237.4,12.0594,2.23525,29.0034,25.6833,74.0895,1.07731,27.2826,99.8352
237.42,12.0576,2.31024,29.0034,25.4049,72.7488,1.07731,27.2826,100.366
237.44,12.0576,2.27381,29.1407,25.4047,72.7478,1.07731,27.2826,104.078
237.46,12.0585,2.34836,29.1409,25.4047,72.0482,1.07731,29.7516,107.798
237.48,12.0585,2.36514,29.3242,25.3119,72.0477,1.07731,29.7535,114.699
237.5,12.0557,2.33152,29.3243,25.3118,71.4065,1.07731,29.7535,120.541
237.52,12.0557,2.37534,29.6448,25.3118,71.406,1.17967,29.7535,128.499
237.54,12.0566,2.37541,29.6453,25.3118,71.406,1.17983,29.7535,135.94
237.56,12.0566,2.34121,29.6453,24.8477,70.4733,1.09162,29.7535,137.538
237.58,12.0571,2.42146,29.966,24.8474,70.4726,1.09155,29.7535,136.478
237.6,12.0571,2.4048,29.9662,24.6153,68.5489,1.09155,29.7535,136.477
237.62,12.058,2.39242,30.2411,24.6151,68.5474,1.09155,29.7535,140.191
237.64,12.058,2.37528,30.2413,24.8008,65.8659,1.09155,29.7535,143.908
237.66,12.0571,2.36782,30.2871,24.8009,65.8639,1.09155,29.7535,148.683
237.68,12.0571,2.41904,30.2871,25.033,63.2406,1.09155,29.7535,152.936
237.7,12.0594,2.39623,30.3329,25.0331,63.2386,1.09155,29.7535,156.123
237.72,12.0594,2.36474,30.333,25.0331,61.4898,1.09155,32.6957,157.717
237.74,12.058,2.39098,30.3788,24.8939,61.4885,1.09155,32.6979,157.188
237.76,12.058,2.39761,30.3788,24.8938,61.4885,1.09155,32.6979,153.473
237.78,12.0543,2.3413,30.1498,24.7546,60.9056,1.09155,32.6979,154.531
237.8,12.0543,2.35381,30.1496,24.7545,60.9051,1.09155,32.6979,158.244
237.82,12.0515,2.31789,30.1496,25.0329,61.0217,1.07898,32.6979,158.78
237.84,12.0455,2.31923,29.5082,25.0331,61.0218,1.07897,32.6979,158.78
237.86,12.0455,2.32939,29.5077,25.126,61.4298,1.07897,32.6979,162.495
237.88,12.0422,2.3394,28.7289,25.126,61.4302,1.07897,32.6979,166.212
237.9,12.0422,2.45993,28.7283,25.1724,61.9548,1.07897,32.6979,166.746
237.92,12.0399,2.44057,27.5372,25.1725,61.9552,1.07897,32.6979,165.154
237.94,12.0399,2.38069,27.5363,25.1725,62.5959,1.07897,32.6979,161.441
237.96,12.0371,2.3939,26.5742,25.2653,62.5969,1.07897,32.6979,156.129
237.98,12.0371,2.35235,26.5735,25.2654,63.0633,1.07897,32.6979,156.656
238,12.0353,2.29342,25.8863,25.4046,63.0636,1.07897,30.1055,163.024
238.02,12.0353,2.26574,25.8857,25.4047,63.0636,1.07897,30.1035,168.331
238.04,12.0357,2.43199,25.4276,25.7295,63.4717,0.979364,30.1035,165.686
238.06,12.0357,2.43212,25.4273,25.7298,63.472,0.979288,30.1035,163.031
238.08,12.0362,2.43637,25.4273,25.869,63.4137,1.07401,30.1035,163.029
238.1,12.0362,2.43638,25.0608,25.8691,63.4137,1.07409,30.1035,163.029
238.12,12.0343,2.19926,25.0605,26.0083,62.4227,1.07409,30.1035,164.09
238.14,12.0343,2.19908,24.7856,26.0085,62.4219,1.07409,30.1035,165.152
238.16,12.0353,2.3106,24.7854,25.823,61.2569,1.07409,30.1035,168.334
238.18,12.0353,2.31077,24.7854,25.8227,61.2551,1.07409,30.1035,174.176
238.2,12.0343,2.33193,24.7854,25.8227,60.031,1.07409,30.1035,175.242
238.22,12.0343,2.35991,24.6938,26.1475,60.03,1.07409,30.1035,179.488
238.24,12.0362,2.26516,24.6937,26.1478,58.9225,1.07409,30.1035,186.92
238.26,12.0362,2.262,24.9686,26.4726,58.9216,1.07409,28.581,194.354
238.28,12.0343,2.39817,24.9688,26.4729,58.9216,1.07409,28.5798,198.074
238.3,12.0343,2.42367,25.0603,26.5193,57.9896,0.952215,28.5798,199.138
238.32,12.0348,2.47875,25.0605,26.5193,57.9882,0.952029,28.5798,200.201
238.34,12.0348,2.45512,25.0605,26.5193,57.0555,1.0822,28.5798,200.732
238.36,12.0793,2.44264,24.9688,26.5193,57.0548,1.0823,28.5798,201.263
238.38,12.0794,2.43638,24.9688,26.5193,56.3553,1.0823,28.5798,203.386
238.4,12.1128,2.45745,24.7397,26.4729,56.3547,1.0823,28.5798,210.286
238.42,12.1128,2.44418,24.7395,26.4729,56.0633,1.0823,28.5798,211.352
238.44,12.1193,2.28667,24.6022,27.0294,56.063,1.0823,28.5798,208.172
238.46,12.1193,2.2805,24.602,27.0302,55.8299,1.0823,28.5798,212.943
238.48,12.1202,2.34189,24.5104,27.123,55.8297,1.0823,28.5798,219.844
238.5,12.1202,2.3908,24.5103,27.1231,55.7131,1.0823,28.5798,223.034
238.52,12.1212,2.37193,24.3272,27.2622,55.713,1.0823,28.6826,227.278
238.54,12.1212,2.33096,24.3269,27.2624,55.713,1.0823,28.6828,231.529
238.56,12.1212,2.3014,24.3269,27.5409,55.6547,0.971334,28.6828,231.533
238.58,12.1212,2.31461,24.2353,27.5411,55.6547,0.971249,28.6828,231.533
238.6,12.1193,2.36301,24.2352,27.5411,55.2466,1.05744,28.6828,232.594
238.62,12.124,2.3429,24.1894,27.5875,55.2463,1.05751,28.6828,233.656
238.64,12.124,2.40549,24.1894,27.5875,55.0131,1.05751,28.6828,231.534
238.66,12.1235,2.40312,24.1436,27.4484,55.0129,1.05751,28.6828,228.881
238.68,12.1235,2.37025,24.1435,27.4482,54.6632,1.05751,28.6828,226.224
238.7,12.1281,2.40159,24.0977,27.6338,54.6629,1.05751,28.6828,217.201
238.72,12.1281,2.45603,24.0977,27.634,54.4297,1.05751,28.6828,210.827
238.74,12.1351,2.4342,23.9144,27.7732,54.4296,1.05751,28.6828,208.7
238.76,12.1351,2.38437,23.9143,27.7733,54.4296,1.05751,28.6828,209.229
238.78,12.1509,2.41005,23.8226,27.7733,54.4879,1.05751,26.4607,207.106
238.8,12.1509,2.40599,23.8226,27.5415,54.4879,1.05751,26.459,204.984
238.82,12.1588,2.45241,23.8226,27.5411,54.896,0.980378,26.459,198.082
238.84,12.1588,2.45244,23.5477,27.4019,54.8963,0.980319,26.459,191.179
238.86,12.1648,2.33675,23.5475,27.4018,55.4209,0.980319,26.459,193.827
238.88,12.1648,2.33667,23.4101,27.541,55.4213,1.05686,26.459,196.482
238.9,12.1778,2.48622,23.4099,27.5411,56.1208,1.05692,26.459,192.77
238.92,12.1778,2.48634,23.0893,27.2626,56.1214,1.05692,26.459,189.052
238.94,12.1894,2.4115,23.089,27.2624,56.9369,1.05692,26.459,184.278
238.96,12.1894,2.41138,23.1348,27.0304,56.9381,1.05692,26.459,177.903
238.98,12.1922,2.41288,23.1349,27.0302,57.6959,1.05692,26.459,175.775
239,12.1922,2.39859,23.1349,26.9838,57.6965,1.05692,26.459,173.651
239.02,12.1913,2.37594,23.0433,26.9838,57.6965,1.05692,26.459,167.817
239.04,12.1913,2.37401,23.0432,26.9838,57.988,1.05692,23.7637,160.91
239.06,12.1904,2.34023,23.2722,26.6125,57.9882,1.05692,23.7616,154.006
239.08,12.1904,2.34206,23.2724,26.6122,57.6967,1.0055,23.7616,150.817
239.1,12.1913,2.34956,23.6847,26.1945,57.6965,1.00546,23.7616,147.631
239.12,12.1913,2.38862,23.685,26.1942,57.1719,1.00546,23.7616,148.69
239.14,12.189,2.39629,24.0515,25.9622,57.1715,1.05616,23.7616,149.752
239.16,12.189,2.33592,24.0518,25.962,56.7055,1.05619,23.7616,148.692
239.18,12.1922,2.35072,24.739,25.6836,56.7048,1.05619,23.7616,147.629
239.2,12.1922,2.38208,24.7395,25.6833,56.7048,1.05619,23.7616,149.22
239.22,12.1964,2.367,24.7395,25.3121,56.4716,1.05619,23.7616,150.283
239.24,12.1964,2.38034,25.2435,25.3118,56.4714,1.05619,23.7616,151.345
239.26,12.2024,2.42615,25.2439,25.3118,56.6463,1.05619,23.7616,147.631
239.28,12.2024,2.4029,25.6562,25.0333,56.6464,1.05619,23.7616,138.608
239.3,12.2154,2.23535,25.6565,25.0331,56.5882,1.05619,23.2271,134.889
239.32,12.2154,2.23686,25.8856,24.8475,56.5881,1.05619,23.2262,135.414
239.34,12.2215,2.43323,25.8857,24.8474,57.0544,1.05619,23.2262,134.884
239.36,12.2215,2.43192,26.0232,24.5689,57.0548,1.03973,23.2262,134.353
239.38,12.221,2.32492,26.0233,24.5687,57.5211,1.03972,23.2262,135.414
239.4,12.221,2.33905,26.0233,24.5223,57.5215,1.06298,23.2262,136.476
239.42,12.2205,2.46381,26.1149,24.5223,57.5215,1.063,23.2262,137.538
239.44,12.2205,2.45323,26.115,24.1049,58.2787,1.063,23.2262,137.539
239.46,12.2154,2.36993,26.0692,24.1043,58.2799,1.063,23.2262,138.6
239.48,12.2154,2.34887,26.0691,23.7794,59.0377,1.063,23.2262,139.132
239.5,12.1435,2.27147,25.9775,23.7792,59.0383,1.063,23.2262,136.479
239.52,12.1435,2.30053,25.9774,23.7792,59.679,1.063,23.2262,136.477
239.54,12.1138,2.35238,25.7942,23.5007,59.68,1.063,23.2262,138.599
239.56,12.1137,2.33902,25.794,23.5005,60.0881,1.063,21.0659,134.887
239.58,12.1045,2.40679,25.4275,23.1292,60.0884,1.063,21.0642,129.047
239.6,12.1045,2.37986,25.4273,23.1289,60.0884,1.063,21.0642,129.042
239.62,12.0947,2.35369,25.244,22.6649,60.3798,1.06822,21.0642,129.042
239.64,12.0947,2.38315,25.2439,22.6645,60.3801,1.06823,21.0642,127.45
239.66,12.0887,2.54981,25.2439,22.2935,60.7878,1.04688,21.0642,125.858
239.68,12.0887,2.5247,25.0148,22.293,60.7884,1.04684,21.0642,129.04
239.7,12.0868,2.45646,25.0146,22.0609,62.1292,1.04684,21.0642,132.226
239.72,12.0868,2.44856,24.8314,22.0607,62.1302,1.04684,21.0642,130.106
239.74,12.0877,2.46989,24.8312,21.6895,63.471,1.04684,21.0642,131.696
239.76,12.0877,2.47881,24.6938,21.6892,63.472,1.04684,21.0642,134.351
239.78,12.0877,2.59005,24.6937,21.6892,64.6962,1.04684,21.0642,132.23
239.8,12.0877,2.56036,24.6479,21.7356,64.6971,1.04684,21.0642,130.108
239.82,12.0859,2.35254,24.6478,21.7356,65.1634,1.04684,18.7393,129.574
239.84,12.0859,2.34679,24.6478,21.5964,65.1638,1.04684,18.7375,129.043
239.86,12.0877,2.37821,24.6478,21.5963,65.1638,1.04684,18.7375,127.45
239.88,12.0877,2.37918,24.6478,21.7819,65.9216,1.05153,18.7375,125.857
239.9,12.0938,2.52922,24.8311,21.7821,65.9222,1.05153,18.7375,130.101
239.92,12.0938,2.49239,24.8312,21.8285,66.0971,1.03916,18.7375,134.349
239.94,12.0947,2.42828,25.4263,21.8285,66.0972,1.03916,18.7375,132.762
239.96,12.0947,2.45153,25.4273,21.8285,65.9806,1.03916,18.7375,131.168
239.98,12.0947,2.51641,25.977,21.8285,65.9805,1.03916,18.7375,135.412
240,12.0947,2.49289,25.9774,21.8749,66.0388,1.03916,18.7375,141.252
240.02,12.0998,2.52334,26.3894,21.875,66.0389,1.03916,18.7375,141.256
240.04,12.0998,2.51608,26.3901,21.9678,65.6891,1.03916,18.7375,137.542
240.06,12.1021,2.36289,26.7566,21.9679,65.6888,1.03916,18.7375,135.947
240.08,12.1021,2.36955,26.7568,21.9679,65.6888,1.03916,19.5811,135.946
240.1,12.1031,2.46499,27.215,22.0143,65.2808,1.03916,19.5817,135.946
240.12,12.1031,2.46001,27.2153,22.0143,65.2805,1.03916,19.5817,137.007
240.14,12.1021,2.46911,27.2153,21.9679,64.7558,1.05064,19.5817,138.069
240.16,12.1021,2.46808,27.3984,21.9679,64.7554,1.05065,19.5817,135.419
240.18,12.1012,2.40473,27.3987,21.875,64.4057,1.05065,19.5817,132.762
240.2,12.1012,2.40769,27.1697,21.875,64.4054,1.05414,19.5817,135.413
240.22,12.1031,2.43027,27.1695,21.9214,64.0556,1.05414,19.5817,138.068
240.24,12.1017,2.43963,26.803,21.9214,64.0554,1.05414,19.5817,139.662
240.26,12.1017,2.42149,26.8027,22.1535,63.6473,1.05414,19.5817,141.255
240.28,12.1026,2.42986,26.1155,22.1536,63.647,1.05414,19.5817,144.971
240.3,12.1026,2.35559,26.115,22.3855,63.2975,1.05414,19.5817,148.155
240.32,12.1017,2.36268,25.5194,22.3858,63.297,1.05414,19.5817,146.037
240.34,12.1017,2.30991,25.519,22.3858,63.297,1.05414,20.0138,142.852
240.36,12.1119,2.32614,24.6485,22.6643,63.5301,1.05414,20.0141,142.849
240.38,12.1119,2.39994,24.6478,22.6645,63.5303,1.05414,20.0141,141.257
240.4,12.1346,2.40487,24.6478,22.8037,63.6469,1.04591,20.0141,139.664
240.42,12.1346,2.37192,24.3271,22.8038,63.647,1.0459,20.0141,138.602
240.44,12.1365,2.30336,24.3269,22.943,63.5305,1.0459,20.0141,137.54
240.46,12.1365,2.30326,24.3727,22.9432,63.5303,1.04238,20.0141,140.192
240.48,12.1384,2.2967,24.3728,23.1288,63.1223,1.04238,20.0141,142.847
240.5,12.1384,2.2967,24.6934,23.1289,63.122,1.04238,20.0141,143.911
240.52,12.1379,2.37597,24.6937,23.4072,62.0152,1.04238,20.0141,144.972
240.54,12.1379,2.3761,24.9228,23.4076,62.0135,1.04238,20.0141,144.973
240.56,12.1384,2.33592,24.9229,23.4076,60.0898,1.04238,20.0141,144.443
240.58,12.1384,2.33589,25.3352,23.5468,60.0884,1.04238,19.8495,143.912
240.6,12.1388,2.3473,25.3356,23.5469,60.0884,1.04238,19.8494,142.319
240.62,12.1388,2.36491,25.8853,23.9182,58.7476,1.04238,19.8494,140.196
240.64,12.1365,2.34245,25.8857,23.9185,58.7466,1.04238,19.8494,137.01
240.66,12.1365,2.34059,26.4351,24.2895,58.4553,1.04565,19.8494,133.296
240.68,12.1351,2.31498,26.4359,24.29,58.4549,1.04565,19.8494,133.291
240.7,12.1351,2.34878,26.4359,24.5685,58.7464,1.04565,19.8494,133.291
240.72,12.1379,2.43213,26.894,24.5687,58.7466,1.07203,19.8494,133.821
240.74,12.1379,2.4227,26.8944,25.0792,59.0964,1.07205,19.8494,129.577
240.76,12.137,2.42652,27.2609,25.0796,59.0966,1.07205,19.8494,126.389
240.78,12.137,2.40261,27.2612,25.2188,59.2715,1.07205,19.8494,125.856
240.8,12.1416,2.41922,27.2612,25.2189,59.2716,1.07205,19.8494,126.916
240.82,12.1416,2.40781,27.2612,25.5902,59.3299,1.07205,19.8494,127.979
240.84,12.1449,2.2793,27.2154,25.5905,59.33,1.07205,19.4584,126.919
240.86,12.1449,2.27161,27.2153,25.5905,59.2717,1.07205,19.4582,129.041
240.88,12.1509,2.31992,27.0779,25.9153,59.2716,1.07205,19.4582,131.165
240.9,12.1509,2.30928,27.0778,25.9156,59.2716,1.07205,19.4582,129.574
240.92,12.156,2.34249,27.032,26.2404,58.8636,1.07366,19.4582,127.981
240.94,12.156,2.38568,27.0319,26.2407,58.8633,1.07367,19.4582,126.389
240.96,12.1648,2.34058,27.0319,26.6119,58.8633,1.07895,19.4582,124.265
240.98,12.1648,2.31848,26.9861,26.6122,58.8633,1.07895,19.4582,122.671
241,12.1778,2.3408,26.9861,27.1691,58.5718,1.07895,19.4582,125.854
241.02,12.1815,2.33581,26.9861,27.1695,58.5716,1.07895,19.4582,130.098
241.04,12.1815,2.48075,26.9861,28.0049,58.6882,1.07895,19.4582,129.574
241.06,12.1801,2.47891,26.9861,28.0055,58.6883,1.07895,19.4582,130.104
241.08,12.1801,2.44868,26.9861,28.7945,58.8048,1.07895,19.4582,129.043
241.1,12.1862,2.47208,26.9403,28.7951,58.8049,1.07895,19.4582,124.267
241.12,12.1862,2.33748,26.9402,28.7951,58.9798,1.07895,19.9108,122.671
241.14,12.189,2.27972,26.9402,29.1663,58.9799,1.07895,19.9111,121.078
241.16,12.189,2.35303,26.9402,29.1666,58.9799,1.07895,19.9111,124.258
241.18,12.2024,2.37067,26.9402,29.4915,59.0965,1.09821,19.9111,125.855
241.2,12.2024,2.28576,27.0319,29.4917,59.0966,1.09822,19.9111,124.795
241.22,12.2145,2.33717,27.0319,29.7238,59.0966,1.05003,19.9111,124.794
241.24,12.2145,2.3372,27.2152,29.7239,59.0966,1.04999,19.9111,124.794
241.26,12.2131,2.39615,27.2153,30.0952,59.3881,1.04999,19.9111,124.263
241.28,12.2131,2.39619,27.2611,30.0955,59.3883,1.04999,19.9111,120.548
241.3,12.2113,2.40347,27.2612,29.9564,59.6796,1.04999,19.9111,123.197
241.32,12.2113,2.40348,27.2154,29.9562,59.68,1.04999,19.9111,129.568
241.34,12.2136,2.42282,27.2153,29.7241,59.9715,1.04999,19.9111,132.757
241.36,12.2136,2.42284,27.1237,29.7239,59.9717,1.04999,19.9111,135.943
241.38,12.2127,2.28151,27.1236,29.3527,59.9717,1.04999,20.7753,141.783
241.4,12.2127,2.25784,26.9862,29.3524,60.2632,1.04999,20.776,147.624
241.42,12.2131,2.42533,26.9861,29.3524,60.2634,1.04999,20.776,148.69
241.44,12.2131,2.43853,26.9861,28.8887,60.7294,1.05273,20.776,147.1
241.46,12.2136,2.45121,26.9861,28.888,60.7301,1.05273,20.776,150.281
241.48,12.2136,2.42222,26.9861,28.4239,61.6628,1.05273,20.776,152.937
241.5,12.215,2.36624,26.9403,28.4235,61.6635,1.06469,20.776,157.184
241.52,12.215,2.38867,26.9402,28.2844,62.3042,1.0647,20.776,162.49
241.54,12.215,2.39248,26.9402,28.2842,62.3052,1.0647,20.776,164.62
241.56,12.215,2.39058,26.9402,28.0057,62.7716,1.0647,20.776,164.091
241.58,12.2006,2.42649,27.0319,28.0055,62.7719,1.0647,20.776,163.56
241.6,12.1918,2.42697,27.0319,27.6343,62.6553,1.0647,20.776,164.621
241.62,12.1918,2.40234,27.4901,27.634,62.6553,1.0647,20.776,166.744
241.64,12.1741,2.40466,27.4904,26.9379,62.5387,1.0647,22.6483,167.807
241.66,12.1741,2.4293,28.1771,26.9373,62.5386,1.0647,22.6497,169.929
241.68,12.1658,2.40734,28.1781,26.9373,62.5386,1.0647,22.6497,172.585
241.7,12.1658,2.44906,29.3235,26.5197,62.5386,1.00834,22.6497,175.771
241.72,12.1644,2.45633,29.3243,26.5193,62.5386,1.00829,22.6497,172.59
241.74,12.1644,2.29497,29.3243,25.9624,62.3637,1.07003,22.6497,168.873
241.76,12.1606,2.31204,30.0573,25.962,62.3636,1.07007,22.6497,168.339
241.78,12.1606,2.32557,30.0579,25.3123,62.1304,1.07007,22.6497,164.625
241.8,12.1477,2.42345,31.0192,25.3118,62.1302,1.07007,22.6497,158.789
241.82,12.1476,2.4236,31.0207,25.0334,62.2468,1.07007,22.6497,152.943
241.84,12.1411,2.31216,32.1202,25.0331,62.2469,1.07007,22.6497,147.102
241.86,12.1411,2.31208,32.1211,25.0331,62.8298,1.07007,22.6497,143.914
241.88,12.1374,2.45448,33.0373,24.4298,62.8303,1.07007,22.6497,141.258
241.9,12.1374,2.45459,33.038,24.4294,63.8796,1.07007,23.7813,139.134
241.92,12.1384,2.39702,34.0001,24.1973,63.8804,1.07007,23.7822,137.009
241.94,12.1384,2.39697,34.0008,24.1972,63.8804,1.07007,23.7822,133.826
241.96,12.1439,2.41027,34.8713,24.1507,65.2794,1.02746,23.7822,129.046
241.98,12.1439,2.42606,34.8719,24.1507,65.2805,1.02743,23.7822,126.92
242,12.1449,2.58738,35.4675,24.4756,67.4956,1.03883,23.7822,124.796
242.02,12.1449,2.548,35.4679,24.4758,67.4973,1.03883,23.7822,123.734
242.04,12.1453,2.59928,35.4679,24.5222,70.6452,1.03883,23.7822,121.609
242.06,12.1453,2.58826,35.9261,24.5223,70.6476,1.03883,23.7822,117.363
242.08,12.1449,2.61978,35.9264,24.5223,75.0779,1.03883,23.7822,112.053
242.1,12.1449,2.66089,36.2471,24.383,75.0813,1.03883,23.7822,106.212
242.12,12.1309,2.75523,36.2474,24.3829,81.377,1.03883,23.7822,99.84
242.14,12.1309,2.67882,36.4306,24.3365,81.3818,1.03883,23.7822,91.8757
242.16,12.1054,2.7038,36.4308,24.3365,89.4785,1.03883,23.7822,84.4464
242.18,12.1054,2.65071,36.3849,24.3829,89.4908,1.03883,20.6342,78.0675
242.2,12.1091,2.72118,36.3849,24.3829,99.5757,1.03883,20.6318,74.8788
242.22,12.1091,2.72988,35.7893,24.3829,99.5834,1.02262,20.6318,74.3457
242.24,12.0845,2.92382,35.7889,24.3829,99.5834,1.02261,20.6318,73.8147
242.26,12.0845,2.82913,35.1475,24.3829,110.251,0.968575,20.6318,73.2837
242.28,12.0655,2.71139,35.147,24.3829,110.259,0.968534,20.6318,73.2832
242.3,12.0654,2.69335,35.147,24.3829,117.599,0.968534,20.6318,72.753
242.32,12.0599,2.4579,34.9179,24.2901,117.61,0.968534,20.6318,75.4054
242.34,12.0636,2.43747,34.9178,24.29,118.892,0.968534,20.6318,78.0606
242.36,12.0636,2.399,35.1468,24.5221,118.893,0.968534,20.6318,76.4707
242.38,12.0696,2.42684,35.147,24.5223,113.997,0.968534,20.6318,76.4695
242.4,12.0696,2.36214,36.0175,24.8935,113.993,0.968534,20.6318,78.592
242.42,12.0692,2.40159,36.0181,24.8938,104.374,0.968534,20.6318,80.7162
242.44,12.0692,2.32914,36.659,24.8938,104.367,0.968534,18.9665,83.3689
242.46,12.0265,2.34402,36.66,24.8938,92.6501,0.968534,18.964,86.0261
242.48,12.0264,2.24227,36.66,24.9866,92.6411,0.97195,18.964,90.8039
242.5,12.0032,2.29386,36.4309,24.9867,92.6411,0.971953,18.964,96.6445
242.52,12.0032,2.33027,36.4308,25.3577,84.4862,0.943139,18.964,103.012
242.54,12.0181,2.33376,35.7894,25.3582,84.4737,0.943095,18.964,106.205
242.56,12.0181,2.33376,35.7889,25.3582,80.16,0.943095,18.964,110.983
242.58,12.0227,2.39086,35.3766,25.4046,80.1567,0.943095,18.964,115.232
242.6,12.0227,2.3909,35.3763,25.4047,77.8833,0.943095,18.964,118.419
242.62,12.0241,2.28407,35.3763,25.6831,77.8815,0.943095,18.964,123.197
242.64,12.0241,2.28399,35.3763,25.6833,75.5498,0.943095,18.964,125.323
242.66,12.038,2.25124,35.6051,25.5906,75.548,0.943095,18.964,125.855
242.68,12.038,2.25119,35.6055,25.5905,75.548,0.943095,18.964,126.387
242.7,12.0418,2.47146,35.6055,25.7761,73.158,0.943095,19.1492,126.387
242.72,12.0418,2.43236,35.8804,25.7762,73.1561,0.943095,19.1493,126.918
242.74,12.0427,2.35019,35.8806,25.7762,71.4073,1.01473,19.1493,124.265
242.76,12.0427,2.35663,36.4762,25.8226,71.406,1.01478,19.1493,125.324
242.78,12.0427,2.29953,36.4766,25.8227,70.4733,1.01478,19.1493,130.631
242.8,12.0427,2.32797,37.3922,26.0545,70.4726,0.984516,19.1493,134.877
242.82,12.0306,2.40879,37.3936,26.0549,70.5309,0.984469,19.1493,137.006
242.84,12.0306,2.39297,38.264,26.1477,70.5309,0.984469,19.1493,135.416
242.86,12.0394,2.46599,38.2647,26.1478,70.939,0.984469,19.1493,132.231
242.88,12.0316,2.45124,38.7228,26.4726,70.9393,0.984469,19.1493,130.106
242.9,12.0315,2.31257,38.7232,26.4729,70.9393,0.984469,19.1493,127.982
242.92,12.0315,2.28436,38.7232,26.7513,71.3473,0.984469,19.1493,124.796
242.94,12.0343,2.30522,38.6316,26.7516,71.3476,0.984469,19.1493,124.264
242.96,12.0343,2.32906,38.6315,26.7516,71.5808,0.984469,19.6019,126.916
242.98,12.0204,2.33276,38.3566,27.262,71.581,0.984469,19.6023,127.449
243,12.0204,2.33506,38.3564,27.2624,71.9891,0.984469,19.6023,128.51
243.02,12.0269,2.36874,38.1733,27.7725,71.9894,1.06324,19.6023,131.162
243.04,12.0269,2.36506,38.173,27.7733,72.5723,1.06336,19.6023,132.228
243.06,12.0431,2.40301,38.0813,28.7015,72.5728,1.04042,19.6023,131.167
243.08,12.0432,2.38293,38.0813,28.7022,72.8642,1.0404,19.6023,131.697
243.1,12.0524,2.38294,38.1271,29.6768,72.8644,1.0404,19.6023,132.228
243.12,12.0631,2.40568,38.1271,29.6775,72.8644,1.0404,19.6023,133.82
243.14,12.0631,2.31646,38.6769,29.6775,72.3981,1.0404,19.6023,134.883
243.16,12.0529,2.32186,38.6773,30.4195,72.3977,1.0404,19.6023,132.763
243.18,12.0529,2.24204,38.6773,30.4206,71.9314,1.0404,19.6023,126.923
243.2,12.0487,2.23144,39.0896,31.0703,71.931,1.0404,19.6023,124.265
243.22,12.0487,2.38473,39.0899,31.0708,71.5813,1.0404,20.2813,122.671
243.24,12.0562,2.40582,39.8688,31.9526,71.581,1.0404,20.2818,117.894
243.26,12.0562,2.36862,39.8694,31.9532,71.4644,1.0404,20.2818,116.829
243.28,12.1128,2.36877,40.5107,31.9997,71.4643,1.03005,20.2818,118.951
243.3,12.1128,2.29137,40.5112,31.9997,71.6973,1.03004,20.2818,120.013
243.32,12.1318,2.28633,41.1068,32.3245,71.6977,0.925365,20.2818,121.076
243.34,12.1319,2.28633,41.1072,32.3248,72.1057,0.925285,20.2818,121.607
243.36,12.137,2.38622,41.1072,32.7425,72.106,0.925285,20.2818,119.485
243.38,12.137,2.38629,41.4279,32.7428,72.106,0.925285,20.2818,117.361
243.4,12.1416,2.41976,41.4282,32.7428,72.5724,0.925285,20.2818,117.359
243.42,12.1416,2.41978,41.6572,32.7892,72.5728,0.925285,20.2818,117.89
243.44,12.1448,2.3318,41.6574,32.7892,72.8057,0.925285,20.2818,116.83
243.46,12.1449,2.33166,41.9323,33.0677,72.8061,0.925285,20.2818,115.767
243.48,12.1467,2.40686,41.9325,33.0679,73.0393,0.925285,20.2818,116.828
243.5,12.1467,2.39667,42.1616,33.2071,73.0395,0.925285,17.9157,115.236
243.52,12.1486,2.34385,42.1617,33.2072,73.6802,0.925285,17.9139,113.645
243.54,12.1486,2.34468,42.1159,33.3929,73.6812,0.864072,17.9139,113.642
243.56,12.1537,2.37107,42.1159,33.393,73.6812,0.864025,17.9139,113.642
243.58,12.1537,2.35745,42.1159,33.2538,74.6139,1.07554,17.9139,116.826
243.6,12.1537,2.41889,41.9785,33.2537,74.6146,1.0757,17.9139,119.482
243.62,12.1537,2.42619,41.9784,33.2537,75.4307,1.0757,17.9139,118.953
243.64,12.1537,2.4515,41.7035,32.9288,75.4313,1.0757,17.9139,120.014
243.66,12.1537,2.4079,41.7033,32.9286,76.3633,1.0757,17.9139,124.256
243.68,12.163,2.41615,41.5658,33.0214,76.3647,1.0757,17.9139,126.385
243.7,12.163,2.40268,41.5657,33.0215,77.1226,1.0757,17.9139,125.326
243.72,12.1676,2.38213,41.5657,32.743,77.1231,1.0757,17.9139,125.325
243.74,12.1676,2.41051,41.5657,32.7428,77.9975,1.0757,17.9139,125.325
243.76,12.1699,2.43556,41.5657,32.8356,77.9982,1.0757,19.0043,125.856
243.78,12.1699,2.44181,41.9322,32.8357,77.9982,1.0757,19.0052,126.387
243.8,12.1695,2.39594,41.9325,32.5111,78.5225,1.00761,19.0052,126.917
243.82,12.1695,2.37345,42.6197,32.5106,78.5233,1.0075,19.0052,125.326
243.84,12.1713,2.26524,42.6202,32.5106,79.0479,0.911029,19.0052,123.202
243.86,12.1713,2.27012,43.3532,32.5106,79.0483,0.910955,19.0052,127.977
243.88,12.1713,2.34485,43.3538,32.5106,79.6312,0.910955,19.0052,132.756
243.9,12.1713,2.36644,44.1326,32.5106,79.6317,0.910955,19.0052,129.576
243.92,12.1709,2.23768,44.1332,32.5106,80.5061,0.910955,19.0052,129.043
243.94,12.1709,2.23411,44.9572,32.5106,80.5068,0.910955,19.0052,130.633
243.96,12.1718,2.40919,44.9585,32.5106,80.5068,0.910955,19.0052,129.574
243.98,12.1718,2.40319,45.9664,32.4178,82.2556,0.910955,19.0052,128.512
244,12.163,2.27161,45.9671,32.4177,82.2569,0.910955,19.0052,127.981
244.02,12.163,2.27062,45.9671,32.7887,84.0044,0.910955,20.7116,127.98
244.04,12.1555,2.29389,46.8834,32.7892,84.007,0.910955,20.7142,130.103
244.06,12.1555,2.29927,46.8841,32.7892,86.0473,0.910955,20.7142,130.635
244.08,12.1504,2.42861,47.6629,32.9285,86.0489,0.944662,20.7142,127.452
244.1,12.1504,2.43206,47.6635,32.9286,87.5645,0.944688,20.7142,126.388
244.12,12.1449,2.46143,48.4423,33.1606,87.5657,0.915639,20.7142,125.856
244.14,12.1449,2.47917,48.4429,33.1608,88.9064,0.915617,20.7142,124.264
244.16,12.1439,2.41183,49.5416,32.9753,88.9075,0.915617,20.7142,122.142
244.18,12.1439,2.41414,49.5433,32.975,90.5397,0.915617,20.7142,120.016
244.2,12.1435,2.38005,50.7802,33.207,90.5409,0.915617,20.7142,120.545
244.22,12.1435,2.37907,50.7812,33.2072,90.5409,0.915617,20.7142,121.076
244.24,12.1435,2.43828,50.7812,33.2072,91.8817,0.915617,20.7142,123.73
244.26,12.1435,2.42909,52.2014,33.2536,91.8827,0.915617,20.7142,122.14
244.28,12.1439,2.38896,52.2024,33.2537,93.2818,0.915617,21.5166,113.649
244.3,12.1439,2.39083,53.8962,33.1145,93.2828,0.915617,21.5172,108.87
244.32,12.1518,2.31671,53.8988,33.1143,94.3904,0.915617,21.5172,112.047
244.34,12.1518,2.32124,55.6397,32.9751,94.3913,0.951936,21.5172,112.58
244.36,12.1286,2.36155,55.641,32.975,95.5571,0.951963,21.5172,110.988
244.38,12.1286,2.34901,57.4735,32.8358,95.558,0.941522,21.5172,113.109
244.4,12.1054,2.38265,57.4749,32.8357,96.4324,0.941514,21.5172,115.234
244.42,12.1054,2.37846,58.8493,32.65,96.4331,0.941514,21.5172,114.174
244.44,12.1058,2.37846,58.8504,32.6499,96.4331,0.941514,21.5172,113.113
244.46,12.1058,2.3672,58.8504,32.6499,97.1326,0.941514,21.5172,109.927
244.48,12.1035,2.46112,60.2706,32.6499,97.1331,0.941514,21.5172,109.925
244.5,12.1035,2.46069,60.2717,32.6499,97.3663,0.941514,21.5172,113.639
244.52,12.1049,2.45232,61.3246,32.789,97.3665,0.941514,21.5172,113.642
244.54,12.1049,2.47682,61.3262,32.7892,96.8419,0.941514,20.509,113.112
244.56,12.1031,2.40162,61.6011,32.882,96.8415,0.941514,20.5083,113.111
244.58,12.1031,2.37313,61.6013,32.8821,96.0253,0.941514,20.5083,113.642
244.6,12.0418,2.30257,61.5096,33.0678,96.0247,0.930609,20.5083,114.173
244.62,12.0418,2.3249,61.5096,33.0679,95.2086,0.9306,20.5083,112.051
244.64,12.0413,2.37726,61.7844,33.5784,95.208,0.921818,20.5083,109.396
244.66,12.0413,2.35244,61.7847,33.5788,95.208,0.921812,20.5083,106.743
244.68,12.0357,2.44505,61.7847,33.95,94.7999,0.921812,20.5083,109.392
244.7,12.0297,2.45896,62.0137,33.9503,94.7996,0.921812,20.5083,112.047
244.72,12.0297,2.42131,62.0139,33.9503,94.7996,0.921812,20.5083,110.988
244.74,12.0292,2.43469,62.3346,34.2752,94.7996,0.921812,20.5083,110.456
244.76,12.0292,2.42631,62.3348,34.2754,94.9745,0.921812,20.5083,112.578
244.78,12.0292,2.40036,62.5639,34.6467,94.9746,0.921812,20.5083,113.111
244.8,12.0292,2.43353,62.5641,34.647,95.3241,0.921812,20.5083,109.93
244.82,12.0278,2.40733,62.6557,35.0182,95.3247,0.921812,19.3561,106.741
244.84,12.0278,2.30619,62.6558,35.0185,96.0242,0.921812,19.3552,106.208
244.86,12.0343,2.32548,62.6558,35.4826,96.0247,0.880437,19.3552,111.514
244.88,12.0343,2.39039,62.61,35.483,96.0247,0.880405,19.3552,116.824
244.9,12.0348,2.35616,62.6099,35.483,96.5494,0.874897,19.3552,115.236
244.92,12.0348,2.35614,62.335,36.1327,96.5498,0.874892,19.3552,113.643
244.94,12.0371,2.32874,62.3348,36.1332,96.8993,0.874892,19.3552,115.763
244.96,12.0371,2.3287,62.0141,36.5044,96.8998,0.874892,19.3552,119.481
244.98,12.038,2.27323,62.0139,36.5047,97.0164,0.874892,19.3552,122.667
245,12.038,2.27319,61.4641,37.2008,97.0165,0.874892,19.3552,124.792
245.02,12.0367,2.3052,61.4637,37.2014,96.667,0.874892,19.3552,126.915
245.04,12.0367,2.30525,60.7765,38.0367,96.6664,0.874892,19.3552,128.51
245.06,12.038,2.49244,60.776,38.0374,96.6664,0.874892,19.3552,130.634
245.08,12.038,2.45401,60.776,38.4086,95.9669,0.874892,21.0218,131.166
245.1,12.0288,2.40404,60.043,38.4089,95.9664,0.874892,21.023,130.636
245.12,12.0288,2.42376,60.0424,38.4089,95.5583,0.858395,21.023,134.35
245.14,12.0269,2.33853,59.4927,38.9194,95.558,0.858382,21.023,138.067
245.16,12.0269,2.34999,59.4923,38.9198,95.1503,0.858382,21.023,138.07
245.18,12.026,2.50002,59.0341,39.5231,95.1496,0.886475,21.023,138.07
245.2,12.026,2.47035,59.0338,39.5236,94.9748,0.886496,21.023,139.662
245.22,12.0292,2.45695,58.7589,39.802,94.9746,0.886496,21.023,140.194
245.24,12.0292,2.50937,58.7587,39.8022,94.9746,0.886496,21.023,140.725
245.26,12.0436,2.42099,59.0794,39.8486,94.9746,0.886496,21.023,142.848
245.28,12.0436,2.40719,59.0796,39.8487,94.9746,0.886496,21.023,139.135
245.3,12.0455,2.56076,59.4459,40.0342,94.9164,0.886496,21.023,134.36
245.32,12.0455,2.51099,59.4464,40.0344,94.9163,0.886496,21.023,133.291
245.34,12.0446,2.3969,59.4464,40.0809,94.9746,0.886496,20.4058,137.005
245.36,12.0445,2.41086,59.9962,40.0809,94.9746,0.886496,20.4053,140.722
245.38,12.0566,2.35217,59.9966,40.0809,95.1495,0.886496,20.4053,142.848
245.4,12.0566,2.33895,60.6838,40.4057,95.1496,0.867105,20.4053,141.257
245.42,12.0497,2.38489,60.6843,40.406,95.616,0.86709,20.4053,140.725
245.44,12.0497,2.41746,61.371,40.6842,95.6163,0.87092,20.4053,139.134
245.46,12.0538,2.38584,61.372,40.6847,96.0827,0.870926,20.4053,138.071
245.48,12.0538,2.41754,61.8302,41.0559,96.0831,0.870926,20.4053,138.07
245.5,12.0627,2.47534,61.8305,41.0562,96.2579,0.870926,20.4053,139.662
245.52,12.0627,2.41324,61.8305,41.4736,96.2581,0.870926,20.4053,141.254
245.54,12.065,2.37599,62.2428,41.4742,96.2581,0.870926,20.4053,138.603
245.56,12.065,2.40594,62.2431,41.8919,96.1998,0.870926,20.4053,134.356
245.58,12.0696,2.43529,62.3806,41.8922,96.1997,0.870926,20.4053,133.291
245.6,12.0696,2.44162,62.3807,41.8922,95.85,0.870926,19.0268,132.229
245.62,12.0724,2.3968,62.3807,42.2635,95.8497,0.870926,19.0257,131.167
245.64,12.0724,2.34493,62.3807,42.2637,95.6165,0.870926,19.0257,130.636
245.66,12.0604,2.37213,62.1976,42.9593,95.6163,0.861458,19.0257,130.105
245.68,12.0603,2.44638,62.1973,42.9604,95.0917,0.861443,19.0257,127.982
245.7,12.052,2.36487,61.9224,43.4245,95.0913,0.861443,19.0257,130.103
245.72,12.052,2.30901,61.9222,43.4248,95.0913,0.861443,19.0257,133.288
245.74,12.0534,2.29429,61.9222,43.9353,94.3918,0.861443,19.0257,133.291
245.76,12.0534,2.31125,61.5557,43.9357,94.3913,0.861443,19.0257,128.515
245.78,12.0673,2.3187,61.5554,44.3998,93.5751,0.861443,19.0257,121.613
245.8,12.0673,2.31278,61.0976,44.4001,93.5745,0.861443,19.0257,114.715
245.82,12.0743,2.44572,61.0969,45.1427,92.9333,0.861443,19.0257,114.704
245.84,12.0743,2.49091,60.7762,45.1432,92.9328,0.861443,19.0257,114.704
245.86,12.0603,2.40437,60.776,45.1432,92.1167,0.861443,19.9722,116.296
245.88,12.0603,2.36852,60.1804,45.4217,92.1161,0.861443,19.9729,117.889
245.9,12.0135,2.29222,60.18,45.4219,91.3582,0.861443,19.9729,117.89
245.92,12.0134,2.26593,59.5844,45.5611,91.3577,0.861312,19.9729,117.89
245.94,12.0158,2.32991,59.584,45.5612,91.3577,0.861311,19.9729,117.89
245.96,12.0158,2.38482,58.8968,46.211,91.1828,0.867126,19.9729,117.89
245.98,12.012,2.38485,58.8962,46.2114,91.1826,0.86713,19.9729,119.482
246,12.012,2.36689,58.8962,46.5363,90.658,0.86713,19.9729,119.484
246.02,12.0107,2.42567,58.3927,46.5366,90.6576,0.86713,19.9729,119.484
246.04,12.0107,2.42288,58.3919,47.1399,90.4244,0.86713,19.9729,122.137
246.06,12.0093,2.36411,57.7963,47.1403,90.4242,0.86713,19.9729,125.323
246.08,12.0093,2.40064,57.7959,47.1403,89.9579,0.86713,19.9729,128.509
246.1,12.0083,2.33774,57.1087,47.6508,89.9575,0.86713,19.9729,131.695
246.12,12.0083,2.32775,57.1082,47.6512,89.5495,0.86713,20.6107,126.922
246.14,12.0083,2.43295,56.4668,48.3009,89.5492,0.86713,20.6112,122.142
246.16,12.0083,2.40005,56.4663,48.3014,89.1414,0.86713,20.6112,120.548
246.18,12.0088,2.34688,55.8707,48.9511,89.1408,0.866966,20.6112,119.484
246.2,12.0088,2.37991,55.8703,48.9516,89.1408,0.866966,20.6112,120.545
246.22,12.0046,2.38371,55.8703,49.5549,88.2664,0.830137,20.6112,120.546
246.24,12.0046,2.33286,55.2747,49.5554,88.2657,0.830109,20.6112,117.362
246.26,12.0181,2.26927,55.2743,50.4836,87.7411,0.830109,20.6112,120.543
246.28,12.0181,2.30668,54.8161,50.4843,87.7407,0.830109,20.6112,123.199
246.3,12.0074,2.43817,54.8158,51.4117,86.9835,0.830109,20.6112,121.61
246.32,12.0074,2.43107,54.3576,51.4131,86.9823,0.830109,20.6112,120.546
246.34,11.9972,2.37956,54.3573,51.4131,85.933,0.830109,20.6112,123.729
246.36,11.9972,2.35142,53.945,52.2949,85.9322,0.830109,20.6112,126.916
246.38,11.9981,2.34027,53.9447,52.2956,84.708,0.830109,19.7471,130.102
246.4,11.9981,2.3856,53.624,53.0845,84.7071,0.830109,19.7464,129.043
246.42,11.9828,2.29634,53.6237,53.0851,84.7071,0.830109,19.7464,129.573
246.44,11.9828,2.28641,53.4406,53.6416,83.3091,0.830654,19.7464,129.043
246.46,11.9763,2.39406,53.4403,53.6424,83.307,0.830655,19.7464,125.858
246.48,11.9763,2.42201,53.4403,54.1529,82.0828,0.784167,19.7464,124.795
246.5,11.9772,2.45393,53.2113,54.1533,82.0819,0.784132,19.7464,123.733
246.52,11.9763,2.4334,53.2111,54.1533,80.6839,0.784132,19.7464,126.383
246.54,11.9763,2.38663,52.8446,54.571,80.6818,0.784132,19.7464,132.755
246.56,11.9735,2.37807,52.8443,54.5713,79.4576,0.784132,19.7464,136.474
246.58,11.9735,2.38561,52.4778,54.8034,79.4567,0.784132,19.7464,140.191
246.6,11.9744,2.41433,52.4775,54.8035,78.524,0.784132,19.7464,146.031
246.62,11.9744,2.44539,51.8361,54.8499,78.5233,0.784132,19.7464,151.872
246.64,11.9712,2.41143,51.8357,54.85,78.4067,0.784132,20.7957,158.775
246.66,11.9712,2.33591,51.2405,55.1746,78.4066,0.784132,20.7965,160.901
246.68,11.9735,2.3437,51.2396,55.1751,78.4066,0.784132,20.7965,156.659
246.7,11.9735,2.51886,51.2396,55.4999,78.5232,0.794594,20.7965,155.595
246.72,11.973,2.43083,50.7357,55.5002,78.5233,0.794602,20.7965,158.778
246.74,11.973,2.43076,50.7353,56.2891,78.9896,0.806074,20.7965,159.311
246.76,11.9749,2.39927,50.323,56.2897,78.99,0.806083,20.7965,155.597
246.78,11.9749,2.39925,50.3227,57.1715,79.6312,0.806083,20.7965,151.349
246.8,11.9781,2.35428,49.636,57.1722,79.6317,0.806083,20.7965,147.104
246.82,11.9781,2.35421,49.635,57.1722,80.2146,0.806083,20.7965,145.506
246.84,11.9856,2.25025,49.2226,58.75,80.2151,0.806083,20.7965,143.913
246.86,11.9856,2.25017,49.2223,58.7512,80.3899,0.806083,20.7965,146.034
246.88,11.993,2.32416,49.1307,60.5612,80.3901,0.806083,20.7965,148.158
246.9,11.993,2.31924,49.1306,60.5625,80.3901,0.806083,21.1257,147.629
246.92,12.0352,2.33299,49.2223,62.3725,80.0403,0.806083,21.126,147.098
246.94,12.0353,2.31354,49.2223,62.3738,80.04,0.806083,21.126,142.856
246.96,12.0905,2.39066,49.2223,63.6733,79.3988,0.894643,21.126,137.543
246.98,12.0905,2.40019,49.3598,63.6743,79.3983,0.894711,21.126,134.886
247,12.1035,2.38127,49.3599,64.3704,78.4656,0.894711,21.126,129.047
247.02,12.1035,2.38356,49.8634,64.3709,78.4649,0.731128,21.126,120.559
247.04,12.1156,2.42959,49.8642,64.3245,77.4739,0.730878,21.126,116.831
247.06,12.1156,2.44877,50.1391,64.3245,77.4732,0.730878,21.126,113.114
247.08,12.1383,2.42161,50.1393,64.3245,76.1907,0.730878,21.126,113.111
247.1,12.1384,2.37717,50.1851,63.6748,76.1897,0.730878,21.126,113.111
247.12,12.1365,2.40379,50.1851,63.6743,74.9073,0.730878,21.126,108.866
247.14,12.1365,2.40381,50.1851,62.1428,74.9063,0.730878,21.126,104.618
247.16,11.9431,2.41154,50.002,62.1416,74.9063,0.730878,20.0364,105.145
247.18,11.9429,2.46454,50.0017,59.7748,73.5072,0.730878,20.0347,105.676
247.2,11.9294,2.39023,49.5894,59.773,73.5062,0.730878,20.0347,106.738
247.22,11.9294,2.33494,49.5891,56.7101,72.6901,0.902346,20.0347,108.861
247.24,11.9229,2.32744,48.8561,56.7077,72.6894,0.902477,20.0347,112.577
247.26,11.9229,2.35558,48.8555,53.1343,72.6311,0.902477,20.0347,117.886
247.28,11.9192,2.35182,48.0767,53.1316,72.6311,0.791829,20.0347,120.544
247.3,11.9192,2.36927,48.0761,53.1316,72.9806,0.791745,20.0347,121.076
247.32,11.9196,2.45466,47.3889,49.883,72.9811,0.791745,20.0347,122.138
247.34,11.9196,2.37951,47.3884,49.8805,72.9811,0.791745,20.0347,123.2
247.36,11.9196,2.34871,47.251,47.0032,73.3309,0.791745,20.0347,124.262
247.38,11.9196,2.36049,47.2509,47.001,73.3311,0.791745,20.0347,126.916
247.4,11.9201,2.408,47.5257,44.2165,73.8558,0.791745,20.0347,129.571
247.42,11.9201,2.41243,47.526,44.2144,73.8562,0.791745,22.1745,136.472
247.44,11.9224,2.46252,47.526,42.0812,74.5552,0.791745,22.1761,143.37
247.46,11.9224,2.44473,48.5796,42.078,74.5563,0.791745,22.1761,145.503
247.48,11.9206,2.41981,48.5805,40.5929,75.7221,0.791745,22.1761,149.219
247.5,11.9043,2.45482,50.5962,40.5918,75.723,0.757691,22.1761,153.997
247.52,11.9043,2.36668,50.5978,40.5918,76.7133,0.757665,22.1761,155.592
247.54,11.9034,2.36374,53.3007,39.1067,76.7148,0.703713,22.1761,158.247
247.56,11.9034,2.47292,53.3028,39.1056,77.9972,0.703672,22.1761,164.086
247.58,11.9043,2.44346,56.7846,37.9918,77.9982,0.703672,22.1761,167.805
247.6,11.9043,2.36171,56.7872,37.9909,79.1058,0.703672,22.1761,170.461
247.62,11.9043,2.38908,60.6355,37.2484,79.1066,0.703672,22.1761,173.116
247.64,11.9043,2.43411,60.6385,37.2478,79.1066,0.703672,22.1761,171.527
247.66,11.9043,2.4556,65.0331,36.8768,80.6211,0.703672,22.1761,169.935
247.68,11.9043,2.28411,65.0399,36.8763,80.6234,0.703672,26.5997,166.748
247.7,11.9034,2.37726,65.0399,36.1801,82.6637,0.703672,26.6031,161.97
247.72,11.9034,2.37733,69.7586,36.1796,82.6653,0.703672,26.6031,159.313
247.74,11.9029,2.1775,69.7622,36.0404,85.3468,0.703672,26.6031,160.373
247.76,11.9029,2.17735,74.3435,36.0403,85.3488,0.679574,26.6031,161.435
247.78,11.9034,2.19352,74.347,36.0403,88.963,0.679555,26.6031,157.191
247.8,11.9034,2.19353,78.2839,35.7157,88.9658,0.685043,26.6031,152.415
247.82,11.9043,2.02745,78.2899,35.7152,93.979,0.685051,26.6031,148.163
247.84,11.9043,2.02732,82.0466,35.3439,93.9829,0.685051,26.6031,142.853
247.86,11.9029,1.92284,82.0494,35.3436,100.22,0.685051,26.6031,135.951
247.88,11.9029,1.91558,86.4475,34.926,100.225,0.685051,26.6031,129.048
247.9,11.9015,1.7795,86.4508,34.9256,100.225,0.685051,26.6031,121.613
247.92,11.9015,1.81721,86.4508,34.5544,108.444,0.685051,26.6031,114.179
247.94,11.9015,1.61393,92.6309,34.5541,108.451,0.685051,27.2816,109.931
247.96,11.9015,1.66548,92.6403,34.8789,118.477,0.685051,27.2826,106.741
247.98,11.9034,1.4579,101.757,34.8792,118.485,0.685051,27.2826,100.371
248,11.9034,1.54949,101.764,35.2041,130.843,0.685051,27.2826,91.3454
248.02,11.9048,1.34555,114.582,35.2043,130.853,0.673195,27.2826,83.3851
248.04,11.9048,1.41009,114.601,35.4363,147.233,0.673176,27.2826,80.1892
248.06,11.9025,1.32964,132.469,35.4365,147.246,0.723095,27.2826,80.1867
248.08,11.9025,1.41898,132.482,35.4365,167.007,0.723133,27.2826,75.411
248.1,11.9066,1.39839,156.351,36.0862,167.022,0.723133,27.2826,70.6317
248.12,11.9066,1.45387,156.369,36.0867,167.022,0.723133,27.2826,67.9749
248.14,11.9076,1.43905,156.369,37.3398,187.017,0.723133,27.2826,65.3197
248.16,11.9076,1.39738,187.406,37.3407,187.032,0.723133,27.2826,58.9549
248.18,11.902,1.31974,187.454,38.8258,204.404,0.723133,27.2826,55.2308
248.2,11.902,1.34915,226.99,38.8269,204.417,0.723133,26.6653,56.8199
248.22,11.9062,1.30543,227.021,41.0081,218.641,0.723133,26.6649,55.7598
248.24,11.9076,1.34679,274.941,41.0098,218.652,0.723133,26.6649,54.1671
248.26,11.9076,1.38809,274.977,43.5622,229.436,0.723133,26.6649,55.7578
248.28,11.9085,1.42131,328.304,43.5642,229.444,0.738959,26.6649,58.9428
248.3,11.9085,1.37958,328.344,46.2074,237.949,0.738972,26.6649,59.4755
248.32,11.9062,1.35355,378.555,46.2114,237.962,0.746788,26.6649,58.9456
248.34,11.9062,1.30669,378.594,46.2114,237.962,0.746794,26.6649,60.0065
248.36,11.9117,1.35408,425.231,49.228,244.665,0.746794,26.6649,61.0686
248.38,11.9117,1.33904,425.267,49.2303,244.671,0.746794,26.6649,57.8856
248.4,11.9465,1.32728,425.267,52.2004,249.742,0.746794,26.6649,54.6994
248.42,11.9466,1.36172,470.164,52.2027,249.746,0.746794,26.6649,54.1663
248.44,11.9489,1.32284,470.198,55.4952,253.59,0.746794,26.6649,54.6961
248.46,11.9489,1.32278,509.001,55.5002,253.596,0.746794,29.4836,50.4519
248.48,11.9507,1.27724,509.031,59.2128,256.511,0.746794,29.4858,46.2035
248.5,11.9507,1.27721,540.092,59.2157,256.513,0.746794,29.4858,46.7309
248.52,11.9517,1.22004,540.116,63.3892,258.668,0.746794,29.4858,46.2011
248.54,11.9517,1.21995,566.046,63.3956,258.672,0.761031,29.4858,45.139
248.56,11.9572,1.27318,566.066,69.011,261.237,0.761042,29.4858,46.7301
248.58,11.9572,1.27322,589.293,69.0153,261.239,0.761042,29.4858,48.3232
248.6,12.2171,1.33735,589.311,69.0153,261.239,0.761042,29.4858,45.6713
248.62,12.2173,1.3374,610.385,76.3942,264.328,0.761042,29.4858,43.0161
248.64,12.0953,1.28928,610.401,76.3998,264.331,0.761042,29.4858,42.4834
248.66,12.0952,1.29066,628.025,86.5091,267.01,0.761042,29.4858,41.9528
248.68,12.626,1.2837,628.052,86.5246,267.014,0.761042,29.4858,38.2376
248.7,12.6264,1.26039,628.052,100.308,269.637,0.761042,29.4858,33.9897
248.72,12.3271,1.30974,643.079,100.318,269.639,0.761042,36.3784,32.3945
248.74,12.3269,1.34162,643.09,118.371,272.262,0.761042,36.3837,32.3933
248.76,12.0902,1.31979,656.101,118.385,272.264,0.761042,36.3837,30.8014
248.78,12.0901,1.32392,656.111,141.079,274.596,0.761042,36.3837,28.6777
248.8,11.9908,1.26918,667.144,141.096,274.598,0.79797,36.3837,29.7365
248.82,11.9907,1.26543,667.161,141.096,276.58,0.798027,36.3837,31.8607
248.84,11.986,1.30886,676.735,169.637,276.582,0.798027,36.3837,33.9848
248.86,11.986,1.3089,676.743,169.659,277.806,0.798027,36.3837,36.6396
248.88,12.1972,1.27709,685.035,202.516,277.807,0.798027,36.3837,39.2948
248.9,12.1973,1.25878,685.041,202.541,277.807,0.798027,36.3837,41.95
248.92,12.0219,1.27157,689.989,236.233,278.506,0.798027,36.3837,44.6052
248.94,12.0218,1.28466,689.993,236.259,278.507,0.798027,36.3837,48.3188
248.96,12.0227,1.30464,689.993,266.517,278.915,0.798027,36.3837,49.3857
248.98,12.0227,1.28495,691.23,266.54,278.915,0.798027,45.1691,47.7946
249,12.1397,1.31623,691.231,293.735,279.44,0.798027,45.1759,47.2628
249.02,12.1397,1.32108,688.347,293.756,279.44,0.798027,45.1759,48.3228
249.04,12.768,1.28431,688.342,317.517,279.265,0.798027,45.1759,48.8551
249.06,12.7684,1.28622,682.478,317.535,279.265,0.819247,45.1759,49.9168
249.08,12.5435,1.33441,682.474,317.535,278.507,0.819263,45.1759,52.5708
249.1,12.5433,1.36425,672.899,338.558,278.507,0.803232,45.1759,55.2259
249.12,12.1006,1.42014,672.892,338.574,277.049,0.803219,45.1759,57.8811
249.14,12.1003,1.38591,659.239,356.581,277.048,0.803219,45.1759,60.5363
249.16,12.0168,1.31952,659.229,356.594,277.048,0.803219,45.1759,62.129
249.18,11.9712,1.33711,642.553,372.466,274.6,0.803219,45.1759,63.7234
249.2,11.9712,1.34523,642.54,372.478,274.598,0.803219,45.1759,65.8471
249.22,11.9716,1.3222,642.54,386.308,271.334,0.803219,45.1759,67.4406
249.24,11.9716,1.32153,625.498,386.318,271.331,0.803219,57.171,67.9725
249.26,11.9726,1.28066,625.485,397.828,267.542,0.803219,57.1802,66.381
249.28,11.9726,1.33903,610.641,397.836,267.539,0.803219,57.1802,63.196
249.3,11.9679,1.34043,610.63,397.836,263.695,0.803219,57.1802,66.3749
249.32,11.9679,1.41008,600.964,407.814,263.689,0.814963,57.1802,69.5636
249.34,11.9591,1.45066,600.956,407.822,259.2,0.814972,57.1802,67.4435
249.36,11.9591,1.43201,595.55,415.943,259.197,0.781103,57.1802,65.3193
249.38,11.9582,1.40018,595.546,415.949,254.475,0.781077,57.1802,68.5015
249.4,11.9582,1.40016,591.148,422.679,254.471,0.781077,57.1802,71.6877
249.42,11.9582,1.43784,591.145,422.684,254.471,0.781077,57.1802,73.8127
249.44,11.9582,1.43787,591.145,429.037,249.986,0.781077,57.1802,74.8748
249.46,11.9591,1.46933,587.067,429.047,249.979,0.781077,57.1802,76.4683
249.48,11.9591,1.46935,587.064,436.008,245.899,0.781077,57.1802,75.9389
249.5,11.96,1.37344,585.003,436.013,245.896,0.781077,62.6737,73.8159
249.52,11.96,1.37337,585.001,442.32,244.09,0.781077,62.6779,73.8143
249.54,11.9591,1.39977,584.909,442.329,244.087,0.781077,62.6779,74.3449
249.56,11.9591,1.44135,584.909,442.329,244.553,0.781077,62.6779,76.9985
249.58,11.9577,1.4045,586.604,447.202,244.554,0.841184,62.6779,79.1231
249.6,11.9577,1.38613,586.606,447.206,246.594,0.84123,62.6779,77.0022
249.62,11.9559,1.32146,589.95,451.012,246.596,0.813337,62.6779,74.878
249.64,11.9559,1.39636,589.953,451.014,246.596,0.813315,62.6779,73.8151
249.66,11.9568,1.3755,594.256,454.168,248.809,0.813315,62.6779,72.7538
249.68,11.9568,1.36025,594.262,454.173,248.813,0.813315,62.6779,73.8135
249.7,11.9559,1.34103,594.262,456.493,250.27,0.813315,62.6779,74.3449
249.72,11.9559,1.32866,600.355,456.495,250.271,0.813315,62.6779,68.5084
249.74,11.9549,1.29219,600.36,459.001,251.787,0.813315,62.6779,63.1976
249.76,11.9568,1.27599,607.095,459.003,251.788,0.813315,62.6779,63.1935
249.78,11.9568,1.27598,607.1,461.045,253.711,0.813315,63.8712,64.7854
249.8,11.9563,1.30194,616.896,461.046,253.713,0.813315,63.8722,63.7262
249.82,11.9563,1.30893,616.911,461.046,256.686,0.813315,63.8722,61.0714
249.84,11.9559,1.32425,627.265,463.32,256.688,0.807794,63.8722,58.4162
249.86,11.9559,1.31146,627.273,463.322,260.361,0.807789,63.8722,55.2304
249.88,11.9568,1.31728,636.069,466.292,260.363,0.795597,63.8722,52.0442
249.9,11.9568,1.34631,636.076,466.294,260.363,0.795588,63.8722,50.9805
249.92,11.9535,1.34062,636.076,470.518,264.794,0.795588,63.8722,51.5103
249.94,11.9535,1.29006,645.414,470.521,264.797,0.795588,63.8722,49.92
249.96,11.9494,1.4182,645.429,474.326,269.111,0.795588,63.8722,48.3257
249.98,11.9494,1.4183,654.271,474.329,269.114,0.795588,63.8722,44.61
250,11.9503,1.31356,654.277,476.974,272.612,0.795588,63.8722,39.8315
250.02,11.9503,1.31348,663.616,476.976,272.615,0.795588,63.8722,39.2976
250.04,11.9494,1.32096,663.63,477.58,274.946,0.795588,62.8023,39.8274
250.06,11.9494,1.32097,673.159,477.58,274.948,0.795588,62.8014,39.8279
250.08,11.9503,1.30809,673.167,477.58,277.105,0.795588,62.8014,39.8279
250.1,11.9503,1.30808,681.001,477.58,277.107,0.710037,62.8014,39.8279
250.12,11.9484,1.33596,681.007,477.58,277.107,0.709971,62.8014,40.3585
250.14,11.9484,1.32901,686.687,477.023,279.497,0.719018,62.8014,40.8895
250.16,11.9494,1.31753,686.692,477.023,279.498,0.719025,62.8014,40.8899
250.18,11.9494,1.32525,686.692,476.605,281.131,0.719025,62.8014,41.4206
250.2,11.9494,1.29419,688.433,476.605,281.132,0.719025,62.8014,40.3597
250.22,11.9494,1.27692,688.434,476.744,281.831,0.719025,62.8014,37.1751
250.24,11.9498,1.22323,687.197,476.744,281.832,0.719025,62.8014,35.5808
250.26,11.9498,1.24791,687.196,477.765,282.007,0.719025,62.8014,37.7021
250.28,11.9503,1.28567,684.31,477.766,282.007,0.719025,62.8014,41.4181
250.3,11.9503,1.29009,684.308,479.25,281.191,0.719025,63.6032,42.4814
250.32,11.9489,1.26517,681.147,479.252,281.19,0.719025,63.6045,43.5443
250.34,11.9489,1.30171,681.144,479.252,278.8,0.719025,63.6045,45.6676
250.36,11.9489,1.34975,678.854,480.691,278.798,0.935791,63.6045,47.7918
250.38,11.9489,1.34917,678.852,480.692,278.798,0.935956,63.6045,46.7322
250.4,11.948,1.39553,676.973,481.945,275.651,0.935467,63.6045,45.6701
250.42,11.948,1.36652,676.972,481.946,275.648,0.935467,63.6045,45.6693
250.44,11.9489,1.33181,676.972,482.41,272.503,0.935467,63.6045,47.7902
250.46,11.9489,1.31835,675.735,482.41,272.498,0.935467,63.6045,48.8547
250.48,11.9507,1.36306,675.734,480.879,269.233,0.935467,63.6045,53.1006
250.5,11.9507,1.35125,674.909,480.878,269.231,0.935467,63.6045,57.3489
250.52,11.9535,1.38232,674.909,478.327,266.318,0.935467,63.6045,58.4126
250.54,11.9559,1.345,674.267,478.323,266.314,0.935467,63.6045,59.4755
250.56,11.9559,1.31301,674.267,478.323,263.982,0.935467,68.1927,59.4763
250.58,11.9572,1.31614,672.709,475.214,263.98,0.935467,68.1962,59.4763
250.6,11.9572,1.34126,672.708,475.212,263.106,0.935467,68.1962,58.9456
250.62,11.9624,1.36743,669.685,472.706,263.105,0.86076,68.1962,58.4146
250.64,11.9624,1.36551,669.682,472.704,263.105,0.860703,68.1962,60.0061
250.66,11.9661,1.33622,664.326,470.246,263.863,0.861769,68.1962,61.598
250.68,11.9661,1.30055,664.318,470.242,263.864,0.86177,68.1962,59.4779
250.7,11.9726,1.33224,664.318,467.365,265.263,0.86177,68.1962,57.8844
250.72,11.9726,1.34702,657.583,467.363,265.264,0.86177,68.1962,58.9444
250.74,11.9744,1.37316,657.578,465.228,266.605,0.86177,68.1962,58.4146
250.76,11.9744,1.37318,649.928,465.226,266.606,0.86177,68.1962,55.2304
250.78,11.9976,1.35289,649.922,463.509,267.247,0.86177,68.1962,54.1667
250.8,11.9976,1.35288,642.231,463.508,267.247,0.86177,68.1962,56.2868
250.82,12.82,1.37908,642.219,463.508,267.422,0.86177,66.2416,57.8819
250.84,12.8206,1.3791,635.989,462.533,267.422,0.86177,66.2401,59.475
250.86,12.9759,1.40465,635.984,462.533,266.898,0.86177,66.2401,58.9456
250.88,12.976,1.40466,631.265,463.136,266.897,0.852477,66.2401,58.4146
250.9,12.4963,1.42211,631.262,463.136,266.897,0.85247,66.2401,54.6997
250.92,12.4959,1.41048,626.085,464.668,265.848,0.86925,66.2401,50.4518
250.94,12.0387,1.41379,626.081,464.669,265.847,0.869263,66.2401,49.3882
250.96,12.038,1.41524,626.081,466.896,263.807,0.869263,66.2401,49.3865
250.98,12.1244,1.35546,620.354,466.898,263.805,0.869263,66.2401,50.4478
251,12.1244,1.36738,620.35,467.594,261.299,0.869263,66.2401,53.1018
251.02,12.3472,1.39344,613.02,467.595,261.297,0.869263,66.2401,55.757
251.04,12.3473,1.41254,613.014,467.595,259.14,0.869263,66.2401,56.8203
251.06,12.2466,1.37885,604.401,466.945,259.138,0.869263,66.2401,57.8823
251.08,12.2466,1.35498,604.395,466.945,258.322,0.869263,61.9399,61.0669
251.1,12.2582,1.36503,594.408,464.392,258.322,0.869263,61.9366,64.2532
251.12,12.2582,1.35075,594.4,464.39,257.739,0.869263,61.9366,66.3781
251.14,12.0456,1.34297,582.992,460.353,257.738,0.809422,61.9366,68.5023
251.16,12.0455,1.36217,582.984,460.35,257.738,0.809377,61.9366,72.2155
251.18,12.0933,1.44307,582.984,455.384,256.514,0.846659,61.9366,78.5888
251.2,12.0933,1.43775,570.935,455.38,256.513,0.846687,61.9366,82.8387
251.22,12.0418,1.42016,570.926,450.507,254.473,0.846687,61.9366,81.25
251.24,12.0418,1.41927,561.305,450.504,254.471,0.846687,61.9366,80.1876
251.26,12.2343,1.43429,561.298,446.188,251.673,0.846687,61.9366,79.6561
251.28,12.2345,1.47754,555.113,446.184,251.671,0.846687,61.9366,79.1251
251.3,12.2294,1.51197,555.108,446.184,248.234,0.846687,61.9366,82.306
251.32,12.2294,1.50641,550.115,441.497,248.229,0.846687,61.9366,85.4947
251.34,12.1737,1.47491,550.111,441.493,244.382,0.846687,60.0437,85.4971
251.36,12.1736,1.42158,546.308,436.528,244.379,0.846687,60.0423,85.4971
251.38,12.246,1.40578,546.305,436.524,244.379,0.846687,60.0423,86.0278
251.4,12.1375,1.38497,543.74,432.347,240.765,0.839796,60.0423,86.5588
251.42,12.1374,1.41971,543.738,432.344,240.762,0.83979,60.0423,85.4979
251.44,12.2431,1.40639,543.738,428.82,239.772,0.864008,60.0423,81.2553
251.46,12.2433,1.39834,542.913,428.814,239.77,0.864045,60.0423,78.5957
251.48,12.0011,1.37918,542.913,426.494,241.985,0.864045,60.0423,78.063
251.5,12.0009,1.3029,544.012,426.492,241.987,0.864045,60.0423,75.4094
251.52,11.9972,1.35502,544.013,424.543,244.96,0.864045,60.0423,70.6317
251.54,11.9972,1.31791,546.624,424.542,244.962,0.864045,60.0423,66.383
251.56,11.9916,1.33615,546.626,424.542,247.119,0.864045,60.0423,64.7879
251.58,11.9916,1.31716,550.017,423.567,247.121,0.864045,60.0423,63.1947
251.6,11.9888,1.30148,550.019,423.566,248.928,0.864045,59.8365,57.3566
251.62,11.9888,1.30147,554.005,423.102,248.929,0.864045,59.8364,51.5152
251.64,11.9907,1.31513,554.008,423.102,248.929,0.864045,59.8364,52.572
251.66,11.9907,1.31514,554.008,422.916,251.259,0.904466,59.8364,53.6332
251.68,11.9921,1.29278,559.689,422.916,251.263,0.904528,59.8364,54.1655
251.7,11.9921,1.29276,559.693,423.751,253.944,0.886538,59.8364,53.6353
251.72,11.9925,1.30974,564.641,423.752,253.946,0.886524,59.8364,49.3898
251.74,11.9925,1.30975,564.645,425.051,256.628,0.886524,59.8364,45.6721
251.76,11.9921,1.32682,565.469,425.052,256.63,0.886524,59.8364,45.6693
251.78,11.9921,1.33102,565.47,426.77,258.612,0.886524,59.8364,46.1999
251.8,11.993,1.32589,564.28,426.771,258.613,0.886524,59.8364,45.1399
251.82,11.993,1.35385,564.278,426.771,258.788,0.886524,59.8364,44.6076
251.84,11.9898,1.42931,564.232,429.045,258.788,0.886524,59.8364,44.0766
251.86,11.9898,1.45618,564.232,429.047,258.788,0.886524,60.9886,47.2599
251.88,11.9953,1.44735,567.805,431.831,257.622,0.886524,60.9895,50.4462
251.9,11.9953,1.41539,567.808,431.833,257.622,0.886524,60.9895,49.918
251.92,12.0018,1.45295,567.808,434.803,255.232,0.903884,60.9895,49.3869
251.94,12.0018,1.46931,572.569,434.806,255.23,0.903897,60.9895,50.9772
251.96,12.0041,1.47007,572.576,437.59,251.849,0.903897,60.9895,52.5715
251.98,12.0041,1.39677,577.112,437.592,251.846,0.854391,60.9895,51.5115
252,12.0037,1.37876,577.115,440.052,248.698,0.854353,60.9895,50.4494
252.02,12.0037,1.35325,581.788,440.054,248.696,0.854353,60.9895,50.9792
252.04,12.0055,1.37486,581.792,440.054,247.763,0.854353,60.9895,52.5715
252.06,12.0055,1.35043,586.648,442.142,247.762,0.854353,60.9895,53.1034
252.08,12.0046,1.3717,586.652,442.144,251.377,0.854353,60.9895,53.6344
252.1,12.0046,1.38456,592.47,444.232,251.379,0.854353,60.9895,54.1655
252.12,12.0079,1.29327,592.474,444.234,251.379,0.854353,66.9562,55.7578
252.14,12.0079,1.30227,599.392,446.647,257.675,0.854353,66.9607,57.3509
252.16,12.0069,1.23591,599.397,446.649,257.68,0.854353,66.9607,58.4126
252.18,12.0144,1.26909,599.397,448.969,263.626,0.832297,66.9607,57.8836
252.2,12.0144,1.20306,608.972,448.971,263.63,0.83228,66.9607,56.8219
252.22,12.0501,1.22799,608.98,452.266,268.644,0.83228,66.9607,56.8211
252.24,12.0501,1.25731,621.532,452.268,268.648,0.793716,66.9607,56.2904
252.26,11.9615,1.26901,621.542,457.234,272.728,0.793687,66.9607,54.1675
252.28,11.9614,1.27735,638.355,457.238,272.731,0.793687,66.9607,51.5127
252.3,11.9628,1.30022,638.368,457.238,275.993,0.793687,66.9607,50.4502
252.32,11.9628,1.26541,660.542,462.528,275.998,0.793687,66.9607,50.9792
252.34,11.96,1.28531,660.558,462.533,278.971,0.793687,66.9607,50.449
252.36,11.96,1.35068,681.037,466.756,278.973,0.793687,66.9607,49.918
252.38,11.9596,1.27824,681.052,466.759,278.973,0.793687,73.9151,50.9788
252.4,11.9596,1.27818,698.736,470.286,282.354,0.793687,73.9204,52.0409
252.42,11.9628,1.272,698.75,470.289,282.357,0.793687,73.9204,53.103
252.44,11.9628,1.27199,698.75,473.952,286.376,0.810993,73.9204,54.1642
252.46,11.9633,1.31811,713.914,473.958,286.382,0.811019,73.9204,54.1659
252.48,11.9633,1.31815,713.925,477.345,289.472,0.811019,73.9204,53.6352
252.5,11.9624,1.2848,725.837,477.348,289.474,0.816754,73.9204,53.1042
252.52,11.9624,1.28477,725.846,479.529,291.631,0.816758,73.9204,51.5119
252.54,11.961,1.31432,734.55,479.531,291.633,0.816758,73.9204,49.9188
252.56,11.961,1.32649,734.557,479.531,292.799,0.816758,73.9204,50.9788
252.58,11.9605,1.31191,740.009,481.109,292.8,0.816758,73.9204,52.0409
252.6,11.9605,1.30728,740.013,481.11,293.616,0.816758,73.9204,52.5724
252.62,11.9605,1.33397,743.174,482.688,293.616,0.816758,73.9204,53.1034
252.64,11.9605,1.33871,743.176,482.689,293.616,0.816758,75.4429,52.5732
252.66,11.9586,1.31497,743.176,483.987,293.733,0.816758,75.4441,52.0425
252.68,11.9586,1.27717,744.093,483.989,293.733,0.816758,75.4441,53.103
252.7,11.9605,1.29538,744.093,483.943,293.15,0.847341,75.4441,53.6344
252.72,11.9605,1.32358,741.94,483.943,293.15,0.847364,75.4441,52.5736
252.74,11.96,1.33221,741.938,482.69,291.925,0.847364,75.4441,51.5115
252.76,11.96,1.30327,738.182,482.689,291.924,0.882322,75.4441,51.5107
252.78,11.9605,1.36674,738.179,480.879,289.651,0.882349,75.4441,52.572
252.8,11.9605,1.38199,733.967,480.878,289.649,0.882349,75.4441,52.0425
252.82,11.9596,1.30322,733.961,480.878,286.909,0.882349,75.4441,50.9805
252.84,11.9596,1.2922,729.013,479.439,286.907,0.882349,75.4441,49.9184
252.86,11.9582,1.31864,729.009,479.438,286.907,0.882349,75.4441,47.795
252.88,11.9582,1.35323,723.1,478.324,283.351,0.882349,75.4441,45.6709
252.9,11.9568,1.37709,723.095,478.323,283.349,0.882349,74.3125,44.0774
252.92,11.9563,1.35357,723.095,479.669,280.084,0.882349,74.3116,42.4843
252.94,11.9563,1.31604,716.228,479.67,280.082,0.882349,74.3116,41.9528
252.96,11.9577,1.33993,716.218,481.294,277.867,0.882349,74.3116,41.952
252.98,11.9577,1.33385,708.521,481.296,277.865,0.76043,74.3116,39.2988
253,11.9563,1.27854,708.515,481.713,276.816,0.760337,74.3116,37.1743
253.02,11.9563,1.28993,701.277,481.714,276.815,0.835717,74.3116,37.1727
253.04,11.9549,1.34167,701.271,479.997,276.232,0.835774,74.3116,38.7646
253.06,11.9549,1.32487,694.903,479.995,276.232,0.835774,74.3116,40.3577
253.08,11.9545,1.31621,694.899,479.995,275.532,0.835774,74.3116,40.3589
253.1,11.9545,1.25583,689.264,476.7,275.531,0.835774,74.3116,40.3589
253.12,11.9563,1.28027,689.259,476.698,275.531,0.835774,74.3116,42.4814
253.14,11.9563,1.28029,684.541,471.732,274.657,0.835774,74.3116,44.6056
253.16,11.9549,1.31204,684.537,471.728,274.656,0.835774,74.0238,46.7281
253.18,11.9549,1.31209,684.537,465.046,273.549,0.835774,74.0233,46.7313
253.2,11.9563,1.32743,681.193,465.04,273.548,0.835774,74.0233,45.6701
253.22,11.9563,1.32744,681.19,456.548,272.557,0.835774,74.0233,44.0774
253.24,11.9545,1.3029,678.716,456.541,272.556,0.743194,74.0233,43.0149
253.26,11.9545,1.30289,678.714,445.775,272.556,0.743123,74.0233,42.4834
253.28,11.9559,1.36617,675.874,445.766,272.556,0.832781,74.0233,43.0137
253.3,11.9559,1.38375,675.872,445.766,273.022,0.832849,74.0233,46.7257
253.32,11.9577,1.35505,671.29,430.637,273.023,0.832849,74.0233,50.4458
253.34,11.9577,1.32804,671.287,430.626,273.489,0.832849,74.0233,52.0405
253.36,11.9545,1.3456,664.69,410.113,273.49,0.832849,74.0233,53.6336
253.38,11.9545,1.33609,664.685,410.098,273.49,0.832849,74.0233,56.288
253.4,11.9549,1.37382,656.347,384.063,273.781,0.832849,74.0233,58.9432
253.42,11.9549,1.36856,656.34,384.043,273.781,0.832849,66.6575,61.0678
253.44,11.9559,1.2915,656.34,354.596,274.306,0.832849,66.6519,62.1298
253.46,11.9559,1.29521,646.903,354.551,274.306,0.832849,66.6519,61.6008
253.48,11.9563,1.297,646.896,321.694,274.19,0.832849,66.6519,57.886
253.5,11.9563,1.27685,636.909,321.669,274.19,0.735035,66.6519,55.7606
253.52,11.9572,1.30771,636.901,286.816,272.966,0.734961,66.6519,54.6977
253.54,11.9572,1.30908,628.38,286.79,272.965,0.858087,66.6519,52.0438
253.56,11.9642,1.28579,628.373,286.79,270.866,0.858181,66.6519,48.8579
253.58,11.9642,1.29271,623.196,253.654,270.864,0.858181,66.6519,45.6717
253.6,11.9679,1.26513,623.192,253.629,267.658,0.858181,66.6519,44.608
253.62,11.9679,1.25809,619.344,225.134,267.656,0.858181,66.6519,43.5459
253.64,11.9698,1.26215,619.341,225.112,267.656,0.858181,66.6519,44.6064
253.66,11.9698,1.30551,614.809,200.488,263.753,0.858181,66.6519,45.6677
253.68,11.9689,1.26522,614.802,200.451,263.747,0.858181,56.1175,46.1999
253.7,11.9689,1.27502,614.802,180.078,259.725,0.858181,56.1095,46.7309
253.72,11.9679,1.29868,609.671,180.062,259.722,0.858181,56.1095,44.0782
253.74,11.9679,1.29121,609.667,163.123,256.691,0.858181,56.1095,41.9536
253.76,11.9702,1.31729,603.391,163.11,256.688,0.811083,56.1095,41.952
253.78,11.9703,1.30071,603.386,163.11,256.397,0.811047,56.1095,39.8295
253.8,11.9693,1.2989,595.192,147.761,256.397,0.85854,56.1095,36.1163
253.82,11.9684,1.3282,595.179,147.737,258.029,0.858613,56.1095,32.3962
253.84,11.9684,1.31104,584.78,133.861,258.03,0.858613,56.1095,28.6789
253.86,11.9791,1.27372,584.772,133.851,259.429,0.858613,56.1095,28.1454
253.88,11.9791,1.25834,570.707,122.109,259.43,0.858613,56.1095,27.6144
253.9,11.9809,1.27797,570.697,122.1,259.43,0.858613,56.1095,30.2671
253.92,11.9809,1.31782,570.697,113.144,259.722,0.858613,56.1095,31.8611
253.94,11.9828,1.28098,551.516,113.137,259.722,0.858613,44.2879,32.3925
253.96,11.9828,1.24068,551.486,105.387,259.197,0.858613,44.2699,38.7609
253.98,11.9837,1.2815,526.06,105.381,259.197,0.858613,44.2699,45.664
254,11.9837,1.32215,526.041,98.7443,257.623,0.858613,44.2699,48.3224
254.02,11.9814,1.28614,494.98,98.7392,257.622,0.840118,44.2699,50.9776
254.04,11.9814,1.28612,494.956,98.7392,255.29,0.840104,44.2699,56.286
254.06,11.9795,1.25657,456.519,92.799,255.288,0.86368,44.2699,60.0045
254.08,11.9795,1.25655,456.489,92.7944,251.149,0.863698,44.2699,61.5992
254.1,11.9809,1.3165,410.906,87.0398,251.146,0.863698,44.2699,63.1923
254.12,11.9809,1.31654,410.871,87.0354,251.146,0.863698,44.2699,66.3773
254.14,11.9833,1.39306,360.11,81.3272,244.267,0.863698,44.2699,69.5636
254.16,11.9833,1.39311,360.071,81.3229,244.262,0.863698,44.2699,72.2172
254.18,11.9819,1.47969,360.071,76.1716,233.886,0.863698,44.2699,73.8131
254.2,11.9819,1.49579,310.273,76.1676,233.878,0.863698,30.4435,77.5287
254.22,11.9833,1.58619,310.235,71.666,219.596,0.863698,30.433,86.0217
254.24,11.9833,1.59669,267.537,71.6626,219.585,0.863698,30.433,94.5183
254.26,11.98,1.82367,267.504,67.9499,202.388,0.863698,30.433,103.015
254.28,11.98,1.81877,230.442,67.9471,202.375,0.883235,30.433,109.389
254.3,11.9781,1.88377,230.413,67.9471,182.804,0.88325,30.433,121.059
254.32,11.9781,1.76221,199.764,64.7913,182.774,0.906404,30.433,132.751
254.34,11.9805,1.90132,199.741,64.7889,161.963,0.906422,30.433,139.658
254.36,11.9805,1.83185,174.223,62.6077,161.947,0.906422,30.433,146.561
254.38,11.9768,1.90607,174.204,62.6061,161.947,0.906422,30.433,147.628
254.4,11.9768,1.81576,174.204,60.7033,143.293,0.906422,30.433,153.466
254.42,11.9786,1.90096,151.389,60.7019,143.279,0.906422,30.433,163.552
254.44,11.9786,1.79207,151.371,58.9861,130.58,0.906422,30.433,174.164
254.46,11.98,1.87355,130.664,58.9835,130.561,0.906422,22.6351,182.14
254.48,11.98,1.82505,130.648,58.0089,122.05,0.906422,22.6291,190.106
254.5,11.9791,1.86169,113.56,58.0081,122.044,0.906422,22.6291,200.194
254.52,11.9791,1.91179,113.547,56.8943,115.748,0.906422,22.6291,211.875
254.54,11.9805,1.97199,100.719,56.8935,115.743,0.896227,22.6291,221.966
254.56,11.9786,1.94489,100.71,56.8935,111.721,0.896219,22.6291,229.403
254.58,11.9786,2.02766,90.31,55.8725,111.718,0.856636,22.6291,236.837
254.6,11.9768,2.00278,90.3021,55.8717,111.718,0.856605,22.6291,244.272
254.62,11.9768,1.96045,82.6513,55.222,108.512,0.856605,22.6291,251.706
254.64,11.9772,2.0129,82.6455,55.2215,108.509,0.856605,22.6291,254.365
254.66,11.9772,2.04927,82.6455,54.4796,104.839,0.856605,22.6291,258.609
254.68,11.9814,1.99499,77.0563,54.4784,104.834,0.856605,22.6291,262.861
254.7,11.9814,2.07546,77.052,53.4574,100.87,0.856605,22.6291,262.864
254.72,11.9809,2.01814,71.8293,53.4567,100.867,0.856605,22.6291,257.558
254.74,11.9809,1.99334,71.8253,52.8534,98.1853,0.856605,19.0079,255.962
254.76,11.9976,2.0438,66.9234,52.8529,98.1832,0.856605,19.0052,260.205
254.78,11.9976,2.04384,66.9196,52.064,96.6093,0.856605,19.0052,264.984
254.8,12.0078,2.0264,62.7538,52.0634,96.6081,0.864142,19.0052,269.76
254.82,12.0079,2.02637,62.7475,52.0634,95.792,0.864153,19.0052,267.645
254.84,12.0441,1.99977,59.1282,51.1816,95.7914,0.984579,19.0052,265.521
254.86,12.0441,1.99975,59.1255,51.1809,95.7914,0.984671,19.0052,265.519
254.88,12.0715,2.04902,55.9186,50.1599,95.2084,0.984671,19.0052,265.519
254.9,12.0715,2.04906,55.9161,50.1592,95.208,0.984671,19.0052,265.519
254.92,12.0984,2.04979,55.9161,48.3028,94.5667,0.984671,19.0052,269.233
254.94,12.0984,2.12916,53.3526,48.3014,94.5663,0.984671,19.0052,271.357
254.96,12.1323,2.20799,53.3486,46.5379,92.8757,0.984671,19.0052,264.993
254.98,12.1323,2.18415,51.6077,46.5366,92.8745,0.984671,19.0052,261.274
255,12.1597,2.177,51.6064,44.8659,90.0764,0.984671,18.1204,263.924
255.02,12.1597,2.10364,50.0488,44.8646,90.0742,0.984671,18.1198,267.64
255.04,12.1597,2.21947,50.0476,44.8646,87.6259,0.984671,18.1198,270.296
255.06,12.1597,2.16674,48.6732,42.869,87.624,0.955091,18.1198,272.952
255.08,12.1811,2.27596,48.6721,42.8675,85.234,0.955069,18.1198,270.831
255.1,12.1811,2.28609,48.2598,41.8465,85.2321,0.941972,18.1198,268.707
255.12,12.1815,2.34316,48.2595,41.8457,85.2321,0.941962,18.1198,274.542
255.14,12.1815,2.27757,48.1221,40.3607,83.5999,0.941962,18.1198,280.384
255.16,12.2219,2.30668,48.122,40.3595,83.5987,0.941962,18.1198,282.509
255.18,12.2219,2.30365,48.122,38.9209,82.083,0.941962,18.1198,281.451
255.2,12.2535,2.16644,47.9845,38.9198,82.0819,0.941962,18.1198,279.858
255.22,12.2535,2.18116,47.9844,37.6668,80.5662,0.941962,18.1198,280.388
255.24,12.2688,2.2287,47.8928,37.6658,80.5651,0.941962,18.1198,283.041
255.26,12.2688,2.21186,47.8927,36.4128,79.5741,0.941962,19.1279,284.635
255.28,12.2688,2.2515,47.3888,36.4118,79.5733,0.941962,19.1287,283.575
255.3,12.2688,2.26702,47.3884,36.4118,78.5831,0.941962,19.1287,280.923
255.32,12.2874,2.20174,46.747,35.1124,78.5816,0.912903,19.1287,278.266
255.34,12.2874,2.17865,46.7465,35.1114,78.3484,0.912881,19.1287,270.304
255.36,12.3023,2.12437,46.2884,33.2551,78.3482,0.972725,19.1287,262.339
255.38,12.319,2.16973,46.2881,33.2537,78.3482,0.972771,19.1287,268.17
255.4,12.319,2.17253,45.9216,32.2791,78.2899,0.972771,19.1287,274.011
255.42,12.3232,2.20484,45.9213,32.2784,78.2899,0.972771,19.1287,273.485
255.44,12.3232,2.15577,45.9213,31.3045,78.5811,0.972771,19.1287,270.303
255.46,12.3241,2.1485,45.6464,31.303,78.5816,0.972771,19.1287,268.176
255.48,12.3241,2.16619,45.6462,30.4677,78.5816,0.972771,19.1287,267.113
255.5,12.3144,2.14976,44.7757,30.467,78.5816,0.972771,19.1287,269.235
255.52,12.3144,2.1807,44.7751,30.467,78.2901,0.972771,19.5196,276.665
255.54,12.3134,2.16146,43.7214,29.4461,78.2899,0.972771,19.5199,280.385
255.56,12.3134,2.21961,43.7206,29.4453,78.0567,0.972771,19.5199,277.735
255.58,12.3139,2.1495,42.7585,28.7028,78.0565,0.992728,19.5199,275.08
255.6,12.3139,2.14945,42.7578,28.7022,78.1148,0.992743,19.5199,272.425
255.62,12.3134,2.11779,41.7499,27.774,78.1149,0.98139,19.5199,269.769
255.64,12.3134,2.11777,41.7491,27.7733,78.1149,0.981381,19.5199,264.992
255.66,12.3018,2.07076,41.7491,27.2168,78.9886,0.981381,19.5199,262.867
255.68,12.3018,2.07069,40.6954,27.216,78.99,0.981381,19.5199,261.803
255.7,12.3009,1.99455,40.6946,27.0304,80.4473,0.981381,19.5199,265.516
255.72,12.3009,1.99449,39.5951,27.0302,80.4484,0.981381,19.5199,270.825
255.74,12.2981,1.97717,39.5943,26.7518,81.2062,0.981381,19.5199,272.421
255.76,12.2981,1.98524,37.8992,26.7516,81.2068,0.981381,19.5199,275.606
255.78,12.2972,1.98728,37.8979,26.7516,81.6149,0.981381,19.7668,277.731
255.8,12.2972,2.01794,35.8379,26.4733,81.6152,0.981381,19.767,274.552
255.82,12.2972,2.0429,35.8347,26.4729,82.7228,0.981381,19.767,269.771
255.84,12.2972,2.03271,34.2313,26.3337,82.7236,1.08038,19.767,264.992
255.86,12.2911,1.99155,34.2301,26.3336,82.7236,1.08045,19.767,268.172
255.88,12.2911,2.02745,32.9931,26.1479,83.6563,0.863346,19.767,271.358
255.9,12.2767,2.08003,32.9922,26.1478,83.657,0.86318,19.767,273.483
255.92,12.2767,2.08667,32.9922,26.1942,83.4238,0.86318,19.767,274.015
255.94,12.2095,2.09074,31.6646,26.1942,83.4237,0.86318,19.767,269.244
255.96,12.2094,2.1009,31.6626,26.3335,82.3161,0.86318,19.767,262.869
255.98,12.1718,2.11796,30.5631,26.3336,82.3152,0.86318,19.767,262.864
256,12.1718,2.12304,30.5622,26.5658,79.7484,0.86318,19.767,260.209
256.02,12.1546,2.14815,29.784,26.5658,79.7484,0.86318,19.767,260.739
256.04,12.1546,2.12666,29.7828,26.5658,76.073,0.86318,21.1466,261.271
256.06,12.136,2.1954,29.0951,26.38,76.073,0.86318,21.1466,261.802
256.08,12.1013,2.10416,29.0951,26.38,73.1606,0.86318,21.1466,259.151
256.1,12.1012,2.15931,28.6825,26.1942,73.1561,0.981412,21.1466,256.491
256.12,12.0776,2.15065,28.6825,26.1942,73.1561,0.981412,21.1466,246.947
256.14,12.0775,2.1431,28.6825,26.1015,70.3602,0.9106,21.1466,237.389
256.16,12.0738,2.21484,28.3157,26.1013,70.3559,0.910492,21.1466,231.533
256.18,12.0738,2.2305,28.3157,26.5187,67.3269,0.910492,21.1466,233.123
256.2,12.0627,2.17062,28.0868,26.5193,67.3223,0.910492,21.1466,235.777
256.22,12.0627,2.23336,28.0864,26.6122,64.2887,0.910492,21.1466,237.374
256.24,12.0659,2.21973,28.178,26.6122,64.2887,0.910492,21.1466,240.555
256.26,12.0659,2.25928,28.1781,26.8441,61.1433,0.910492,21.1466,242.151
256.28,12.0826,2.46566,28.6366,26.8444,61.1385,0.910492,21.1466,238.436
256.3,12.0826,2.46566,28.6366,26.8444,59.7405,0.910492,20.5915,229.422
256.32,12.0798,2.33073,29.5994,26.8444,59.7383,0.910492,20.5906,220.381
256.34,12.0798,2.33073,29.5994,26.8444,59.7383,0.910492,20.5906,217.73
256.36,12.0849,2.40646,30.1945,27.0299,61.0198,0.95337,20.5906,215.074
256.38,12.0849,2.40657,30.1954,27.0302,61.0218,0.953435,20.5906,210.822
256.4,12.0868,2.56544,30.1954,27.5403,63.1188,1.00409,20.5906,206.58
256.42,12.0868,2.56568,30.8821,27.5411,63.122,1.00417,20.5906,204.983
256.44,12.0729,2.36282,30.8832,27.8198,65.5138,1.00417,20.5906,201.794
256.46,12.0729,2.36752,31.7072,27.8198,65.5138,1.00417,20.5906,198.613
256.48,12.0645,2.55394,31.7084,28.3299,67.5525,1.00417,20.5906,195.957
256.5,12.0645,2.54091,32.7629,28.3306,67.5557,1.00417,20.5906,193.829
256.52,12.0552,2.5032,32.7629,28.5625,70.1186,1.00417,20.5906,192.768
256.54,12.0552,2.47118,34.0467,28.5629,70.1226,1.00417,20.5906,193.829
256.56,11.9902,2.55684,34.0467,28.5629,72.6894,1.00417,21.023,196.484
256.58,11.9902,2.55065,35.3284,29.1193,72.6894,1.00417,21.023,199.135
256.6,11.9754,2.49737,35.3304,29.1202,72.6894,1.00417,21.023,193.829
256.62,11.9754,2.48888,36.0629,29.5375,75.0777,1.03449,21.023,188.527
256.64,11.9758,2.44747,36.064,29.5382,75.0813,1.03453,21.023,184.277
256.66,11.9758,2.45574,36.064,30.1419,75.6647,1.08165,21.023,182.146
256.68,11.9749,2.44661,35.3773,30.1419,75.6647,1.08165,21.023,181.616
256.7,11.9749,2.38359,35.3763,30.2811,75.2569,1.08165,21.023,181.085
256.72,11.9754,2.3835,34.3676,30.2813,75.2563,1.08165,21.023,185.863
256.74,11.9754,2.40525,34.3676,30.4204,74.0913,1.08165,21.023,189.575
256.76,11.9795,2.40973,33.7267,30.4206,74.0895,1.08165,21.023,188.52
256.78,11.9795,2.4033,33.7257,30.4206,72.0477,1.08165,21.023,187.987
256.8,11.9967,2.25371,33.4968,30.838,72.0477,1.08165,21.023,190.639
256.82,11.9967,2.29644,33.4965,30.8386,69.3058,1.08165,22.0938,192.767
256.84,12.0065,2.42014,33.2218,30.514,69.3058,1.08165,22.0938,194.888
256.86,12.0065,2.44089,33.2214,30.5135,69.3058,1.08165,22.0938,198.072
256.88,12.0074,2.34549,32.7171,30.1419,65.5722,1.08165,22.0938,201.263
256.9,12.0074,2.36401,32.7171,30.1419,65.5722,1.08165,22.0938,203.915
256.92,12.0069,2.32298,32.7171,29.9101,61.8442,1.06965,22.0938,211.342
256.94,12.026,2.28736,32.0294,29.9097,61.8385,1.06963,22.0938,217.726
256.96,12.026,2.3498,32.0294,30.0952,59.858,1.06963,22.0938,220.907
256.98,12.0334,2.40333,31.4342,30.0955,59.855,1.06963,22.0938,222.503
257,12.0334,2.39961,31.4333,30.0026,59.855,1.06963,22.0938,227.815
257.02,12.0348,2.35475,30.9298,30.0026,59.855,1.06963,22.0938,233.648
257.04,12.0348,2.35468,30.929,30.0026,59.6217,1.06963,22.0938,236.843
257.06,12.0353,2.3425,30.5164,29.9097,59.6217,1.06963,22.0938,240.029
257.08,12.0353,2.46152,30.5164,29.9097,59.4469,1.06963,22.1143,240.029
257.1,12.0385,2.44528,30.1496,29.8633,59.4467,1.06963,22.1143,240.029
257.12,12.0385,2.35759,30.1496,29.8633,59.4467,1.06963,22.1143,238.969
257.14,12.0408,2.38161,29.7376,29.7242,58.5729,1.06259,22.1143,237.907
257.16,12.0408,2.38164,29.737,29.7239,58.5716,1.06258,22.1143,237.905
257.18,12.0418,2.32932,29.737,30.2341,57.6978,1.08824,22.1143,238.435
257.2,12.0418,2.32924,29.0503,30.2348,57.6965,1.08827,22.1143,238.436
257.22,12.0445,2.39825,29.0492,30.3277,57.2881,1.08827,22.1143,241.091
257.24,12.0445,2.39825,28.0879,30.3277,57.2881,1.08827,22.1143,244.273
257.26,12.0464,2.35407,28.0864,30.1886,56.9969,1.08827,22.1143,241.096
257.28,12.0464,2.354,27.0778,30.1884,56.9964,1.08827,22.1143,238.436
257.3,12.0492,2.3901,27.0778,30.1884,57.2294,1.08827,22.1143,242.678
257.32,12.0492,2.32128,26.115,30.1419,57.2298,1.08827,22.1143,246.933
257.34,12.0478,2.26385,26.115,30.1419,56.9386,1.08827,22.3199,241.1
257.36,12.0478,2.275,25.3825,29.9565,56.9381,1.08827,22.3202,235.259
257.38,12.0487,2.27832,25.3814,29.9562,56.9381,1.08827,22.3202,239.498
257.4,12.0487,2.31691,25.3814,30.188,56.9381,1.0828,22.3202,243.74
257.42,12.0478,2.32395,24.5116,30.1884,56.9381,1.08279,22.3202,244.277
257.44,12.0478,2.34695,24.5103,29.9097,56.9964,1.11348,22.3202,238.967
257.46,12.0478,2.30934,23.549,29.9097,56.9964,1.11348,22.3202,236.316
257.48,12.0478,2.28318,23.5475,29.3069,56.7634,1.11348,22.3202,232.6
257.5,12.052,2.23358,22.7222,29.306,56.7631,1.11348,22.3202,229.939
257.52,12.052,2.28283,22.7222,29.1668,56.1806,1.11348,22.3202,234.181
257.54,12.052,2.25832,21.9887,29.1666,56.1797,1.11348,22.3202,239.498
257.56,12.052,2.19068,21.9887,29.1666,55.888,1.11348,22.3202,238.436
257.58,12.0543,2.15245,21.9887,28.8884,55.888,1.11348,22.3202,237.376
257.6,12.0543,2.20999,21.9887,28.888,55.888,1.11348,22.4438,240.56
257.62,12.0543,2.31763,22.126,28.3315,56.0628,1.11348,22.4438,243.742
257.64,12.0543,2.30655,22.1262,28.3306,56.063,1.11348,22.4438,244.277
257.66,12.0343,2.34392,22.1262,27.7733,56.1214,1.0457,22.4438,242.153
257.68,12.0292,2.37652,22.4924,27.7733,56.1214,1.0457,22.4438,246.395
257.7,12.0292,2.33512,22.493,27.4487,56.2961,1.0457,22.4438,248.523
257.72,12.012,2.32831,22.9056,27.4482,56.2964,1.05173,22.4438,243.746
257.74,12.012,2.34892,22.9056,27.1236,57.7526,1.05173,22.4438,235.263
257.76,11.993,2.33289,23.4092,27.1231,57.7548,1.05173,22.4438,232.068
257.78,11.993,2.44499,23.4099,27.1231,59.33,1.05173,22.4438,231.002
257.8,11.9939,2.47674,24.2797,26.7521,59.33,1.05173,22.4438,223.048
257.82,11.9939,2.4336,24.2811,26.7516,61.1968,1.05173,22.4438,217.726
257.84,12.0505,2.40885,25.2882,26.6588,61.1968,1.05173,22.4438,212.423
257.86,12.0506,2.44726,25.2897,26.6587,61.1968,1.05173,23.1222,212.945
257.88,12.0571,2.40285,26.4818,26.5193,62.7719,1.05173,23.1233,213.477
257.9,12.0571,2.40285,26.4818,26.5193,62.7719,1.05173,23.1233,215.068
257.92,12.0682,2.44967,26.4818,26.4266,64.1117,0.967103,23.1233,220.903
257.94,12.0682,2.44974,27.6738,26.4264,64.1137,0.966974,23.1233,219.85
257.96,12.1267,2.33604,27.6738,26.3801,64.5797,0.966974,23.1233,217.729
257.98,12.1267,2.33586,28.1316,26.38,64.5804,1.03841,23.1233,221.967
258,12.136,2.41838,28.1323,26.3336,64.1137,1.03852,23.1233,222.505
258.02,12.136,2.41838,28.6816,26.3336,64.1137,1.03852,23.1233,218.263
258.04,12.1393,2.41794,28.6825,26.3336,63.0636,1.03852,23.1233,215.601
258.06,12.1393,2.40241,28.9117,26.2871,63.0636,1.03852,23.1233,212.946
258.08,12.1384,2.55556,28.9117,26.2871,62.4229,1.03852,23.1233,213.477
258.1,12.1384,2.55371,28.6825,26.4729,62.4219,1.03852,23.1233,214.008
258.12,12.1365,2.35712,28.6825,26.4729,62.4219,1.03852,21.3552,212.418
258.14,12.1365,2.39934,28.362,26.3338,62.3637,1.03852,21.3525,210.825
258.16,12.137,2.39941,28.3615,26.3336,62.3636,1.03852,21.3525,212.946
258.18,12.137,2.36352,28.3615,26.89,62.1306,0.95022,21.3525,219.309
258.2,12.1402,2.42796,27.8122,26.8909,62.1302,0.950085,21.3525,223.561
258.22,12.1402,2.4374,27.8113,26.9838,62.0719,0.950085,21.3525,229.939
258.24,12.1397,2.29587,27.0789,26.9838,62.0719,1.03316,21.3525,233.651
258.26,12.1397,2.34282,27.0778,26.7519,62.4796,1.03329,21.3525,235.247
258.28,12.1425,2.44966,26.2525,26.7516,62.4802,1.03329,21.3525,236.843
258.3,12.1425,2.40183,26.2525,26.7516,63.0045,1.03329,21.3525,241.615
258.32,12.1411,2.50558,25.9316,26.4729,63.0053,1.03329,21.3525,246.402
258.34,12.1411,2.46805,25.9316,26.4729,63.1218,1.03329,21.3525,243.22
258.36,12.1407,2.41946,25.6111,26.6584,63.122,1.03329,21.3525,240.034
258.38,12.1407,2.4561,25.6106,26.6587,63.122,1.03329,21.5172,237.905
258.4,12.149,2.45194,25.6106,26.6587,62.7142,1.03329,21.5172,233.663
258.42,12.149,2.44658,25.3818,26.6587,62.7136,1.03329,21.5172,233.127
258.44,12.1574,2.43823,25.3814,26.9838,61.7802,1.01512,21.5172,234.188
258.46,12.1528,2.39921,25.061,26.9838,61.7802,1.01512,21.5172,233.658
258.48,12.1527,2.37871,25.0605,26.891,61.6637,1.01512,21.5172,235.778
258.5,12.1486,2.44973,24.8771,26.8909,61.6635,1.0019,21.5172,237.374
258.52,12.1486,2.54319,24.8771,27.1227,62.3042,1.0019,21.5172,236.844
258.54,12.1462,2.50077,24.8312,27.1231,62.3052,1.0019,21.5172,240.56
258.56,12.1462,2.42979,24.8312,27.1231,63.5303,1.0019,21.5172,241.091
258.58,12.1476,2.41956,24.9228,27.3086,63.5303,1.0019,21.5172,241.622
258.6,12.1476,2.4154,24.9229,27.3089,63.5303,1.0019,21.5172,238.436
258.62,12.1444,2.39359,25.2892,27.1698,64.0546,1.0019,21.5172,235.255
258.64,12.1444,2.56005,25.2897,27.1695,64.0554,1.0019,21.9695,229.948
258.66,12.1616,2.44052,25.2897,27.2624,62.9469,1.0019,21.9702,223.567
258.68,12.1616,2.44052,26.1137,27.2624,62.9469,1.0019,21.9702,219.325
258.7,12.1597,2.53199,26.115,27.1697,61.316,1.0019,21.9702,217.198
258.72,12.1597,2.53213,26.9861,27.1695,61.3135,1.01637,21.9702,211.884
258.74,12.1481,2.56775,26.9861,27.0768,59.4495,1.01637,21.9702,204.461
258.76,12.1481,2.5678,27.7185,27.0767,59.4467,0.957059,21.9702,200.738
258.78,12.1472,2.43879,27.7197,27.0767,57.5798,0.956969,21.9702,198.077
258.8,12.1472,2.43879,28.4521,26.7984,57.5798,0.956969,21.9702,195.426
258.82,12.1504,2.46088,28.4532,26.798,56.4131,0.956969,21.9702,192.236
258.84,12.1504,2.45834,28.6821,26.1024,56.4131,0.956969,21.9702,189.054
258.86,12.1546,2.50437,28.6825,26.1013,56.4131,0.956969,21.9702,184.278
258.88,12.1546,2.50185,28.3615,25.7298,55.888,0.956969,21.9702,179.491
258.9,12.1528,2.5469,28.3615,25.7298,55.888,0.956969,22.587,172.068
258.92,12.1527,2.5709,28.3615,25.4516,56.121,0.956969,22.5879,169.405
258.94,12.1523,2.43029,27.7655,25.4511,56.1214,0.956969,22.5879,168.87
258.96,12.1523,2.45143,27.7655,25.0338,57.5194,0.956969,22.5879,166.749
258.98,12.1532,2.59861,26.9873,25.0331,57.5215,0.969312,22.5879,167.806
259,12.1532,2.56679,26.9861,24.8474,59.155,0.969331,22.5879,173.118
259.02,12.1532,2.36424,25.979,24.8474,59.155,0.938376,22.5879,177.89
259.04,12.1532,2.37719,25.9774,24.8474,60.3801,0.938329,22.5879,180.553
259.06,12.1555,2.3583,25.1063,25.126,60.3801,0.938329,22.5879,183.208
259.08,12.1555,2.32353,25.1063,25.126,61.1373,0.938329,22.5879,187.98
259.1,12.1147,2.44664,24.3728,24.708,61.1385,0.938329,22.5879,192.767
259.12,12.1147,2.44614,24.3728,24.708,61.1385,0.938329,22.5879,194.888
259.14,12.0887,2.47804,24.0523,24.8935,61.022,0.938329,22.5879,197.012
259.16,12.0887,2.50251,24.0518,24.8938,61.0218,0.938329,20.7965,201.263
259.18,12.0822,2.4886,24.0518,25.2184,59.682,0.938329,20.7965,203.384
259.2,12.0822,2.51792,24.0518,25.2189,59.68,0.938329,20.7965,204.448
259.22,12.0794,2.52266,24.0518,25.4976,58.2799,0.938329,20.7965,204.45
259.24,12.0794,2.50989,24.5096,25.4976,58.2799,0.900605,20.7965,207.101
259.26,12.0808,2.40895,24.5103,26.5641,57.4644,0.900548,20.7965,211.877
259.28,12.0808,2.43583,25.3814,26.5658,57.4632,0.944197,20.7965,216.664
259.3,12.0757,2.53336,25.3814,26.5658,57.6962,0.944197,20.7965,218.784
259.32,12.0757,2.50877,26.2067,26.7051,57.6965,0.944197,20.7965,220.912
259.34,12.0696,2.55133,26.2067,26.7051,58.6285,0.944197,20.7965,220.912
259.36,12.0696,2.56176,26.5271,26.6587,58.6299,0.944197,20.7965,220.912
259.38,12.0617,2.5283,26.5276,26.6587,58.6299,0.944197,20.7965,221.443
259.4,12.0613,2.47148,26.5276,26.8442,59.1542,0.944197,20.7965,221.973
259.42,12.0613,2.31016,26.6192,26.8444,59.155,0.944197,21.5778,218.262
259.44,12.0603,2.29224,26.6193,26.798,59.855,0.944197,21.579,212.415
259.46,12.0603,2.42037,26.6193,26.798,59.855,0.944197,21.579,208.704
259.48,12.0603,2.41353,26.6193,26.6589,61.253,0.944197,21.579,206.047
259.5,12.0603,2.28923,26.6193,26.6587,61.2551,0.92666,21.579,202.326
259.52,12.0599,2.32716,26.6193,26.6587,62.9444,0.92666,21.579,200.735
259.54,12.0599,2.40642,26.4818,26.6122,62.9469,0.930531,21.579,199.67
259.56,12.0548,2.39122,26.4818,26.6122,64.1137,0.930531,21.579,195.953
259.58,12.0548,2.48855,26.2071,26.705,64.1137,0.930531,21.579,192.241
259.6,12.0483,2.42611,26.2067,26.7051,64.1137,0.930531,21.579,194.891
259.62,12.0483,2.42611,25.8404,26.8906,64.2885,0.930531,21.579,197.542
259.64,12.0427,2.42485,25.8399,26.8909,64.2887,0.930531,21.579,201.258
259.66,12.0427,2.42485,25.8399,27.0767,64.1721,0.930531,21.579,197.546
259.68,12.0455,2.47519,25.611,27.0767,64.1721,0.930531,22.6481,191.714
259.7,12.0455,2.47526,25.6106,27.3085,64.405,0.930531,22.6497,189.054
259.72,12.0464,2.38861,25.4731,27.3089,64.4054,0.930531,22.6497,189.05
259.74,12.0464,2.38861,25.4731,27.5871,64.7549,0.930531,22.6497,185.338
259.76,12.0376,2.58142,25.8393,27.5875,64.7554,0.928136,22.6497,178.97
259.78,12.0376,2.5688,25.8399,27.5875,63.9387,0.928132,22.6497,174.18
259.8,12.0292,2.43702,26.5266,28.3295,63.9387,0.840948,22.6497,170.469
259.82,12.0292,2.44944,26.5276,28.3306,62.7719,0.840815,22.6497,167.277
259.84,12.032,2.43683,27.3058,29.0726,62.7719,0.840815,22.6497,164.096
259.86,12.032,2.4219,27.307,29.0737,62.7719,0.840815,22.6497,161.97
259.88,12.0306,2.48108,28.4532,29.4917,62.0135,0.840815,22.6497,159.842
259.9,12.0306,2.46573,28.4532,29.4917,62.0135,0.840815,22.6497,156.661
259.92,12.0357,2.43194,28.4532,30.3264,61.198,0.840815,22.6497,158.247
259.94,12.0357,2.40668,29.4619,30.3277,61.1968,0.840815,21.5584,157.718
259.96,12.0427,2.51837,29.4619,30.8378,60.9056,0.840815,21.5584,154.007
259.98,12.0427,2.53837,30.1943,30.8386,60.9051,0.840815,21.5584,152.941
260,12.0464,2.40481,30.1954,31.2566,60.205,0.840815,21.5584,155.594
260.02,12.0464,2.42273,31.1568,31.2566,60.205,0.840815,21.5584,154.003
260.04,12.0459,2.48704,31.1582,31.2566,59.505,0.840815,21.5584,152.408
260.06,12.0459,2.4811,31.846,31.3959,59.505,0.776785,21.5584,150.815
260.08,12.0473,2.3691,31.846,31.3959,59.3302,0.776785,21.5584,153.466
260.1,12.0473,2.35844,32.3961,31.7675,59.33,0.776785,21.5584,156.125
260.12,12.0469,2.48839,32.3961,31.7675,59.33,0.776785,21.5584,155.595
260.14,12.0469,2.49415,32.3961,31.953,59.6212,0.776785,21.5584,158.245
260.16,12.0371,2.39913,32.4878,31.9532,59.6217,0.776785,21.5584,164.622
260.18,12.0371,2.38712,32.4878,31.675,59.9712,0.776785,21.5584,172.575
260.2,12.0334,2.45368,32.1674,31.6746,59.9717,0.776785,22.5658,178.95
260.22,12.0325,2.42708,32.1669,31.1637,60.5551,0.776785,22.5673,187.456
260.24,12.0325,2.47271,31.9838,31.1637,60.5551,0.776785,22.5673,195.41
260.26,12.0315,2.5066,31.9835,31.1637,61.2541,0.776785,22.5673,204.436
260.28,12.0315,2.43896,31.8001,31.1637,61.2551,0.777871,22.5673,214.539
260.3,12.0339,2.47281,31.8001,31.1637,61.8376,0.777871,22.5673,218.781
260.32,12.0339,2.43908,31.8918,30.9315,61.8385,0.791435,22.5673,223.036
260.34,12.0339,2.39331,31.8918,30.9315,61.8385,0.791435,22.5673,225.157
260.36,12.0339,2.27007,32.0291,31.3025,62.188,0.791435,22.5673,227.281
260.38,12.0329,2.27979,32.0294,31.303,62.1885,0.791435,22.5673,225.691
260.4,12.0329,2.30795,32.0294,31.2103,62.8875,0.791435,22.5673,224.101
260.42,12.0237,2.27577,32.5787,31.2101,62.8886,0.791435,22.5673,218.796
260.44,12.0237,2.27572,32.5795,31.2566,63.297,0.791435,22.5673,215.601
260.46,12.0223,2.26327,33.4493,31.2566,63.297,0.791435,22.5673,212.42
260.48,12.0223,2.26325,33.4506,31.2102,63.3552,0.791435,23.4925,209.234
260.5,12.0223,2.31099,34.4593,31.2101,63.3553,0.791435,23.4939,209.229
260.52,12.0223,2.31099,34.4593,31.2565,62.7146,0.791435,23.4939,209.229
260.54,12.0241,2.31273,35.9264,31.2566,62.7136,0.792271,23.4939,209.229
260.56,12.0241,2.31273,35.9264,31.2566,61.8385,0.792271,23.4939,208.698
260.58,12.0339,2.51651,37.1167,31.6739,61.8385,0.794204,23.4939,208.168
260.6,12.0339,2.50162,37.1185,31.6746,61.8385,0.794207,23.4939,207.105
260.62,12.0371,2.41177,37.5763,31.6746,60.9648,0.794207,23.4939,206.044
260.64,12.0371,2.39649,37.577,31.6746,60.9634,0.794207,23.4939,199.68
260.66,12.0483,2.36229,37.577,31.8139,60.5551,0.794207,23.4939,193.298
260.68,12.0483,2.36598,37.577,31.8139,60.5551,0.794207,23.4939,185.875
260.7,12.0534,2.41169,37.577,31.6284,61.1958,0.794207,23.4939,181.091
260.72,12.0534,2.37546,37.2102,31.6281,61.1968,0.794207,22.8968,182.146
260.74,12.0613,2.39053,37.2102,31.7209,62.886,0.794207,22.8968,180.025
260.76,12.0613,2.40916,36.6151,31.721,62.8886,0.794207,22.8968,175.25
260.78,12.0654,2.42475,36.6141,31.721,65.3971,0.794207,22.8968,169.932
260.8,12.0654,2.44955,35.5612,31.3964,65.3971,0.796563,22.8968,171.523
260.82,12.0757,2.51835,35.5596,31.3959,67.089,0.796566,22.8968,173.649
260.84,12.0757,2.47582,34.461,31.4423,67.089,0.831263,22.8968,175.77
260.86,12.1095,2.50728,34.4593,31.4424,67.089,0.831316,22.8968,178.955
260.88,12.1096,2.48343,33.8633,31.0244,68.139,0.831316,22.8968,182.146
260.9,12.1137,2.53483,33.8633,31.0244,68.139,0.831316,22.8968,185.327
260.92,12.1137,2.49664,33.8633,31.1171,68.9545,0.831316,22.8968,183.211
260.94,12.1179,2.41137,33.5423,31.1173,68.9558,0.831316,22.8968,181.084
260.96,12.1179,2.41583,33.5423,30.6535,70.2373,0.831316,22.8968,181.084
260.98,12.1184,2.44595,33.7712,30.6528,70.2392,0.831316,23.5958,178.433
261,12.1184,2.44197,33.7716,30.2348,71.5227,0.831316,23.5969,175.243
261.02,12.1161,2.4878,34.3667,30.2348,71.5227,0.831316,23.5969,171.001
261.04,12.1161,2.5021,34.3676,30.2348,72.5144,0.831316,23.5969,168.87
261.06,12.117,2.43801,35.4221,30.0955,72.5144,0.838139,23.5969,169.932
261.08,12.1244,2.42774,35.4221,30.0955,73.5047,0.838139,23.5969,169.932
261.1,12.1244,2.50538,36.5683,30.3742,73.5062,0.824734,23.5969,169.932
261.12,12.143,2.49105,36.5683,30.3742,73.5062,0.824734,23.5969,165.16
261.14,12.143,2.42259,38.2621,30.4205,73.9722,0.824734,23.5969,160.381
261.16,12.188,2.45527,38.2647,30.4206,73.9729,0.824734,23.5969,158.78
261.18,12.188,2.35336,38.2647,30.4206,75.0796,0.824734,23.5969,156.659
261.2,12.1894,2.34435,40.5078,30.4206,75.0813,0.824734,23.5969,155.066
261.22,12.1894,2.50598,40.5112,30.1884,77.0065,0.824734,23.5969,153.47
261.24,12.2214,2.50209,42.8917,30.1884,77.0065,0.824734,23.5969,151.349
261.26,12.2215,2.42121,42.8953,30.1884,79.8607,0.824734,26.5163,149.755
261.28,12.2257,2.33359,45.0502,30.2348,79.865,0.824734,26.5207,144.973
261.3,12.2257,2.33359,45.0502,30.2348,82.6027,0.824734,26.5207,141.792
261.32,12.2396,2.38986,47.1133,30.0955,82.6069,0.848152,26.5207,138.601
261.34,12.2396,2.38986,47.1133,30.0955,85.1116,0.848152,26.5207,139.131
261.36,12.2424,2.30053,49.3107,29.8636,85.1155,0.863036,26.5207,139.662
261.38,12.2424,2.3004,49.314,29.8633,85.1155,0.863058,26.5207,138.07
261.4,12.2396,2.33298,49.314,29.585,87.9114,0.863058,26.5207,134.889
261.42,12.2396,2.33303,51.4656,29.5846,87.9157,0.863058,26.5207,132.233
261.44,12.2405,2.48045,51.4689,29.7239,91.0076,0.863058,26.5207,127.449
261.46,12.2405,2.476,53.8493,29.7239,91.0076,0.863058,26.5207,120.556
261.48,12.2475,2.32732,53.853,29.2602,92.9881,0.863058,26.5207,117.364
261.5,12.2475,2.31558,56.1912,29.2595,92.9911,0.863058,26.5207,115.235
261.52,12.2479,2.35955,56.1912,29.2131,93.6319,0.863058,26.7469,110.993
261.54,12.2479,2.32243,58.4378,29.2131,93.6329,0.863058,26.7472,108.863
261.56,12.2563,2.44114,58.4378,29.2131,93.9829,0.863058,26.7472,107.27
261.58,12.2563,2.44605,60.3147,29.2594,93.9829,0.875822,26.7472,105.679
261.6,12.2642,2.45444,60.3175,29.2595,93.9829,0.875842,26.7472,106.739
261.62,12.2642,2.4599,62.1486,29.5377,94.6236,0.861178,26.7472,107.799
261.64,12.2577,2.41407,62.1514,29.5382,94.6246,0.861155,26.7472,108.861
261.66,12.2577,2.4043,62.1514,29.8168,95.4413,0.861155,26.7472,110.456
261.68,12.234,2.41662,63.7537,29.8168,95.4413,0.861155,26.7472,111.516
261.7,12.234,2.43624,63.7561,30.2342,96.1986,0.861155,26.7472,110.458
261.72,12.2414,2.51652,65.1774,30.2348,96.1997,0.861155,26.7472,107.801
261.74,12.2414,2.49315,65.1774,30.6522,96.5492,0.861155,26.7472,107.801
261.76,12.2391,2.37273,66.3676,30.6528,96.5498,0.861155,26.7472,109.391
261.78,12.2391,2.43426,66.3694,31.2566,96.6081,0.861155,25.8001,108.863
261.8,12.2433,2.46394,67.6055,31.2566,96.6081,0.861155,25.8001,108.333
261.82,12.2619,2.4455,67.6073,31.2566,97.0165,0.861155,25.8001,111.518
261.84,12.2619,2.48353,68.6144,31.8594,97.0165,0.849272,25.8001,114.699
261.86,12.2679,2.4669,68.616,31.8604,97.0165,0.849254,25.8001,117.886
261.88,12.2679,2.30966,68.616,32.6499,97.7165,0.871594,25.8001,121.077
261.9,12.2633,2.31055,69.4858,32.6499,97.7165,0.871594,25.8001,120.546
261.92,12.2633,2.31785,69.4871,33.2064,98.4738,0.871594,25.8001,121.076
261.94,12.2637,2.3224,70.0831,33.2072,98.4749,0.871594,25.8001,123.732
261.96,12.2637,2.37089,70.0831,33.8564,99.5234,0.871594,25.8001,124.262
261.98,12.2642,2.37846,70.4036,33.8574,99.525,0.871594,25.8001,124.263
262,12.2642,2.53146,70.4041,33.9503,100.633,0.871594,25.8001,125.325
262.02,12.2656,2.35906,70.3125,33.9503,100.633,0.871594,25.8001,124.265
262.04,12.2656,2.3588,70.3124,33.9503,100.983,0.871594,24.647,124.263
262.06,12.2698,2.44504,70.2665,33.6252,100.983,0.871594,24.647,124.263
262.08,12.2698,2.44504,70.2665,33.6252,100.983,0.871594,24.647,123.202
262.1,12.2805,2.40607,70.0373,33.5323,100.692,0.862506,24.647,122.139
262.12,12.2805,2.40607,70.0373,33.5323,100.692,0.862506,24.647,121.078
262.14,12.2628,2.31846,69.6711,33.3932,100.342,0.853107,24.647,120.016
262.16,12.2628,2.31833,69.6705,33.393,100.342,0.853093,24.647,116.297
262.18,12.2591,2.29999,69.6705,33.1611,99.934,0.853093,24.647,113.646
262.2,12.2591,2.3018,69.5789,33.1608,99.9334,0.853093,24.647,113.112
262.22,12.2591,2.28511,69.5788,33.4394,99.2333,0.853093,24.647,118.421
262.24,12.2591,2.29401,69.3041,33.4394,99.2333,0.853093,24.647,121.603
262.26,12.2582,2.46724,69.3037,33.7177,98.1848,0.853093,24.647,120.017
262.28,12.2582,2.43503,69.212,33.7181,98.1832,0.853093,24.647,120.546
262.3,12.2591,2.36907,69.212,33.7181,97.3677,0.853093,26.0039,121.076
262.32,12.2591,2.40516,68.7535,34.1825,97.3665,0.853093,26.006,121.608
262.34,12.2586,2.31883,68.7535,34.1825,96.6093,0.853093,26.006,117.366
262.36,12.2586,2.32602,68.0211,34.5535,96.6081,0.86734,26.006,113.118
262.38,12.2614,2.31591,68.02,34.5541,96.6081,0.867361,26.006,110.987
262.4,12.2614,2.30636,67.2417,35.0178,95.2101,0.848898,26.006,110.987
262.42,12.2711,2.4445,67.2406,35.0185,95.208,0.84887,26.006,109.927
262.44,12.2712,2.4584,67.2406,35.4365,94.3913,0.84887,26.006,111.518
262.46,12.2591,2.46682,66.325,35.4365,94.3913,0.84887,26.006,112.048
262.48,12.2591,2.45554,66.3236,35.9002,94.8572,0.84887,26.006,113.64
262.5,12.202,2.36325,65.2691,35.901,94.858,0.84887,26.006,115.766
262.52,12.202,2.33483,65.2691,35.901,96.0229,0.84887,26.006,115.766
262.54,12.2034,2.32002,63.8478,36.1796,96.0247,0.84887,26.006,117.89
262.56,12.2034,2.37159,63.8478,36.1796,95.9664,0.84887,23.1439,121.608
262.58,12.2446,2.48416,62.154,36.3187,95.9664,0.84887,23.1439,125.319
262.6,12.2447,2.4422,62.1514,36.319,94.6246,0.84887,23.1439,126.918
262.62,12.2614,2.42556,59.9999,36.3653,94.6246,0.881829,23.1439,128.509
262.64,12.2614,2.44481,59.9966,36.3654,94.6246,0.88188,23.1439,124.269
262.66,12.2679,2.49646,59.9966,36.5512,92.8745,0.865904,23.1439,122.139
262.68,12.273,2.47824,57.5246,36.5512,92.8745,0.865904,23.1439,124.79
262.7,12.273,2.43548,57.5208,36.1802,91.1852,0.865904,23.1439,127.445
262.72,12.2735,2.42114,54.9533,36.1796,91.1826,0.865904,23.1439,130.104
262.74,12.2735,2.31256,54.9533,36.3187,89.0857,0.865904,23.1439,134.876
262.76,12.2726,2.29599,51.8404,36.319,89.0825,0.865904,23.1439,143.367
262.78,12.2726,2.42855,51.8357,36.319,86.2239,0.865904,23.1439,151.346
262.8,12.2726,2.46441,48.8143,35.4842,86.2239,0.865904,23.1439,159.299
262.82,12.2726,2.44346,48.8097,35.483,83.0736,0.865904,19.7876,163.029
262.84,12.2712,2.44442,46.5666,34.9729,83.0736,0.865904,19.7876,166.74
262.86,12.2712,2.35295,46.5631,34.9721,83.0736,0.865904,19.7876,170.458
262.88,12.2688,2.44094,45.2794,34.6005,80.1567,0.864329,19.7876,174.18
262.9,12.2688,2.44094,45.2794,34.6005,80.1567,0.864329,19.7876,176.832
262.92,12.2767,2.38783,45.2794,34.2296,77.1278,0.841349,19.7876,181.608
262.94,12.2767,2.38775,44.7292,34.229,77.1231,0.841314,19.7876,188.518
262.96,12.1715,2.44672,44.7292,33.858,74.0359,0.841314,19.7876,191.7
262.98,12.1713,2.44681,44.1799,33.8574,74.0312,0.841314,19.7876,193.295
263,12.1286,2.38415,44.1791,33.7181,70.6476,0.841314,19.7876,194.36
263.02,12.1286,2.38415,43.7671,33.7181,70.6476,0.841314,19.7876,196.481
263.04,12.1281,2.45657,43.7664,33.7181,69.2475,0.841314,19.7876,195.422
263.06,12.1281,2.4635,43.4455,33.3001,69.2475,0.841314,19.7876,194.36
263.08,12.1374,2.41753,43.4455,33.3001,70.4707,0.841314,19.6231,195.951
263.1,12.1374,2.40629,43.2162,33.0679,70.4726,0.841314,19.6229,197.546
263.12,12.1282,2.34399,43.2162,33.0679,70.4726,0.841314,19.6229,203.379
263.14,12.1281,2.38373,43.2162,33.0215,72.8608,0.812857,19.6229,209.22
263.16,12.0288,2.43863,42.9412,33.0215,72.8644,0.812814,19.6229,212.946
263.18,12.0288,2.37101,42.9412,32.836,74.6119,0.832913,19.6229,215.067
263.2,12.0176,2.38722,42.6665,32.8357,74.6146,0.832944,19.6229,217.722
263.22,12.0176,2.44324,42.6661,33.0215,74.7896,0.832944,19.6229,217.195
263.24,12.0172,2.46853,42.2083,33.0215,74.7896,0.832944,19.6229,218.785
263.26,12.0172,2.40408,42.2076,32.8823,73.9159,0.832944,19.6229,215.076
263.28,12.0162,2.37127,41.795,32.8821,73.9145,0.832944,19.6229,208.698
263.3,12.0162,2.42222,41.795,32.8821,72.5748,0.832944,19.6229,209.228
263.32,12.0158,2.34451,40.9239,32.9286,72.5728,0.832944,19.6229,209.76
263.34,12.0158,2.33297,40.9239,32.9286,72.5728,0.832944,19.0678,206.579
263.36,12.013,2.36637,39.8252,33.3459,70.767,0.832944,19.0669,203.392
263.38,12.013,2.37677,39.8235,33.3466,70.7643,0.832944,19.0669,203.919
263.4,12.0116,2.39177,39.8235,33.3929,70.007,0.825005,19.0669,200.207
263.42,12.0116,2.3785,38.4044,33.393,70.0059,0.824993,19.0669,197.02
263.44,12.013,2.32273,38.4022,32.8821,70.4142,0.824993,19.0669,197.015
263.46,12.0167,2.30797,36.8,32.8821,70.4142,0.856459,19.0669,200.197
263.48,12.0167,2.2136,36.7975,32.6039,70.4725,0.856507,19.0669,202.853
263.5,12.0162,2.2187,35.1929,32.6035,70.4726,0.856507,19.0669,200.732
263.52,12.0162,2.43466,35.1929,32.6035,69.4823,0.856507,19.0669,200.202
263.54,12.0167,2.44983,33.7257,32.1855,69.4808,0.856507,19.0669,195.422
263.56,12.0167,2.34227,33.7257,32.1855,68.1974,0.856507,19.0669,191.174
263.58,12.0148,2.37629,32.6728,31.8145,68.1974,0.856507,19.0669,186.932
263.6,12.0148,2.39907,32.6712,31.8139,68.1974,0.856507,16.4107,186.925
263.62,12.0069,2.38239,31.8014,31.3966,68.1391,0.856507,16.4107,186.925
263.64,12.0069,2.42616,31.8001,31.3959,68.139,0.856507,16.4107,190.107
263.66,12.0055,2.47071,31.8001,31.0244,68.4891,0.866659,16.4107,189.581
263.68,12.0055,2.47071,30.9303,31.0244,68.4891,0.866659,16.4107,194.353
263.7,12.006,2.38158,30.929,31.2099,66.7416,0.866659,16.4107,198.602
263.72,12.006,2.38144,30.1954,31.2101,66.7389,0.828223,16.4107,195.953
263.74,12.019,2.40274,30.1954,31.0247,63.7682,0.828223,16.4107,197.014
263.76,12.019,2.40277,29.8292,31.0244,63.7637,0.828223,16.4107,199.666
263.78,11.9967,2.38096,29.8287,31.0244,61.7218,0.828223,16.4107,198.077
263.8,11.9967,2.38096,30.0118,30.978,61.7218,0.828223,16.4107,196.487
263.82,11.9949,2.39276,30.012,30.9779,62.1302,0.828223,16.4107,201.263
263.84,11.9949,2.39137,30.3783,30.8388,62.1302,0.828223,16.4107,206.036
263.86,11.9953,2.39137,30.3788,30.8386,62.1302,0.828223,16.8014,210.285
263.88,11.9953,2.36359,30.6998,30.6064,63.122,0.828223,16.802,214.539
263.9,11.9953,2.42262,30.6998,30.6064,63.122,0.828223,16.802,219.311
263.92,11.9953,2.42366,30.6998,30.0035,62.2482,0.837831,16.802,222.5
263.94,11.9935,2.37576,30.7456,30.0026,62.2469,0.837846,16.802,224.098
263.96,11.9935,2.38798,30.7456,29.7244,61.0819,0.837846,16.802,226.749
263.98,11.9893,2.49564,30.8829,29.7239,61.0801,0.859505,16.802,228.874
264,11.9893,2.53424,30.8832,29.0273,61.5468,0.859538,16.802,232.064
264.02,11.9921,2.42081,31.2036,29.0273,61.5468,0.859538,16.802,232.594
264.04,11.9921,2.39089,31.2041,29.0273,63.297,0.859538,16.802,234.188
264.06,11.9944,2.37955,31.6626,28.8415,63.297,0.859538,16.802,235.781
264.08,11.9944,2.37813,31.6626,28.8415,64.9862,0.859538,16.802,237.902
264.1,11.9995,2.3857,32.1211,28.888,64.9888,0.859538,16.802,240.029
264.12,11.9995,2.37203,32.1211,28.888,64.9888,0.859538,19.0429,240.559
264.14,12.0018,2.33838,32.1211,28.9807,65.8043,0.859538,19.0463,241.09
264.16,12.0018,2.33466,31.8001,28.9809,65.8055,0.859538,19.0463,237.905
264.18,12.006,2.42356,31.8001,29.12,64.5823,0.837021,19.0463,234.724
264.2,12.006,2.41847,31.4797,29.1202,64.5804,0.836986,19.0463,235.779
264.22,12.0102,2.44776,31.4792,29.3524,63.472,0.836986,19.0463,236.312
264.24,12.0144,2.48108,30.9756,29.3524,63.472,0.855574,19.0463,234.721
264.26,12.0144,2.46414,30.9749,29.5379,64.87,0.855602,19.0463,237.9
264.28,12.0107,2.46506,30.5622,29.5382,64.8721,0.855602,19.0463,238.436
264.3,12.0107,2.43542,30.5622,29.5382,67.8428,0.855602,19.0463,233.664
264.32,12.0069,2.39124,30.2871,29.8168,67.8474,0.855602,19.0463,228.877
264.34,12.0069,2.37521,30.2871,29.8168,67.8474,0.855602,19.0463,229.408
264.36,12.0018,2.3974,30.0582,30.0951,69.3036,0.855602,19.0463,229.939
264.38,12.0018,2.45144,30.0579,30.0955,69.3058,0.855602,18.058,229.408
264.4,11.999,2.48318,30.0579,30.1419,68.6651,0.855602,18.058,229.939
264.42,11.999,2.45341,29.9663,30.1419,68.6641,0.855602,18.058,229.409
264.44,12,2.46061,29.9662,30.0026,67.6723,0.855602,18.058,225.691
264.46,12,2.46061,29.9204,30.0026,67.6723,0.867849,18.058,220.919
264.48,11.9958,2.37098,29.9204,30.0954,66.1579,0.867868,18.058,216.14
264.5,11.9958,2.37084,30.0579,30.0955,66.1555,0.902851,18.058,214.539
264.52,11.9963,2.38886,30.0579,30.0955,65.4566,0.902851,18.058,210.828
264.54,11.9963,2.38888,29.737,29.8633,65.4555,0.902851,18.058,209.229
264.56,11.9949,2.39761,29.737,29.8633,66.0389,0.902851,18.058,208.698
264.58,11.9949,2.39761,29.2792,29.6778,66.0389,0.902851,18.058,208.168
264.6,11.9972,2.41072,29.2785,29.6775,66.0389,0.902851,18.058,209.76
264.62,11.9972,2.41121,28.6834,29.5384,66.4466,0.902851,18.058,211.351
264.64,11.9949,2.34879,28.6825,29.5382,66.4472,0.902851,17.9758,213.474
264.66,11.9949,2.30898,28.6825,29.5846,66.6806,0.902851,17.9756,216.133
264.68,11.9958,2.38236,28.4536,29.5846,66.6806,0.902851,17.9756,214.012
264.7,11.9958,2.46249,28.4532,29.9556,65.8069,0.902851,17.9756,211.887
264.72,11.9981,2.32367,28.5908,29.9562,65.8055,0.964916,17.9756,215.07
264.74,11.9981,2.31863,28.5908,30.6054,63.5338,0.964916,17.9756,215.601
264.76,11.9986,2.33216,28.957,30.6064,63.5303,0.82344,17.9756,212.42
264.78,11.9986,2.31609,28.9575,30.6064,60.7301,0.823224,17.9756,212.946
264.8,12.0014,2.39824,29.4153,31.1165,60.7301,0.823224,17.9756,213.477
264.82,12.0014,2.42608,29.416,31.1173,58.3382,0.823224,17.9756,212.415
264.84,11.9958,2.35765,30.1496,31.721,58.3382,0.823224,17.9756,211.353
264.86,11.9958,2.36268,30.1496,31.721,58.3382,0.823224,17.9756,211.883
264.88,11.9963,2.45239,30.9749,32.139,57.5215,0.823224,17.9756,212.415
264.9,11.9963,2.45335,30.9749,32.139,57.5215,0.823224,19.1475,212.945
264.92,12.0065,2.36,30.9749,32.0463,58.7447,0.823224,19.1493,213.476
264.94,12.0065,2.35848,31.525,32.0461,58.7466,0.823224,19.1493,216.132
264.96,12.0199,2.46886,31.525,31.8143,60.9601,0.823224,19.1493,217.193
264.98,12.0199,2.44037,31.8455,31.8139,60.9634,0.93197,19.1493,217.195
265,12.0046,2.45291,31.846,31.9997,63.472,0.932137,19.1493,216.132
265.02,12.0046,2.4647,31.9833,31.9997,63.472,0.843613,19.1493,212.951
265.04,12.0014,2.39518,31.9835,31.9997,66.9139,0.843478,19.1493,213.477
265.06,12.0014,2.37392,32.0294,31.2101,66.9139,0.843478,19.1493,214.008
265.08,12.0055,2.33291,32.0294,31.2101,69.7682,0.843478,19.1493,214.008
265.1,12.0055,2.29286,31.9377,30.6064,69.7725,0.843478,19.1493,214.008
265.12,11.9981,2.50671,31.9377,30.6064,69.7725,0.843478,19.1493,213.478
265.14,12.0004,2.51665,31.9377,30.0035,69.4813,0.843478,19.1493,212.947
265.16,12.0004,2.47031,31.8918,30.0026,69.4808,0.843478,20.1376,215.07
265.18,12.0014,2.48881,31.8918,29.3998,67.1509,0.843478,20.1376,215.07
265.2,12.0014,2.31511,31.6171,29.3988,67.1473,0.843478,20.1376,211.359
265.22,11.9981,2.35869,31.6167,28.5164,64.5804,0.843478,20.1376,208.698
265.24,11.9981,2.3298,31.4794,28.5164,64.5804,0.919986,20.1376,206.577
265.26,12.0041,2.31515,31.4792,28.0991,63.9397,0.920103,20.1376,200.741
265.28,12.0041,2.29492,31.6626,28.0984,63.9387,0.886228,20.1376,196.484
265.3,12.0171,2.29225,31.6626,28.0984,65.6279,0.886228,20.1376,196.484
265.32,12.0172,2.40508,31.9377,28.0055,65.6305,0.886228,20.1376,196.484
265.34,11.9976,2.33419,31.9377,28.0055,65.6305,0.886228,20.1376,194.36
265.36,11.9976,2.33419,32.0292,27.7273,67.378,0.886228,20.1376,192.239
265.38,11.9939,2.22165,32.0294,27.7269,67.3807,0.886228,20.1376,193.298
265.4,11.9939,2.22165,32.0294,27.6341,67.4972,0.886228,20.1376,194.358
265.42,11.9916,2.36849,32.2125,27.634,67.4973,0.886228,19.747,196.481
265.44,11.9916,2.36871,32.2127,27.8662,67.789,0.886228,19.7464,200.732
265.46,12.0018,2.40488,32.6705,27.8662,67.789,0.886228,19.7464,201.263
265.48,12.0018,2.40493,32.6712,27.9126,68.8375,0.886228,19.7464,199.143
265.5,12.0088,2.31528,33.4048,27.9126,68.8391,1.02132,19.7464,197.015
265.52,12.0088,2.35698,33.4048,27.9126,69.7128,1.02132,19.7464,199.666
265.54,12.0032,2.42334,34.551,28.0055,69.7142,0.950935,19.7464,202.857
265.56,12.0032,2.40415,34.551,28.0055,69.5392,0.950935,19.7464,199.139
265.58,12.006,2.2649,35.8786,28.0983,69.5392,0.950935,19.7464,195.428
265.6,12.006,2.27369,35.8806,28.0984,69.5392,0.950935,19.7464,198.077
265.62,12.0176,2.38133,37.3913,28.3767,68.1994,0.950935,19.7464,200.728
265.64,12.0176,2.35872,37.3936,28.3771,68.1974,0.950935,19.7464,202.323
265.66,12.0246,2.29604,37.3936,28.4235,65.8639,0.950935,19.7464,198.608
265.68,12.0246,2.35661,38.3549,28.4235,65.8639,0.950935,22.4397,198.608
265.7,12.0362,2.39841,38.3564,28.4235,64.7571,0.950935,22.4438,198.608
265.72,12.0362,2.3915,39.6401,28.4235,64.7554,0.950935,22.4438,194.36
265.74,12.0265,2.40665,39.6401,28.6554,65.4544,0.950935,22.4438,190.648
265.76,12.0264,2.39811,41.3797,28.6557,65.4555,0.963499,22.4438,189.052
265.78,12.0172,2.49778,41.3823,28.6557,67.964,0.963518,22.4438,185.332
265.8,12.0172,2.54364,43.1677,28.7485,67.964,0.93095,22.4438,180.03
265.82,11.9976,2.38018,43.1704,28.7486,71.9894,0.9309,22.4438,175.774
265.84,11.9976,2.33863,45.1419,29.2595,71.9894,0.9309,22.4438,171.525
265.86,11.9865,2.46024,45.1419,29.2595,71.9894,0.9309,22.4438,160.921
265.88,11.9865,2.44233,47.6635,30.1419,77.5898,0.9309,22.4438,150.284
265.9,11.986,2.39649,47.6635,30.1419,77.5898,0.9309,22.4438,142.33
265.92,11.986,2.40879,47.6635,30.8375,85.7447,0.9309,22.4438,137.546
265.94,11.9851,2.40502,51.0562,30.8386,85.7572,0.9309,25.4294,127.98
265.96,11.9856,2.36472,51.0562,31.6269,97.174,0.9309,25.4294,118.436
265.98,11.9856,2.43014,55.6798,31.6281,97.1915,0.9309,25.4294,115.77
266,11.9851,2.4186,55.6869,32.3712,109.793,0.9309,25.4294,112.049
266.02,11.9851,2.41448,62.1874,32.3712,109.793,0.93462,25.4294,104.096
266.04,11.987,2.42172,62.1973,32.3712,120.935,0.934626,25.4294,95.5869
266.06,11.987,2.54544,70.4499,33.1143,120.935,0.993343,25.4294,87.0902
266.08,11.9856,2.5243,70.4499,33.1143,129.265,0.993343,25.4294,87.6205
266.1,11.9856,2.4721,80.3072,33.4859,129.278,0.993343,25.4294,88.1523
266.12,11.9851,2.5023,80.3072,33.4859,129.278,0.993343,25.4294,85.5012
266.14,11.9851,2.5448,80.3072,34.1351,134.928,0.993343,25.4294,82.846
266.16,11.986,2.52704,92.1818,34.1361,134.936,0.993343,25.4294,79.6557
266.18,11.986,2.52704,92.1818,34.6926,138.257,0.993343,25.4294,77.5348
266.2,11.9874,2.39247,104.496,34.6934,138.262,0.993343,25.7584,77.5315
266.22,11.9874,2.39226,104.515,35.483,139.662,0.993343,25.7589,77.0005
266.24,11.9865,2.48376,116.188,35.483,139.662,0.993343,25.7589,75.4098
266.26,11.9865,2.4839,116.206,36.364,140.302,0.993343,25.7589,74.3469
266.28,11.9865,2.44713,126.476,36.3654,140.303,0.838831,25.7589,77.5315
266.3,11.9865,2.44713,126.476,36.3654,140.769,0.838831,25.7589,80.1827
266.32,11.9888,2.47011,135.371,36.9227,140.77,0.931618,25.7589,82.8419
266.34,11.9888,2.50855,135.371,36.9227,140.77,0.931618,25.7589,80.1867
266.36,11.9629,2.36354,142.191,37.6183,140.77,0.931618,25.7589,77.5356
266.38,11.9628,2.32938,142.202,37.6194,140.77,0.931618,25.7589,79.1247
266.4,11.5525,2.52296,142.202,38.2222,140.479,0.931618,25.7589,80.7154
266.42,11.5519,2.55374,147.833,38.2231,140.478,0.931618,25.7589,83.3689
266.44,11.5193,2.55887,147.841,39.1056,140.77,0.931618,25.7589,82.8419
266.46,11.5193,2.55577,153.106,39.1056,140.77,0.931618,26.6429,82.8419
266.48,11.5189,2.4605,153.114,39.8012,142.634,0.931618,26.6443,83.3722
266.5,11.5189,2.42861,158.478,39.8022,142.637,0.931618,26.6443,80.1867
266.52,11.5193,2.3906,158.478,40.5906,145.316,0.931618,26.6443,77.0054
266.54,11.5193,2.40721,163.384,40.5918,145.321,0.915133,26.6443,77.0005
266.56,11.5198,2.44102,163.384,40.5918,147.946,0.915133,26.6443,78.0626
266.58,11.5198,2.43651,168.145,41.5192,147.946,1.12805,26.6443,79.1231
266.6,11.5198,2.2656,168.152,41.5206,147.946,1.12837,26.6443,78.0626
266.62,11.5198,2.27469,172.455,42.68,150.334,1.12837,26.6443,77.0021
266.64,11.5193,2.31103,172.462,42.6817,150.338,1.12837,26.6443,76.4703
266.66,11.5193,2.32256,172.462,43.9822,152.846,1.12837,26.6443,76.4695
266.68,11.5087,2.36314,176.353,43.9822,152.846,1.12837,26.6443,75.9392
266.7,11.5087,2.38037,176.359,45.3733,155.351,1.12837,26.6443,76.9989
266.72,11.5012,2.36542,179.339,45.3755,155.355,1.12837,28.971,78.5936
266.74,11.5012,2.43618,179.339,46.9521,157.859,1.12837,28.971,77.003
266.76,11.5031,2.47695,180.071,46.9545,157.863,1.12837,28.971,77.5307
266.78,11.5087,2.55833,180.072,46.9545,159.672,1.12837,28.971,79.1247
266.8,11.5087,2.62114,178.241,49.2268,159.672,1.0209,28.971,76.4735
266.82,11.5221,2.51016,178.238,49.2303,161.947,1.02074,28.971,74.3453
266.84,11.5221,2.51016,176.038,51.2274,161.947,1.08681,28.971,72.2212
266.86,11.5231,2.51164,176.038,51.2274,161.947,1.08681,28.971,72.2212
266.88,11.5231,2.4518,173.837,53.596,163.989,1.08681,28.971,72.2212
266.9,11.5337,2.4054,173.837,53.596,163.989,1.08681,28.971,71.6909
266.92,11.5337,2.54261,173.837,55.3582,165.503,1.08681,28.971,74.3413
266.94,11.543,2.55245,171.178,55.3609,165.506,1.08681,28.971,77.0005
266.96,11.543,2.705,171.178,57.1694,166.321,1.08681,28.971,77.5307
266.98,10.9941,2.57816,167.607,57.1722,166.322,1.08681,28.971,77.0013
267,10.9932,2.57796,167.602,58.6584,167.022,1.08681,30.8448,74.3453
267.02,10.9988,2.48898,163.299,58.6584,167.022,1.08681,30.8448,72.7546
267.04,10.9988,2.48884,163.292,58.6584,167.139,1.08681,30.8448,73.2832
267.06,11.0271,2.55514,158.661,59.9588,167.139,1.04994,30.8448,73.8143
267.08,11.0271,2.55514,158.661,59.9588,166.673,1.04994,30.8448,73.8143
267.1,11.0545,2.60634,154.535,61.0734,166.672,1.05348,30.8448,73.8143
267.12,11.0545,2.60634,154.535,61.0734,166.672,1.05348,30.8448,75.405
267.14,11.0953,2.50291,152.246,62.2791,165.507,1.05348,30.8448,76.9981
267.16,11.0954,2.48969,152.243,62.281,165.506,1.05348,30.8448,81.7799
267.18,11.1051,2.40557,152.243,63.0229,163.292,1.05348,30.8448,84.431
267.2,11.1051,2.41029,151.235,63.0241,163.289,1.05348,30.8448,86.0257
267.22,11.1335,2.42688,151.234,63.7207,159.963,1.05348,30.8448,86.5592
267.24,11.1335,2.42544,149.586,63.7207,159.963,1.05348,30.8448,86.5592
267.26,11.1562,2.48873,149.583,64.1381,155.42,1.05348,27.8226,85.4988
267.28,11.1562,2.49831,147.795,64.1387,155.413,1.05348,27.8179,85.4971
267.3,11.1817,2.43074,147.795,64.1387,150.695,1.05348,27.8179,89.739
267.32,11.1817,2.4414,145.916,64.7425,150.688,1.04118,27.8179,93.9938
267.34,11.2161,2.35638,145.916,64.7425,146.604,1.04118,27.8179,89.2144
267.36,11.2161,2.35403,143.489,64.8816,146.604,0.90348,27.8179,84.4424
267.38,11.2449,2.41838,143.486,64.8818,146.604,0.903269,27.8179,82.842
267.4,11.2449,2.40442,143.486,65.2528,143.517,0.903269,27.8179,81.2513
267.42,11.2787,2.43336,140.373,65.2534,143.512,0.903269,27.8179,81.7791
267.44,11.2788,2.43875,140.368,65.2534,141.12,0.903269,27.8179,83.904
267.46,11.3279,2.36891,136.523,65.2534,141.12,0.903269,27.8179,83.904
267.48,11.328,2.38787,136.517,65.2997,139.547,0.903269,27.8179,81.7831
267.5,11.3591,2.46753,132.299,65.2998,139.545,0.903269,27.8179,79.6557
267.52,11.3591,2.50269,132.299,65.2998,138.438,0.903269,26.2966,81.2464
267.54,11.3893,2.35695,128.356,65.2998,138.437,0.903269,26.2942,79.6557
267.56,11.4209,2.32705,128.356,65.2998,137.503,0.903269,26.2942,74.8764
267.58,11.4209,2.35301,124.968,65.2071,137.503,0.895695,26.2942,70.1043
267.6,11.4655,2.36196,124.963,65.2069,137.503,0.895683,26.2942,67.9729
267.62,11.4655,2.3545,121.85,65.2533,135.697,0.720243,26.2942,65.852
267.64,11.5026,2.37279,121.845,65.2534,135.695,0.719976,26.2942,64.7883
267.66,11.5026,2.40306,121.845,64.8818,132.778,0.719976,26.2942,64.2556
267.68,11.542,2.35966,118.412,64.8818,132.778,0.719976,26.2942,64.7858
267.7,11.5421,2.3485,118.407,64.7427,129.574,0.719976,26.2942,64.2564
267.72,11.5918,2.37825,115.794,64.7425,129.569,0.719976,26.2942,59.4763
267.74,11.5918,2.35579,115.794,64.6961,126.424,0.719976,26.2942,57.3553
267.76,11.6293,2.31515,114.054,64.696,126.419,0.719976,26.2942,61.0637
267.78,11.6294,2.31508,114.051,64.696,123.794,0.719976,25.9648,63.1935
267.8,11.6683,2.45009,113.044,65.067,123.794,0.719976,25.9648,64.254
267.82,11.6684,2.45029,113.043,65.0676,120.935,0.719976,25.9648,64.2556
267.84,11.7079,2.32268,112.355,64.9282,120.935,0.703035,25.9648,64.2556
267.86,11.7079,2.32268,112.355,64.9282,120.935,0.703035,25.9648,63.1951
267.88,11.7464,2.39567,111.484,64.8818,117.552,0.681255,25.9648,62.1314
267.9,11.7464,2.39567,111.484,64.8818,117.552,0.681255,25.9648,63.1919
267.92,11.784,2.39677,111.484,65.0209,114.348,0.681255,25.9648,65.3144
267.94,11.784,2.43582,110.842,65.0211,114.343,0.681255,25.9648,63.7246
267.96,11.8258,2.43981,110.842,64.9748,112.421,0.681255,25.9648,61.6037
267.98,11.8258,2.41702,110.201,64.9747,112.418,0.681255,25.9648,62.6609
268,11.8755,2.40192,110.2,65.1605,111.893,0.681255,25.9648,64.2556
268.02,11.8755,2.3745,109.605,65.1605,111.893,0.681255,25.9648,65.3161
268.04,11.9155,2.29121,109.604,65.1605,112.534,0.681255,23.9469,64.7866
268.06,11.9155,2.3324,108.779,65.2069,112.534,0.681255,23.9469,64.2556
268.08,11.9488,2.40607,108.779,65.2069,113.816,0.681255,23.9469,64.7858
268.1,11.9489,2.37184,107.587,65.0211,113.818,0.660402,23.9469,65.3177
268.12,11.9795,2.36818,107.587,65.0211,113.818,0.660402,23.9469,66.3781
268.14,11.9795,2.38139,106.168,65.1603,115.274,0.679351,23.9469,67.4402
268.16,12.0176,2.34385,106.165,65.1605,115.276,0.67938,23.9469,65.8487
268.18,12.0176,2.33641,106.165,65.2068,116.558,0.67938,23.9469,68.4999
268.2,12.0459,2.3627,105.158,65.2069,116.56,0.67938,23.9469,72.7457
268.22,12.0459,2.39923,105.157,65.4391,117.318,0.67938,23.9469,74.3453
268.24,12.0854,2.42234,104.47,65.4391,117.318,0.67938,23.9469,76.9965
268.26,12.0854,2.3941,104.469,65.5319,117.668,0.67938,23.9469,80.1819
268.28,12.1244,2.39418,103.919,65.532,117.668,0.67938,23.9469,82.8419
268.3,12.1244,2.39658,103.919,65.532,117.377,0.67938,23.2685,85.4931
268.32,12.1509,2.39667,103.46,65.6249,117.377,0.67938,23.2674,88.1523
268.34,12.1509,2.38094,103.46,65.6249,116.385,0.67938,23.2674,90.2765
268.36,12.1801,2.40365,103.048,65.7176,116.385,0.680256,23.2674,92.3974
268.38,12.1801,2.40943,103.048,65.7178,116.385,0.680257,23.2674,93.9937
268.4,12.2103,2.29326,103.048,65.5787,115.045,0.647664,23.2674,95.5844
268.42,12.2103,2.29127,102.544,65.5785,115.043,0.647614,23.2674,96.6473
268.44,12.2377,2.36616,102.543,65.6713,113.76,0.647614,23.2674,97.711
268.46,12.273,2.37192,101.948,65.6713,113.76,0.647614,23.2674,100.362
268.48,12.273,2.41353,101.947,65.4859,112.42,0.647614,23.2674,104.078
268.5,12.3023,2.42753,101.122,65.4856,112.418,0.647614,23.2674,106.208
268.52,12.3023,2.3554,101.122,65.0218,111.195,0.647614,23.2674,111.51
268.54,12.3352,2.31312,100.755,65.0211,111.193,0.647614,23.2674,117.359
268.56,12.3352,2.36513,100.755,65.0211,110.668,0.647614,24.8735,118.421
268.58,12.3728,2.40672,100.069,64.6038,110.668,0.647614,24.8735,119.482
268.6,12.3729,2.45118,100.068,64.6031,110.668,0.647614,24.8735,118.953
268.62,12.4021,2.42419,99.5183,64.3249,109.969,0.661943,24.8735,118.422
268.64,12.4021,2.37664,99.5175,64.3245,109.968,0.661965,24.8735,120.542
268.66,12.4369,2.4097,99.5175,64.1387,109.092,0.638746,24.8735,121.077
268.68,12.4369,2.4097,99.1055,64.1387,109.092,0.638746,24.8735,121.077
268.7,12.4675,2.33487,99.1049,63.4895,108.685,0.638746,24.8735,121.607
268.72,12.4676,2.33475,98.8756,63.4885,108.684,0.638746,24.8735,122.139
268.74,12.5019,2.36882,98.8756,62.8856,108.626,0.638746,24.8735,118.957
268.76,12.502,2.36887,98.6925,62.8847,108.626,0.638746,24.8735,115.241
268.78,12.5349,2.45822,98.6922,62.8847,108.859,0.638746,24.8735,114.704
268.8,12.5349,2.45822,98.6464,62.5137,108.859,0.638746,24.8735,115.234
268.82,12.5633,2.43079,98.6464,62.5132,108.626,0.638746,25.7383,114.704
268.84,12.5633,2.40668,98.6922,61.863,108.626,0.638746,25.7383,114.173
268.86,12.5906,2.27669,98.6922,61.863,108.626,0.638746,25.7383,114.173
268.88,12.5907,2.2901,98.5547,61.2592,108.159,0.657855,25.7383,114.173
268.9,12.6208,2.34727,98.5547,61.2592,108.159,0.657855,25.7383,113.113
268.92,12.6208,2.35705,98.5547,60.4709,107.518,0.665864,25.7383,111.52
268.94,12.6473,2.33843,98.6922,60.4697,107.517,0.665876,25.7383,106.739
268.96,12.6473,2.30484,98.6922,59.6813,106.935,0.665876,25.7383,101.436
268.98,12.6812,2.34909,98.8296,59.6801,106.934,0.665876,25.7383,100.898
269,12.6812,2.36192,98.8298,58.937,106.117,0.665876,25.7383,103.021
269.02,12.715,2.41784,99.0587,58.937,106.117,0.665876,25.7383,102.491
269.04,12.715,2.4077,99.059,58.937,105.534,0.665876,25.7383,101.428
269.06,12.7417,2.30415,99.1507,58.2404,105.534,0.665876,25.7383,100.366
269.08,12.7417,2.30599,99.1507,58.2404,105.243,0.665876,26.0467,97.1848
269.1,12.7717,2.37274,99.0132,57.683,105.242,0.665876,26.0472,93.9937
269.12,12.7717,2.37943,99.0132,57.683,105.242,0.665876,26.0472,95.5844
269.14,12.7947,2.45417,98.7843,56.802,105.3,0.660512,26.0472,97.1775
269.16,12.7947,2.47403,98.7839,56.8006,105.3,0.660503,26.0472,102.49
269.18,12.8239,2.49655,98.7839,56.2905,105.766,0.688268,26.0472,107.262
269.2,12.8239,2.46221,98.555,56.2897,105.767,0.688311,26.0472,108.86
269.22,12.8531,2.40285,98.5547,55.7324,106.467,0.688311,26.0472,110.456
269.24,12.8531,2.4324,98.3258,55.7324,106.467,0.688311,26.0472,113.107
269.26,12.8724,2.44508,98.3254,55.5005,107.341,0.688311,26.0472,114.172
269.28,12.8724,2.44366,98.0504,55.5002,107.342,0.688311,26.0472,114.704
269.3,12.8925,2.31908,98.0504,55.5002,107.983,0.688311,26.0472,114.704
269.32,12.8926,2.32024,97.6377,55.1751,107.984,0.688311,26.0472,114.704
269.34,12.9242,2.41176,97.6377,55.1751,108.567,0.688311,25.1,118.421
269.36,12.9488,2.38878,97.0426,54.8968,108.567,0.688311,25.1,122.133
269.38,12.9489,2.44269,97.0417,54.8964,108.567,0.688311,25.1,123.732
269.4,12.9731,2.4413,97.0417,54.6646,109.15,0.674419,25.1,125.323
269.42,12.9731,2.53736,96.6297,54.6642,109.151,0.674398,25.1,124.265
269.44,12.9945,2.56344,96.6291,54.3391,109.618,0.711744,25.1,120.546
269.46,12.9945,2.42427,96.0797,54.3391,109.618,0.711744,25.1,117.364
269.48,13.015,2.37495,96.0789,53.9217,109.792,0.711744,25.1,115.239
269.5,13.015,2.3708,95.437,53.9211,109.793,0.711744,25.1,116.828
269.52,13.0388,2.41379,95.437,53.7356,109.56,0.711744,25.1,122.131
269.54,13.0389,2.46412,94.6118,53.7353,109.559,0.711744,25.1,122.139
269.56,13.0648,2.36409,94.6118,53.7353,108.217,0.711744,25.1,123.732
269.58,13.0648,2.36409,93.4215,53.2716,108.217,0.711744,25.1,125.323
269.6,13.0952,2.67324,93.4197,53.2709,108.217,0.711744,25.7177,122.67
269.62,13.0952,2.67324,92.1837,52.8999,107.052,0.711744,25.7177,120.019
269.64,13.1239,2.38545,92.1818,52.8993,107.051,0.711744,25.7177,117.363
269.66,13.124,2.38501,92.1818,52.342,105.942,0.697645,25.7177,116.297
269.68,13.1486,2.3618,91.1289,52.342,105.942,0.697645,25.7177,116.828
269.7,13.1486,2.36176,91.1273,52.1101,104.835,0.697645,25.7177,117.889
269.72,13.1696,2.44872,89.9353,52.1098,104.834,0.736286,25.7177,119.484
269.74,13.1696,2.43931,89.9353,51.8316,103.902,0.736286,25.7177,121.605
269.76,13.1901,2.43103,88.745,51.8311,103.9,0.736286,25.7177,120.547
269.78,13.1901,2.44135,88.7432,51.8311,103.084,0.736286,25.7177,118.422
269.8,13.2057,2.49829,87.5988,51.692,103.084,0.736286,25.7177,118.952
269.82,13.2057,2.48522,87.597,51.6918,102.5,0.736286,25.7177,118.953
269.84,13.2271,2.48064,86.9093,51.2738,102.5,0.736286,25.7177,118.953
269.86,13.2271,2.47512,86.9093,51.2738,102.5,0.736286,25.8411,124.255
269.88,13.2436,2.39018,86.5884,51.088,102.092,0.736286,25.8412,129.573
269.9,13.2436,2.40994,86.5884,51.088,102.092,0.736286,25.8412,132.755
269.92,13.246,2.50504,86.5884,50.7634,101.684,0.74117,25.8412,135.941
269.94,13.246,2.50123,86.5884,50.7629,101.684,0.741178,25.8412,132.228
269.96,13.2497,2.43555,86.5884,50.6238,101.392,0.741178,25.8412,128.517
269.98,13.2497,2.43446,86.9088,50.6236,101.392,0.758746,25.8412,123.739
270,13.2304,2.52789,87.7804,54.5249,96.8415,0.711006,-234.651,123.201
270.02,13.2325,2.49519,87.7804,54.5249,96.8415,0.711006,-237.036,127.443
270.04,13.2325,2.48105,87.7804,54.3855,96.5498,0.711006,-237.039,131.697
270.06,13.2349,2.44569,88.0555,54.3855,96.5498,0.711006,-237.039,135.946
270.08,13.2345,2.43656,88.3302,55.313,96.375,0.711006,-237.039,137.006
270.1,13.2345,2.44661,88.3306,55.3144,96.3747,0.711006,-237.039,138.07
270.12,13.2362,2.38877,88.651,53.8769,96.3747,0.711006,-237.039,134.889
270.14,13.2349,2.36848,88.6515,53.1791,96.1418,0.711006,-237.039,131.702
270.16,13.2349,2.36845,88.8349,53.178,96.1414,0.711006,-237.039,127.98
270.18,13.2357,2.41522,88.8349,53.2244,96.2579,0.731304,-237.039,125.329
270.2,13.237,2.46259,88.9265,53.2244,96.2581,0.731335,-237.039,123.734
270.22,13.237,2.40009,88.9266,53.4567,96.0247,0.718942,-237.039,125.325
270.24,13.2358,2.36554,89.1555,53.4567,96.0247,0.718942,-234.141,127.446
270.26,13.237,2.43085,89.0643,53.2248,95.9665,0.718942,-234.136,127.449
270.28,13.237,2.46028,89.0642,53.2244,95.7914,0.718942,-234.136,124.794
270.3,13.2358,2.42977,88.8811,54.0592,95.7914,0.718942,-234.136,126.915
270.32,13.237,2.47365,88.8808,53.8747,95.4997,0.718942,-234.136,125.856
270.34,13.2362,2.45102,88.7891,53.8747,95.4997,0.718942,-234.136,124.794
270.36,13.2362,2.43239,88.7891,53.5964,95.1502,0.718942,-234.136,125.854
270.38,13.2374,2.48573,88.5598,53.596,95.1496,0.717349,-234.136,126.918
270.4,13.2362,2.44286,88.4225,53.4105,94.9749,0.717349,-234.136,129.039
270.42,13.2362,2.44279,88.4223,53.4102,94.9746,0.7333,-234.136,126.921
270.44,13.2345,2.4707,88.1472,53.4102,94.858,0.733324,-234.136,125.325
270.46,13.2321,2.41465,88.1472,53.4102,94.6832,0.733324,-235.185,123.734
270.48,13.2321,2.41457,88.193,52.5755,94.6829,0.733324,-235.186,122.141
270.5,13.2329,2.4901,88.1931,53.3638,94.6246,0.733324,-235.186,122.139
270.52,13.2321,2.35729,88.0557,53.3638,94.6246,0.733324,-235.186,122.139
270.54,13.2321,2.36454,88.0555,53.5495,94.4496,0.733324,-235.186,125.325
270.56,13.2292,2.39196,87.918,53.5495,94.4496,0.733324,-235.186,128.511
270.58,13.2312,2.37288,87.7806,53.1786,94.1583,0.733324,-235.186,130.102
270.6,13.2312,2.4473,87.7804,53.178,94.2162,0.738053,-235.186,130.635
270.62,13.2288,2.45319,87.6431,52.7606,94.2162,0.738053,-235.186,131.696
270.64,13.2284,2.36732,87.6429,53.2237,94.158,0.761066,-235.186,127.456
270.66,13.2284,2.48284,87.4136,53.2244,94.1579,0.761101,-235.433,123.201
270.68,13.2292,2.50393,87.4136,53.3636,94.0996,0.761101,-235.433,122.14
270.7,13.2292,2.41575,87.4594,53.3638,94.0996,0.761101,-235.433,121.078
270.72,13.2275,2.36049,87.4595,53.9211,94.2746,0.761101,-235.433,117.359
270.74,13.2275,2.36049,86.8644,53.9211,94.2746,0.761101,-235.433,117.89
270.76,13.2296,2.35179,86.3141,54.3385,94.0998,0.761101,-235.433,121.072
270.78,13.2279,2.43168,86.3133,54.8035,93.9245,0.761101,-235.433,125.325
270.8,13.2279,2.43168,86.0844,54.8035,93.9245,0.761101,-235.433,123.734
270.82,13.2288,2.42454,86.084,55.4073,93.5745,0.774048,-235.433,121.077
270.84,13.2288,2.47404,85.809,55.4073,93.5745,0.774048,-235.433,118.421
270.86,13.2288,2.47404,85.809,55.3609,93.2833,0.777542,-235.433,117.891
270.88,13.2271,2.343,85.1671,55.3609,93.2828,0.777547,-234.836,117.359
270.9,13.2284,2.45926,85.1671,54.6653,92.9333,0.777547,-234.836,115.238
270.92,13.2284,2.41356,84.984,54.6642,92.9328,0.777547,-234.836,113.114
270.94,13.2296,2.40621,84.3418,54.4784,92.4661,0.777547,-234.836,110.456
270.96,13.23,2.34232,84.3418,54.1538,92.0001,0.777547,-234.836,112.047
270.98,13.23,2.37589,83.7925,54.1533,91.9994,0.777547,-234.836,113.64
271,13.23,2.37501,83.7917,54.5249,91.5327,0.777547,-234.836,115.235
271.02,13.23,2.5039,83.105,54.5249,91.5327,0.777547,-234.836,116.826
271.04,13.2333,2.50411,83.1039,53.8282,91.066,0.792339,-234.836,116.828
271.06,13.2333,2.44029,82.5079,53.8282,91.066,0.792339,-234.836,118.953
271.08,13.2333,2.44969,82.5079,52.9471,90.6,0.792339,-234.836,123.194
271.1,13.2382,2.39714,81.8202,52.9458,90.5993,0.792339,-236.833,126.387
271.12,13.2382,2.39714,81.5455,53.4095,90.075,0.792339,-236.833,127.978
271.14,13.2423,2.34823,81.5451,50.5815,89.55,0.792339,-236.833,125.859
271.16,13.2456,2.42212,81.2242,50.5772,89.5492,0.792339,-236.833,123.732
271.18,13.2456,2.42212,81.2242,50.1134,88.9667,0.792339,-236.833,118.43
271.2,13.2509,2.48204,80.6291,50.1127,88.9658,0.792339,-236.833,113.119
271.22,13.2522,2.31914,80.6281,49.5554,88.6158,0.792339,-236.833,114.704
271.24,13.2522,2.3674,80.033,49.5554,88.6158,0.804357,-236.833,115.765
271.26,13.2567,2.36605,79.6201,50.4365,88.0333,0.804376,-236.833,118.417
271.28,13.26,2.34306,79.6195,50.2985,88.0324,0.794243,-236.833,118.421
271.3,13.26,2.42698,78.9328,50.2985,87.4499,0.794243,-234.161,117.361
271.32,13.2612,2.39452,78.9318,51.3203,87.2156,0.794243,-234.157,120.015
271.34,13.2637,2.45656,78.1982,51.3203,87.2156,0.794243,-234.157,122.67
271.36,13.2711,2.42669,78.1982,51.9231,86.9244,0.794243,-234.157,126.912
271.38,13.2711,2.44184,77.2354,51.924,86.924,0.794243,-234.157,127.449
271.4,13.2711,2.40518,76.2741,51.2748,86.8657,0.794243,-234.157,123.738
271.42,13.2719,2.32849,76.2726,51.2738,86.8656,0.794243,-234.157,121.611
271.44,13.2719,2.32838,75.0806,49.091,86.924,0.794243,-234.157,121.077
271.46,13.2719,2.36795,75.0806,47.6998,87.0405,0.800066,-234.157,122.137
271.48,13.2756,2.36306,73.5699,47.6976,87.0406,0.800075,-234.157,123.199
271.5,13.2756,2.36305,73.5676,47.7441,86.924,0.808455,-234.157,123.201
271.52,13.2773,2.29131,71.7364,47.7441,86.924,0.808455,-236.912,123.201
271.54,13.283,2.38696,71.7337,46.165,86.6323,0.808455,-236.916,123.201
271.56,13.283,2.37945,69.7622,46.165,86.6323,0.808455,-236.916,124.794
271.58,13.2867,2.36609,67.9768,44.7738,85.8168,0.808455,-236.916,131.687
271.6,13.2945,2.43454,67.9741,44.7717,84.8238,0.808455,-236.916,139.132
271.62,13.2945,2.42197,66.3719,44.0761,84.8238,0.808455,-236.916,142.313
271.64,13.3056,2.38311,66.3694,44.3069,83.6588,0.808455,-236.916,146.03
271.66,13.3143,2.35586,64.9482,44.3073,83.657,0.808455,-236.916,149.753
271.68,13.3188,2.42398,64.9482,43.9363,82.259,0.790649,-236.916,150.283
271.7,13.3188,2.40959,63.8953,43.9357,82.2569,0.80609,-236.916,150.814
271.72,13.3274,2.45765,63.8937,44.5395,80.3901,0.806114,-236.916,151.346
271.74,13.3331,2.27779,63.7563,44.5395,80.3901,0.806114,-235.23,149.755
271.76,13.3332,2.27751,62.5659,44.0294,78.4096,0.806114,-235.227,150.813
271.78,13.3389,2.40953,62.5641,42.3102,76.1897,0.806114,-235.227,149.222
271.8,13.3422,2.60895,62.1063,42.3102,76.1897,0.806114,-235.227,147.631
271.82,13.3422,2.60925,62.1056,42.0315,74.2646,0.806114,-235.227,151.346
271.84,13.3471,2.40091,61.5096,42.0315,74.2646,0.806114,-235.227,155.063
271.86,13.3475,2.33475,61.5096,42.4489,73.0413,0.806114,-235.227,153.472
271.88,13.3475,2.42932,61.3262,42.4495,73.0395,0.783549,-235.227,151.346
271.9,13.3496,2.46258,60.9142,41.3366,73.0977,0.783549,-235.227,150.285
271.92,13.3529,2.39106,60.9135,41.3349,73.0978,0.778234,-235.227,148.163
271.94,13.3529,2.63379,60.8677,40.4524,75.0813,0.778226,-235.227,147.629
271.96,13.3566,2.62747,60.8677,40.2206,77.7025,0.778226,-235.618,147.098
271.98,13.3623,2.48346,60.6388,40.2202,77.7065,0.778226,-235.619,146.567
272,13.3623,2.28894,60.6385,40.7311,80.0984,0.778226,-235.619,146.035
272.02,13.364,2.29352,60.1349,40.7311,80.0984,0.778226,-235.619,145.505
272.04,13.3636,2.47836,60.1341,40.6382,81.1485,0.778226,-235.619,143.38
272.06,13.3636,2.36745,59.4923,40.6382,81.1485,0.778226,-235.619,139.663
272.08,13.3673,2.36746,59.2634,39.4789,82.1387,0.778226,-235.619,134.891
272.1,13.3697,2.39904,59.263,38.2696,82.7236,0.779811,-235.619,131.697
272.12,13.3714,2.41688,59.675,38.2696,82.7236,0.779811,-235.619,133.818
272.14,13.3714,2.41691,59.6756,38.316,83.1896,0.861859,-235.619,137.003
272.16,13.3726,2.4259,59.8132,38.316,83.1903,0.861984,-237.389,140.194
272.18,13.3734,2.31456,59.8132,38.0842,83.4816,0.861984,-237.389,136.482
272.2,13.3734,2.31439,59.859,38.0838,83.482,0.861984,-237.389,134.356
272.22,13.3759,2.4076,59.859,37.6658,83.4237,0.861984,-237.389,132.76
272.24,13.3751,2.41431,59.447,37.6658,83.4237,0.861984,-237.389,130.108
272.26,13.3751,2.41432,58.8971,36.321,83.0742,0.861984,-237.389,130.104
272.28,13.3788,2.33761,58.8962,36.9227,82.6653,0.861984,-237.389,133.822
272.3,13.3792,2.42055,57.6144,36.9227,82.6653,0.861984,-237.389,138.594
272.32,13.38,2.47113,57.6125,37.2478,82.2569,0.863434,-237.389,136.477
272.34,13.38,2.44881,56.6038,37.2478,82.2569,0.863434,-237.389,134.353
272.36,13.3812,2.36242,56.6038,38.1753,81.3832,0.813402,-237.389,131.701
272.38,13.3821,2.57656,54.9992,38.1767,81.3818,0.813326,-235.495,130.635
272.4,13.3821,2.5287,52.8476,37.8985,80.2168,0.813326,-235.495,133.817
272.42,13.3837,2.34375,52.8443,37.898,80.2151,0.813326,-235.495,131.701
272.44,13.3837,2.46207,50.7353,37.2478,78.6983,0.813326,-235.495,126.918
272.46,13.3837,2.4856,50.7353,37.0623,76.8925,0.813326,-235.495,128.509
272.48,13.3845,2.3542,48.538,37.062,76.8898,0.813326,-235.495,130.102
272.5,13.3841,2.47176,48.5346,37.5265,74.8479,0.813326,-235.495,134.353
272.52,13.3841,2.4212,46.3373,37.5265,74.8479,0.813326,-235.495,138.594
272.54,13.3841,2.40893,46.3339,38.1767,72.8644,0.811024,-235.495,137.539
272.56,13.3858,2.42382,44.3166,38.1767,72.8644,0.843264,-235.495,136.477
272.58,13.387,2.45715,42.989,35.6262,71.0005,0.843264,-235.495,138.067
272.6,13.387,2.48849,42.987,35.0185,68.8391,0.843264,-237.307,143.911
272.62,13.3854,2.37415,42.3003,35.0185,68.8391,0.843264,-237.307,149.744
272.64,13.3854,2.36997,42.2993,35.1576,66.1596,0.843264,-237.307,151.874
272.66,13.3854,2.40048,41.2906,35.1579,66.1555,0.843264,-237.307,154.001
272.68,13.3882,2.40888,41.2906,34.9724,63.0683,0.843264,-237.307,153.471
272.7,13.3858,2.39108,39.9631,34.9721,63.0636,0.843264,-237.307,152.94
272.72,13.3858,2.39105,38.3105,33.4859,59.7967,0.843264,-237.307,153.47
272.74,13.3845,2.4469,38.3105,33.4859,59.7967,0.838239,-237.307,159.833
272.76,13.3866,2.32785,37.1661,32.7903,57.4667,0.838231,-237.307,167.266
272.78,13.3866,2.38021,37.1643,34.4148,56.7048,0.863597,-237.307,173.649
272.8,13.3858,2.38588,35.8368,34.4148,56.7048,0.863597,-234.799,180.542
272.82,13.387,2.29384,35.8347,33.9039,57.6382,0.863597,-234.795,180.022
272.84,13.387,2.39575,34.6427,33.9039,57.6382,0.863597,-234.795,179.491
272.86,13.3874,2.43623,34.6427,34.1357,59.4439,0.863597,-234.795,182.142
272.88,13.3808,2.44265,33.2673,34.1361,59.4467,0.863597,-234.795,184.27
272.9,13.3776,2.41402,32.7637,33.4405,60.7281,0.863597,-234.795,185.331
272.92,13.3775,2.38636,32.7629,33.2539,60.6718,0.863597,-234.795,184.802
272.94,13.3775,2.26048,32.2586,33.2537,60.6718,0.863597,-234.795,187.456
272.96,13.3784,2.44209,32.2586,33.5319,60.5553,0.862237,-234.795,189.047
272.98,13.3784,2.44236,32.2586,33.5323,60.5551,0.862235,-234.795,190.64
273,13.3767,2.40301,32.2586,33.7645,59.7967,0.873156,-234.795,192.767
273.02,13.3775,2.3901,32.1213,33.7645,59.7967,0.873156,-235.782,194.888
273.04,13.3775,2.39008,32.1211,34.8792,58.1632,0.873156,-235.783,191.705
273.06,13.3755,2.41553,32.3044,34.8792,58.1632,0.873156,-235.783,191.705
273.08,13.3767,2.437,32.5791,34.9256,56.1245,0.873156,-235.783,191.175
273.1,13.3767,2.36033,32.5795,35.3901,55.0713,0.873156,-235.783,190.643
273.12,13.3734,2.35937,33.1746,35.3901,55.0713,0.873156,-235.783,191.703
273.14,13.3755,2.37993,33.1756,35.2973,54.6635,0.873156,-235.783,193.295
273.16,13.3755,2.48705,33.5882,35.2972,54.6629,0.873156,-235.783,194.891
273.18,13.373,2.46247,33.5882,34.9262,54.5464,0.882152,-235.783,192.77
273.2,13.3722,2.4297,33.0388,34.9256,54.5462,0.889372,-235.783,190.646
273.22,13.3722,2.43383,32.5795,34.1825,54.7213,0.889383,-235.783,192.236
273.24,13.3722,2.45679,32.5795,34.1825,54.7213,0.889383,-236.626,197.008
273.26,13.3718,2.44068,32.3506,34.6463,55.362,0.889383,-236.628,197.015
273.28,13.3714,2.39634,32.3503,32.4641,56.7048,0.889383,-236.628,197.546
273.3,13.3714,2.39634,31.801,32.4641,56.7048,0.889383,-236.628,198.076
273.32,13.3697,2.34203,31.8001,32.6963,58.1632,0.889383,-236.628,197.546
273.34,13.3697,2.37993,30.7915,32.6963,58.1632,0.889383,-236.628,197.015
273.36,13.3697,2.37993,30.7915,34.5049,59.0369,0.889383,-236.628,192.243
273.38,13.3685,2.43396,29.9204,34.5076,59.0383,0.90277,-236.628,188.519
273.4,13.3623,2.40898,29.7372,34.9714,59.3295,0.90277,-236.628,189.579
273.42,13.3623,2.40895,29.737,34.9721,60.0872,0.900994,-236.628,187.46
273.44,13.3632,2.45131,28.9575,33.6717,60.0884,0.900991,-236.628,181.084
273.46,13.3611,2.36623,28.9575,32.3732,60.9621,0.900991,-234.243,186.916
273.48,13.3611,2.49055,28.7287,32.3712,60.9634,0.900991,-234.239,192.758
273.5,13.3603,2.4967,28.7283,32.8357,61.6052,0.900991,-234.239,196.484
273.52,13.3619,2.38819,28.179,32.8357,61.6052,0.900991,-234.239,200.196
273.54,13.3619,2.44231,28.0406,31.1637,61.3135,0.900991,-234.239,204.45
273.56,13.3591,2.37801,28.0406,31.1637,61.3135,0.900991,-234.239,206.043
273.58,13.3591,2.40288,28.2237,31.3956,60.265,0.900991,-234.239,202.861
273.6,13.3582,2.37107,28.224,30.9779,58.2799,0.900216,-234.239,202.326
273.62,13.3582,2.35125,28.5902,30.9779,58.2799,0.900216,-234.239,202.326
273.64,13.3574,2.44222,28.5908,31.5808,56.0082,0.921586,-234.239,198.614
273.66,13.3566,2.42725,29.0951,31.5817,56.0047,0.921619,-237.101,194.891
273.68,13.3566,2.42725,29.0951,31.118,53.966,0.921619,-237.101,201.784
273.7,13.3578,2.44036,29.3698,31.1173,53.9629,0.921619,-237.101,207.627
273.72,13.3566,2.47228,29.6911,32.1855,52.1544,0.921619,-237.101,208.698
273.74,13.3566,2.47228,29.6911,32.1855,51.2224,0.921619,-237.101,211.879
273.76,13.3558,2.49886,29.8742,32.1855,51.221,0.921619,-237.101,214.005
273.78,13.357,2.3274,29.8745,30.6064,50.9876,0.921619,-237.101,217.195
273.8,13.3582,2.39522,29.5998,30.6064,50.9876,0.921619,-237.101,223.557
273.82,13.3582,2.38613,29.5994,27.7269,51.571,0.901188,-237.101,219.85
273.84,13.3632,2.47175,29.1409,27.7269,51.571,0.913994,-237.101,216.132
273.86,13.3751,2.23925,29.1409,29.9528,52.6195,0.913994,-237.101,219.314
273.88,13.3751,2.29563,28.9575,29.9562,52.6211,0.913994,-233.765,215.601
273.9,13.1576,2.37756,28.2251,30.6518,53.0288,0.913994,-233.765,212.42
273.92,13.1458,2.38173,28.224,30.6528,53.2042,0.913994,-233.765,211.885
273.94,13.1457,2.41666,28.2698,30.1419,53.2045,0.913994,-233.765,210.291
273.96,13.1342,2.38509,28.2698,28.7044,53.3792,0.913994,-233.765,209.231
273.98,13.1207,2.3921,28.8192,28.7022,53.3795,0.913994,-233.765,208.169
274,13.1207,2.38076,28.82,27.8662,53.3211,0.913994,-233.765,210.291
274.02,13.1079,2.3746,29.1862,27.8662,53.3211,0.894319,-233.765,212.412
274.04,13.0989,2.39859,29.1868,28.0984,52.5627,0.894289,-233.765,214.539
274.06,13.0989,2.37223,29.2785,28.0984,52.5627,0.929893,-233.765,216.133
274.08,13.08,2.36243,29.2785,29.6287,51.8055,0.929893,-233.765,212.951
274.1,13.0664,2.4406,29.2785,28.5629,51.8043,0.929893,-237.081,203.919
274.12,13.0615,2.3791,29.8736,28.5629,51.8043,0.929893,-237.081,195.965
274.14,13.0615,2.32632,29.8745,29.2121,52.9693,0.929893,-237.081,190.651
274.16,13.0504,2.28838,30.012,29.2131,52.9711,0.929893,-237.081,185.332
274.18,13.0442,2.39015,30.012,25.6424,54.8351,0.929893,-237.081,182.151
274.2,13.0442,2.39031,30.7445,25.6369,54.8379,0.929893,-237.081,178.965
274.22,13.0418,2.46112,31.2958,26.5193,57.2881,0.929893,-237.081,173.118
274.24,13.0327,2.49007,31.2958,26.5193,57.2881,0.917162,-237.081,172.588
274.26,13.0327,2.49012,32.0282,27.3077,59.4434,0.917143,-237.081,170.997
274.28,13.0278,2.34962,32.0294,26.9838,61.8969,0.957128,-237.081,169.401
274.3,13.0233,2.48973,32.4871,26.9838,61.8969,0.957128,-236.752,167.81
274.32,13.0233,2.54141,32.4878,27.0767,64.7554,0.957128,-236.751,163.029
274.34,13.0196,2.50434,33.3589,27.0767,64.7554,0.957128,-236.751,158.249
274.36,13.0187,2.44155,33.3589,26.9375,67.9009,0.957128,-236.751,154.538
274.38,13.0187,2.45936,34.1384,26.9373,67.9057,0.957128,-236.751,148.16
274.4,13.0163,2.43942,34.8708,27.4011,71.8666,0.957128,-236.751,140.736
274.42,12.9978,2.36388,34.8719,29.2103,75.3094,0.957128,-236.751,134.893
274.44,12.9834,2.56661,35.4221,29.2131,75.3147,0.957128,-236.751,131.166
274.46,12.9834,2.57542,35.4221,30.2796,76.3631,0.953979,-236.751,127.985
274.48,12.9731,2.3927,37.299,30.2813,76.3647,0.953974,-236.751,124.799
274.5,12.9579,2.384,37.3019,29.7239,75.3147,0.978838,-236.751,127.449
274.52,12.9579,2.384,38.9957,29.7239,75.3147,0.978838,-235.929,130.1
274.54,12.9472,2.5492,38.9982,29.3988,73.3311,0.978838,-235.928,125.856
274.56,12.9407,2.36288,40.3278,29.3988,73.3311,0.978838,-235.928,123.732
274.58,12.9407,2.36288,41.1976,28.4714,71.8749,0.978838,-235.928,125.323
274.6,12.932,2.45097,41.1989,29.2131,71.756,0.978838,-235.928,125.856
274.62,12.9193,2.44996,42.2061,29.2131,71.756,0.978838,-235.928,126.916
274.64,12.9193,2.38367,42.2076,29.1203,72.688,0.978838,-235.928,129.569
274.66,12.9131,2.38402,42.2993,29.1202,72.6894,0.978838,-235.928,132.228
274.68,12.9024,2.58636,42.2993,27.2653,74.3204,0.982268,-235.928,131.698
274.7,12.9024,2.53522,42.162,27.2624,74.3229,0.982273,-235.928,128.516
274.72,12.8901,2.49865,40.8322,25.9156,75.7814,0.982273,-235.928,130.104
274.74,12.8798,2.4378,40.8322,25.9156,75.7814,0.982273,-237.469,134.346
274.76,12.8737,2.6195,40.0997,26.1011,77.4123,0.982273,-237.472,135.413
274.78,12.8737,2.62409,40.0986,28.0055,78.1732,0.982273,-237.472,136.477
274.8,12.8663,2.48087,38.5421,28.0055,78.1732,0.982273,-237.472,138.067
274.82,12.8638,2.48027,38.5398,28.8415,77.8232,0.982273,-237.472,142.849
274.84,12.8638,2.48027,38.7232,28.8415,77.8232,0.982273,-237.472,147.629
274.86,12.8523,2.47438,38.7232,29.0734,75.5515,0.982273,-237.472,147.098
274.88,12.8428,2.3575,39.0899,29.0737,75.548,0.99068,-237.472,145.504
274.9,12.8428,2.3575,39.0442,28.3318,71.8783,0.99068,-237.472,147.625
274.92,12.8326,2.42538,39.0441,28.3306,67.7952,0.966156,-237.472,148.689
274.94,12.826,2.4066,38.9982,26.38,67.789,0.966119,-237.472,150.815
274.96,12.826,2.56312,38.9982,27.1683,64.9931,0.966119,-234.614,158.768
274.98,12.8186,2.57496,38.8151,27.1695,64.9888,0.966119,-234.61,161.962
275,12.8108,2.33756,38.8148,25.8227,63.7053,0.966119,-234.61,170.463
275.02,12.8022,2.36717,38.586,25.8227,63.7053,0.966119,-234.61,178.947
275.04,12.8021,2.33641,38.5856,24.2436,64.2304,0.966119,-234.61,181.084
275.06,12.7935,2.38106,38.5856,24.2436,64.2304,0.966119,-234.61,181.084
275.08,12.791,2.52867,38.4025,25.6348,65.4536,0.966119,-234.61,181.084
275.1,12.791,2.52166,38.4022,28.052,65.4555,0.963063,-234.61,185.332
275.12,12.7779,2.37324,37.5782,28.052,65.4555,0.963063,-234.61,192.225
275.14,12.7709,2.38412,37.577,29.0722,64.4652,0.98009,-234.61,191.706
275.16,12.7709,2.38413,36.8434,29.0737,64.4637,0.980116,-237.245,191.174
275.18,12.7602,2.49912,36.8434,27.7289,62.5415,0.980116,-237.245,192.764
275.2,12.7483,2.37988,36.1109,27.7269,62.5386,0.980116,-237.245,194.358
275.22,12.7483,2.46489,35.5596,27.9126,61.2551,0.980116,-237.245,195.422
275.24,12.7376,2.50485,35.5596,27.9126,60.5561,0.980116,-237.245,194.362
275.26,12.7228,2.45814,35.1019,28.7474,60.5551,0.980116,-237.245,195.42
275.28,12.7146,2.44884,35.1012,29.4453,60.3217,0.980116,-237.245,205.512
275.3,12.7146,2.44035,34.0483,29.4453,60.3217,0.980116,-237.245,215.586
275.32,12.7002,2.51975,34.0467,29.3988,59.7967,0.96839,-237.245,215.601
275.34,12.684,2.47767,33.4965,29.3988,59.7967,0.974146,-237.245,215.601
275.36,12.684,2.4568,33.4965,28.9815,59.0977,0.974146,-237.245,219.843
275.38,12.671,2.43467,33.2673,28.9809,59.0966,0.974146,-235.269,224.098
275.4,12.6566,2.54097,33.725,29.0272,58.2811,0.974146,-235.269,229.4
275.42,12.6566,2.54113,33.7257,28.5636,57.2897,0.974146,-235.269,225.697
275.44,12.6422,2.45891,33.8633,28.5629,57.2881,0.974146,-235.269,217.195
275.46,12.6306,2.4055,33.8633,29.3976,55.9484,0.974146,-235.269,215.604
275.48,12.6306,2.39712,33.8633,29.3988,55.9464,0.974146,-235.269,214.011
275.5,12.6111,2.39948,33.8633,28.9809,55.0713,0.974146,-235.269,215.07
275.52,12.5962,2.34279,33.3597,28.9809,55.0713,0.96929,-235.269,216.131
275.54,12.5962,2.48497,33.3589,30.2348,55.4797,0.969283,-235.269,211.353
275.56,12.5842,2.48885,32.5337,30.2348,55.4797,0.986639,-235.269,209.229
275.58,12.573,2.60688,32.4879,28.4727,57.3436,0.986639,-235.269,208.699
275.6,12.5684,2.38551,32.4878,29.7704,60.205,0.986639,-236.278,209.229
275.62,12.5684,2.33657,31.8469,29.7704,60.205,0.986639,-236.278,210.289
275.64,12.5456,2.45224,31.846,28.7502,63.1175,0.986639,-236.278,210.821
275.66,12.5312,2.42272,31.0665,28.7486,63.122,0.986639,-236.278,211.353
275.68,12.5312,2.42272,31.0665,28.2385,64.8694,0.986639,-236.278,211.883
275.7,12.5141,2.42196,31.0208,28.2378,64.8721,0.986639,-236.278,206.582
275.72,12.4945,2.38239,31.2958,28.0055,65.7472,0.986639,-236.278,201.794
275.74,12.4945,2.38239,31.2958,28.0055,65.7472,0.986856,-236.278,203.385
275.76,12.482,2.43422,31.3416,28.7939,65.6889,0.986856,-236.278,202.857
275.78,12.4657,2.4054,31.3416,29.1202,65.3971,0.996498,-236.278,202.326
275.8,12.4657,2.45323,30.9296,29.1202,65.3971,0.996498,-237.758,201.795
275.82,12.4499,2.50343,30.929,29.6775,65.1055,0.996498,-237.76,201.263
275.84,12.4267,2.38277,31.1582,29.6775,65.1055,0.996498,-237.76,200.732
275.86,12.4142,2.35433,31.1582,26.6169,64.8142,0.996498,-237.76,204.444
275.88,12.4142,2.38924,31.6167,26.6122,64.8138,0.996498,-237.76,207.105
275.9,12.3956,2.4188,32.4865,27.4006,64.173,0.996498,-237.76,209.226
275.92,12.378,2.58517,32.4878,27.4018,63.2983,0.996498,-237.76,208.699
275.94,12.378,2.566,33.038,27.8662,63.297,0.996498,-237.76,208.167
275.96,12.3645,2.43662,33.038,27.1706,62.4232,1.00158,-237.76,208.167
275.98,12.3557,2.36642,33.5873,27.1695,62.4219,1.00159,-237.76,208.167
276,12.3557,2.36631,33.5882,26.6122,62.1885,1.00159,-237.76,211.353
276.02,12.3251,2.37263,34.2291,26.6122,62.1885,1.00159,-236.198,214.535
276.04,12.3083,2.5409,34.6427,28.0055,62.7719,1.00159,-236.195,211.884
276.06,12.3083,2.46297,34.6427,28.0055,62.7719,1.00159,-236.195,209.76
276.08,12.3055,2.46394,35.3294,26.9853,63.9952,1.00159,-236.195,209.76
276.1,12.3041,2.44385,35.3304,26.9838,66.2139,1.00159,-236.195,207.636
276.12,12.2666,2.55682,35.6966,27.1229,66.2139,1.00159,-236.195,206.045
276.14,12.2665,2.53706,35.6972,27.2158,68.4274,1.00159,-236.195,203.922
276.16,12.2609,2.50209,36.1098,27.216,68.4307,1.00159,-236.195,201.794
276.18,12.2549,2.48344,36.1098,26.7523,70.5277,1.02205,-236.195,199.143
276.2,12.2549,2.46097,35.9267,26.7516,70.5309,1.0127,-236.195,191.186
276.22,12.2317,2.37746,36.5683,26.2871,71.406,1.01268,-236.195,183.208
276.24,12.1923,2.40836,36.5683,26.2871,71.3477,1.01268,-238.169,178.966
276.26,12.1922,2.40841,36.431,26.0089,71.3476,1.01268,-238.172,177.899
276.28,12.1709,2.50653,36.4308,25.544,70.9393,1.01268,-238.172,178.96
276.3,12.1486,2.52696,36.3392,25.544,70.9393,1.01268,-238.172,180.02
276.32,12.1486,2.44337,36.3391,27.1231,70.0642,1.01268,-238.172,183.739
276.34,12.1328,2.44381,36.064,27.1231,70.0642,1.01268,-238.172,187.456
276.36,12.1147,2.40928,36.064,27.4013,68.7827,1.01268,-238.172,190.638
276.38,12.1147,2.41336,36.064,27.4018,68.7808,1.04577,-238.172,196.484
276.4,12.091,2.42445,35.7435,27.309,66.742,1.04577,-238.172,199.665
276.42,12.0734,2.41786,35.743,27.2161,65.5157,1.01132,-238.172,198.08
276.44,12.0733,2.45145,35.3304,27.216,65.5138,1.01127,-238.172,195.953
276.46,12.0511,2.44648,35.3304,27.2624,64.4653,1.01127,-235.314,201.255
276.48,12.0269,2.46679,33.6824,27.2624,64.4637,1.01127,-235.31,206.566
276.5,12.0111,2.54511,33.6799,28.0984,62.8886,1.01127,-235.31,206.574
276.52,12.0111,2.54511,33.1305,28.0984,62.8886,1.01127,-235.31,206.574
276.54,11.9791,2.45723,33.1297,28.9344,61.3718,1.01127,-235.31,206.574
276.56,11.9628,2.37442,32.442,28.9344,61.3718,1.01127,-235.31,206.574
276.58,11.9628,2.37442,31.7095,29.259,59.5661,1.01127,-235.31,210.285
276.6,11.9507,2.32796,31.7084,28.5629,58.3966,1.032,-235.31,216.664
276.62,11.9359,2.40148,30.976,28.5629,58.3966,1.032,-235.31,219.845
276.64,11.9359,2.40159,30.9749,28.1455,57.1733,1.02846,-235.31,223.561
276.66,11.9298,2.36213,31.0207,28.1449,57.1715,1.02845,-236.236,227.284
276.68,11.9257,2.45237,31.0207,27.4029,55.7735,1.02845,-236.236,226.754
276.7,11.9257,2.41078,30.334,27.4018,55.7713,1.02845,-236.236,224.632
276.72,11.8662,2.40274,30.333,26.4264,55.0713,1.02845,-236.236,220.912
276.74,11.8662,2.39166,29.8752,26.4264,55.0713,1.02845,-236.236,215.079
276.76,11.8639,2.41226,29.3252,27.2148,54.78,1.02845,-236.236,210.298
276.78,11.8639,2.43424,29.3243,28.2842,54.6046,1.02845,-236.236,205.512
276.8,11.8162,2.43387,28.6834,28.2842,54.6046,1.02845,-236.236,200.74
276.82,11.7608,2.38865,28.6825,29.5846,54.8963,1.00976,-236.236,201.794
276.84,11.7608,2.3967,28.4074,29.5846,54.8963,1.00976,-236.236,202.857
276.86,11.7437,2.46817,28.4074,28.4717,55.5953,1.05682,-236.236,204.447
276.88,11.713,2.44197,28.224,28.47,55.5963,1.05689,-235.577,203.919
276.9,11.713,2.44197,28.224,29.4438,56.4118,1.05689,-235.577,199.147
276.92,11.6838,2.47126,28.224,25.9673,56.4131,1.05689,-235.577,197.549
276.94,11.6559,2.43661,28.7742,25.962,56.5881,1.05689,-235.577,203.919
276.96,11.6559,2.4751,28.7742,25.7765,55.3648,1.05689,-235.577,206.04
276.98,11.6271,2.44487,29.1404,25.7762,55.363,1.05689,-235.577,208.164
277,11.6034,2.33338,29.1409,24.5223,53.6712,1.05689,-235.577,204.981
277.02,11.5807,2.4203,29.324,24.5223,53.6712,1.05689,-235.577,201.799
277.04,11.5806,2.44005,29.7828,22.7574,52.7961,1.03514,-235.577,204.45
277.06,11.5556,2.33801,29.7828,22.7574,52.7961,1.07607,-235.577,206.574
277.08,11.5389,2.38273,30.0575,23.3602,53.3203,1.07607,-235.577,210.285
277.1,11.5388,2.37051,30.0579,23.6863,54.4879,1.07607,-236.175,215.07
277.12,11.5226,2.42307,30.9735,23.6863,54.4879,1.07607,-236.175,216.131
277.14,11.5054,2.40701,30.9749,24.2891,55.7694,1.07607,-236.175,214.542
277.16,11.5054,2.40698,31.9835,24.29,55.7713,1.07607,-236.175,212.946
277.18,11.4906,2.44131,31.9835,26.3304,57.2276,1.07607,-236.175,212.946
277.2,11.4808,2.39973,32.7617,26.3336,57.2298,1.07607,-236.175,213.477
277.22,11.4808,2.36486,33.2673,25.962,59.2716,1.07607,-236.175,211.353
277.24,11.4521,2.36155,33.2673,25.962,61.7181,1.07826,-236.175,206.051
277.26,11.4191,2.45959,33.9997,25.0809,61.7218,1.07827,-236.175,200.74
277.28,11.419,2.53718,34.0008,26.0549,64.4637,1.08012,-236.175,195.422
277.3,11.3898,2.53405,34.8248,26.0549,64.4637,1.08012,-239.423,190.65
277.32,11.374,2.44201,34.8261,25.3582,67.614,1.08012,-239.428,189.581
277.34,11.3624,2.65642,36.064,25.3582,67.614,1.08012,-239.428,188.519
277.36,11.3624,2.61862,36.064,21.5557,72.0992,1.08012,-239.428,178.444
277.38,11.3545,2.61915,37.9896,21.5499,72.106,1.08012,-239.428,172.056
277.4,11.3508,2.5084,40.2785,22.8947,77.465,1.08012,-239.428,164.103
277.42,11.3508,2.50823,40.282,21.2273,82.7156,1.08012,-239.428,157.728
277.44,11.3438,2.54891,42.8036,21.2248,82.7236,1.08012,-239.428,151.877
277.46,11.3369,2.59274,42.8036,20.761,85.2866,1.10959,-239.428,142.863
277.48,11.3368,2.59281,44.6805,20.7603,85.2905,1.10964,-239.428,133.835
277.5,11.3336,2.54062,44.6834,21.039,86.1656,1.05553,-239.428,124.794
277.52,11.3303,2.55029,46.9723,21.039,86.1656,1.05553,-237.475,115.78
277.54,11.3303,2.55593,47.6635,23.3147,86.3406,1.05553,-237.472,108.332
277.56,11.3276,2.54481,47.6635,23.3147,86.3406,1.05553,-237.472,105.146
277.58,11.3271,2.56936,49.4031,24.2886,86.8066,1.05553,-237.472,104.615
277.6,11.3271,2.56939,49.4057,24.2436,87.449,1.05553,-237.472,101.428
277.62,11.3294,2.5866,50.6875,24.2436,87.449,1.05553,-237.472,100.898
277.64,11.3276,2.70243,50.6895,24.7537,88.0897,1.05553,-237.472,98.7763
277.66,11.3276,2.58803,50.5061,24.7545,88.0907,1.05553,-237.472,96.6489
277.68,11.3276,2.57879,50.5061,26.3312,88.2072,1.04835,-237.472,94.528
277.7,11.3276,2.52395,49.9567,26.3336,88.2074,1.01232,-237.472,92.4039
277.72,11.3276,2.51247,48.9472,27.0767,87.274,1.01227,-237.472,97.711
277.74,11.3289,2.51248,48.9472,27.0767,85.4683,1.01227,-238.644,103.544
277.76,11.3285,2.54288,47.6197,24.6653,85.4655,1.01227,-238.645,110.976
277.78,11.329,2.4391,47.6176,23.5005,83.2486,1.01227,-238.645,119.484
277.8,11.329,2.4391,47.1599,23.5005,83.2486,1.01227,-238.645,123.195
277.82,11.328,2.45623,47.1592,24.5223,80.6818,1.01227,-238.645,126.387
277.84,11.3299,2.50408,46.609,24.5223,80.6818,1.01227,-238.645,129.573
277.86,11.3299,2.50408,46.609,24.2904,77.8276,1.01227,-238.645,133.285
277.88,11.3359,2.46314,45.8296,24.29,77.8232,0.967473,-238.645,137.539
277.9,11.347,2.42497,45.6922,24.0118,74.3865,0.967473,-238.645,142.841
277.92,11.3471,2.42491,45.692,23.4085,70.9445,0.986271,-238.645,146.561
277.94,11.3466,2.40155,44.5458,23.4076,70.9393,0.986299,-238.645,148.691
277.96,11.3466,2.54596,44.5458,23.6858,67.5608,0.986299,-237.35,153.463
277.98,11.3466,2.45262,42.2112,23.6863,67.5557,0.986299,-237.348,158.242
278,11.3489,2.38305,42.2076,22.7574,65.8639,0.986299,-237.348,158.78
278.02,11.3494,2.47125,41.1089,22.7574,65.8639,0.986299,-237.348,159.311
278.04,11.3582,2.46719,38.9982,22.6181,65.9222,0.986299,-237.348,161.967
278.06,11.3582,2.44224,38.9982,22.6181,65.9222,0.986299,-237.348,168.87
278.08,11.3754,2.35536,37.396,22.7108,67.2037,0.986299,-237.348,173.642
278.1,11.3754,2.48238,37.3936,23.1289,68.6058,0.966428,-237.348,178.429
278.12,11.3958,2.51582,35.8371,23.1289,68.6058,0.966428,-237.348,185.322
278.14,11.7088,2.45307,35.8347,24.0564,69.3047,0.941484,-237.348,181.621
278.16,12.0362,2.43947,35.1929,24.0578,69.3058,0.941445,-235.948,177.898
278.18,12.0362,2.43947,35.1929,22.2029,68.7233,0.941445,-235.948,173.656
278.2,12.0399,2.56229,34.3689,22.2001,68.7224,0.941445,-235.948,169.408
278.22,12.2568,2.47664,33.5423,25.1725,66.9139,0.941445,-235.948,176.305
278.24,12.2568,2.36359,33.5423,25.1725,64.1762,0.941445,-235.948,185.319
278.26,11.4556,2.37645,33.3134,25.1261,64.1721,0.941445,-235.948,188.514
278.28,11.478,2.40943,33.3131,27.0302,61.1968,0.941445,-235.948,190.643
278.3,11.478,2.40943,33.3589,27.0302,61.1968,0.941445,-235.948,192.764
278.32,11.5031,2.37722,33.3589,26.3336,58.6299,0.950635,-235.948,197.015
278.34,11.6814,2.39763,33.2673,26.3336,58.6299,0.886036,-235.948,201.263
278.36,11.6814,2.39763,33.2673,27.261,56.7659,0.886036,-235.948,201.794
278.38,12.0873,2.35718,32.2127,27.2624,56.7631,0.886036,-236.319,201.794
278.4,12.1086,2.50678,31.2972,26.5205,55.4816,0.886036,-236.319,204.976
278.42,12.2542,2.38328,31.2958,26.5193,54.6642,0.886036,-236.319,209.753
278.44,12.2544,2.38309,30.7915,27.3553,54.6629,0.886036,-236.319,214.008
278.46,13.231,2.4905,30.7915,26.3815,54.2552,0.886036,-236.319,216.129
278.48,12.9468,2.35686,30.1048,26.38,54.2546,0.886036,-236.319,218.253
278.5,12.9464,2.38044,30.1037,25.3582,54.3129,0.886036,-236.319,220.381
278.52,12.7104,2.3546,29.3255,25.3582,54.3129,0.91261,-236.319,222.502
278.54,13.5321,2.40055,28.5908,23.9649,54.3129,0.91265,-236.319,220.381
278.56,13.5321,2.40055,28.5908,23.9649,54.3129,0.786689,-236.319,220.912
278.58,14.1559,2.40247,28.133,22.852,53.7304,0.786689,-236.319,225.684
278.6,14.5645,2.4558,28.1323,25.1725,53.2628,0.786689,-234.774,229.408
278.62,14.5645,2.32597,27.3998,25.1725,53.2628,0.786689,-234.774,229.408
278.64,15.255,2.3192,27.3987,27.4447,52.6221,0.786689,-234.774,222.516
278.66,14.7293,2.43163,27.0319,27.4482,52.6211,0.786689,-234.774,215.601
278.68,14.7293,2.54884,27.0319,27.2627,51.8638,0.786689,-234.774,218.783
278.7,13.3062,2.55827,26.7573,27.2624,51.8627,0.786689,-234.774,221.969
278.72,13.0426,2.41395,26.8027,28.0055,51.3376,0.786689,-234.774,224.629
278.74,13.0426,2.35206,26.8027,28.0055,51.3959,0.781838,-234.774,224.099
278.76,12.3618,2.36325,26.9858,27.9592,51.396,0.78183,-234.774,220.386
278.78,11.9791,2.44574,26.9861,27.0302,51.396,0.823786,-234.774,225.16
278.8,11.9615,2.37757,26.2994,27.0302,51.396,0.823786,-238.907,229.932
278.82,11.9614,2.37747,26.2984,27.5411,51.4543,0.823786,-238.913,235.781
278.84,12.8761,2.34581,27.0778,27.5411,51.4543,0.823786,-238.913,241.622
278.86,13.0074,2.45688,27.0778,26.66,51.3378,0.823786,-238.913,242.153
278.88,13.0076,2.45705,26.8485,26.6587,51.3376,0.823786,-238.913,240.029
278.9,12.9001,2.39172,27.3521,26.6123,52.0366,0.823786,-238.913,236.318
278.92,12.9061,2.39045,27.3529,26.6122,52.7367,0.823786,-238.913,234.721
278.94,12.9061,2.39045,27.0319,26.4729,52.7378,0.823786,-238.913,232.064
278.96,12.9246,2.45434,27.0319,26.4265,53.7862,0.799489,-238.913,228.882
278.98,13.1011,2.3421,27.215,26.4264,53.7878,0.799452,-238.913,225.696
279,13.1014,2.47024,27.2153,27.3553,54.5462,0.831546,-238.913,223.036
279.02,13.3697,2.46764,26.9864,27.3553,54.5462,0.831546,-236.981,220.385
279.04,13.611,2.29743,26.9861,25.6369,55.188,0.831546,-236.978,217.195
279.06,13.611,2.3557,27.3529,25.6369,55.188,0.831546,-236.978,214.539
279.08,13.2486,2.31707,27.1698,24.9413,55.7122,0.831546,-236.978,215.07
279.1,13.223,2.40204,27.1695,24.29,56.8798,0.831546,-236.978,209.76
279.12,13.223,2.37729,27.1237,24.29,56.8798,0.831546,-236.978,204.458
279.14,13.3211,2.44597,27.1236,25.7276,57.87,0.831546,-236.978,200.738
279.16,13.5415,2.38404,26.7568,25.7298,57.8715,0.831546,-236.978,197.015
279.18,12.4664,2.44269,26.7568,25.5443,58.687,0.848348,-236.978,195.424
279.2,12.4648,2.44278,26.7568,25.544,58.6883,0.833588,-236.978,190.65
279.22,11.8073,2.62664,27.7197,26.1478,59.7383,0.833565,-236.978,185.332
279.24,11.7057,2.52097,27.7197,26.1478,59.7383,0.833565,-238.437,175.788
279.26,11.7056,2.52081,28.5894,23.4582,61.0781,0.833565,-238.44,169.941
279.28,11.7014,2.35079,28.5908,22.9896,62.3636,0.833565,-238.44,169.932
279.3,11.7009,2.42775,28.9112,22.9896,62.3636,0.833565,-238.44,170.462
279.32,11.7009,2.42787,28.9117,22.9896,63.647,0.833565,-238.44,167.277
279.34,11.7014,2.44437,29.6453,22.9896,63.647,0.833565,-238.44,164.091
279.36,11.7,2.55933,29.6453,23.6852,64.8702,0.833565,-238.44,160.909
279.38,11.7,2.4739,30.1496,23.6863,64.8721,0.903739,-238.44,160.374
279.4,11.7009,2.46492,30.2869,23.2689,65.3381,0.903739,-238.44,160.374
279.42,11.7023,2.49915,30.2871,23.2683,65.5718,0.818211,-238.44,155.601
279.44,11.7,2.5616,30.5622,23.1289,65.5722,0.818081,-238.398,150.284
279.46,11.7,2.54193,30.5622,22.6188,65.3392,0.818081,-238.398,152.935
279.48,11.7014,2.31305,30.3333,22.6181,65.3388,0.818081,-238.398,155.59
279.5,11.7004,2.37438,30.333,22.9896,65.0471,0.818081,-238.398,159.842
279.52,11.7004,2.37583,30.8365,22.9896,65.0471,0.818081,-238.398,165.675
279.54,11.6995,2.50755,30.8373,24.29,64.8721,0.818081,-238.398,167.808
279.56,11.6949,2.36394,31.2499,24.29,64.8721,0.818081,-238.398,168.87
279.58,11.6949,2.36394,31.7993,24.3364,64.6974,0.818081,-238.398,167.279
279.6,11.687,2.55227,31.8001,24.5223,63.647,0.919353,-238.398,166.746
279.62,11.6823,2.42647,32.1206,24.5223,63.647,0.919353,-238.398,169.927
279.64,11.6823,2.30929,32.1211,24.0585,61.783,0.858024,-238.398,173.644
279.66,11.6805,2.32832,31.9835,24.0578,61.7802,0.85793,-236.978,177.367
279.68,11.674,2.32934,31.9835,24.6607,59.159,0.85793,-236.978,173.655
279.7,11.6656,2.3446,31.8004,24.6616,59.155,0.85793,-236.978,169.938
279.72,11.6656,2.3537,31.7543,24.0114,57.2298,0.85793,-236.978,167.277
279.74,11.661,2.38854,31.7543,24.0114,57.2298,0.85793,-236.978,169.928
279.76,11.6563,2.34827,32.0747,23.9186,56.5891,0.85793,-236.978,171.523
279.78,11.6563,2.36507,32.0752,24.6616,56.7631,0.85793,-236.978,175.243
279.8,11.6573,2.26798,32.121,24.6616,56.7631,0.85793,-236.978,178.954
279.82,11.6489,2.47625,32.1211,23.7327,57.2298,0.906726,-236.978,182.146
279.84,11.6489,2.47625,32.1211,23.7327,57.2298,0.906726,-236.978,185.332
279.86,11.6466,2.41536,32.1211,22.3415,57.4628,0.837269,-236.978,185.332
279.88,11.6396,2.45439,31.1582,22.3394,57.4632,0.837163,-240.519,181.615
279.9,11.6396,2.42073,30.5174,23.777,57.8709,0.837163,-240.519,182.675
279.92,11.6368,2.34954,30.5164,23.9183,58.5705,0.837163,-240.519,178.966
279.94,11.6308,2.36357,30.0579,23.9185,58.5716,0.837163,-240.519,171.525
279.96,11.6308,2.42487,30.0579,24.3358,59.7366,0.837163,-240.519,170.465
279.98,11.6234,2.43227,29.829,24.3365,59.7383,0.837163,-240.519,169.403
280,11.6229,2.45889,29.8287,24.4294,60.6134,0.837163,-240.519,170.994
280.02,11.6146,2.44509,29.4624,24.4294,60.6134,0.844908,-240.519,172.585
280.04,11.6145,2.46485,29.4619,22.9896,61.6635,0.84492,-240.519,168.339
280.06,11.6071,2.50363,29.2326,22.9896,61.6635,0.862594,-240.519,164.091
280.08,11.615,2.5508,29.0495,22.9432,62.246,0.862594,-240.519,160.909
280.1,11.615,2.55087,29.0492,23.2683,62.2469,0.862594,-235.495,161.436
280.12,11.6085,2.43193,29.0035,23.2683,62.2469,0.862594,-235.495,161.966
280.14,11.6043,2.37067,29.0034,24.7522,61.4897,0.862594,-235.495,163.027
280.16,11.6043,2.37058,29.416,24.7545,61.4885,0.862594,-235.495,164.091
280.18,11.6011,2.4753,29.416,26.563,60.2653,0.862594,-235.495,164.091
280.2,11.5941,2.42058,29.4618,26.5658,60.2634,0.862594,-235.495,163.03
280.22,11.5941,2.32609,29.5077,27.216,58.5132,0.862594,-235.495,165.684
280.24,11.5844,2.35769,29.5077,27.4015,58.5132,0.767642,-235.495,168.335
280.26,11.5755,2.36175,29.5077,27.4018,56.2415,0.767497,-235.495,172.051
280.28,11.5546,2.27175,29.5077,26.7516,53.9629,0.862844,-235.495,174.18
280.3,11.5546,2.2837,29.5535,26.7516,53.9629,0.862844,-237.243,176.301
280.32,11.5528,2.35209,29.5536,26.1478,52.1544,0.862844,-237.245,175.774
280.34,11.5472,2.31529,29.1409,26.1478,52.1544,0.862844,-237.245,175.243
280.36,11.5472,2.31072,29.1409,27.168,51.2806,0.862844,-237.245,178.424
280.38,11.5412,2.3758,28.7283,27.1695,51.2793,0.862844,-237.245,178.96
280.4,11.5356,2.44749,28.179,27.2159,51.1046,0.862844,-237.245,182.671
280.42,11.5356,2.44759,28.1781,27.216,50.58,0.862844,-237.245,186.389
280.44,11.5254,2.38231,27.3529,26.9838,50.5792,0.862844,-237.245,187.987
280.46,11.5078,2.36087,27.3529,24.7579,50.1133,0.699346,-237.245,192.229
280.48,11.5077,2.39337,26.2084,24.7545,50.1125,0.699096,-237.245,196.478
280.5,11.4975,2.43434,26.2067,24.8938,49.8208,0.888903,-237.245,200.732
280.52,11.4901,2.27658,25.932,24.8938,49.8208,0.888903,-236.485,204.974
280.54,11.4901,2.48291,25.4273,24.29,49.5292,0.888903,-236.483,208.167
280.56,11.5008,2.50829,25.4273,24.29,49.5292,0.888903,-236.483,209.229
280.58,11.5077,2.4158,24.9695,24.9393,49.3544,0.888903,-236.483,207.638
280.6,11.504,2.37236,24.9688,26.6122,49.6458,0.888903,-236.483,206.043
280.62,11.504,2.36172,24.4652,26.6122,49.6458,0.888903,-236.483,204.452
280.64,11.4943,2.41801,24.4644,27.4469,49.9371,0.888903,-236.483,206.571
280.66,11.4794,2.37702,23.5475,27.4482,49.9375,0.888903,-236.483,208.698
280.68,11.4794,2.37702,23.5475,25.9643,49.821,0.893147,-236.483,207.638
280.7,11.4483,2.31921,22.9982,25.962,49.8208,0.867068,-236.483,211.878
280.72,11.4395,2.38107,22.7681,26.5658,49.9375,0.867029,-236.483,220.381
280.74,11.4395,2.38107,22.7681,26.5658,49.9958,0.867029,-235.867,226.744
280.76,11.4358,2.41793,22.8596,26.7513,49.9959,0.867029,-235.866,229.404
280.78,11.4316,2.38505,22.8598,25.8691,50.2292,0.867029,-235.866,226.753
280.8,11.4316,2.43866,23.226,25.8691,50.2292,0.867029,-235.866,224.102
280.82,11.3652,2.45929,23.2266,26.8909,50.3459,0.867029,-235.866,224.098
280.84,11.3322,2.34128,23.1807,26.8909,50.3459,0.867029,-235.866,224.098
280.86,11.3322,2.26549,22.9518,28.0038,50.1129,0.867029,-235.866,227.81
280.88,11.3029,2.33465,22.9515,28.0055,50.1125,1.06923,-235.866,231.002
280.9,11.2881,2.38245,22.631,27.0781,50.2873,1.06923,-235.866,229.411
280.92,11.2881,2.46352,22.6305,27.2621,50.2876,0.888649,-235.866,226.757
280.94,11.2751,2.44217,22.4471,27.2624,50.2876,0.888373,-237.534,224.629
280.96,11.2635,2.45255,22.4471,27.5407,50.5205,0.888373,-237.534,220.917
280.98,11.2574,2.37547,22.7676,27.5411,50.5209,0.888373,-237.534,217.2
281,11.2574,2.37535,22.7681,28.6557,50.7543,0.888373,-237.534,220.912
281.02,11.2463,2.42217,22.7681,28.6557,50.7543,0.888373,-237.534,226.744
281.04,11.2342,2.40349,22.7681,27.5875,50.4042,0.888373,-237.534,229.408
281.06,11.2342,2.40349,22.9973,27.5875,49.9375,0.888373,-237.534,224.629
281.08,11.2217,2.34706,22.8142,27.3557,49.9375,0.888373,-237.534,223.038
281.1,11.2026,2.35223,22.8139,27.8662,49.2375,1.00095,-237.534,223.036
281.12,11.2026,2.35223,23.2717,27.8662,49.2375,1.00095,-237.534,223.036
281.14,11.1883,2.34182,23.2724,27.6807,48.422,0.853916,-237.534,216.143
281.16,11.1813,2.37088,23.5475,27.6804,48.4207,0.853691,-236.236,209.229
281.18,11.1813,2.40478,23.5475,27.4022,47.1392,0.853691,-236.236,203.927
281.2,11.1766,2.34527,24.0968,27.4018,47.1373,0.853691,-236.236,203.919
281.22,11.1748,2.29848,24.6937,27.4018,45.7955,0.853691,-236.236,206.043
281.24,11.1734,2.34456,24.6937,26.3816,45.7955,0.853691,-236.236,202.331
281.26,11.1734,2.34602,24.9684,26.38,44.6305,0.853691,-236.236,198.614
281.28,11.1646,2.37379,24.9688,25.4976,44.8038,0.853691,-236.236,197.015
281.3,11.1585,2.49455,24.3737,25.4976,44.8038,0.853691,-236.236,195.424
281.32,11.1585,2.47966,24.3728,25.4511,46.7873,1.04937,-236.236,193.829
281.34,11.1571,2.40006,24.2811,25.4511,46.7873,1.04937,-236.236,192.236
281.36,11.2174,2.40877,24.2811,25.4511,49.8745,1.01931,-236.236,189.054
281.38,11.2175,2.40878,24.0977,25.4511,49.8792,1.01927,-239.119,188.518
281.4,11.588,2.41429,23.5483,25.5439,53.4324,1.01927,-239.119,195.411
281.42,11.4374,2.53816,23.5475,22.9008,56.3503,1.01927,-239.119,190.65
281.44,11.4372,2.37681,23.8226,22.8967,56.3547,1.01927,-239.119,185.863
281.46,10.9995,2.36264,23.8226,21.0882,57.9275,1.01927,-239.119,189.575
281.48,10.9668,2.40551,24.1888,21.0854,57.9299,1.01927,-239.119,193.292
281.5,10.9129,2.40955,24.1894,20.8068,57.8715,1.01927,-239.119,190.643
281.52,10.9129,2.36629,24.1894,20.8068,57.8715,0.971015,-239.119,188.522
281.54,10.8692,2.35227,25.0146,20.621,57.1715,0.970942,-239.119,189.05
281.56,10.8432,2.38879,25.0146,20.621,57.1715,0.974611,-239.119,192.236
281.58,10.8432,2.37963,26.2964,20.1573,55.89,0.974611,-239.119,194.357
281.6,10.8293,2.39097,26.2984,18.6704,54.1379,0.974611,-236.916,199.67
281.62,10.8205,2.26136,28.0837,18.6704,54.1379,0.974611,-236.916,204.973
281.64,10.8205,2.26116,28.0864,20.7571,52.3904,0.974611,-236.916,203.39
281.66,10.8149,2.35137,29.5077,20.7603,52.3877,0.974611,-236.916,201.794
281.68,10.8038,2.40448,29.5077,20.2502,51.3392,0.974611,-236.916,199.143
281.7,10.8037,2.43359,31.2931,20.2494,51.3376,0.974611,-236.916,192.777
281.72,10.794,2.42478,33.3589,18.0666,51.221,0.974611,-236.916,189.581
281.74,10.7662,2.42808,33.3589,18.7622,52.153,1.05734,-236.916,191.171
281.76,10.7661,2.48282,34.9612,18.7632,52.1544,1.05746,-236.916,189.583
281.78,10.7355,2.47736,34.9636,19.2277,53.6712,1.05534,-236.916,186.925
281.8,10.7174,2.48699,36.6116,19.2277,53.6712,1.05534,-238.705,184.274
281.82,10.7174,2.53392,36.6141,17.2306,56.238,1.05534,-238.707,173.649
281.84,10.7132,2.56732,38.3564,17.2306,56.238,1.05534,-238.707,169.932
281.86,10.7123,2.5849,39.5924,16.5814,59.5583,1.05534,-238.707,165.16
281.88,10.7076,2.55619,39.5943,16.5804,59.5633,1.05534,-238.707,155.063
281.9,10.7076,2.55619,40.7845,17.1369,63.8155,1.05534,-238.707,148.17
281.92,10.6988,2.49312,40.7863,16.4885,69.4139,1.05534,-238.707,141.797
281.94,10.6932,2.61061,42.1617,16.4875,69.4225,1.05534,-238.707,135.415
281.96,10.6932,2.61061,42.1617,17.8323,76.0629,0.787533,-238.707,127.991
281.98,10.6891,2.45003,43.5351,17.8344,76.073,0.787124,-238.707,120.557
282,10.689,2.6962,43.5372,14.9549,83.0736,0.783649,-238.707,114.704
282.02,11.6771,2.69976,45.231,14.9549,83.0736,0.783649,-239.653,107.811
282.04,12.9287,2.56445,45.9671,13.8867,89.8992,0.783649,-239.654,101.959
282.06,13.5276,2.5973,45.9671,13.8867,96.5498,0.783649,-239.654,100.897
282.08,13.5276,2.643,46.608,16.8545,96.5498,0.783649,-239.654,100.367
282.1,13.5798,2.59058,46.609,17.2306,103.084,0.783649,-239.654,98.242
282.12,13.8769,2.63595,47.2957,17.2306,103.084,0.783649,-239.654,96.1211
282.14,13.8773,2.5548,47.2967,17.8798,108.734,0.783649,-239.654,94.5272
282.16,11.4618,2.56421,47.1592,17.8808,108.742,1.08564,-239.654,92.9317
282.18,10.546,2.55826,47.1592,17.0925,112.296,1.08564,-239.654,91.8712
282.2,10.5446,2.55825,46.1063,17.0913,112.301,1.1047,-239.654,92.93
282.22,10.5367,2.47774,43.9498,18.0666,113.001,1.10473,-239.654,93.4627
282.24,10.5358,2.55214,43.9498,18.7158,111.021,1.10473,-236.283,94.5232
282.26,10.5358,2.48499,42.4849,18.7168,111.018,1.10473,-236.278,97.1759
282.28,10.5367,2.48489,42.4827,20.0637,106.817,1.10473,-236.278,99.3041
282.3,10.5349,2.47046,40.6058,20.0637,106.817,1.10473,-236.278,101.425
282.32,10.5349,2.68126,40.6029,16.3482,100.633,1.10473,-236.278,103.021
282.34,10.5349,2.68126,38.2647,16.3482,100.633,1.10473,-236.278,107.27
282.36,10.5353,2.55984,37.0287,17.4147,93.294,1.10473,-236.278,110.981
282.38,10.5395,2.46697,37.0268,17.4164,93.2828,0.987045,-236.278,113.111
282.4,10.5395,2.48891,36.0654,18.3438,85.1279,0.987045,-236.278,119.474
282.42,10.5353,2.29386,36.064,18.2061,77.3101,1.03533,-236.278,123.725
282.44,10.5432,2.37744,34.6427,18.2059,77.2981,1.03541,-238.748,127.98
282.46,10.5432,2.37744,34.6427,18.9015,70.7742,1.03541,-238.748,129.571
282.48,10.5409,2.4019,33.544,18.9026,70.7643,1.03541,-238.748,131.164
282.5,10.5423,2.35776,33.5423,19.8314,64.5804,1.03541,-238.748,134.884
282.52,10.5446,2.40379,32.9472,19.8314,64.5804,1.03541,-238.748,141.246
282.54,10.5446,2.38531,32.1211,19.8314,59.155,1.03541,-238.748,146.035
282.56,10.5544,2.3363,32.1211,19.4135,55.188,1.03541,-238.748,147.098
282.58,10.5762,2.3159,32.0753,19.4135,55.188,1.03541,-238.748,149.218
282.6,10.5762,2.24314,32.0752,19.5992,53.0878,0.861294,-238.748,155.063
282.62,10.5822,2.32258,30.8392,19.5992,53.0878,0.861294,-238.748,160.896
282.64,10.5841,2.17397,30.8373,18.208,51.9228,0.93692,-238.748,165.146
282.66,10.5841,2.13429,30.1037,18.2059,51.921,0.937035,-235.907,169.401
282.68,10.5832,2.13235,30.1037,18.9479,51.1638,0.937035,-235.907,172.583
282.7,10.5832,1.99594,30.4242,18.949,51.1626,0.937035,-235.907,177.359
282.72,10.5832,1.97951,30.1037,18.9955,50.8126,0.937035,-235.907,182.146
282.74,10.5864,1.9837,30.1037,19.9229,50.1136,0.937035,-235.907,183.207
282.76,10.592,2.09584,29.6002,19.9243,50.1125,0.937035,-235.907,184.269
282.78,10.592,2.04078,29.5994,19.6457,49.7042,0.937035,-235.907,191.174
282.8,11.0515,2.11191,28.6839,19.6457,49.7042,0.937035,-235.907,198.067
282.82,13.2497,2.14595,28.6825,21.8285,49.2375,0.758963,-235.907,200.732
282.84,13.2497,2.10886,28.224,21.8285,49.2375,0.839394,-235.907,204.981
282.86,15.6634,2.16608,27.812,19.9272,49.354,0.839394,-235.907,206.571
282.88,16.9545,2.29546,27.8113,19.9243,49.3541,0.839394,-237.101,209.76
282.9,16.9545,2.36807,27.9029,21.7329,49.6454,0.839394,-237.101,210.29
282.92,17.2249,2.36925,27.903,19.6952,50.1701,0.839394,-237.101,210.821
282.94,17.2431,2.28571,26.3901,19.6921,50.1709,0.839394,-237.101,211.353
282.96,18.0207,2.27947,26.3901,22.1035,50.9281,0.839394,-237.101,212.414
282.98,18.0219,2.27947,26.3901,22.1072,50.9293,0.839394,-237.101,213.476
283,16.1556,2.51971,26.3901,22.8503,51.5127,0.839394,-237.101,210.822
283.02,15.6255,2.6135,26.3443,22.8503,51.5127,0.728461,-237.101,207.111
283.04,15.6247,2.61365,25.9316,23.3612,51.9794,0.728291,-237.101,206.043
283.06,10.6793,2.45299,25.9316,24.8938,52.1544,0.795295,-237.101,207.105
283.08,10.6756,2.3968,25.7027,24.8938,52.1544,0.795295,-237.471,207.635
283.1,10.6756,2.39671,25.7023,25.4047,52.4461,0.795295,-237.472,207.105
283.12,10.6784,2.38113,25.3361,25.4047,52.4461,0.795295,-237.472,206.575
283.14,10.6858,2.32974,25.3356,25.1264,52.7956,0.795295,-237.472,202.332
283.16,10.6858,2.38535,25.0146,25.126,52.7961,0.795295,-237.472,199.139
283.18,10.6918,2.36521,24.6484,25.126,54.0776,0.795295,-237.472,199.139
283.2,10.6965,2.4089,24.6478,25.126,54.0795,0.795295,-237.472,193.837
283.22,10.6965,2.60782,24.5103,23.7327,55.6547,0.795295,-237.472,191.174
283.24,10.7007,2.61726,24.5103,24.3356,56.9944,0.744632,-237.472,190.643
283.26,10.7104,2.51243,23.961,24.3365,56.9964,0.744555,-237.472,190.112
283.28,10.7188,2.55475,23.9601,25.2654,57.8715,0.787368,-237.472,188.519
283.3,10.7188,2.57174,23.8228,25.2654,57.8715,0.787368,-236.094,186.928
283.32,10.7257,2.4307,23.8226,27.2624,57.6965,0.787368,-236.092,186.394
283.34,10.7369,2.48182,23.685,27.2624,57.6965,0.787368,-236.092,183.208
283.36,10.7369,2.48182,23.8681,29.5811,56.3568,0.787368,-236.092,180.027
283.38,10.7415,2.49402,23.8684,29.5846,54.7796,0.787368,-236.092,177.898
283.4,10.7531,2.27158,23.6395,27.7761,54.7796,0.787368,-236.092,176.307
283.42,10.7531,2.27124,23.6392,28.2834,53.9059,0.787368,-236.092,178.426
283.44,10.7624,2.44287,24.3728,28.2842,53.9045,0.787368,-236.092,180.553
283.46,10.7712,2.44876,24.3728,26.7539,53.555,0.764614,-236.092,178.432
283.48,10.7712,2.40704,23.915,26.7516,53.5545,0.791451,-236.092,176.308
283.5,10.7819,2.41815,23.9143,26.7516,53.0294,0.791492,-236.092,174.18
283.52,10.7875,2.40505,24.4178,26.7516,53.0294,0.791492,-238.066,172.59
283.54,10.7875,2.45069,23.8226,22.3394,51.8043,0.791492,-238.069,170.994
283.56,10.7935,2.4671,23.8226,21.9679,51.1043,0.791492,-238.069,173.118
283.58,10.7977,2.30465,24.2346,21.9679,51.1043,0.791492,-238.069,178.421
283.6,10.8051,2.34854,24.2352,21.7356,50.6376,0.791492,-238.069,177.898
283.62,10.8051,2.37398,24.1894,21.7356,50.6376,0.791492,-238.069,177.368
283.64,10.8144,2.53088,24.1894,21.9675,50.7541,0.791492,-238.069,175.246
283.66,10.8284,2.53098,24.1435,21.9679,50.7543,0.785377,-238.069,170.994
283.68,10.8284,2.53098,24.3266,24.9821,50.8708,0.785377,-238.069,165.692
283.7,10.8311,2.39777,24.3269,24.9867,50.8709,0.787312,-238.069,164.093
283.72,10.8386,2.37503,24.4186,22.711,51.221,0.787315,-238.069,163.56
283.74,10.8386,2.37503,24.4186,20.8097,51.7452,0.787315,-235.191,164.62
283.76,10.8395,2.3684,24.2813,20.8068,51.746,0.787315,-235.186,168.333
283.78,10.8441,2.40126,24.2811,20.4352,52.2127,0.787315,-235.186,168.87
283.8,10.8441,2.49151,24.1437,20.4352,52.2127,0.787315,-235.186,169.4
283.82,10.8516,2.50058,24.1435,21.3176,52.4461,0.787315,-235.186,172.056
283.84,10.8627,2.33945,23.7309,21.3176,52.4461,0.787315,-235.186,173.649
283.86,10.8674,2.29192,23.8682,21.5959,51.9218,0.787315,-235.186,172.589
283.88,10.8674,2.31243,23.8684,21.4105,51.571,0.786433,-235.186,173.118
283.9,10.8785,2.29067,24.1431,21.4105,51.571,0.786433,-235.186,173.649
283.92,10.8841,2.37463,24.1435,21.8743,51.4545,0.807745,-235.186,178.952
283.94,10.8841,2.37332,24.7395,21.875,51.4543,0.807777,-237.204,184.27
283.96,10.8896,2.29423,24.7395,21.133,51.8038,0.807777,-237.204,184.8
283.98,10.8938,2.35509,25.3804,21.1319,51.8043,0.807777,-237.204,185.331
284,10.8938,2.35518,25.3814,22.9896,52.1544,0.807777,-237.204,182.677
284.02,10.8948,2.38556,25.061,22.9896,52.1544,0.807777,-237.204,182.677
284.04,10.8966,2.38942,25.1522,22.6645,52.4461,0.807777,-237.204,187.987
284.06,10.8966,2.3161,25.1522,22.4323,52.9128,0.807777,-237.204,186.394
284.08,10.8966,2.33361,24.6486,22.4323,52.9128,0.807777,-237.204,184.804
284.1,10.8948,2.25571,24.6478,22.9896,52.9128,0.808098,-237.204,187.456
284.12,10.8948,2.30915,24.5563,22.9896,52.9128,0.808098,-237.204,190.108
284.14,10.8971,2.29987,24.5561,21.7376,52.6215,0.810035,-237.204,192.763
284.16,10.8966,2.30417,23.3641,21.7356,52.6211,0.810038,-235.289,195.422
284.18,10.8966,2.46993,23.2725,21.2255,52.7958,0.810038,-235.289,195.422
284.2,10.8966,2.47115,23.2724,21.2248,52.7961,0.810038,-235.289,198.603
284.22,10.8971,2.32864,23.1807,20.5281,52.7961,0.810038,-235.289,199.67
284.24,10.8962,2.46338,23.1807,21.8729,52.8543,0.810038,-235.289,201.261
284.26,10.8962,2.46358,23.318,21.875,52.8544,0.810038,-235.289,202.854
284.28,10.8962,2.40353,23.3183,21.7356,52.5627,0.810038,-235.289,201.794
284.3,10.8966,2.34019,23.9591,21.7356,52.5627,0.810038,-235.289,200.734
284.32,10.8966,2.34009,23.9601,21.3641,51.8627,0.810813,-235.289,203.388
284.34,10.8957,2.3568,23.3183,21.3641,51.8627,0.799186,-235.289,201.794
284.36,10.8975,2.25022,22.7231,22.848,51.2802,0.799186,-235.289,195.962
284.38,10.8976,2.30032,22.7222,22.0143,51.221,0.799186,-236.01,194.891
284.4,10.8966,2.34127,22.768,22.0143,51.221,0.799186,-236.01,198.072
284.42,10.8966,2.43837,22.7681,21.7361,51.6287,0.799186,-236.01,200.728
284.44,10.8966,2.41908,22.9973,21.7356,51.6293,0.799186,-236.01,203.388
284.46,10.8966,2.35781,22.9973,21.3183,52.5613,0.799186,-236.01,203.388
284.48,10.8985,2.44589,22.9515,21.3176,52.5627,0.799186,-236.01,209.22
284.5,10.8971,2.29024,22.8139,20.8997,53.2628,0.799186,-236.01,213.477
284.52,10.8971,2.25854,22.8139,20.8997,53.2628,0.799086,-236.01,214.538
284.54,10.898,2.37204,22.9973,20.8068,53.6128,0.799086,-236.01,212.415
284.56,10.8985,2.45432,22.9973,21.457,53.3795,0.824282,-236.01,214.539
284.58,10.8985,2.45432,22.6769,21.457,53.3795,0.824282,-236.113,216.66
284.6,10.898,2.35176,22.6764,21.5499,52.9128,0.824282,-236.113,219.85
284.62,10.8966,2.36296,23.1342,21.5499,52.9128,0.824282,-236.113,223.031
284.64,10.8966,2.32631,23.1349,21.4571,52.2138,0.824282,-236.113,224.096
284.66,10.8957,2.32164,23.2266,21.457,52.2127,0.824282,-236.113,221.974
284.68,10.8966,2.39939,23.2266,21.0396,51.6302,0.824282,-236.113,223.034
284.7,10.8966,2.33669,23.2266,21.039,51.0468,0.824282,-236.113,229.399
284.72,10.8962,2.32529,23.685,20.8997,51.0459,0.824282,-236.113,232.595
284.74,10.8975,2.29096,23.685,21.2243,50.0557,0.823867,-236.113,233.125
284.76,10.8976,2.33154,23.2273,21.2248,50.0542,0.823866,-236.113,233.656
284.78,10.8976,2.30484,23.2266,21.5963,49.4708,0.831623,-236.113,237.905
284.8,10.8976,2.34019,22.9519,21.5963,49.4708,0.831623,-233.749,242.147
284.82,10.8948,2.36381,22.9515,21.5963,49.1791,0.831623,-233.745,240.029
284.84,10.8948,2.36381,22.8139,21.5963,49.1791,0.831623,-233.745,238.436
284.86,10.8975,2.39543,23.0886,21.1326,49.2374,0.831623,-233.745,238.436
284.88,10.8971,2.46309,23.089,21.1319,49.4125,0.831623,-233.745,235.781
284.9,10.8971,2.46309,23.1348,20.9464,49.4125,0.831623,-233.745,231.009
284.92,10.898,2.35892,23.1349,20.2505,49.8202,0.831623,-233.745,226.76
284.94,10.8962,2.35714,23.2724,20.2494,49.8208,0.831623,-233.745,222.505
284.96,10.8962,2.46789,23.2724,20.6668,50.1703,0.831943,-233.745,219.324
284.98,10.8966,2.46232,23.6844,20.6674,50.1709,0.83775,-233.745,210.835
285,10.8971,2.3789,23.5933,20.0172,50.6376,0.837759,-233.745,209.76
285.02,10.8971,2.46642,23.5933,20.0172,50.6376,0.837759,-237.672,207.639
285.04,10.8971,2.47396,23.2724,19.6921,50.9293,0.837759,-237.678,199.67
285.06,10.8966,2.37791,23.2724,19.1348,51.746,0.837759,-237.678,194.36
285.08,10.8966,2.51331,22.8146,19.1348,51.746,0.837759,-237.678,189.058
285.1,10.8989,2.56719,22.8139,19.5063,53.3211,0.837759,-237.678,182.146
285.12,10.8966,2.45902,22.585,19.5063,53.3211,0.837759,-237.678,175.253
285.14,10.898,2.50925,22.5847,19.9701,55.8259,0.837759,-237.678,174.712
285.16,10.898,2.50933,22.4471,19.9708,55.8297,0.839588,-237.678,173.118
285.18,10.8962,2.52975,22.6303,20.3881,58.6256,0.839588,-237.678,172.058
285.2,10.8966,2.42292,22.6305,20.3888,61.2511,0.841519,-237.678,171.526
285.22,10.8966,2.42275,22.6764,20.3888,61.2551,0.841522,-237.678,169.932
285.24,10.8985,2.43297,22.6764,19.9714,62.0124,0.841522,-234.203,178.416
285.26,10.8989,2.56082,22.4017,19.9708,62.0135,0.841522,-234.198,186.912
285.28,10.8989,2.56101,22.4013,19.785,59.68,0.841522,-234.198,184.27
285.3,10.9003,2.41818,22.3555,19.785,59.68,0.841522,-234.198,181.619
285.32,10.905,2.57198,22.3554,19.367,55.9464,0.841522,-234.198,181.615
285.34,10.905,2.47429,22.3554,19.367,55.9464,0.841522,-234.198,182.677
285.36,10.9092,2.5018,22.4928,19.7844,53.8494,0.841522,-234.198,184.798
285.38,10.9166,2.46055,22.493,20.0637,52.9711,0.846508,-234.198,192.767
285.4,10.924,2.43779,22.8592,20.0637,52.9711,0.846508,-234.198,200.72
285.42,10.924,2.41159,22.8598,19.9245,51.9226,0.846508,-234.198,197.021
285.44,10.9263,2.34699,23.0432,19.9243,51.921,0.846508,-235.33,193.298
285.46,10.9296,2.4439,23.0432,20.1098,50.3483,0.846508,-235.33,198.07
285.48,10.9296,2.50466,22.7227,20.1101,50.3459,0.846508,-235.33,204.44
285.5,10.9435,2.41239,22.7222,20.3423,49.2375,0.846508,-235.33,208.167
285.52,10.9783,2.46635,22.4933,20.3423,49.2375,0.846508,-235.33,210.288
285.54,10.9784,2.46643,21.7594,19.367,48.5957,0.846508,-235.33,219.319
285.56,10.9816,2.48583,21.7594,20.6674,48.4207,0.846508,-235.33,218.257
285.58,10.995,2.40009,21.5763,20.6674,48.4207,0.846508,-235.33,217.196
285.6,10.9951,2.38488,21.576,20.1566,48.1874,0.849027,-235.33,219.85
285.62,11.021,2.35255,21.164,20.1566,48.1874,0.849027,-235.33,222.501
285.64,11.0354,2.49954,21.1634,20.0638,48.1291,0.833714,-235.33,221.975
285.66,11.0355,2.45832,20.7049,20.0637,48.129,0.833691,-234.774,213.477
285.68,11.0369,2.48261,20.4303,20.3883,47.7795,0.833691,-234.774,209.766
285.7,11.0392,2.43638,20.4298,20.9452,47.779,0.833691,-234.774,215.593
285.72,11.0475,2.34321,20.384,20.9461,47.604,0.833691,-234.774,220.381
285.74,11.0475,2.34506,20.384,18.1173,47.2545,0.833691,-234.774,224.623
285.76,11.0508,2.4362,20.4755,18.113,47.254,0.833691,-234.774,228.871
285.78,11.0536,2.51943,20.4757,18.8561,47.1373,0.833691,-234.774,228.877
285.8,11.0536,2.51943,20.7503,18.8561,47.1373,0.833691,-234.774,225.166
285.82,11.0559,2.43048,20.7049,18.8097,47.0789,0.831126,-234.774,221.443
285.84,11.054,2.49809,20.7049,18.8097,47.0789,0.800379,-234.774,221.974
285.86,11.054,2.49809,20.5676,18.9952,47.1954,0.800379,-234.774,221.444
285.88,11.0587,2.51072,20.5674,17.7879,47.954,0.800379,-233.848,218.257
285.9,11.112,2.46211,20.43,17.7879,47.954,0.800379,-233.848,215.075
285.92,11.1121,2.46204,20.4298,18.5299,48.5948,0.800379,-233.848,216.131
285.94,11.0824,2.45088,20.2464,18.531,48.5957,0.800379,-233.848,217.195
285.96,11.0875,2.52412,20.2464,19.6903,49.2947,0.800379,-233.848,214.013
285.98,11.0875,2.61111,20.4296,19.6921,49.2958,0.800379,-233.848,217.72
286,11.0954,2.57207,20.384,20.1101,50.0542,0.800379,-233.848,220.381
286.02,11.0991,2.4934,20.384,20.1101,50.6367,0.797634,-233.848,218.79
286.04,11.1093,2.40036,20.1089,20.8532,50.6376,0.79763,-233.848,217.726
286.06,11.1093,2.38041,20.1089,19.0883,50.9293,0.784139,-233.848,218.257
286.08,11.1279,2.45088,20.292,19.0883,50.9293,0.784139,-235.493,218.787
286.1,11.1265,2.5344,20.2923,19.9243,50.3459,0.784139,-235.495,219.319
286.12,11.1265,2.5344,20.1092,19.9243,50.3459,0.784139,-235.495,219.849
286.14,11.1376,2.39689,20.1089,18.9505,49.7634,0.784139,-235.495,217.729
286.16,11.1465,2.44045,19.6963,18.949,49.7625,0.784139,-235.495,215.601
286.18,11.1465,2.44045,20.0625,18.4389,49.3548,0.784139,-235.495,211.36
286.2,11.1511,2.41316,20.063,19.2265,48.8881,0.784139,-235.495,211.883
286.22,11.1534,2.38676,19.6963,19.2277,48.8874,0.784139,-235.495,212.415
286.24,11.1534,2.36264,19.6963,19.3668,47.7224,0.783265,-235.495,212.415
286.26,11.1562,2.332,19.6505,19.367,47.7207,0.783264,-235.495,212.415
286.28,11.1562,2.40467,19.6504,19.4135,46.7289,0.787122,-235.495,215.07
286.3,11.1562,2.42955,19.742,19.4135,46.7289,0.787122,-232.637,217.722
286.32,11.1576,2.41788,19.788,18.8097,46.2622,0.787122,-232.633,222.505
286.34,11.159,2.4471,19.788,18.8097,46.2622,0.787122,-232.633,225.691
286.36,11.1622,2.4597,19.0555,19.1807,46.1457,0.787122,-232.633,229.403
286.38,11.1622,2.44211,19.0544,18.7632,46.3789,0.787122,-232.633,231.002
286.4,11.1678,2.40164,19.1002,18.7632,46.3789,0.787122,-232.633,232.592
286.42,11.1674,2.3833,19.1002,19.4125,46.3206,0.787122,-232.633,229.413
286.44,11.1674,2.38327,19.1002,19.4135,46.3206,0.787122,-232.633,226.222
286.46,11.166,2.37083,19.1002,18.115,46.3206,0.789437,-232.633,227.283
286.48,11.1711,2.5683,19.0087,18.113,46.3206,0.78752,-232.633,230.996
286.5,11.1711,2.56861,18.5959,18.113,46.1455,0.787517,-232.633,234.719
286.52,11.1687,2.38233,18.5959,17.8812,46.029,0.787517,-234.463,233.658
286.54,11.1711,2.471,18.6876,17.8808,46.0289,0.787517,-234.466,232.064
286.56,11.1711,2.31809,18.6876,17.5557,46.0289,0.787517,-234.466,234.188
286.58,11.1711,2.33484,18.8707,17.5557,46.0289,0.787517,-234.466,236.309
286.6,11.1711,2.33259,18.871,18.2988,46.2039,0.787517,-234.466,240.029
286.62,11.1711,2.55216,18.8252,18.2988,46.2039,0.787517,-234.466,242.15
286.64,11.1738,2.55821,18.8252,17.9742,46.0291,0.787517,-234.466,244.274
286.66,11.1725,2.34961,18.8252,17.9737,46.0289,0.793562,-234.466,246.933
286.68,11.1729,2.331,17.9554,18.6229,45.6211,0.793562,-234.466,251.705
286.7,11.1729,2.36572,17.954,20.3397,44.9798,0.785939,-234.466,254.893
286.72,11.1739,2.37793,17.8623,20.3423,44.9788,0.785927,-231.892,255.96
286.74,11.1725,2.37113,17.8623,21.177,44.1633,0.785927,-231.892,255.96
286.76,11.1725,2.37112,17.5877,21.1783,44.162,0.785927,-231.892,255.96
286.78,11.1729,2.35149,17.5873,21.1319,43.637,0.785927,-231.892,260.209
286.8,11.1757,2.2988,17.221,21.1319,43.637,0.785927,-231.892,263.92
286.82,11.1757,2.29872,17.4956,21.039,43.0536,0.785927,-231.892,263.395
286.84,11.1734,2.36199,17.4956,21.039,43.0536,0.785927,-231.892,268.705
286.86,11.1771,2.36134,17.6787,20.297,41.9469,0.785927,-231.892,273.477
286.88,11.1743,2.35726,17.679,19.0883,40.7201,0.79432,-231.892,276.14
286.9,11.1743,2.37383,17.4958,19.0883,40.7201,0.79432,-231.892,278.791
286.92,11.1743,2.30198,17.4956,17.8363,39.6716,0.790549,-231.892,276.674
286.94,11.1752,2.38175,17.3122,17.8344,39.67,0.790543,-233.23,274.547
286.96,11.1752,2.41342,17.3122,19.2256,39.0293,0.790543,-233.23,270.305
286.98,11.1752,2.39702,17.4037,19.2277,39.0283,0.790543,-233.23,266.057
287,11.1748,2.40112,17.2205,18.7168,38.9699,0.790543,-233.23,264.457
287.02,11.1748,2.4176,17.2205,18.8095,39.6689,0.790543,-233.23,263.927
287.04,11.1762,2.45428,17.4039,18.8097,39.67,0.790543,-233.23,263.395
287.06,11.1729,2.42794,17.4039,18.9955,41.3618,0.790543,-233.23,263.926
287.08,11.1729,2.42378,17.175,18.9955,41.3618,0.790543,-233.23,264.456
287.1,11.1752,2.38357,17.1746,17.7415,43.462,0.79428,-233.23,258.615
287.12,11.1743,2.43686,17.312,17.7415,43.462,0.77366,-233.23,252.783
287.14,11.1743,2.52337,17.5868,16.7677,44.5687,0.773628,-233.23,253.835
287.16,11.1743,2.50451,17.5873,16.7662,44.5704,0.773628,-234.61,253.836
287.18,11.1748,2.30994,17.633,16.627,44.8616,0.773628,-234.61,252.776
287.2,11.1739,2.40921,17.6331,15.9312,45.1533,0.773628,-234.61,243.23
287.22,11.1739,2.38538,18.0916,15.9302,45.1538,0.773628,-234.61,233.657
287.24,11.1729,2.41838,18.0916,16.6721,45.0373,0.773628,-234.61,234.187
287.26,11.1734,2.29652,18.4578,16.6733,45.0371,0.773628,-234.61,234.718
287.28,11.1734,2.29633,18.4584,17.6021,44.6871,0.773628,-234.61,228.877
287.3,11.1752,2.36823,19.3282,17.6021,44.6871,0.77514,-234.61,220.394
287.32,11.1752,2.46806,20.2923,17.5557,44.4537,0.775142,-234.61,213.477
287.34,11.1752,2.46806,20.2923,17.7879,44.8621,0.897441,-234.61,207.636
287.36,11.172,2.58975,21.1621,17.7879,44.8621,0.897441,-233.006,201.803
287.38,11.1729,2.48225,21.1634,17.8344,45.4455,0.897441,-233.004,200.201
287.4,11.1729,2.48225,21.5296,17.8344,45.4455,0.897441,-233.004,198.611
287.42,11.1743,2.4848,21.5302,17.5561,46.4357,0.897441,-233.004,197.548
287.44,11.1743,2.61425,21.8511,17.5557,46.4372,0.897441,-233.004,195.953
287.46,11.1739,2.55231,21.8511,17.7412,47.7187,0.897441,-233.004,190.651
287.48,11.1739,2.48899,21.668,17.7415,47.7207,0.897441,-233.004,184.28
287.5,11.1743,2.42943,20.8883,17.4164,49.2958,0.897441,-233.004,178.429
287.52,11.1739,2.44763,20.8883,15.8397,51.5093,0.898332,-233.004,175.247
287.54,11.1739,2.44018,20.1089,15.8373,51.5127,0.898333,-233.004,172.056
287.56,11.1739,2.65857,20.1089,15.8837,54.1379,0.823016,-233.004,166.215
287.58,11.1743,2.52468,19.9258,15.8837,54.1379,0.823016,-235.553,160.382
287.6,11.1743,2.52447,19.9255,16.5804,56.9381,0.823016,-235.557,158.78
287.62,11.1743,2.49918,19.4219,16.5804,56.9381,0.823016,-235.557,160.901
287.64,11.1739,2.5504,19.6043,15.4211,59.8506,0.823016,-235.557,161.435
287.66,11.1739,2.53375,19.6046,15.4193,59.855,0.823016,-235.557,156.125
287.68,11.1762,2.55888,19.8792,16.1149,63.117,0.823016,-235.557,152.414
287.7,11.1743,2.52332,19.8797,15.2349,64.5782,0.823016,-235.557,153.999
287.72,11.1743,2.51823,19.788,15.2335,64.5804,0.823016,-235.557,155.594
287.74,11.1739,2.50712,19.788,15.3263,62.3087,0.828128,-235.557,155.594
287.76,11.1739,2.42847,19.9711,15.3264,62.3052,0.828135,-235.557,159.306
287.78,11.1739,2.42346,19.9714,14.9549,57.2298,0.830002,-235.557,163.029
287.8,11.1748,2.47267,20.2002,14.9549,57.2298,0.830002,-233.378,165.15
287.82,11.1752,2.52223,20.2006,15.6051,52.3877,0.830002,-233.374,166.746
287.84,11.1748,2.52092,20.2006,15.6051,49.7042,0.830002,-233.374,166.215
287.86,11.1748,2.52092,20.5668,17.1818,49.7042,0.830002,-233.374,165.685
287.88,11.1734,2.39135,20.5674,16.7197,49.4708,0.830002,-233.374,166.215
287.9,11.1743,2.53265,21.1625,16.7197,49.4708,0.830002,-233.374,166.745
287.92,11.1743,2.53287,21.1634,14.7721,50.1698,0.830002,-233.374,169.397
287.94,11.1752,2.46901,21.0717,14.7691,50.1709,0.835527,-233.374,173.649
287.96,11.1752,2.5303,20.6139,14.3054,50.9864,0.835527,-233.374,176.831
287.98,11.1752,2.5304,20.6132,14.3047,50.9876,0.813341,-233.374,177.896
288,11.1725,2.46954,20.063,15.7444,51.396,0.813308,-233.374,179.491
288.02,11.1739,2.45302,20.063,17.0428,49.998,0.813308,-233.58,180.021
288.04,11.1739,2.57742,19.3753,17.0448,49.9959,0.813308,-233.58,180.553
288.06,11.1734,2.58004,19.3753,15.4657,48.129,0.813308,-233.58,181.084
288.08,11.1771,2.33703,18.9175,15.4657,48.129,0.813308,-233.58,181.614
288.1,11.1743,2.31344,18.9169,15.0013,46.5539,0.813308,-233.58,185.332
288.12,11.1743,2.34257,18.4591,15.0013,46.5539,0.813308,-233.58,190.635
288.14,11.1743,2.36,17.6801,14.3057,45.6219,0.813308,-233.58,193.294
288.16,11.1729,2.38868,17.679,15.5122,45.0371,0.814493,-233.58,195.953
288.18,11.1729,2.38632,17.4501,15.5122,45.0371,0.814493,-233.58,200.195
288.2,11.1748,2.43177,17.4497,12.4052,44.7459,0.849598,-233.58,201.262
288.22,11.1757,2.5577,17.4956,12.4005,44.7454,0.849652,-233.56,202.326
288.24,11.1757,2.5577,17.4956,14.951,44.5124,0.849652,-233.56,204.446
288.26,11.1748,2.42571,16.8089,14.9549,44.5121,0.849652,-233.56,205.51
288.28,11.1757,2.42524,16.8078,13.7009,44.2204,0.849652,-233.56,206.043
288.3,11.1757,2.35314,16.7621,13.7009,44.2204,0.849652,-233.56,209.224
288.32,11.1748,2.36674,16.2118,12.2611,43.812,0.849652,-233.56,211.884
288.34,11.1734,2.43014,16.2118,13.5616,43.0536,0.849652,-233.56,217.726
288.36,11.1748,2.54306,15.9829,13.5616,43.0536,0.849652,-233.56,223.558
288.38,11.1748,2.50735,15.9826,14.6762,42.2952,0.849652,-233.56,227.815
288.4,11.1729,2.46491,15.7537,14.6762,42.2952,0.849652,-233.56,232.057
288.42,11.1706,2.56066,15.7533,15.8355,41.4215,0.857061,-233.56,235.775
288.44,11.1706,2.58282,15.8909,15.8373,41.4201,0.857072,-231.48,237.374
288.46,11.172,2.38791,15.8909,15.8837,40.6629,0.857072,-231.48,238.965
288.48,11.172,2.44115,16.1656,16.2083,40.6617,0.857072,-231.48,242.148
288.5,11.172,2.44124,16.0284,16.2088,40.195,0.857072,-231.48,245.34
288.52,11.1711,2.34663,16.0284,16.4407,39.7873,0.857072,-231.48,244.279
288.54,11.1701,2.54989,15.4783,16.4411,39.7867,0.857072,-231.48,243.215
288.56,11.1701,2.40252,15.4783,18.2524,39.145,0.857072,-231.48,245.34
288.58,11.1706,2.39623,15.112,18.2524,39.145,0.857072,-231.48,247.461
288.6,11.1701,2.35699,15.1115,17.5557,38.6782,0.859374,-231.48,246.402
288.62,11.1701,2.36911,15.3404,17.5557,38.6782,0.863071,-231.48,248.523
288.64,11.1715,2.39954,15.5238,17.8339,38.5617,0.863077,-231.48,245.875
288.66,11.1697,2.4135,15.5241,17.8808,38.5616,0.863077,-234.774,245.871
288.68,11.1697,2.4301,14.8832,17.8808,39.2023,0.863077,-234.774,245.871
288.7,11.1697,2.43111,14.8822,17.278,40.0188,0.863077,-234.774,245.34
288.72,11.1701,2.40868,14.7447,17.277,40.02,0.863077,-234.774,244.809
288.74,11.1706,2.43182,14.7447,16.5351,40.952,0.863077,-234.774,246.93
288.76,11.1706,2.43186,14.4242,16.5339,40.9534,0.863077,-234.774,243.221
288.78,11.1697,2.31161,14.6988,15.5586,41.5368,0.863077,-234.774,238.436
288.8,11.1706,2.38446,14.6988,15.5586,41.5368,0.862499,-234.774,236.315
288.82,11.1706,2.38457,13.7819,13.7938,41.4201,0.862498,-234.774,235.781
288.84,11.1692,2.48377,13.7819,15.0942,40.3701,0.856941,-234.774,234.188
288.86,11.1669,2.40836,14.3312,15.0942,40.3701,0.856941,-230.704,232.597
288.88,11.1669,2.49857,14.3321,16.3017,39.4366,0.856941,-230.697,229.939
288.9,11.1701,2.53849,13.8743,16.3017,39.4366,0.856941,-230.697,227.288
288.92,11.1715,2.39509,13.8736,15.9771,38.7959,0.856941,-230.697,228.875
288.94,11.1701,2.40724,13.4151,15.9766,38.7949,0.856941,-230.697,229.939
288.96,11.1701,2.39769,13.7355,14.5391,38.6202,0.856941,-230.697,232.591
288.98,11.1687,2.49738,13.736,13.6094,38.6199,0.856941,-230.697,234.716
289,11.1683,2.44751,13.9194,13.608,38.6199,0.856941,-230.697,236.312
289.02,11.1683,2.37167,13.9194,12.9124,38.5617,0.85243,-230.697,233.661
289.04,11.1678,2.38782,14.1028,12.9113,38.5616,0.852423,-230.697,231.002
289.06,11.1701,2.46418,14.1028,12.9578,38.0949,0.859872,-230.697,237.374
289.08,11.1701,2.46418,13.8739,12.9578,38.0949,0.859872,-232.157,240.555
289.1,11.1683,2.34707,13.7819,14.0724,37.3948,0.859872,-232.159,242.153
289.12,11.1697,2.4351,13.7819,14.0724,37.3948,0.859872,-232.159,244.805
289.14,11.1697,2.39397,13.7361,14.1652,36.5793,0.859872,-232.159,250.111
289.16,11.1692,2.41081,13.736,14.6298,36.2864,0.859872,-232.159,247.464
289.18,11.1692,2.45193,14.0107,14.6298,36.2864,0.859872,-232.159,244.813
289.2,11.1692,2.36508,14.0111,14.0269,36.2864,0.859872,-232.159,252.232
289.22,11.1655,2.38213,13.736,14.026,36.2864,0.859872,-232.159,259.678
289.24,11.1641,2.46653,13.736,13.7478,36.3446,0.851224,-232.159,259.147
289.26,11.1636,2.46204,13.7818,13.7473,36.3447,0.86625,-232.159,259.677
289.28,11.1636,2.48437,13.5526,15.5122,36.6364,0.866273,-232.159,259.678
289.3,11.1636,2.406,13.5526,15.5122,36.9859,0.866273,-230.206,260.738
289.32,11.1613,2.43057,13.3693,13.7473,36.9864,0.866273,-230.203,261.802
289.34,11.1613,2.43057,13.3693,16.116,37.4531,0.866273,-230.203,262.333
289.36,11.1632,2.60234,13.0946,16.116,37.4531,0.866273,-230.203,262.863
289.38,11.1655,2.53903,13.0942,15.7908,37.7448,0.866273,-230.203,262.864
289.4,11.1655,2.53903,12.7737,15.7908,37.7448,0.866273,-230.203,262.864
289.42,11.1627,2.46547,12.7732,16.3473,37.9778,0.866273,-230.203,259.152
289.44,11.1608,2.41574,12.2689,16.3482,37.9782,0.861391,-230.203,261.271
289.46,11.1608,2.39517,12.6351,16.4873,38.0947,0.861391,-230.203,264.452
289.48,11.1608,2.42266,12.6357,15.8847,38.2696,0.855718,-230.203,263.396
289.5,11.1608,2.45874,12.9108,15.8837,38.2699,0.855709,-230.389,261.802
289.52,11.1608,2.38588,12.9108,15.6055,37.9786,0.855709,-230.389,267.104
289.54,11.1622,2.40165,12.8191,15.6051,37.9782,0.855709,-230.389,272.423
289.56,11.1613,2.43765,12.8191,15.3264,37.9782,0.855709,-230.389,273.485
289.58,11.1636,2.49662,12.4071,15.3264,37.9782,0.855709,-230.389,280.378
289.6,11.1636,2.46948,12.1772,14.1653,37.7448,0.855709,-230.389,286.23
289.62,11.1613,2.38328,12.1772,14.1653,37.7448,0.855709,-230.389,283.048
289.64,11.159,2.48739,12.0399,13.9798,37.8031,0.855709,-230.389,275.09
289.66,11.159,2.48755,12.0397,13.6544,37.8615,0.85324,-230.389,279.857
289.68,11.1595,2.57573,11.9481,13.6544,37.8615,0.85324,-230.389,284.629
289.7,11.1599,2.49957,11.948,13.2371,38.0945,0.855137,-230.389,287.818
289.72,11.1599,2.49945,12.3148,13.2364,38.0949,0.85514,-232.633,291.009
289.74,11.159,2.5421,12.3148,12.9582,38.0949,0.85514,-232.633,296.311
289.76,11.1608,2.45884,12.4063,12.9578,38.0949,0.85514,-232.633,297.91
289.78,11.1604,2.61688,12.4523,14.026,38.1532,0.85514,-232.633,301.099
289.8,11.1604,2.5967,12.4523,15.1853,37.9785,0.85514,-232.633,303.22
289.82,11.1613,2.25442,12.4523,15.1871,37.9782,0.85514,-232.633,298.974
289.84,11.1581,2.45741,12.4523,13.6544,37.9782,0.85514,-232.633,298.974
289.86,11.1581,2.46692,12.315,13.6544,37.9782,0.85514,-232.633,298.974
289.88,11.1604,2.50124,12.3148,15.3264,37.8032,0.851371,-232.633,295.788
289.9,11.1604,2.45046,12.9099,15.3264,37.8032,0.849467,-232.633,292.607
289.92,11.1604,2.40526,12.9108,14.5844,37.9197,0.849464,-232.633,293.132
289.94,11.1618,2.44388,12.544,14.5833,37.9198,0.849464,-230.368,288.354
289.96,11.1609,2.4092,13.1849,13.7486,37.9198,0.849464,-230.368,284.112
289.98,11.1608,2.44983,13.1859,13.9792,38.0946,0.849464,-230.368,281.984
290,11.1604,2.46287,13.2317,13.9795,38.0949,0.849464,-230.368,279.857
290.02,11.1576,2.48882,13.2317,12.8202,37.9784,0.849464,-230.368,278.266
290.04,11.1576,2.40051,13.4151,12.8185,37.9782,0.849464,-230.368,276.671
290.06,11.1595,2.43108,13.4151,13.2829,38.4449,0.849464,-230.368,281.45
290.08,11.1595,2.41138,13.5067,13.2829,38.4449,0.844607,-230.368,279.86
290.1,11.1595,2.50578,13.5068,14.026,38.5032,0.844599,-230.368,277.202
290.12,11.1595,2.47782,13.5068,14.026,38.5032,0.854179,-230.368,276.672
290.14,11.1576,2.39634,13.5526,16.6692,38.3867,0.854194,-230.368,277.201
290.16,11.1576,2.52606,13.5526,14.1653,38.5032,0.854194,-232.736,268.174
290.18,11.1576,2.52606,13.5069,14.1653,38.5032,0.854194,-232.736,259.16
290.2,11.1595,2.42851,13.5068,13.2379,38.678,0.854194,-232.736,252.254
290.22,11.1604,2.42099,13.2776,13.2364,38.6782,0.854194,-232.736,245.34
290.24,11.1604,2.42099,13.2776,13.7465,38.9112,0.854194,-232.736,247.461
290.26,11.1604,2.49782,13.3233,13.7473,38.9116,0.854194,-232.736,249.585
290.28,11.1585,2.33955,13.2317,13.0507,39.0866,0.854194,-232.736,251.181
290.3,11.1585,2.37194,13.2317,11.5667,39.3196,0.852541,-232.736,257.013
290.32,11.1599,2.36053,13.2317,11.5645,39.32,0.852539,-232.736,262.864
290.34,11.1599,2.45832,13.2317,13.2829,39.5533,0.856384,-232.736,267.643
290.36,11.159,2.58357,13.1402,13.2829,39.5533,0.856384,-230.557,272.415
290.38,11.159,2.49664,13.14,14.5833,39.7283,0.856384,-230.553,270.829
290.4,11.1595,2.52434,13.4605,14.5833,39.7283,0.856384,-230.553,268.708
290.42,11.1604,2.36267,13.8729,14.5369,39.7866,0.856384,-230.553,261.812
290.44,11.1604,2.36815,13.8736,14.5369,39.7867,0.856384,-230.553,255.429
290.46,11.1613,2.48738,13.4158,14.0731,39.9614,0.856384,-230.553,254.899
290.48,11.1599,2.46793,13.4151,12.8204,40.0782,0.856384,-230.553,254.898
290.5,11.1599,2.4679,13.9653,12.8185,40.0784,0.856384,-230.553,254.898
290.52,11.1595,2.36355,13.9653,14.2096,40.1366,0.858612,-230.553,254.368
290.54,11.1604,2.44229,13.8277,14.2118,40.1367,0.858615,-230.553,253.836
290.56,11.1604,2.44645,13.8277,14.026,40.02,0.864369,-230.553,253.836
290.58,11.1595,2.43573,13.5073,14.026,40.02,0.864369,-230.985,261.259
290.6,11.1604,2.37888,13.6443,14.1189,39.7867,0.864369,-230.986,270.829
290.62,11.1604,2.54047,13.6443,14.1189,39.5537,0.864369,-230.986,276.662
290.64,11.1576,2.52658,13.3239,14.3507,39.5533,0.864369,-230.986,277.201
290.66,11.1585,2.39304,13.3234,14.4904,39.495,0.864369,-230.986,277.202
290.68,11.1585,2.40935,13.3692,14.4904,39.495,0.864369,-230.986,277.202
290.7,11.1604,2.41526,13.3693,15.0469,39.3785,0.864369,-230.986,277.202
290.72,11.1585,2.39395,13.5526,15.0477,39.3783,0.869612,-230.986,275.078
290.74,11.1595,2.48258,13.5526,14.2594,39.3201,0.869612,-230.986,272.427
290.76,11.1595,2.48272,14.2393,14.2582,39.32,0.863901,-230.986,267.651
290.78,11.1581,2.34075,13.4151,14.444,38.9699,0.863893,-230.986,266.05
290.8,11.1571,2.39943,13.4151,13.8875,38.7952,0.863893,-231.171,267.641
290.82,11.1571,2.39952,13.2317,13.8867,38.7949,0.863893,-231.171,269.236
290.84,11.1576,2.50612,13.2317,14.5369,38.3282,0.863893,-231.171,277.733
290.86,11.159,2.39314,13.2317,14.5369,38.3282,0.863893,-231.171,286.217
290.88,11.159,2.39297,13.2317,13.3758,38.4449,0.863893,-231.171,289.416
290.9,11.1585,2.38925,13.0486,13.3758,38.4449,0.863893,-231.171,290.476
290.92,11.1608,2.56201,12.5905,13.4221,38.2119,0.863893,-231.171,289.948
290.94,11.1608,2.48633,12.5898,13.4222,38.2115,0.868144,-231.171,291.009
290.96,11.1576,2.50678,13.0476,13.9323,38.095,0.868144,-231.171,288.358
290.98,11.1576,2.40907,13.0483,13.8867,37.7454,0.870038,-231.171,290.475
291,11.1599,2.40068,13.4151,13.8867,37.7448,0.870041,-229.689,292.602
291.02,11.1599,2.40164,13.4151,13.7012,37.5118,0.870041,-229.689,290.481
291.04,11.1581,2.44856,13.3693,13.7009,37.5115,0.870041,-229.689,288.354
291.06,11.1608,2.41348,13.3693,13.5616,37.4531,0.870041,-229.689,289.947
291.08,11.1608,2.40611,13.2319,13.5616,37.4531,0.870041,-229.689,289.417
291.1,11.1729,2.46587,12.8649,13.2829,37.8615,0.870041,-229.689,291.54
291.12,11.1776,2.50791,12.8649,13.422,38.0945,0.870041,-229.689,294.191
291.14,11.1776,2.50797,13.3227,13.4222,38.0949,0.870041,-229.689,295.786
291.16,11.2379,2.6113,13.3234,13.0042,38.6199,0.867283,-229.689,295.788
291.18,11.3446,2.56686,13.1403,13.0042,38.6199,0.867283,-229.689,295.788
291.2,11.3447,2.36113,13.14,13.0042,38.7947,0.865383,-229.689,297.379
291.22,11.556,2.35999,13.14,13.0042,38.7949,0.86538,-232.304,301.63
291.24,12.06,2.48751,13.14,13.3752,38.8532,0.86538,-232.304,303.22
291.26,11.1701,2.50913,13.2773,13.3758,38.8533,0.86538,-232.304,302.693
291.28,11.1687,2.52782,13.1859,14.0724,39.0866,0.86538,-232.304,298.443
291.3,11.1701,2.53951,13.1859,14.3043,39.2031,0.86538,-232.304,293.671
291.32,11.1697,2.44258,13.4609,14.3047,39.2033,0.86538,-232.304,288.885
291.34,11.1697,2.449,13.4609,14.5369,39.2616,0.86538,-232.304,285.699
291.36,11.1697,2.57726,13.2778,14.5369,39.2616,0.86538,-232.304,282.517
291.38,11.1692,2.36345,13.2776,13.5616,39.145,0.858321,-232.304,287.292
291.4,11.1692,2.36345,13.3233,13.5616,39.145,0.87365,-232.304,285.701
291.42,11.172,2.31382,13.1403,14.489,39.0285,0.873673,-232.304,287.819
291.44,11.1739,2.42767,13.14,14.2118,39.0283,0.873673,-229.277,286.23
291.46,11.1739,2.46216,13.3689,14.2118,39.0865,0.873673,-229.277,284.639
291.48,11.1743,2.43552,13.3693,13.9335,39.0866,0.873673,-229.277,284.106
291.5,11.1743,2.41454,13.14,13.9331,39.0866,0.873673,-229.277,283.574
291.52,11.1743,2.46641,13.14,13.9331,39.0284,0.873673,-229.277,280.923
291.54,11.1743,2.45569,13.14,13.9331,39.0283,0.873673,-229.277,278.264
291.56,11.1766,2.6393,13.14,12.0289,38.9116,0.873673,-229.277,271.891
291.58,11.1785,2.49212,13.2773,12.0289,38.9116,0.867839,-229.277,267.65
291.6,11.1785,2.45933,13.4609,12.6327,38.7366,0.86783,-229.277,264.457
291.62,11.179,2.43915,13.4609,13.2355,38.4453,0.86783,-229.277,262.336
291.64,11.1799,2.44978,13.4609,13.2364,38.4449,0.86783,-231.107,260.212
291.66,11.1799,2.4498,13.4609,13.2829,38.3866,0.86783,-231.109,258.085
291.68,11.1808,2.41122,13.5525,13.2829,38.3866,0.86783,-231.109,255.964
291.7,11.1804,2.38233,13.5526,12.1699,38.2118,0.86783,-231.109,258.081
291.72,11.1804,2.38228,13.6902,12.1682,38.2115,0.86783,-231.109,260.209
291.74,11.1804,2.36883,14.0106,12.3537,38.2698,0.86783,-231.109,260.739
291.76,11.1799,2.29581,14.0111,12.354,38.2699,0.86783,-231.109,261.27
291.78,11.1799,2.45202,14.1487,12.5862,38.5616,0.86783,-231.109,261.802
291.8,11.1804,2.48171,14.1487,14.5339,38.8528,0.865281,-231.109,258.62
291.82,11.1804,2.37015,14.5155,14.5369,38.8533,0.865277,-231.109,255.429
291.84,11.1804,2.48567,14.5155,13.7473,39.145,0.855588,-231.109,252.243
291.86,11.1804,2.51384,14.9275,13.7473,39.145,0.855588,-231.171,254.894
291.88,11.1831,2.46405,14.9281,14.3975,39.495,0.855588,-231.171,256.491
291.9,11.1808,2.5056,15.3401,14.3975,39.495,0.855588,-231.171,258.612
291.92,11.1808,2.51424,15.4323,14.6294,40.3105,0.855588,-231.171,260.736
291.94,11.1813,2.41629,15.4324,13.9795,41.4785,0.855588,-231.171,262.333
291.96,11.1799,2.40124,15.6613,13.9795,41.4785,0.855588,-231.171,263.923
291.98,11.1799,2.40122,15.6616,16.6228,43.2842,0.855588,-231.171,266.577
292,11.1827,2.3854,15.249,16.6268,43.287,0.855588,-231.171,269.236
292.02,11.1855,2.47172,15.249,16.1631,44.9179,0.854966,-231.171,274.008
292.04,11.1855,2.45798,15.4783,16.1624,44.9204,0.847209,-231.171,272.954
292.06,11.1841,2.41899,15.2949,14.1653,45.7955,0.847209,-231.171,269.236
292.08,11.185,2.26318,15.2949,14.1653,45.7955,0.847209,-229.156,268.176
292.1,11.185,2.43357,15.1115,14.3511,45.7372,0.847209,-229.153,266.05
292.12,11.1859,2.43065,15.1115,12.8208,45.3294,0.847209,-229.153,266.58
292.14,11.1855,2.43531,14.9741,12.8185,45.3288,0.847209,-229.153,267.111
292.16,11.1855,2.34591,14.9739,12.8649,44.7454,0.847209,-229.153,267.112
292.18,11.1869,2.36988,14.2873,12.8649,44.7454,0.847209,-229.153,267.112
292.2,11.185,2.47863,14.2862,13.8387,43.2892,0.847209,-229.153,268.703
292.22,11.1855,2.4137,14.2862,13.8402,43.287,0.847636,-229.153,269.767
292.24,11.1855,2.4137,14.332,14.1648,42.2967,0.847636,-229.153,270.828
292.26,11.1864,2.31209,14.3321,14.1653,41.8292,0.853441,-229.153,268.178
292.28,11.1864,2.35691,14.1028,13.3293,41.8285,0.85345,-231.912,263.926
292.3,11.1864,2.35691,14.1028,13.9322,41.5955,0.85345,-231.912,265.517
292.32,11.1878,2.42897,13.736,13.9331,41.5952,0.85345,-231.912,267.112
292.34,11.1859,2.32626,13.736,13.608,41.5952,0.85345,-231.912,266.581
292.36,11.1859,2.32626,13.736,13.608,41.5952,0.85345,-231.912,266.051
292.38,11.1873,2.41076,13.736,12.4005,41.7118,0.85345,-231.912,264.457
292.4,11.1859,2.36724,13.6445,12.4005,41.7118,0.85345,-231.912,266.578
292.42,11.1859,2.38965,14.2395,12.9106,42.0031,0.85345,-231.912,276.125
292.44,11.185,2.34774,14.2404,13.4222,42.1202,0.855377,-231.912,282.512
292.46,11.1864,2.38268,13.8284,13.4222,42.1202,0.855377,-231.912,287.284
292.48,11.1873,2.40324,13.8277,12.9121,41.5377,0.853446,-231.912,290.473
292.5,11.1873,2.41917,14.0111,12.9113,41.5368,0.853443,-229.4,293.664
292.52,11.1859,2.44102,14.0111,13.0968,40.8961,0.853443,-229.4,296.315
292.54,11.1859,2.28574,14.1487,13.0971,40.8951,0.853443,-229.4,295.788
292.56,11.1859,2.25431,13.8277,13.0507,40.4867,0.853443,-229.4,295.257
292.58,11.1855,2.40917,13.8277,12.7724,40.4867,0.853443,-229.4,296.848
292.6,11.1869,2.2804,14.6071,12.772,40.3117,0.853443,-229.4,301.099
292.62,11.1869,2.2804,14.6071,12.1228,40.1952,0.853443,-229.4,303.22
292.64,11.1845,2.34773,14.4698,12.1218,40.195,0.853443,-229.4,305.344
292.66,11.1869,2.432,14.4696,11.6574,39.9033,0.855074,-229.4,305.347
292.68,11.1882,2.37713,13.966,11.6574,39.9033,0.855074,-229.4,305.347
292.7,11.1882,2.38366,13.9653,12.0283,39.7286,0.868566,-229.4,303.226
292.72,11.1841,2.43533,13.9653,12.0289,39.7283,0.868586,-231.851,296.319
292.74,11.1831,2.50311,13.5991,12.539,40.0196,0.868586,-231.851,293.668
292.76,11.1831,2.46737,13.5985,11.9833,40.1365,0.868586,-231.851,293.134
292.78,11.1841,2.29362,13.5985,11.9825,40.1367,0.868586,-231.851,295.788
292.8,11.1841,2.38826,13.5985,12.3071,40.4862,0.868586,-231.851,296.849
292.82,11.1841,2.41208,13.7819,12.3076,40.4867,0.868586,-231.851,297.912
292.84,11.1859,2.33919,13.7819,11.5645,40.4867,0.868586,-231.851,294.195
292.86,11.1841,2.45959,13.8734,11.5645,40.4867,0.869847,-231.851,290.483
292.88,11.1841,2.40872,13.8736,10.8214,40.5451,0.869849,-231.851,281.45
292.9,11.185,2.41646,13.5989,10.8214,40.5451,0.860226,-231.851,276.678
292.92,11.1845,2.42895,13.8732,11.146,40.4868,0.860211,-231.851,275.61
292.94,11.1845,2.36321,13.8736,11.4251,40.4867,0.860211,-228.783,278.264
292.96,11.1818,2.39877,13.8278,11.4251,40.4867,0.860211,-228.783,280.915
292.98,11.1813,2.44558,13.8277,12.6308,40.4285,0.860211,-228.783,280.919
293,11.1822,2.32201,13.5068,12.6327,40.4284,0.860211,-228.783,280.919
293.02,11.1822,2.31096,13.5068,13.6529,40.6031,0.860211,-228.783,279.859
293.04,11.1813,2.34577,13.7819,13.6544,40.6034,0.860211,-228.783,279.326
293.06,11.1817,2.34639,13.9653,13.7009,40.4284,0.860211,-228.783,275.078
293.08,11.1817,2.34639,13.9653,13.6545,40.4284,0.86164,-228.783,272.957
293.1,11.1808,2.41457,13.7819,13.6544,40.2534,0.861642,-228.783,274.016
293.12,11.1836,2.58206,13.7819,13.5617,40.1369,0.907775,-228.783,271.895
293.14,11.1836,2.58232,13.965,13.5616,40.1367,0.907845,-229.79,269.771
293.16,11.1836,2.33214,13.9653,12.6327,40.4284,0.907845,-229.792,269.767
293.18,11.1813,2.38509,13.9653,12.6327,40.4284,0.907845,-229.792,269.767
293.2,11.1813,2.3607,13.9653,12.9109,40.3119,0.907845,-229.792,268.707
293.22,11.1799,2.34486,13.9653,12.9113,40.3117,0.907845,-229.792,270.298
293.24,11.1817,2.34693,13.8737,13.1432,40.4865,0.907845,-229.792,268.177
293.26,11.1831,2.42709,13.8736,12.9581,40.6032,0.907845,-229.792,267.114
293.28,11.1831,2.44147,14.0111,12.9578,40.6034,0.907845,-229.792,266.05
293.3,11.1804,2.39415,14.0111,13.5143,40.5452,0.91279,-229.792,269.231
293.32,11.1813,2.29094,14.1945,13.5151,40.5451,0.912797,-229.792,272.423
293.34,11.1813,2.30964,14.1945,13.2829,40.4867,0.912797,-229.792,271.891
293.36,11.1813,2.35411,14.3776,13.2829,40.4867,0.912797,-230.902,269.24
293.38,11.1813,2.29114,14.3779,12.9113,40.4867,0.912797,-230.903,263.926
293.4,11.1813,2.29114,14.3779,12.9113,40.2537,0.912797,-230.903,261.275
293.42,11.1794,2.28536,14.6984,13.1432,40.2534,0.912797,-230.903,263.392
293.44,11.1827,2.39456,14.6988,13.0042,40.0784,0.912797,-230.903,264.457
293.46,11.1827,2.38636,14.5615,13.0042,40.0784,0.912797,-230.903,265.517
293.48,11.1817,2.43433,14.5613,13.0506,40.1366,0.912797,-230.903,272.942
293.5,11.1822,2.37373,14.5613,13.0507,40.1367,0.917181,-230.903,280.388
293.52,11.1822,2.40255,14.5613,11.845,39.7872,0.917181,-230.903,279.858
293.54,11.179,2.42334,14.7905,11.8431,39.7867,0.905745,-230.903,286.23
293.56,11.1827,2.40304,14.8364,12.2147,39.9617,0.905745,-230.903,291.54
293.58,11.1813,2.41132,14.8364,12.2147,39.9034,0.905745,-228.169,286.238
293.6,11.1813,2.41575,15.0656,11.7967,39.9033,0.905745,-228.165,280.919
293.62,11.1804,2.33288,15.0656,12.585,40.0198,0.905745,-228.165,276.147
293.64,11.1799,2.31433,15.3403,12.5862,40.02,0.905745,-228.165,271.368
293.66,11.1799,2.31431,15.3407,12.1218,39.9617,0.905745,-228.165,269.767
293.68,11.1804,2.29601,15.2492,12.1218,39.9617,0.905745,-228.165,264.465
293.7,11.1808,2.33997,15.0659,11.5653,40.0782,0.905745,-228.165,263.927
293.72,11.1808,2.34004,15.0656,11.5645,40.0784,0.910442,-228.165,266.05
293.74,11.1822,2.35348,15.0656,12.1209,40.1366,0.910442,-228.165,264.99
293.76,11.179,2.38968,15.0656,11.8899,40.4279,0.904764,-228.165,265.518
293.78,11.179,2.32963,14.653,11.8896,40.4284,0.904755,-231.192,266.05
293.8,11.1804,2.32641,14.653,12.0751,40.5449,0.904755,-231.192,271.352
293.82,11.1808,2.30825,14.653,12.0754,40.5451,0.904755,-231.192,276.671
293.84,11.1822,2.34872,14.653,13.0507,40.7784,0.904755,-231.192,275.078
293.86,11.1822,2.37093,14.7445,13.0507,40.7784,0.904755,-231.192,272.957
293.88,11.1822,2.37091,14.5155,12.772,40.6617,0.904755,-231.192,268.705
293.9,11.1813,2.37839,14.5155,12.772,40.7782,0.904755,-231.192,261.812
293.92,11.1813,2.35679,14.6986,12.5401,40.7784,0.904755,-231.192,258.62
293.94,11.1817,2.34853,14.6988,12.4005,40.3117,0.908673,-231.192,261.271
293.96,11.1813,2.39338,14.47,12.4005,40.3117,0.908673,-231.192,263.922
293.98,11.1813,2.39345,14.4696,11.9831,40.3117,0.9313,-231.192,261.805
294,11.1808,2.44269,14.4238,11.9825,40.3117,0.931334,-228.7,263.926
294.02,11.1804,2.44218,14.4238,11.7042,40.1952,0.931334,-228.7,273.47
294.04,11.1804,2.48024,14.4238,11.7038,40.195,0.931334,-228.7,280.388
294.06,11.1817,2.48424,14.2404,11.1465,40.5451,0.931334,-228.7,280.919
294.08,11.1804,2.42364,14.2404,11.6102,40.3703,0.931334,-228.7,284.1
294.1,11.1804,2.31102,14.2862,11.6109,40.3701,0.931334,-228.7,287.292
294.12,11.1817,2.29458,14.2862,11.1936,40.3701,0.931334,-228.7,286.231
294.14,11.1817,2.37962,13.8742,11.1929,40.3701,0.931334,-228.7,285.169
294.16,11.1827,2.33453,13.8736,12.9578,40.2534,0.930894,-228.7,286.761
294.18,11.1827,2.35545,13.8736,12.9578,40.2534,0.930894,-228.7,286.761
294.2,11.179,2.33765,13.8736,13.0969,40.2534,0.930894,-228.7,283.579
294.22,11.1799,2.39301,13.6902,13.0971,40.2534,0.930894,-230.347,279.326
294.24,11.1799,2.39301,13.9649,14.1637,40.4281,0.930894,-230.347,275.084
294.26,11.1808,2.44507,13.9653,12.5886,40.4284,0.930894,-230.347,274.017
294.28,11.1804,2.3721,13.8277,12.5862,40.4284,0.930894,-230.347,272.954
294.3,11.1804,2.3721,13.8277,12.1225,40.4284,0.930894,-230.347,277.195
294.32,11.1804,2.38902,13.6443,12.1218,40.4284,0.930894,-230.347,281.45
294.34,11.1808,2.31129,13.6443,12.4469,40.3117,0.930894,-230.347,274.016
294.36,11.1808,2.38474,13.8275,12.4469,40.3117,0.927112,-230.347,265.532
294.38,11.1813,2.42358,13.7819,11.7502,40.2534,0.927106,-230.347,261.802
294.4,11.1817,2.33364,13.7819,11.5184,40.2534,0.942274,-230.347,264.983
294.42,11.1845,2.42904,13.965,11.518,40.3699,0.942297,-230.841,268.169
294.44,11.1845,2.44735,13.9653,11.4251,40.4284,0.942297,-230.842,263.395
294.46,11.1845,2.42948,14.1942,11.4251,40.4284,0.942297,-230.842,258.623
294.48,11.1878,2.44614,14.1945,11.2397,40.6031,0.942297,-230.842,261.267
294.5,11.1878,2.40699,14.1945,11.2394,40.6034,0.942297,-230.842,261.802
294.52,11.1933,2.38366,14.1945,11.6104,40.7199,0.942297,-230.842,258.62
294.54,11.1934,2.42362,14.1945,11.6109,40.7201,0.942297,-230.842,254.898
294.56,11.1934,2.42362,14.1945,11.0071,40.9534,0.942297,-230.842,251.181
294.58,11.1966,2.37258,14.1945,12.5838,41.1864,0.944328,-230.842,252.772
294.6,11.1989,2.37837,14.1487,12.5862,41.1868,0.944331,-230.842,254.367
294.62,11.1989,2.27274,14.1487,11.2878,41.4198,0.944331,-230.842,252.777
294.64,11.1975,2.26987,14.1487,11.2858,41.4201,0.944331,-229.731,250.123
294.66,11.1975,2.38316,14.1487,11.1,41.8285,0.944331,-229.73,250.119
294.68,11.1971,2.42867,13.9656,11.1,41.8285,0.944331,-229.73,247.468
294.7,11.1971,2.41175,14.1942,10.8218,42.2945,0.944331,-229.73,244.813
294.72,11.1961,2.35278,14.1945,11.0536,42.2952,0.944331,-229.73,243.215
294.74,11.1966,2.43536,14.1487,11.0536,42.5865,0.944331,-229.73,241.625
294.76,11.1966,2.441,14.1487,11.2391,42.8782,0.944331,-229.73,245.864
294.78,11.1971,2.4498,14.653,11.2394,42.8786,0.944331,-229.73,250.119
294.8,11.198,2.37814,14.653,11.7958,43.2863,0.946023,-229.73,249.589
294.82,11.198,2.37803,14.6988,11.7967,43.287,0.946025,-229.73,247.464
294.84,11.1975,2.49579,14.6988,11.8896,43.812,0.957382,-229.73,245.34
294.86,11.1966,2.4433,15.2024,11.8896,43.812,0.957382,-231.93,242.158
294.88,11.1966,2.46839,14.8822,12.2147,44.2204,0.957382,-231.933,238.967
294.9,11.198,2.45201,14.8822,12.3074,44.8029,0.957382,-231.933,238.437
294.92,11.1971,2.42361,14.928,12.3076,44.8038,0.957382,-231.933,237.906
294.94,11.1971,2.46911,14.9281,12.5862,44.9204,0.957382,-231.933,244.809
294.96,11.1994,2.5278,15.157,12.5862,44.9204,0.957382,-231.933,245.869
294.98,11.198,2.38051,15.1573,13.0963,45.0369,0.957382,-231.933,246.931
295,11.2003,2.4734,15.249,13.0971,45.0371,0.958677,-231.933,243.215
295.02,11.2003,2.43272,15.4321,13.0971,44.9206,0.958677,-231.933,239.504
295.04,11.1999,2.38106,15.4324,13.0971,44.9204,0.960568,-231.933,247.995
295.06,11.1999,2.41604,15.57,12.9578,45.2121,0.960568,-229.133,256.491
295.08,11.1999,2.41604,15.57,12.3086,45.4451,0.960568,-229.133,262.854
295.1,11.2022,2.46941,15.845,12.3076,45.4455,0.960568,-229.133,267.112
295.12,11.2026,2.36426,15.845,12.0757,45.562,0.960568,-229.133,271.354
295.14,11.2026,2.3641,16.1655,12.0754,45.5622,0.960568,-229.133,271.361
295.16,11.204,2.39702,16.166,11.9825,45.5038,0.960568,-229.133,271.361
295.18,11.2045,2.42482,16.2118,11.9825,45.5038,0.960568,-229.133,269.24
295.2,11.2045,2.43735,16.9443,11.9361,45.3291,0.960568,-229.133,267.115
295.22,11.2045,2.44758,16.9454,12.1218,45.3871,0.961006,-229.133,263.395
295.24,11.2054,2.32227,16.7165,12.1218,45.3871,0.961006,-229.133,262.865
295.26,11.205,2.31109,16.7162,12.5855,44.9794,0.962894,-229.133,262.334
295.28,11.205,2.32445,16.8995,12.5862,44.9788,0.962897,-231.356,270.298
295.3,11.2073,2.35291,16.8995,13.2818,44.804,0.962897,-231.356,278.252
295.32,11.2073,2.31612,16.9454,13.2829,44.8038,0.962897,-231.356,283.574
295.34,11.2073,2.31888,17.1288,12.1218,44.2787,0.962897,-231.356,288.885
295.36,11.2078,2.33933,17.1288,13.4202,44.2787,0.962897,-231.356,283.582
295.38,11.2059,2.42533,17.1288,13.4222,43.987,0.962897,-231.356,286.23
295.4,11.2077,2.30897,17.1288,13.8859,43.6958,0.962897,-231.356,288.881
295.42,11.2078,2.301,17.2203,13.8867,43.6953,0.962897,-231.356,295.778
295.44,11.2091,2.34601,17.2205,13.0971,43.5203,0.961595,-231.356,302.692
295.46,11.2091,2.37739,16.9916,13.0971,43.5203,0.961595,-231.356,298.98
295.48,11.2091,2.37838,16.9912,13.4681,43.2291,0.969157,-229.198,296.323
295.5,11.2096,2.27852,16.9912,13.4687,43.2286,0.969169,-229.194,293.133
295.52,11.2096,2.50088,16.8539,13.1904,43.0539,0.969169,-229.194,288.891
295.54,11.2096,2.51184,16.8537,13.2364,42.5869,0.969169,-229.194,284.636
295.56,11.2091,2.4182,16.6703,13.2364,42.5869,0.969169,-229.194,284.105
295.58,11.2101,2.49239,16.6703,14.0248,42.4704,0.969169,-229.194,283.575
295.6,11.2105,2.50647,16.4869,14.026,42.4702,0.969169,-229.194,291.009
295.62,11.2105,2.47985,16.4869,15.1389,42.2372,0.969169,-229.194,297.902
295.64,11.2119,2.3962,16.3496,15.1406,42.2369,0.974992,-229.194,306.396
295.66,11.211,2.40839,16.3494,14.7226,42.0619,0.975001,-229.194,306.94
295.68,11.211,2.42776,16.1663,14.2589,42.0619,0.958095,-229.194,307.47
295.7,11.2124,2.34045,15.754,14.2582,41.8289,0.958069,-229.606,303.229
295.72,11.2152,2.35892,15.7533,12.9113,41.8285,0.958069,-229.606,298.974
295.74,11.2152,2.35749,15.6618,12.9113,41.8285,0.958069,-229.606,291.551
295.76,11.2152,2.3861,15.6616,13.8852,41.5373,0.958069,-229.606,288.889
295.78,11.2147,2.42467,15.5241,13.8867,41.5368,0.958069,-229.606,293.133
295.8,11.2156,2.4497,15.5241,13.9794,41.5368,0.958069,-229.606,297.905
295.82,11.2156,2.45166,15.3866,13.608,41.5368,0.958069,-229.606,302.692
295.84,11.218,2.49235,15.4783,13.608,41.6535,0.958069,-229.606,297.912
295.86,11.2184,2.39793,15.4783,13.3298,41.6535,0.960514,-229.606,293.14
295.88,11.217,2.40254,15.57,13.3293,41.7118,0.960517,-229.606,295.788
295.9,11.217,2.36081,15.57,12.6801,41.6536,0.958645,-230.058,295.258
295.92,11.2189,2.37564,15.7531,12.6791,41.6535,0.958642,-230.059,294.727
295.94,11.2184,2.2415,15.7533,12.0754,41.6535,0.958642,-230.059,301.63
295.96,11.2184,2.29536,15.5245,13.0492,41.6535,0.958642,-230.059,308.523
295.98,11.2203,2.45789,15.8446,13.0507,41.537,0.958642,-230.059,310.654
296,11.2217,2.46233,15.845,14.2118,41.5368,0.958642,-230.059,312.781
296.02,11.2217,2.43569,15.9824,14.2118,41.7698,0.958642,-230.059,311.191
296.04,11.2189,2.3002,15.9826,13.7938,42.1202,0.958642,-230.059,308.002
296.06,11.2175,2.41414,15.845,13.7938,42.1202,0.958642,-230.059,304.816
296.08,11.2203,2.32203,15.845,14.443,42.2367,0.953834,-230.059,311.709
296.1,11.2203,2.37429,16.1201,13.8867,42.2369,0.953827,-228.844,318.623
296.12,11.2198,2.28362,16.1201,13.8867,42.4699,0.959473,-228.844,320.214
296.14,11.2212,2.44961,16.0286,12.5418,42.4702,0.959482,-228.844,321.807
296.16,11.2212,2.45036,15.8909,12.5398,42.5286,0.959482,-228.844,322.871
296.18,11.2212,2.45295,15.8909,11.4732,42.7033,0.959482,-228.844,318.629
296.2,11.2175,2.36747,16.1198,11.4716,42.7036,0.959482,-228.844,314.381
296.22,11.2217,2.3804,16.1201,12.8185,42.8786,0.959482,-228.844,308.002
296.24,11.2217,2.40946,16.4864,12.3547,42.8786,0.959482,-228.844,301.639
296.26,11.2194,2.44146,16.4869,12.354,43.2863,0.959482,-228.844,298.979
296.28,11.2208,2.35926,16.2577,13.0507,43.287,0.95767,-228.844,296.85
296.3,11.2208,2.35973,16.3034,13.0507,43.6947,0.95767,-228.844,292.078
296.32,11.2217,2.49342,16.3035,14.0724,43.6953,0.959559,-230.43,287.292
296.34,11.2198,2.52155,16.0284,14.0724,44.162,0.959559,-230.43,282.512
296.36,11.2221,2.48037,16.0284,14.3507,43.9873,0.959559,-230.43,280.922
296.38,11.2221,2.44422,16.166,14.3047,43.987,0.959559,-230.43,279.326
296.4,11.224,2.35143,16.166,14.3047,43.8123,0.959559,-230.43,272.963
296.42,11.2203,2.45448,16.3033,14.0264,43.812,0.959559,-230.43,268.712
296.44,11.2203,2.41877,16.3035,14.026,43.637,0.959559,-230.43,264.457
296.46,11.2235,2.3901,16.3035,13.655,43.637,0.959559,-230.43,262.866
296.48,11.2203,2.39005,16.1204,13.6544,43.87,0.959559,-230.43,261.273
296.5,11.2203,2.43687,16.1201,11.7502,44.0454,0.96091,-230.43,256.491
296.52,11.2198,2.45261,16.0744,12.3995,44.0454,0.96091,-228.127,251.719
296.54,11.2212,2.34817,16.0743,12.4005,44.3954,0.953366,-228.124,247.995
296.56,11.2194,2.41036,15.9367,13.2829,44.3954,0.953366,-228.124,242.153
296.58,11.2194,2.42145,16.0283,13.2829,44.8031,0.953366,-228.124,238.972
296.6,11.2198,2.37857,16.0284,13.7009,44.8038,0.953366,-228.124,241.091
296.62,11.2203,2.38267,16.3031,14.0719,45.1533,0.953366,-228.124,243.212
296.64,11.2203,2.3822,16.3035,14.0724,45.5033,0.953366,-228.124,242.155
296.66,11.2221,2.47943,15.9826,13.9331,45.5038,0.953366,-228.124,241.091
296.68,11.2226,2.44573,15.9826,13.9331,45.5038,0.953366,-228.124,244.803
296.7,11.2226,2.40076,16.1199,13.8404,45.5038,0.953366,-228.124,248.52
296.72,11.2212,2.3531,15.845,13.8402,45.5622,0.953366,-228.124,252.243
296.74,11.2203,2.394,15.845,13.0055,45.5622,0.951483,-230.694,256.485
296.76,11.2235,2.34293,15.3873,12.726,45.3292,0.95148,-230.697,260.733
296.78,11.2235,2.35364,15.3866,12.7256,45.2705,0.95148,-230.697,253.836
296.8,11.2226,2.3176,15.0203,13.4212,45.2705,0.95148,-230.697,246.943
296.82,11.2217,2.45859,15.0198,13.4222,45.0954,0.95148,-230.697,250.119
296.84,11.2217,2.49837,15.3866,13.0971,45.0954,0.95148,-230.697,253.305
296.86,11.2198,2.40081,15.1577,13.0971,44.8624,0.95148,-230.697,256.487
296.88,11.2203,2.41313,15.1573,12.4933,44.8621,0.95148,-230.697,258.085
296.9,11.2217,2.40198,15.432,12.9571,44.1631,0.95148,-230.697,259.675
296.92,11.2217,2.47427,15.4324,12.9578,43.5795,0.953824,-230.697,257.557
296.94,11.2208,2.39879,15.6616,12.9113,43.5787,0.953828,-228,255.429
296.96,11.2221,2.38642,15.6616,12.9113,42.7049,0.953828,-228,255.429
296.98,11.2221,2.36978,15.8448,13.3287,42.7036,0.953828,-228,262.853
297,11.2221,2.49788,15.9367,13.3293,42.0619,0.953828,-228,270.298
297.02,11.2203,2.47081,15.9367,13.1438,42.0619,0.953828,-228,268.708
297.04,11.2217,2.46152,15.9367,12.8185,41.4785,0.953828,-228,267.112
297.06,11.2217,2.38496,15.9367,12.8185,41.1284,0.953828,-228,264.457
297.08,11.2208,2.41386,15.9367,12.4475,41.1284,0.953828,-228,261.806
297.1,11.2221,2.44429,15.9367,12.4469,40.7784,0.953828,-228,263.395
297.12,11.2221,2.44478,15.479,11.9832,40.7784,0.953828,-228,260.744
297.14,11.2208,2.36874,15.5698,11.9825,40.6037,0.961945,-228,258.089
297.16,11.2203,2.38917,15.57,12.8185,40.6034,0.94891,-228.906,255.429
297.18,11.2226,2.42033,15.7531,13.0967,40.4287,0.94891,-228.906,252.778
297.2,11.2226,2.42956,15.7533,13.0971,40.4866,0.94891,-228.906,261.258
297.22,11.2217,2.41293,15.8909,12.8185,40.4867,0.94891,-228.906,266.581
297.24,11.2208,2.33769,15.7078,12.8185,40.7197,0.94891,-228.906,267.642
297.26,11.2208,2.33758,15.7075,13.6532,40.7201,0.94891,-228.906,266.583
297.28,11.2221,2.35389,15.57,13.6544,41.0118,0.94891,-228.906,265.519
297.3,11.2235,2.41488,15.57,14.1182,41.0118,0.94891,-228.906,267.11
297.32,11.2235,2.42174,15.57,13.3293,40.9534,0.94891,-228.906,268.705
297.34,11.224,2.4944,15.57,13.3293,40.9534,0.956886,-228.906,269.236
297.36,11.2194,2.3027,15.158,13.7003,40.9534,0.956886,-228.392,266.055
297.38,11.2194,2.34686,14.8822,13.7009,40.7784,0.94212,-228.391,262.864
297.4,11.2203,2.36114,14.8822,13.469,40.7784,0.94212,-228.391,260.743
297.42,11.2212,2.41041,15.0196,14.3497,40.7202,0.94212,-228.391,258.619
297.44,11.2198,2.33374,15.0198,14.3511,40.6034,0.94212,-228.391,257.022
297.46,11.2198,2.35219,14.7451,12.8208,40.6034,0.94212,-228.391,255.432
297.48,11.2217,2.43408,14.7447,12.8185,40.7782,0.94212,-228.391,255.96
297.5,11.2217,2.39362,14.4696,12.4469,40.7784,0.94212,-228.391,260.209
297.52,11.2217,2.38794,14.6985,12.4469,40.9532,0.94212,-228.391,257.027
297.54,11.2217,2.20092,14.6988,12.9578,40.9534,0.934573,-228.391,257.553
297.56,11.2175,2.3771,14.5613,13.2364,41.3035,0.934573,-227.341,258.085
297.58,11.2175,2.3771,14.5613,13.2364,41.3035,0.955012,-227.341,261.266
297.6,11.2133,2.33751,14.6071,11.8896,41.3035,0.955043,-227.341,264.457
297.62,11.2143,2.46997,14.6071,11.8896,41.653,0.955043,-227.341,259.685
297.64,11.2147,2.53404,14.6529,12.5388,41.6535,0.955043,-227.341,256.496
297.66,11.2147,2.51854,14.4238,12.5398,41.8285,0.955043,-227.341,253.305
297.68,11.2147,2.32743,14.4238,12.0761,41.8285,0.955043,-227.341,253.305
297.7,11.2147,2.39062,14.4695,12.7709,42.2363,0.955043,-227.341,253.305
297.72,11.2147,2.37373,14.4696,12.772,42.4119,0.955043,-227.341,254.898
297.74,11.2147,2.40236,14.2407,13.1894,42.4119,0.955043,-227.341,256.489
297.76,11.2129,2.3669,14.2404,13.19,42.5866,0.94632,-227.341,255.961
297.78,11.2129,2.35354,14.5613,13.2829,42.5869,0.946307,-229.689,259.678
297.8,11.2133,2.23696,14.7444,13.2829,42.5869,0.96133,-229.689,263.389
297.82,11.2105,2.31705,14.7447,13.0507,42.5869,0.961353,-229.689,260.209
297.84,11.2129,2.31706,14.6071,12.772,42.5869,0.961353,-229.689,257.022
297.86,11.2129,2.29528,14.6071,12.772,42.5869,0.961353,-229.689,259.143
297.88,11.211,2.40021,15.0198,12.772,42.5869,0.961353,-229.689,261.271
297.9,11.211,2.40021,15.0198,12.772,42.4122,0.961353,-229.689,262.331
297.92,11.211,2.40556,15.2029,12.3083,42.4119,0.961353,-229.689,261.272
297.94,11.2129,2.40119,15.0198,12.3076,42.4702,0.961353,-229.689,260.209
297.96,11.2115,2.40946,15.0198,11.8438,42.4702,0.964763,-229.689,258.088
297.98,11.2115,2.40948,15.0656,12.4924,42.3537,0.964768,-226.872,255.964
298,11.2119,2.39001,15.0656,12.4933,42.1202,0.936672,-226.868,249.588
298.02,11.2129,2.39071,15.203,12.9107,42.1202,0.936672,-226.868,243.225
298.04,11.2129,2.43194,15.3407,12.9113,42.0035,0.936672,-226.868,242.153
298.06,11.2129,2.39482,15.3407,13.19,42.0035,0.936672,-226.868,241.091
298.08,11.2133,2.33793,14.9287,13.19,42.0035,0.936672,-226.868,240.031
298.1,11.2124,2.41056,14.9281,12.6791,42.0035,0.936672,-226.868,237.905
298.12,11.2124,2.39342,14.8823,12.9574,41.9453,0.936672,-226.868,235.784
298.14,11.2105,2.44361,14.8822,12.9578,42.1199,0.936672,-226.868,236.311
298.16,11.2105,2.48897,14.9739,12.5862,42.1202,0.936672,-226.868,236.843
298.18,11.2119,2.49706,14.8824,12.5862,42.1784,0.942004,-226.868,237.373
298.2,11.2119,2.4509,14.8822,13.3746,42.1785,0.942012,-229.993,240.025
298.22,11.2101,2.39251,14.6988,13.3758,42.5869,0.949456,-229.997,242.684
298.24,11.2101,2.36811,14.6988,13.7931,42.8782,0.949456,-229.997,244.275
298.26,11.2101,2.43391,14.6988,13.2373,42.8786,0.949456,-229.997,245.868
298.28,11.2105,2.4817,14.6988,13.2364,42.8786,0.949456,-229.997,245.871
298.3,11.2105,2.4817,14.5157,12.1235,42.8786,0.949456,-229.997,245.871
298.32,11.2087,2.50076,14.7447,12.1218,42.9369,0.949456,-229.997,247.464
298.34,11.2087,2.37804,14.7447,13.0042,42.9369,0.949456,-229.997,249.057
298.36,11.2073,2.37396,14.7905,12.0768,42.7622,0.949456,-229.997,250.648
298.38,11.204,2.40262,14.7905,12.0754,42.2952,0.944158,-229.997,249.588
298.4,11.204,2.37778,14.7905,11.287,42.2952,0.944158,-227.51,248.527
298.42,11.2017,2.34471,14.7905,11.2858,41.771,0.95725,-227.506,257.54
298.44,11.1994,2.35944,14.7905,11.2394,41.7702,0.95727,-227.506,267.112
298.46,11.1961,2.40246,14.6532,11.2394,41.2459,0.95727,-227.506,273.475
298.48,11.1961,2.31578,14.653,13.2798,41.2451,0.95727,-227.506,280.378
298.5,11.1929,2.30101,14.6071,12.9578,40.7201,0.95727,-227.506,287.292
298.52,11.1892,2.33857,14.6071,12.9578,40.6036,0.95727,-227.506,290.473
298.54,11.1892,2.35794,14.4696,12.354,40.6034,0.95727,-227.506,293.664
298.56,11.185,2.35247,14.4696,12.354,40.6034,0.95727,-227.506,284.636
298.58,11.1869,2.37165,14.2407,12.4931,40.6034,0.95727,-227.506,280.925
298.6,11.1869,2.40025,14.4238,12.4933,40.4284,0.959837,-227.506,282.512
298.62,11.1827,2.43735,14.4238,12.5861,40.4284,0.956106,-228.575,280.922
298.64,11.1827,2.36761,14.4695,12.1225,40.7196,0.9561,-228.577,279.328
298.66,11.185,2.38406,14.4696,12.1218,40.6034,0.9561,-228.577,277.733
298.68,11.185,2.42373,14.5154,11.7508,40.6034,0.9561,-228.577,276.142
298.7,11.1841,2.33423,14.5155,11.7502,40.6034,0.9561,-228.577,277.2
298.72,11.1804,2.27817,14.4238,12.4469,40.6034,0.9561,-228.577,272.954
298.74,11.1804,2.30958,14.4238,12.4469,40.2539,0.9561,-228.577,269.772
298.76,11.178,2.41575,14.4238,12.586,40.2534,0.9561,-228.577,266.586
298.78,11.1771,2.31602,14.2862,13.19,40.0784,0.9561,-228.577,263.395
298.8,11.1743,2.29735,14.2862,13.19,40.0784,0.966112,-228.577,260.744
298.82,11.1743,2.45601,14.5155,12.9578,40.0784,0.966127,-229.03,258.085
298.84,11.1734,2.29528,14.5155,12.9578,40.3117,0.953192,-229.03,253.836
298.86,11.1725,2.3792,14.607,13.1433,40.3117,0.953192,-229.03,242.701
298.88,11.1683,2.38824,14.3321,13.1436,40.3701,0.953192,-229.03,231.533
298.9,11.1683,2.36391,14.3321,13.1436,40.3701,0.953192,-229.03,223.579
298.92,11.1646,2.31556,14.1489,12.6798,40.6031,0.953192,-229.03,215.614
298.94,11.1613,2.33983,14.1487,12.6791,40.6034,0.953192,-229.03,218.257
298.96,11.1613,2.36188,14.286,14.1631,40.6034,0.953192,-229.03,220.908
298.98,11.1576,2.41801,13.9658,14.1653,40.7782,0.953192,-229.03,224.093
299,11.1567,2.29913,13.9653,13.7938,40.7784,0.953192,-229.03,222.505
299.02,11.1548,2.32405,13.6906,13.7938,40.8949,0.957452,-229.03,220.914
299.04,11.1548,2.36944,13.6902,13.5616,40.8951,0.975862,-227.279,217.726
299.06,11.1497,2.31006,13.6443,13.4687,41.0701,0.975862,-227.279,214.539
299.08,11.1479,2.43121,13.6443,13.4687,41.1284,0.975862,-227.279,212.419
299.1,11.1478,2.3835,14.1487,13.4687,41.1284,0.975862,-227.279,210.291
299.12,11.1441,2.38752,14.1029,13.4687,41.0702,0.975862,-227.279,209.231
299.14,11.1395,2.42643,14.1028,13.2832,41.0701,0.975862,-227.279,211.88
299.16,11.1381,2.42131,13.8277,13.2829,40.7784,0.975862,-227.279,214.539
299.18,11.1381,2.40174,13.8277,12.9119,40.7202,0.975862,-227.279,222.493
299.2,11.1335,2.32482,14.0566,12.5404,40.7201,0.975862,-227.279,230.458
299.22,11.1293,2.33913,14.057,12.5398,40.8368,0.972855,-227.279,235.781
299.24,11.1265,2.3511,14.1027,13.0035,40.8368,0.972855,-229.191,241.083
299.26,11.1265,2.42521,14.057,13.0042,41.128,0.993173,-229.194,243.212
299.28,11.1237,2.2902,14.057,13.3758,41.1284,0.993204,-229.194,249.588
299.3,11.1177,2.31703,13.9654,13.3758,41.4779,0.993204,-229.194,255.951
299.32,11.1177,2.37016,13.9653,13.3758,41.5368,0.993204,-229.194,258.085
299.34,11.1139,2.37015,14.1945,13.0507,41.5368,0.993204,-229.194,260.209
299.36,11.1088,2.46796,14.1945,13.0507,41.3621,0.993204,-229.194,250.665
299.38,11.1047,2.49374,14.2404,13.7009,41.3618,0.993204,-229.194,241.091
299.4,11.1047,2.42477,14.4235,13.7009,41.653,0.993204,-229.194,244.273
299.42,11.1033,2.29351,14.4238,13.0517,41.6535,0.997951,-229.194,245.868
299.44,11.0949,2.24723,14.4696,13.0507,41.8285,0.997958,-229.194,247.464
299.46,11.0949,2.2529,14.4696,13.2825,42.1198,1.01638,-226.439,253.826
299.48,11.0944,2.44178,14.4238,13.051,42.1202,1.01641,-226.435,260.199
299.5,11.0889,2.36178,14.4238,13.0507,42.0619,1.01641,-226.435,260.74
299.52,11.0805,2.32168,14.5611,12.4478,42.0619,1.01641,-226.435,261.27
299.54,11.0796,2.31125,14.4696,12.4469,42.0619,1.01641,-226.435,259.678
299.56,11.0796,2.35202,14.4696,13.0042,42.0619,1.01641,-226.435,255.96
299.58,11.0634,2.38214,14.8358,12.6796,41.8289,1.01641,-226.435,252.249
299.6,11.0587,2.37826,14.8364,12.6791,41.7118,1.01641,-226.435,245.34
299.62,11.0587,2.34497,14.8364,12.6327,41.7118,1.01641,-226.435,238.447
299.64,11.0578,2.35976,14.8364,12.6327,41.3623,1.01943,-226.435,234.194
299.66,11.0573,2.39127,14.9739,12.5398,41.3618,1.01943,-228.906,229.939
299.68,11.0573,2.4451,14.9739,12.5398,41.2453,0.9974,-228.906,226.228
299.7,11.0531,2.34228,14.9739,12.4934,41.2451,0.997366,-228.906,222.511
299.72,11.0499,2.31842,15.0198,12.1682,41.0118,0.997366,-228.906,218.788
299.74,11.0429,2.34455,15.0198,12.1682,40.8953,0.997366,-228.906,216.137
299.76,11.0429,2.37192,15.0198,12.3537,40.8951,0.997366,-228.906,213.481
299.78,11.0364,2.5083,15.0198,12.354,41.3035,0.997366,-228.906,213.477
299.8,11.0318,2.42102,14.9282,12.5395,41.3035,0.997366,-228.906,216.128
299.82,11.0318,2.45495,14.5613,12.5398,41.5368,0.997366,-228.906,211.884
299.84,11.0234,2.40877,14.5613,12.5398,41.5368,0.999262,-228.906,205.512
299.86,11.015,2.57566,14.6986,12.4007,42.2358,0.999262,-228.906,199.149
299.88,11.0053,2.52096,14.6988,12.4005,42.9369,1.0011,-226.27,197.015
299.9,11.0053,2.42681,14.6073,12.6787,42.9369,1.0011,-226.27,194.894
299.92,10.9951,2.4802,14.6071,12.6791,43.7524,1.0011,-226.27,195.421
299.94,10.9895,2.39478,14.6071,13.0042,43.7537,1.0011,-226.27,195.953
299.96,10.9895,2.43875,14.6071,13.0042,44.6274,1.0011,-226.27,194.893
299.98,10.989,2.53522,14.6071,13.7462,44.6287,1.0011,-226.27,197.542
300,10.9876,2.4227,14.7905,13.6544,45.6788,1.0011,-226.27,200.201
300.02,10.9872,2.39904,14.7905,13.6544,45.5623,1.0011,-226.27,200.201
300.04,10.9872,2.26798,14.6074,13.5617,45.5622,1.0011,-226.27,200.201
300.06,10.9858,2.3164,14.6071,13.5616,44.2204,1.00173,-226.27,206.574
300.08,10.9839,2.31975,14.6529,14.0253,44.2204,1.00173,-226.743,211.346
300.1,10.9839,2.30273,14.7447,14.026,42.4119,1.01457,-226.744,213.477
300.12,10.9835,2.34073,14.7447,13.4695,42.4119,1.01457,-226.744,218.249
300.14,10.9802,2.33713,14.6531,12.6803,41.5382,1.01457,-226.744,223.029
300.16,10.9802,2.34189,14.653,12.6791,41.3618,1.01457,-226.744,227.815
300.18,10.9807,2.23532,14.7445,12.5864,41.3618,1.01457,-226.744,232.587
300.2,10.9779,2.31518,14.6989,12.5862,41.5948,1.01457,-226.744,235.246
300.22,10.9765,2.40899,14.6988,13.1436,41.5952,1.01457,-226.744,233.657
300.24,10.9765,2.37823,14.8362,13.1436,41.8282,1.01457,-226.744,232.066
300.26,10.9705,2.41746,14.8364,12.7726,41.8285,1.01332,-226.744,238.426
300.28,10.9723,2.3844,14.653,12.5398,42.1202,1.01331,-227.588,244.809
300.3,10.9723,2.38922,14.653,12.5398,42.1784,1.028,-227.588,241.627
300.32,10.9718,2.3359,14.5613,12.772,42.1785,1.02803,-227.588,238.436
300.34,10.9644,2.33959,14.3779,12.772,42.4119,1.02803,-227.588,237.905
300.36,10.9658,2.32234,14.3779,13.0039,42.4119,1.02803,-227.588,241.617
300.38,10.9658,2.34722,14.2404,13.0042,42.4702,1.02803,-227.588,245.34
300.4,10.9658,2.38426,14.2404,13.0042,42.2955,1.02803,-227.588,245.87
300.42,10.9653,2.35064,14.1946,12.9115,42.2952,1.02803,-227.588,246.401
300.44,10.9653,2.35476,14.1945,12.9113,42.1785,1.02803,-227.588,247.464
300.46,10.964,2.33791,14.3318,12.4012,42.1785,1.02803,-227.588,248.524
300.48,10.9579,2.31963,14.2863,12.4005,42.2368,1.02321,-227.588,238.982
300.5,10.9519,2.37442,14.2862,12.4469,42.2369,1.02505,-226.559,236.843
300.52,10.9519,2.38212,14.3778,12.4469,42.4116,1.02505,-226.559,234.722
300.54,10.9366,2.43178,14.3779,12.7251,42.7031,1.02505,-226.559,234.189
300.56,10.9249,2.32549,14.6071,12.8649,42.7036,1.02505,-226.559,233.657
300.58,10.9249,2.34763,14.6071,12.8649,42.8783,1.02505,-226.559,230.475
300.6,10.9198,2.35506,14.8364,12.6791,42.8786,1.02505,-226.559,232.595
300.62,10.918,2.38141,14.8364,12.6791,42.7621,1.02505,-226.559,236.836
300.64,10.918,2.34787,14.8364,12.8646,42.7619,1.02505,-226.559,240.024
300.66,10.9161,2.49244,14.9281,12.8649,42.6452,1.02505,-226.559,243.215
300.68,10.9152,2.58188,14.9281,12.5403,42.7035,1.01825,-226.559,241.095
300.7,10.9147,2.43466,15.0654,12.818,42.7036,1.01824,-228.43,238.97
300.72,10.9147,2.43689,15.0656,12.8185,42.9953,1.02382,-228.433,240.56
300.74,10.9133,2.4043,15.1572,13.3749,42.9953,1.02382,-228.433,242.151
300.76,10.911,2.5309,15.02,13.3758,43.17,1.02382,-228.433,245.335
300.78,10.911,2.50135,15.0198,13.7473,43.1703,1.02382,-228.433,240.56
300.8,10.9073,2.48092,15.0656,13.7473,43.2868,1.02382,-228.433,235.788
300.82,10.9008,2.36052,15.0656,12.8185,43.1119,1.02382,-228.433,240.029
300.84,10.9008,2.37524,15.249,12.2611,43.1119,1.02382,-228.433,244.278
300.86,10.8901,2.46102,15.249,12.2611,42.7625,1.02382,-228.433,245.338
300.88,10.8845,2.44369,15.0656,12.1218,42.7619,1.02382,-228.433,246.402
300.9,10.8799,2.54401,14.9283,12.1218,42.4707,1.02547,-228.433,253.825
300.92,10.8799,2.57018,14.9281,13.0956,42.4702,1.00321,-225.822,255.957
300.94,10.8748,2.26501,14.9281,12.9113,42.7036,1.00318,-225.818,258.085
300.96,10.8706,2.3574,14.9281,12.9113,42.7618,1.00318,-225.818,255.964
300.98,10.8706,2.37512,14.8823,12.9577,42.7619,1.00318,-225.818,253.839
301,10.866,2.29049,14.8822,12.9578,42.9369,1.00318,-225.818,251.712
301.02,10.8599,2.27243,14.6991,13.0969,42.9369,1.00318,-225.818,251.182
301.04,10.8497,2.24699,14.6073,13.0971,42.9369,1.00318,-225.818,250.651
301.06,10.8497,2.34759,14.6071,13.2364,42.9369,1.00318,-225.818,253.836
301.08,10.8469,2.40444,14.3783,13.7002,42.8787,1.00318,-225.818,257.018
301.1,10.8428,2.39214,14.3779,13.7009,42.5286,1.00783,-225.818,259.678
301.12,10.8428,2.44987,14.149,13.1908,42.5286,1.00783,-227.956,262.329
301.14,10.8381,2.38949,14.1487,13.19,42.3538,0.982038,-227.959,261.272
301.16,10.8339,2.38534,14.1945,12.772,42.3536,0.981999,-227.959,266.05
301.18,10.8223,2.38717,14.2861,12.772,41.9458,0.981999,-227.959,270.292
301.2,10.8223,2.3581,14.2862,12.8648,41.9452,0.981999,-227.959,276.661
301.22,10.8135,2.30789,14.057,12.5862,41.8285,0.981999,-227.959,283.043
301.24,10.8056,2.34026,14.057,12.5862,41.4208,0.981999,-227.959,277.741
301.26,10.8056,2.37402,14.1943,12.4935,41.4201,0.981999,-227.959,272.431
301.28,10.8042,2.34158,14.1945,12.4933,41.1868,0.981999,-227.959,269.767
301.3,10.7991,2.30346,14.1945,11.9832,41.1868,0.981999,-227.959,267.116
301.32,10.7921,2.31009,14.1487,11.9825,40.4867,0.981999,-227.959,265.519
301.34,10.7921,2.38643,14.1487,12.0289,40.4867,0.983841,-225.55,259.147
301.36,10.7838,2.3902,14.4233,11.9362,40.1372,0.983841,-225.55,252.784
301.38,10.7768,2.34176,14.4238,11.936,39.7867,0.983841,-225.55,250.65
301.4,10.7768,2.35744,14.4238,12.3998,39.7867,0.983841,-225.55,248.529
301.42,10.7717,2.31455,14.4238,12.4005,39.7284,0.983841,-225.55,254.358
301.44,10.7647,2.38983,14.2862,12.5862,39.7283,0.983841,-225.55,249.588
301.46,10.7647,2.44127,14.0573,12.5862,39.6701,0.983841,-225.55,244.816
301.48,10.7582,2.30728,14.057,12.2153,39.67,0.983841,-225.55,245.339
301.5,10.7508,2.32851,14.1487,12.2147,39.845,0.983841,-225.55,245.871
301.52,10.7425,2.299,14.1487,12.2147,39.845,0.988181,-225.55,243.75
301.54,10.7424,2.27873,14.3776,11.9364,39.845,0.988188,-226.866,241.626
301.56,10.7318,2.36072,14.3321,11.936,40.02,0.97902,-226.868,240.56
301.58,10.7225,2.33844,14.3321,11.8896,40.02,0.97902,-226.868,238.439
301.6,10.7225,2.32069,14.3779,11.8896,40.02,0.97902,-226.868,236.312
301.62,10.7178,2.31341,14.3779,12.1214,40.02,0.97902,-226.868,232.6
301.64,10.7076,2.35531,14.3779,12.0291,40.0783,0.97902,-226.868,228.883
301.66,10.7048,2.39695,14.3779,12.0289,40.0784,0.97902,-226.868,226.222
301.68,10.7048,2.48203,14.561,12.3999,40.0784,0.97902,-226.868,227.813
301.7,10.6988,2.38472,14.7444,12.4005,40.0784,0.97902,-226.868,228.346
301.72,10.6909,2.30708,14.7447,12.6791,40.0784,0.97902,-226.868,227.815
301.74,10.6909,2.33348,14.7905,12.4009,40.3696,0.986917,-226.868,227.285
301.76,10.6812,2.5418,14.7905,12.4005,40.4865,0.999646,-227.423,232.587
301.78,10.6714,2.40103,14.7447,12.1218,40.4867,0.999666,-227.424,237.905
301.8,10.6714,2.37255,14.7447,12.1218,40.545,0.999666,-227.424,237.375
301.82,10.6654,2.42805,14.7447,11.8431,40.5451,0.999666,-227.424,240.56
301.84,10.6598,2.47181,14.4696,11.8431,40.7201,0.999666,-227.424,239.498
301.86,10.6519,2.63016,14.4696,12.2141,40.7201,0.999666,-227.424,237.377
301.88,10.6519,2.6109,14.2404,12.2147,41.0118,0.999666,-227.424,235.25
301.9,10.6403,2.44998,14.2404,13.0494,42.0603,0.999666,-227.424,226.766
301.92,10.6315,2.58482,13.7826,12.216,42.0619,0.999666,-227.424,218.27
301.94,10.6315,2.58188,13.7819,12.2147,43.2286,1.00306,-227.424,215.601
301.96,10.6217,2.50991,13.7819,12.7712,43.2286,1.00306,-225.738,217.192
301.98,10.6152,2.51443,13.6903,12.772,45.1508,0.997626,-225.735,220.376
302,10.6152,2.45472,13.6902,12.5862,45.1538,0.997617,-225.735,213.477
302.02,10.6055,2.56754,13.6902,12.5862,46.7848,0.997617,-225.735,206.584
302.04,10.5976,2.47945,13.6902,12.9572,47.4862,0.997617,-225.735,203.392
302.06,10.5906,2.42298,13.6902,12.2611,47.4873,0.997617,-225.735,200.201
302.08,10.5906,2.4375,13.6902,12.2611,46.6136,0.997617,-225.735,209.745
302.1,10.5822,2.46691,13.6902,12.3076,46.6122,0.997617,-225.735,217.195
302.12,10.5734,2.34932,13.7817,12.3076,44.1658,0.997617,-225.735,224.618
302.14,10.5734,2.37759,13.7819,11.7975,44.162,1.00833,-225.735,231.522
302.16,10.5623,2.32675,13.7819,11.6109,42.5286,1.00834,-228.227,238.436
302.18,10.5562,2.26693,13.7819,11.6109,41.1888,1.03168,-228.227,237.906
302.2,10.5511,2.33441,14.0566,12.0283,41.1868,1.03171,-228.227,237.375
302.22,10.5511,2.31102,14.057,12.0289,40.6617,1.03171,-228.227,244.278
302.24,10.5465,2.40039,14.2859,11.6579,40.6617,1.03171,-228.227,249.58
302.26,10.5414,2.37791,14.332,11.6574,40.5452,1.03171,-228.227,254.89
302.28,10.5414,2.33303,14.3321,11.6574,40.5451,1.03171,-228.227,263.926
302.3,10.5358,2.43775,14.6983,11.7965,40.7781,1.03171,-228.227,272.94
302.32,10.5326,2.54414,14.6988,11.7967,40.8368,1.03171,-228.227,280.919
302.34,10.5326,2.57144,14.6071,12.7256,40.8368,1.03171,-228.227,288.885
302.36,10.5284,2.3974,14.3325,12.7256,40.8368,1.03833,-228.227,292.596
302.38,10.5265,2.36948,14.3321,12.7256,40.8368,1.03834,-225.365,290.478
302.4,10.5247,2.3514,14.1032,12.7256,40.662,0.960285,-225.365,288.357
302.42,10.5247,2.34905,14.1028,11.9372,40.6617,0.960166,-225.365,287.823
302.44,10.5223,2.36947,13.8736,12.0289,40.6617,0.960166,-225.365,287.292
302.46,10.5214,2.45111,13.8736,12.0289,40.5452,0.960166,-225.365,293.124
302.48,10.5214,2.433,13.8736,12.0753,40.5451,0.960166,-225.365,298.966
302.5,10.5191,2.30822,13.8736,12.0754,40.6034,0.960166,-225.365,296.319
302.52,10.52,2.40714,14.0109,12.3072,40.6034,0.960166,-225.365,288.366
302.54,10.5214,2.37388,13.7365,12.3076,40.4869,0.960166,-225.365,280.4
302.56,10.5214,2.42011,13.736,12.4933,40.3117,1.00362,-225.365,272.954
302.58,10.5196,2.41187,13.8276,12.5397,40.3117,1.00362,-228.037,265.53
302.6,10.5196,2.42423,13.8277,12.5398,40.1367,1.04436,-228.041,262.333
302.62,10.5196,2.42761,13.5531,12.3079,40.1367,1.04436,-228.041,259.151
302.64,10.52,2.4371,13.5526,12.3076,39.962,1.04436,-228.041,259.677
302.66,10.5209,2.35931,13.6902,12.8649,39.9617,1.04436,-228.041,257.553
302.68,10.5191,2.33962,13.5986,12.8649,39.7287,1.04436,-228.041,255.433
302.7,10.5191,2.32242,13.5985,12.9576,39.7283,1.04436,-228.041,250.657
302.72,10.5205,2.3224,13.3693,12.4933,39.7867,1.04436,-228.041,245.871
302.74,10.5209,2.46684,13.3693,12.4933,39.6119,1.04436,-228.041,245.871
302.76,10.5209,2.47097,13.2319,12.3542,39.6117,1.04436,-228.041,245.871
302.78,10.5196,2.40979,13.14,12.354,39.495,1.05371,-228.041,243.746
302.8,10.5196,2.39325,13.14,11.7975,39.495,1.05371,-224.896,244.277
302.82,10.5196,2.41032,13.2776,11.9825,39.0866,1.07068,-224.891,244.809
302.84,10.5172,2.45177,13.2776,11.9825,39.0866,1.07068,-224.891,246.933
302.86,10.5186,2.35244,13.186,11.797,38.9119,1.07068,-224.891,249.054
302.88,10.5191,2.51277,13.1859,11.7967,38.7949,1.07068,-224.891,250.119
302.9,10.5191,2.51327,13.369,11.7503,38.7949,1.07068,-224.891,248.528
302.92,10.5196,2.44347,13.4608,11.7502,38.6784,1.07068,-224.891,247.465
302.94,10.5196,2.41834,13.4609,12.4005,38.6782,1.07068,-224.891,245.34
302.96,10.5196,2.4159,13.6898,12.5396,38.154,1.07068,-224.891,243.219
302.98,10.5196,2.47041,13.6902,12.5398,37.8037,1.06422,-224.891,247.988
303,10.5196,2.41956,13.7819,12.5398,37.8032,1.06421,-226.6,252.774
303.02,10.5196,2.43489,13.7819,12.5398,37.6284,1.08133,-226.6,254.895
303.04,10.5196,2.42128,13.5072,12.1688,37.6282,1.08135,-226.6,261.791
303.06,10.5196,2.37596,13.5068,12.1682,37.4531,1.08135,-226.6,261.271
303.08,10.52,2.49974,13.5068,12.261,37.4531,1.08135,-226.6,258.089
303.1,10.52,2.48625,13.4151,12.2611,37.4531,1.08135,-226.6,254.898
303.12,10.5186,2.48203,13.4151,12.2611,37.3949,1.08135,-226.6,259.14
303.14,10.5196,2.45904,13.3235,12.5857,37.3948,1.08135,-226.6,263.388
303.16,10.5196,2.45314,13.3234,12.5862,37.8032,1.08135,-226.6,264.988
303.18,10.5223,2.38531,13.2318,11.8443,37.8032,1.08135,-226.6,260.216
303.2,10.5219,2.38521,13.1859,11.8431,38.2692,1.06561,-226.6,259.678
303.22,10.5233,2.35582,13.1859,12.5862,38.2699,1.07431,-227.485,260.209
303.24,10.5233,2.37637,12.8654,12.308,38.7941,1.07431,-227.485,260.739
303.26,10.5214,2.43492,12.8649,12.3076,38.9697,1.07431,-227.485,262.861
303.28,10.5228,2.38115,12.9108,12.4933,38.9699,1.07431,-227.485,264.988
303.3,10.5228,2.39896,12.9108,12.4933,38.9699,1.07431,-227.485,260.216
303.32,10.5219,2.40627,12.8191,12.4469,38.9699,1.07431,-227.485,260.209
303.34,10.5209,2.36468,12.4523,12.4469,38.7949,1.07431,-227.485,260.209
303.36,10.5209,2.31652,12.4523,12.5396,38.7949,1.07431,-227.485,266.571
303.38,10.5209,2.3128,12.3606,12.2147,38.7949,1.07431,-227.485,272.954
303.4,10.5228,2.43304,12.3606,12.2147,38.5037,1.04294,-227.485,270.302
303.42,10.5228,2.35001,12.3606,12.5857,38.5032,1.04289,-225.286,267.647
303.44,10.5228,2.37644,12.3148,12.5862,38.5616,1.08623,-225.282,269.767
303.46,10.52,2.36664,12.3148,12.4471,38.5616,1.08623,-225.282,273.479
303.48,10.5219,2.37036,12.2232,12.4469,38.3286,1.08623,-225.282,277.196
303.5,10.5219,2.39484,12.2231,11.9825,38.3282,1.08623,-225.282,277.733
303.52,10.5205,2.27118,12.2688,12.1216,38.2117,1.08623,-225.282,278.263
303.54,10.5223,2.33115,12.2689,12.1218,37.9785,1.08623,-225.282,274.552
303.56,10.5223,2.35718,12.4064,12.354,37.9782,1.08623,-225.282,270.829
303.58,10.5223,2.34429,12.4522,12.354,37.9199,1.08623,-225.282,269.239
303.6,10.5237,2.34124,12.4523,12.3076,37.9198,1.08623,-225.282,275.078
303.62,10.5209,2.35227,12.4523,12.3076,37.6868,1.06979,-225.282,280.91
303.64,10.5209,2.37783,12.4523,11.8902,37.6282,1.08263,-227.215,278.268
303.66,10.52,2.3521,12.3148,12.2147,37.6282,1.08265,-227.218,275.609
303.68,10.5219,2.46631,12.3148,12.2147,37.1039,1.08265,-227.218,273.488
303.7,10.5219,2.44772,12.269,12.2147,37.1031,1.08265,-227.218,271.364
303.72,10.5228,2.33765,12.3148,12.2147,36.9864,1.08265,-227.218,269.767
303.74,10.5228,2.41677,12.3148,11.6582,36.9864,1.08265,-227.218,271.888
303.76,10.52,2.39241,12.3605,11.6574,37.0447,1.08265,-227.218,274.012
303.78,10.52,2.39853,12.3606,12.0754,37.1031,1.08265,-227.218,268.705
303.8,10.5214,2.38938,12.0859,12.5855,37.1031,1.08265,-227.218,263.403
303.82,10.5237,2.34328,12.0855,12.5862,37.0448,1.07381,-227.218,262.333
303.84,10.5237,2.34422,12.2231,12.4933,37.0448,1.07381,-224.706,261.271
303.86,10.5251,2.48567,11.9942,12.4933,37.2195,1.07752,-224.706,262.861
303.88,10.5256,2.44899,11.9938,12.5862,37.2198,1.07753,-224.706,253.836
303.9,10.5284,2.47615,12.1311,12.5862,37.2198,1.07753,-224.706,244.822
303.92,10.5284,2.42378,12.1314,12.9572,37.278,1.07753,-224.706,245.869
303.94,10.5274,2.3497,11.948,12.6791,37.2781,1.07753,-224.706,246.933
303.96,10.5279,2.47369,11.948,12.6791,37.2199,1.07753,-224.706,245.342
303.98,10.5279,2.45319,11.948,12.6327,37.2198,1.07753,-224.706,242.688
304,10.5265,2.44752,11.8563,12.6327,37.0448,1.07753,-224.706,236.843
304.02,10.5251,2.60855,11.8563,12.3081,37.0448,1.07753,-224.706,233.131
304.04,10.5251,2.59163,11.9478,11.8902,36.4623,1.07753,-224.706,229.414
304.06,10.5279,2.46346,11.948,11.8896,36.053,1.04414,-226.991,231.002
304.08,10.5298,2.46806,11.948,11.7041,36.053,1.04414,-226.991,232.592
304.1,10.5274,2.5519,11.948,11.7038,35.703,1.04414,-226.991,234.719
304.12,10.5274,2.58034,11.8106,11.7038,35.703,1.04414,-226.991,237.9
304.14,10.527,2.51208,11.902,11.7038,34.9458,1.04414,-226.991,241.617
304.16,10.5288,2.43751,11.9021,11.7502,34.9446,1.04414,-226.991,244.278
304.18,10.5288,2.37455,11.9021,11.6111,34.0126,1.04414,-226.991,246.929
304.2,10.5293,2.41571,11.9021,11.6109,32.9627,1.04414,-226.991,247.463
304.22,10.533,2.42934,11.9938,12.2147,32.9611,1.04414,-226.991,247.995
304.24,10.539,2.39368,11.9938,12.2147,32.6116,1.03851,-226.991,247.995
304.26,10.5391,2.36892,11.7191,11.7973,32.6111,1.0385,-225.079,247.995
304.28,10.5497,2.41029,11.8104,11.7967,34.0112,0.988342,-225.076,244.809
304.3,10.5604,2.42367,11.8104,11.333,34.0112,0.988342,-225.076,245.869
304.32,10.5604,2.45711,11.8563,11.936,35.8197,0.988342,-225.076,246.933
304.34,10.5748,2.33299,11.8563,11.936,36.228,0.988342,-225.076,243.215
304.36,10.5818,2.353,11.6274,12.1215,36.228,0.988342,-225.076,239.504
304.38,10.5883,2.41296,11.627,12.1218,36.4031,0.988342,-225.076,239.498
304.4,10.5883,2.47274,11.7186,12.8174,36.4031,0.988342,-225.076,239.498
304.42,10.5906,2.32389,11.9018,12.8185,36.4031,0.988342,-225.076,239.498
304.44,10.6004,2.44325,11.9021,12.4469,36.4031,0.981682,-225.076,239.498
304.46,10.6004,2.46825,11.8563,12.2614,36.2866,0.981682,-225.385,239.498
304.48,10.6073,2.34282,11.8563,12.2611,36.1116,0.976094,-225.385,238.968
304.5,10.611,2.42897,11.8104,12.0289,36.1114,0.976086,-225.385,238.436
304.52,10.611,2.42327,11.8104,12.0289,36.1114,0.976086,-225.385,235.255
304.54,10.6134,2.44376,12.0851,11.7507,36.1114,0.976086,-225.385,233.129
304.56,10.6199,2.42717,11.9938,11.7502,36.1114,0.976086,-225.385,231.002
304.58,10.6208,2.41924,11.9938,12.4458,36.1114,0.976086,-225.385,224.109
304.6,10.6208,2.3932,11.948,11.9825,36.2864,0.976086,-225.385,217.195
304.62,10.6217,2.36065,11.948,11.9825,36.4611,0.976086,-225.385,220.906
304.64,10.6231,2.31395,11.9022,12.1216,36.4614,0.976086,-225.385,224.623
304.66,10.6231,2.3814,11.8104,12.1218,36.4031,0.979931,-225.385,225.16
304.68,10.6301,2.40446,11.8104,11.7044,36.4031,0.979931,-226.002,224.1
304.7,10.6356,2.3596,11.6731,11.7038,36.5778,0.946599,-226.003,223.038
304.72,10.6356,2.39186,11.6729,12.2611,36.5781,0.946548,-226.003,222.505
304.74,10.6403,2.34135,11.7187,12.4002,36.5781,0.946548,-226.003,221.975
304.76,10.6445,2.50142,11.7187,12.4005,36.5781,0.946548,-226.003,222.504
304.78,10.6463,2.44886,11.7646,12.0754,36.5781,0.946548,-226.003,223.036
304.8,10.6463,2.4101,11.673,12.0754,36.4616,0.946548,-226.003,224.627
304.82,10.6505,2.39087,11.6729,11.7502,36.4614,0.946548,-226.003,224.098
304.84,10.6533,2.31255,11.9938,11.7502,36.5197,0.946548,-226.003,223.567
304.86,10.6533,2.3121,11.9938,11.6575,36.4615,0.945394,-226.003,227.279
304.88,10.6542,2.296,11.8104,12.5862,36.4614,0.945392,-224.644,231.002
304.9,10.6575,2.38047,11.8104,12.5862,36.5779,0.950947,-224.644,229.411
304.92,10.6621,2.3607,11.7646,12.2153,36.5781,0.950955,-224.644,227.818
304.94,10.6621,2.32612,11.9938,12.2147,36.6947,0.950955,-224.644,228.877
304.96,10.6644,2.33603,11.9938,12.4465,36.6947,0.950955,-224.644,226.757
304.98,10.6672,2.33978,11.948,12.4469,36.9277,0.950955,-224.644,224.632
305,10.6672,2.31783,11.948,12.0289,36.9864,0.950955,-224.644,227.284
305.02,10.6668,2.43011,12.2684,11.7507,36.9864,0.950955,-224.644,229.935
305.04,10.6654,2.38076,12.2689,11.7502,37.1029,0.950955,-224.644,227.819
305.06,10.6654,2.40177,12.1772,11.7967,37.1031,0.950955,-224.644,225.691
305.08,10.6691,2.3111,12.1772,11.7967,37.2196,0.937845,-224.644,223.57
305.1,10.6686,2.40658,12.1772,11.5645,37.2198,0.964178,-226.682,228.877
305.12,10.6714,2.29144,12.1772,11.4717,37.1615,0.964178,-226.682,234.18
305.14,10.6714,2.30218,12.1772,11.4716,37.1614,0.964178,-226.682,234.188
305.16,10.6723,2.37847,12.1314,12.1218,37.1614,0.964178,-226.682,234.188
305.18,10.6742,2.48297,12.1314,12.1218,37.3362,0.964178,-226.682,232.067
305.2,10.6742,2.41456,12.3145,11.6581,37.3365,0.964178,-226.682,229.943
305.22,10.6737,2.43021,12.4523,11.6574,37.2781,0.964178,-226.682,226.222
305.24,10.6765,2.48925,12.4523,11.9356,37.2781,0.964178,-226.682,233.645
305.26,10.6784,2.47553,12.4523,11.7505,37.5111,0.964178,-226.682,241.08
305.28,10.6784,2.38963,12.4523,11.7502,37.3948,0.972623,-226.682,232.064
305.3,10.6784,2.44164,12.4065,12.1212,37.3948,0.972623,-223.742,223.05
305.32,10.6774,2.36521,12.4064,12.1218,37.3948,0.955825,-223.738,222.505
305.34,10.6774,2.36474,12.7274,12.0289,37.3948,0.955825,-223.738,223.567
305.36,10.6779,2.35057,12.7274,12.0289,37.1036,0.955825,-223.738,224.097
305.38,10.6765,2.37347,12.7274,11.7502,37.1031,0.955825,-223.738,229.939
305.4,10.6784,2.38638,12.8189,11.843,36.6954,0.955825,-223.738,235.772
305.42,10.6784,2.31519,12.8191,11.8431,36.6947,0.955825,-223.738,232.6
305.44,10.6774,2.481,12.9566,11.518,36.6947,0.955825,-223.738,229.408
305.46,10.6765,2.30793,12.9566,11.518,36.753,0.955825,-223.738,228.348
305.48,10.6765,2.26636,13.0482,11.147,36.7531,0.955825,-223.738,229.937
305.5,10.6788,2.42358,13.2776,11.1465,36.6947,0.982162,-223.738,234.188
305.52,10.6774,2.36764,13.2776,10.8682,36.6947,0.96587,-226.287,229.946
305.54,10.6774,2.34083,13.2776,11.4707,36.6947,0.965845,-226.291,225.698
305.56,10.6774,2.38104,13.2776,11.4716,36.9864,0.965845,-226.291,236.312
305.58,10.6784,2.46118,13.3233,11.6571,36.9864,0.965845,-226.291,246.917
305.6,10.6774,2.45162,13.3234,11.6574,37.2198,0.965845,-226.291,247.464
305.62,10.6774,2.40847,13.1403,12.0747,37.2198,0.965845,-226.291,251.706
305.64,10.6788,2.36039,13.14,12.0754,37.6275,0.965845,-226.291,255.954
305.66,10.6779,2.38054,13.14,11.936,37.6282,0.965845,-226.291,247.995
305.68,10.6779,2.44855,12.9569,11.5187,38.0359,0.965845,-226.291,240.041
305.7,10.6802,2.38572,12.9566,11.518,38.619,0.975186,-226.291,243.211
305.72,10.6784,2.41023,12.9108,11.7502,38.6199,0.9752,-224.5,246.402
305.74,10.6784,2.42708,12.7734,11.7502,38.9694,0.953753,-224.5,252.234
305.76,10.6784,2.3125,12.7732,11.6575,38.9699,0.95372,-224.5,256.485
305.78,10.6784,2.39908,12.8649,11.6574,39.4366,0.95372,-224.5,260.74
305.8,10.6798,2.34945,12.8649,12.4457,39.4366,0.95372,-224.5,253.847
305.82,10.6798,2.32102,12.6815,12.2147,39.6117,0.95372,-224.5,246.933
305.84,10.6784,2.33874,12.6815,12.2147,39.67,0.95372,-224.5,250.119
305.86,10.677,2.36102,12.6815,11.8901,39.67,0.95372,-224.5,253.3
305.88,10.677,2.36382,12.5898,11.8896,39.6117,0.95372,-224.5,252.243
305.9,10.6779,2.3839,12.5898,11.7041,39.6117,0.95372,-224.5,251.183
305.92,10.6779,2.47401,12.8187,11.7038,39.7864,0.933865,-224.5,250.121
305.94,10.6793,2.36009,12.8191,11.7502,39.9033,0.964915,-224.891,247.995
305.96,10.6793,2.34175,12.9106,11.8894,39.9033,0.964915,-224.891,245.874
305.98,10.6793,2.36694,12.9108,11.8896,39.7868,0.964915,-224.891,237.917
306,10.6802,2.34672,12.7274,11.4716,39.7867,0.964915,-224.891,229.939
306.02,10.6802,2.37849,12.8189,11.4716,39.6119,0.964915,-224.891,229.939
306.04,10.6779,2.2919,12.8191,11.518,39.6117,0.964915,-224.891,228.879
306.06,10.6784,2.25725,12.7732,11.518,39.2616,0.964915,-224.891,227.815
306.08,10.6802,2.2684,12.7732,11.4253,38.9121,0.964915,-224.891,230.466
306.1,10.6802,2.35626,12.4981,11.6574,38.9116,0.964915,-224.891,233.126
306.12,10.677,2.30483,12.4981,11.6574,38.9698,0.940223,-224.891,233.656
306.14,10.6784,2.37725,12.5897,11.611,38.9699,0.940185,-224.726,234.187
306.16,10.6784,2.36144,12.8191,11.6109,38.7949,0.996689,-224.726,228.877
306.18,10.6821,2.46703,12.8191,11.8892,38.7949,0.996689,-224.726,223.575
306.2,10.6788,2.37796,12.8649,11.8896,38.8532,0.996689,-224.726,218.265
306.22,10.6788,2.36148,12.8649,12.4469,38.6782,0.996689,-224.726,220.912
306.24,10.6793,2.34053,13.0023,12.3542,38.6782,0.996689,-224.726,223.563
306.26,10.6798,2.40134,13.0025,12.354,38.5617,0.996689,-224.726,223.567
306.28,10.6774,2.31761,13.0483,11.7502,38.5616,0.996689,-224.726,219.85
306.3,10.6774,2.27046,13.0483,11.7502,38.0956,0.996689,-224.726,219.85
306.32,10.6751,2.38532,13.0483,11.518,38.0949,0.996689,-224.726,217.726
306.34,10.6709,2.35154,13.1859,11.518,37.9782,0.996689,-224.726,215.601
306.36,10.6709,2.34691,13.1859,11.3325,37.6869,0.996689,-223.266,217.192
306.38,10.6691,2.33313,13.2317,11.0536,37.6865,0.996689,-223.264,218.788
306.4,10.6695,2.3982,13.2317,11.0536,37.8612,0.996689,-223.264,216.667
306.42,10.6691,2.3801,13.4606,11.9347,37.8615,0.996689,-223.264,214.543
306.44,10.6691,2.38637,13.5985,11.936,37.9198,0.996689,-223.264,217.726
306.46,10.6691,2.35409,13.5985,11.8433,37.9198,0.996689,-223.264,217.195
306.48,10.6695,2.38013,13.4154,12.3996,38.2693,0.996689,-223.264,216.664
306.5,10.6695,2.37924,13.4151,12.4005,38.3282,0.996689,-223.264,218.788
306.52,10.67,2.36801,13.4609,12.0758,38.3282,0.996689,-223.264,220.909
306.54,10.6695,2.30505,13.4609,12.0754,38.6195,1.013,-223.264,219.321
306.56,10.6695,2.30093,13.3234,11.9825,38.6199,1.01303,-225.879,217.726
306.58,10.6668,2.34073,13.0945,11.9825,38.7947,0.985258,-225.879,219.316
306.6,10.6677,2.44539,13.0942,12.1218,38.7949,0.985216,-225.879,223.567
306.62,10.6672,2.34006,12.7279,11.9363,38.9114,0.985216,-225.879,227.809
306.64,10.6672,2.34036,12.7274,11.936,38.7951,0.985216,-225.879,224.634
306.66,10.6658,2.35111,12.4523,11.6109,38.7949,0.985216,-225.879,221.443
306.68,10.6635,2.48377,12.4523,11.6109,38.7367,0.985216,-225.879,215.08
306.7,10.6635,2.46605,12.2692,11.3327,38.7366,0.985216,-225.879,212.419
306.72,10.6649,2.37272,12.2689,11.3323,38.6782,0.985216,-225.879,215.601
306.74,10.6621,2.3003,12.2689,11.7032,38.6782,0.979583,-225.879,214.011
306.76,10.664,2.31408,12.2689,11.982,38.62,0.979575,-225.879,212.418
306.78,10.664,2.34046,12.2689,11.9825,38.5032,0.994482,-223.347,212.415
306.8,10.6621,2.38003,12.4062,11.797,38.5032,0.994482,-223.347,212.415
306.82,10.6593,2.35571,12.4064,11.7967,38.3866,0.994482,-223.347,213.477
306.84,10.6593,2.41017,12.5898,11.7038,38.3866,0.994482,-223.347,215.601
306.86,10.6579,2.40485,12.6814,11.7038,38.6195,0.994482,-223.347,216.662
306.88,10.6528,2.36517,12.6815,11.7038,38.6199,0.994482,-223.347,216.132
306.9,10.65,2.31869,12.6358,11.8429,38.3869,0.994482,-223.347,215.602
306.92,10.65,2.30355,12.6357,11.8431,38.3866,0.994482,-223.347,210.829
306.94,10.6514,2.47979,12.7732,11.936,38.3866,0.994482,-223.347,206.043
306.96,10.6491,2.35697,12.7732,11.936,38.3866,0.968031,-223.347,206.043
306.98,10.6491,2.36092,12.8648,12.0751,38.3866,0.96799,-225.649,209.754
307,10.6496,2.34344,13.1859,12.0754,38.5032,1.02166,-225.653,211.884
307.02,10.6496,2.37885,13.1859,12.1217,38.5032,1.02166,-225.653,208.173
307.04,10.6496,2.40234,13.781,12.4464,38.6197,1.02166,-225.653,204.455
307.06,10.6496,2.45762,13.7819,12.4469,38.7949,1.02166,-225.653,203.388
307.08,10.6473,2.35255,13.7819,12.4933,38.7949,1.02166,-225.653,202.327
307.1,10.6486,2.36724,13.7819,12.4933,39.0866,1.02166,-225.653,208.698
307.12,10.6486,2.41281,13.7819,12.4006,39.0866,1.02166,-225.653,215.061
307.14,10.6491,2.40561,13.553,12.4005,39.0284,1.02166,-225.653,215.601
307.16,10.6482,2.37444,13.5526,12.0289,39.0283,1.01713,-225.653,215.601
307.18,10.6482,2.36609,13.5069,12.3999,39.3195,1.01713,-223.638,215.601
307.2,10.6486,2.32604,13.5068,12.4005,39.6695,1.03252,-223.635,214.011
307.22,10.6486,2.28571,13.3693,12.6327,39.67,1.03254,-223.635,212.415
307.24,10.6454,2.29889,13.2777,12.6327,39.903,1.03254,-223.635,216.127
307.26,10.6454,2.35748,13.2776,12.1226,39.9033,1.03254,-223.635,214.542
307.28,10.6431,2.30178,13.2776,12.1218,40.3701,1.03254,-223.635,212.946
307.3,10.6472,2.34543,13.2776,12.2609,40.2536,1.03254,-223.635,217.188
307.32,10.6473,2.33448,13.0025,11.9825,40.2534,1.03254,-223.635,221.443
307.34,10.6463,2.46658,13.0025,11.9825,40.4867,1.03254,-223.635,223.036
307.36,10.644,2.3849,13.2314,12.1216,40.4867,1.03254,-223.635,224.627
307.38,10.644,2.37864,13.3234,12.1218,40.4284,1.07367,-223.635,225.691
307.4,10.6431,2.31371,13.3234,12.3073,40.4284,1.04964,-224.457,223.04
307.42,10.6412,2.32839,13.3692,12.7249,40.3119,1.0496,-224.459,220.385
307.44,10.6417,2.38524,13.3693,12.7256,40.0784,1.0496,-224.459,222.505
307.46,10.6417,2.38904,13.415,12.7719,40.0784,1.0496,-224.459,224.626
307.48,10.6417,2.51808,13.4151,12.772,39.9036,1.0496,-224.459,230.462
307.5,10.6426,2.40418,13.5985,12.1218,39.9033,1.0496,-224.459,236.312
307.52,10.6426,2.37402,13.7358,12.1218,39.7868,1.0496,-224.459,232.6
307.54,10.6394,2.38425,13.736,12.3537,39.7867,1.0496,-224.459,233.655
307.56,10.6375,2.37676,13.9194,12.354,39.7283,1.0496,-224.459,234.719
307.58,10.637,2.36749,13.9194,12.5859,39.3206,1.16789,-224.459,235.249
307.6,10.637,2.49645,14.1487,12.6791,39.32,1.16807,-225.22,235.781
307.62,10.6356,2.43659,14.1487,12.6791,39.087,1.01642,-225.22,239.493
307.64,10.6333,2.37879,14.2402,13.2356,39.0866,1.01619,-225.22,243.21
307.66,10.6333,2.37965,14.5155,13.2364,38.9699,1.01619,-225.22,237.374
307.68,10.6301,2.54927,14.5155,13.5147,38.9699,1.01619,-225.22,235.783
307.7,10.6291,2.3421,14.607,13.5151,39.2612,1.01619,-225.22,234.19
307.72,10.6291,2.33859,14.6071,13.2364,39.4366,1.01619,-225.22,234.188
307.74,10.6245,2.51378,14.7445,13.4683,39.4366,1.01619,-225.22,234.188
307.76,10.6208,2.3626,14.7447,13.4687,39.6696,1.01619,-225.22,237.899
307.78,10.6212,2.51227,14.7447,13.0507,39.67,1.01619,-225.22,241.622
307.8,10.6212,2.49013,14.9278,13.0507,39.8447,1.14168,-225.22,242.153
307.82,10.6175,2.34562,14.9281,12.9578,39.845,1.06026,-222.832,245.34
307.84,10.6157,2.44935,14.9739,12.9578,40.1367,1.06026,-222.832,248.526
307.86,10.6157,2.4715,14.9739,12.4013,40.3697,1.06026,-222.832,246.405
307.88,10.6143,2.46315,14.9739,12.5862,40.3701,1.06026,-222.832,244.278
307.9,10.6073,2.63131,14.9739,12.5862,40.4865,1.06026,-222.832,244.278
307.92,10.6059,2.57938,14.9739,12.7717,40.4867,1.06026,-222.832,244.278
307.94,10.6059,2.36508,14.9739,12.772,40.2534,1.06026,-222.832,245.34
307.96,10.6022,2.44276,14.9739,12.9575,40.2534,1.06026,-222.832,242.158
307.98,10.5962,2.36685,14.9282,12.6332,40.1369,1.06026,-222.832,238.972
308,10.5962,2.36148,14.9281,12.6327,39.845,1.16404,-222.832,238.967
308.02,10.5971,2.319,14.9739,12.4472,39.845,1.16404,-225.155,238.967
308.04,10.5915,2.44167,15.0197,12.4469,40.078,1.08888,-225.159,233.135
308.06,10.5915,2.44634,15.0198,13.0042,40.0784,1.08877,-225.159,227.284
308.08,10.5897,2.47754,15.1113,13.0042,40.4279,1.08877,-225.159,229.935
308.1,10.5878,2.42537,15.1115,12.8649,40.4284,1.08877,-225.159,233.126
308.12,10.5827,2.33517,14.8826,13.004,41.1274,1.08877,-225.159,236.307
308.14,10.5827,2.35559,14.8822,13.0042,41.5944,1.08877,-225.159,235.251
308.16,10.5776,2.35239,14.9281,13.0507,41.5952,1.08877,-225.159,234.188
308.18,10.5734,2.41105,14.9281,13.0507,41.8282,1.08877,-225.159,233.127
308.2,10.5734,2.40484,15.1112,13.097,41.8285,1.08877,-225.159,229.944
308.22,10.5665,2.45108,15.0656,13.0971,41.6535,1.1692,-225.159,229.408
308.24,10.5549,2.39691,15.0656,13.1899,41.537,1.10106,-222.465,225.697
308.26,10.5456,2.43428,15.2945,13.3291,41.5368,1.10096,-222.461,221.98
308.28,10.5456,2.34964,15.2949,13.3293,41.5952,1.10096,-222.461,226.753
308.3,10.5409,2.4429,15.478,13.5612,41.5952,1.10096,-222.461,231.525
308.32,10.5377,2.43883,15.4783,13.5616,41.6535,1.10096,-222.461,231.533
308.34,10.5377,2.44223,15.5241,13.7473,41.6535,1.10096,-222.461,227.284
308.36,10.5279,2.3551,15.753,13.7473,41.77,1.10096,-222.461,224.103
308.38,10.5186,2.3438,15.7533,13.5151,41.7702,1.10096,-222.461,222.505
308.4,10.5149,2.35214,15.8449,13.6079,42.1779,1.10096,-222.461,220.914
308.42,10.5149,2.37804,15.845,13.608,42.4115,1.13699,-222.461,226.214
308.44,10.5056,2.47018,15.7992,13.9795,42.4119,1.13705,-224.87,231.533
308.46,10.4987,2.31978,15.7992,13.9795,42.8196,1.1128,-224.87,238.426
308.48,10.4987,2.28014,15.6619,13.8404,42.8203,1.11276,-224.87,244.799
308.5,10.4945,2.33215,15.7075,13.8402,43.2286,1.11276,-224.87,245.34
308.52,10.4866,2.28879,15.7075,14.0721,43.2286,1.11276,-224.87,244.279
308.54,10.4866,2.31307,15.8448,13.8406,43.5781,1.11276,-224.87,243.217
308.56,10.4792,2.39083,15.845,13.8402,44.1037,1.11276,-224.87,242.153
308.58,10.4722,2.34593,15.8908,13.6083,44.1037,1.11276,-224.87,241.093
308.6,10.4685,2.31717,15.9826,13.608,44.2787,1.11276,-224.87,240.56
308.62,10.4685,2.31625,15.9826,13.9326,44.2787,1.11276,-224.87,242.151
308.64,10.4648,2.36447,16.2573,13.9331,44.2787,1.13862,-224.87,243.744
308.66,10.4624,2.43652,16.2577,13.7938,44.2787,1.12893,-223.841,245.34
308.68,10.4624,2.4109,16.3034,13.4692,44.0457,1.12893,-223.841,246.93
308.7,10.4597,2.51888,16.3035,13.4687,43.9289,1.12893,-223.841,246.402
308.72,10.4569,2.35893,16.5328,13.4687,43.9287,1.12893,-223.841,245.871
308.74,10.4569,2.3186,16.6701,13.4687,43.9869,1.12893,-223.841,250.643
308.76,10.455,2.42906,16.6703,13.3295,43.987,1.12893,-223.841,255.422
308.78,10.4531,2.39377,16.762,13.3293,44.1037,1.12893,-223.841,260.209
308.8,10.4541,2.31045,16.762,13.4685,44.1619,1.12893,-223.841,258.618
308.82,10.4541,2.32362,16.8995,13.5616,44.162,1.12893,-223.841,257.022
308.84,10.4518,2.30882,16.8995,13.5616,43.987,1.13827,-223.841,256.491
308.86,10.4485,2.44498,16.8995,13.1906,43.987,1.13827,-224.067,255.961
308.88,10.4485,2.44087,16.9912,13.19,43.7537,1.13726,-224.067,259.147
308.9,10.448,2.20028,16.9912,13.0509,43.7537,1.13726,-224.067,259.147
308.92,10.4443,2.25847,17.037,13.0507,43.9867,1.13726,-224.067,259.147
308.94,10.4411,2.24319,17.0371,13.3293,44.162,1.13726,-224.067,260.74
308.96,10.4411,2.34557,17.0371,13.4685,44.162,1.13726,-224.067,262.33
308.98,10.4364,2.31589,17.0371,13.4687,44.6863,1.13726,-224.067,266.044
309,10.4355,2.3715,16.9454,13.5151,44.6871,1.13726,-224.067,269.767
309.02,10.4355,2.38879,16.9912,13.5151,44.8036,1.13726,-224.067,269.767
309.04,10.4336,2.35418,16.9912,13.6079,44.8038,1.12979,-224.067,269.767
309.06,10.4332,2.33473,17.0829,13.608,44.7454,1.12977,-224.067,269.767
309.08,10.4332,2.41009,17.0829,13.7935,44.5124,1.13937,-224.787,268.707
309.1,10.4295,2.38583,17.0829,13.4687,44.5121,1.13939,-224.788,267.643
309.12,10.4276,2.40236,17.0829,13.4687,44.0461,1.13939,-224.788,264.462
309.14,10.4253,2.35983,17.0829,13.6542,44.0454,1.13939,-224.788,261.276
309.16,10.4253,2.36954,17.1288,13.6544,43.8703,1.13939,-224.788,259.147
309.18,10.4253,2.29715,17.1288,13.8399,43.8703,1.13939,-224.788,255.435
309.2,10.423,2.50542,17.2661,13.8402,43.6373,1.13939,-224.788,251.718
309.22,10.423,2.4869,17.2663,13.7009,43.7537,1.13939,-224.788,251.712
309.24,10.423,2.42357,17.3121,13.7473,43.7537,1.13939,-224.788,251.712
309.26,10.4225,2.4839,17.3122,13.7473,43.8702,1.12459,-224.788,248
309.28,10.4197,2.42507,17.4039,13.5616,43.8703,1.12456,-222.914,244.278
309.3,10.4197,2.33636,17.4039,13.5616,43.8703,1.1423,-222.914,243.747
309.32,10.4202,2.30048,17.4039,13.4222,43.8703,1.14233,-222.914,241.622
309.34,10.4197,2.48177,17.358,13.3758,43.7537,1.14233,-222.914,239.498
309.36,10.4197,2.44007,17.358,13.3758,43.8119,1.14233,-222.914,243.21
309.38,10.4202,2.42489,17.3122,13.3758,43.812,1.14233,-222.914,246.933
309.4,10.4188,2.44154,17.3122,13.3758,44.045,1.14233,-222.914,243.221
309.42,10.4188,2.46631,17.4495,13.4221,44.0454,1.14233,-222.914,239.504
309.44,10.4151,2.44254,17.4956,13.4222,44.6287,1.14233,-222.914,237.905
309.46,10.4114,2.35437,17.4956,13.8859,44.6287,1.08428,-222.914,238.966
309.48,10.4109,2.38603,17.3125,14.0258,44.8617,1.08419,-222.914,240.028
309.5,10.4109,2.40832,17.3122,14.026,45.2121,1.11018,-225.529,242.684
309.52,10.4067,2.43939,17.4495,14.1651,45.2121,1.11018,-225.529,245.336
309.54,10.4062,2.38956,17.4497,14.1653,45.5034,1.11018,-225.529,249.581
309.56,10.4062,2.3545,17.5414,14.0724,45.5038,1.11018,-225.529,253.836
309.58,10.4067,2.41083,17.5414,14.0724,45.9698,1.11018,-225.529,254.366
309.6,10.4053,2.44413,17.5414,13.8867,45.9705,1.11018,-225.529,255.96
309.62,10.4072,2.4402,17.7703,14.1185,46.2618,1.11018,-225.529,257.551
309.64,10.4072,2.48694,17.7707,14.1189,46.2622,1.11018,-225.529,267.098
309.66,10.4044,2.36173,17.7707,14.026,46.2622,1.11018,-225.529,276.671
309.68,10.4044,2.34696,17.7707,14.026,46.2622,1.04353,-225.529,281.443
309.7,10.4044,2.33258,17.8622,14.3506,46.2622,1.04342,-223.144,286.222
309.72,10.4016,2.3844,17.954,14.3511,46.2622,1.11863,-223.141,281.981
309.74,10.3979,2.3499,17.954,14.6293,46.2622,1.11863,-223.141,285.163
309.76,10.3979,2.36667,18.1372,14.4906,46.5535,1.11863,-223.141,288.349
309.78,10.3965,2.42091,18.1374,14.4904,46.7873,1.11863,-223.141,282.512
309.8,10.3988,2.31712,18.1832,14.3977,46.7873,1.11863,-223.141,276.68
309.82,10.3965,2.35861,18.1833,14.3975,46.9623,1.11863,-223.141,278.264
309.84,10.3965,2.36861,18.275,14.3511,46.9623,1.11863,-223.141,279.857
309.86,10.3942,2.404,18.275,14.3511,47.0205,1.11863,-223.141,284.099
309.88,10.3923,2.40405,18.275,14.444,47.0206,1.02604,-223.141,281.981
309.9,10.3923,2.40164,18.0461,14.1657,47.1954,1.02604,-223.141,279.86
309.92,10.3895,2.38881,18.0457,14.1653,47.3121,1.10265,-224.868,281.448
309.94,10.3886,2.47012,17.9082,14.1189,47.3123,1.10277,-224.87,283.043
309.96,10.3886,2.46472,17.8166,14.1189,47.72,1.10277,-224.87,280.922
309.98,10.3877,2.41655,17.8165,14.1652,47.7207,1.10277,-224.87,278.798
310,10.3867,2.372,17.679,14.1653,48.1874,1.10277,-224.87,274.547
310.02,10.3849,2.35979,17.679,14.0726,48.1874,1.10277,-224.87,276.668
310.04,10.3849,2.38479,17.7705,13.9797,48.5951,1.10277,-224.87,278.792
310.06,10.3858,2.36553,17.7707,13.9795,49.0624,1.10277,-224.87,270.829
310.08,10.384,2.42298,17.8164,13.7013,49.0624,1.10277,-224.87,262.876
310.1,10.384,2.42792,17.679,13.7009,48.7708,1.02521,-224.87,262.333
310.12,10.3835,2.40577,17.679,13.4226,48.7708,1.02521,-223.308,262.333
310.14,10.3835,2.30979,17.7705,13.4222,48.0718,1.08604,-223.305,265.514
310.16,10.3826,2.34272,17.7707,13.19,47.0206,1.08613,-223.305,263.926
310.18,10.3826,2.37253,17.9538,12.819,47.0206,1.08613,-223.305,262.335
310.2,10.3812,2.2806,17.954,12.8185,46.2051,1.08613,-223.305,259.682
310.22,10.383,2.46318,17.9999,12.7256,46.2039,1.08613,-223.305,257.022
310.24,10.383,2.48809,18.183,12.7256,45.7961,1.08613,-223.305,256.492
310.26,10.3802,2.28255,18.1833,12.7256,45.7955,1.08613,-223.305,255.961
310.28,10.3812,2.35082,18.3667,12.7256,45.3871,1.08613,-223.305,255.429
310.3,10.3812,2.375,18.3667,12.5864,44.9794,1.01858,-223.305,263.913
310.32,10.3784,2.29164,18.5501,12.4469,44.9788,1.01848,-223.305,272.423
310.34,10.3775,2.24525,18.5501,12.4469,44.8621,1.06232,-223.758,271.891
310.36,10.3775,2.3149,18.7332,12.4933,44.8621,1.06232,-223.758,271.361
310.38,10.3775,2.30555,18.871,12.4933,44.6287,1.06232,-223.758,271.891
310.4,10.3761,2.33365,18.871,12.818,44.6287,1.06232,-223.758,272.422
310.42,10.3775,2.37457,18.7337,12.8185,44.7452,1.06232,-223.758,272.423
310.44,10.3775,2.3788,18.7335,13.1436,44.8621,1.06232,-223.758,274.016
310.46,10.3761,2.41673,18.8708,13.0972,44.8621,1.06232,-223.758,275.606
310.48,10.3756,2.30344,18.871,13.0971,45.0368,1.06232,-223.758,276.669
310.5,10.3756,2.30102,19.0544,13.0507,45.0371,1.06232,-223.758,277.733
310.52,10.3765,2.26927,19.0544,13.0507,45.2701,1.02051,-223.758,271.37
310.54,10.3765,2.40813,19.0544,13.1434,45.2705,1.06022,-225.568,264.467
310.56,10.3765,2.41252,19.3295,13.1436,45.6788,1.06028,-225.57,260.209
310.58,10.3765,2.38937,19.3295,13.0972,46.5526,1.06028,-225.57,255.967
310.6,10.3761,2.38023,19.6504,13.1436,46.5539,1.06028,-225.57,251.712
310.62,10.3761,2.43399,19.6504,13.1436,47.4276,1.06028,-225.57,251.712
310.64,10.3761,2.44461,19.742,13.1436,47.429,1.06028,-225.57,251.712
310.66,10.3765,2.56699,19.7421,13.1436,48.8291,1.06028,-225.57,246.933
310.68,10.3775,2.66682,19.7421,13.7,48.8291,1.06028,-225.57,242.161
310.7,10.3775,2.69549,19.7421,13.7009,50.7513,1.06028,-225.57,239.502
310.72,10.3765,2.63632,19.7421,13.2364,53.2628,1.03831,-225.57,223.567
310.74,10.3793,2.74723,19.2843,13.1437,53.2628,1.03831,-225.57,207.66
310.76,10.3779,2.68951,19.2836,13.1436,56.9325,1.05882,-223.802,201.803
310.78,10.3779,2.6575,18.5501,13.7009,56.9381,1.05885,-223.8,195.953
310.8,10.3761,2.84415,17.7718,13.7009,61.1903,1.05885,-223.8,193.832
310.82,10.3784,2.61349,17.7707,13.4687,61.1968,1.05885,-223.8,191.705
310.84,10.3784,2.60473,17.4039,13.4687,66.3889,1.05885,-223.8,193.298
310.86,10.377,2.79952,17.4039,13.4687,71.2818,1.05885,-223.8,187.465
310.88,10.3775,2.90025,17.3122,13.4687,71.2893,1.05885,-223.8,181.615
310.9,10.3775,2.78679,17.3122,13.4687,73.7358,1.05885,-223.8,187.978
310.92,10.3761,2.56953,17.4495,13.6542,73.7395,1.05885,-223.8,194.35
310.94,10.3784,2.42729,17.7248,13.6544,72.5144,1.04905,-223.8,201.263
310.96,10.3784,2.44305,17.7248,13.7008,72.5144,1.05078,-226.226,208.156
310.98,10.3784,2.43427,18.1826,13.7009,67.039,1.05079,-226.229,213.469
311,10.3784,2.44819,18.1833,13.9331,58.6883,1.05079,-226.229,220.912
311.02,10.3877,2.47478,18.8242,14.165,58.6883,1.05079,-226.229,228.335
311.04,10.3877,2.54357,18.8252,14.1653,51.9896,1.05079,-226.229,235.77
311.06,10.3946,2.50903,19.5129,13.9795,51.9794,1.05079,-226.229,243.215
311.08,10.4007,2.34283,19.9707,13.9795,48.3679,1.05079,-226.229,249.578
311.1,10.4118,2.42189,19.9714,14.2118,48.3624,1.05079,-226.229,257.022
311.12,10.4118,2.4214,20.2918,14.2118,46.7897,1.05079,-226.229,261.794
311.14,10.4211,2.56433,20.2923,14.2581,46.263,1.04221,-226.229,271.346
311.16,10.4285,2.51063,20.384,14.0724,46.2622,1.0422,-226.229,280.919
311.18,10.4285,2.48044,20.384,14.0724,45.7962,1.05442,-223.433,287.282
311.2,10.4332,2.43136,20.2467,14.0724,45.7955,1.05444,-223.429,293.654
311.22,10.4397,2.43131,19.8338,14.0724,45.6788,1.05444,-223.429,292.602
311.24,10.4397,2.41689,19.8338,14.2115,45.6788,1.05444,-223.429,298.434
311.26,10.4434,2.37565,19.2845,13.9799,45.6206,1.05444,-223.429,303.215
311.28,10.4466,2.38373,19.2836,13.9795,45.5038,1.05444,-223.429,309.595
311.3,10.449,2.43077,18.8716,13.9332,45.5038,1.05444,-223.429,315.958
311.32,10.449,2.45408,18.871,13.9331,45.3871,1.05444,-223.429,310.657
311.34,10.4522,2.35836,18.2291,13.608,45.3871,1.05444,-223.429,305.347
311.36,10.4536,2.36586,17.8629,13.608,45.2124,1.03836,-223.429,303.226
311.38,10.4536,2.34551,17.8623,13.8867,45.2121,1.05615,-225.014,302.161
311.4,10.4587,2.41637,17.6335,13.8867,44.9209,1.05615,-225.014,300.04
311.42,10.4666,2.37396,17.6331,13.7939,44.3379,1.05615,-225.014,296.325
311.44,10.4745,2.35392,17.2663,13.7009,44.3371,1.05615,-225.014,292.602
311.46,10.4745,2.45689,17.2663,13.7009,43.9293,1.05615,-225.014,289.421
311.48,10.4787,2.37129,17.0832,13.6545,43.9287,1.05615,-225.014,286.234
311.5,10.481,2.33021,16.9454,13.6544,43.5787,1.05615,-225.014,284.105
311.52,10.481,2.33659,16.9454,13.8399,43.5787,1.05615,-225.014,279.864
311.54,10.4852,2.49198,16.7623,13.8402,43.2292,1.05615,-225.014,275.615
311.56,10.4898,2.44989,16.762,13.8402,42.9369,1.04794,-225.014,275.078
311.58,10.4898,2.39445,16.762,13.9793,42.9369,1.04794,-223.473,274.548
311.6,10.4949,2.52061,16.762,13.9795,42.9369,1.03357,-223.47,267.643
311.62,10.5019,2.49714,16.7162,13.9332,42.9369,1.03357,-223.47,260.75
311.64,10.5065,2.29202,16.8077,13.9331,42.8787,1.03357,-223.47,259.679
311.66,10.5065,2.29715,16.8078,13.7009,42.8786,1.03357,-223.47,254.898
311.68,10.5135,2.40223,16.8078,13.7009,43.1698,1.03357,-223.47,250.126
311.7,10.5205,2.57323,16.8078,13.8864,43.345,1.03357,-223.47,247.468
311.72,10.5205,2.51879,16.8537,13.9331,43.3453,1.03357,-223.47,244.809
311.74,10.5237,2.43775,16.8537,13.9331,43.4036,1.03357,-223.47,243.218
311.76,10.5256,2.39643,16.991,14.6287,43.4036,1.03357,-223.47,241.625
311.78,10.5307,2.40549,16.9912,14.6298,43.4036,1.03357,-223.47,244.278
311.8,10.5307,2.46021,16.9912,14.4443,43.4036,1.01568,-224.231,244.278
311.82,10.5339,2.41788,16.9912,14.444,43.462,1.01566,-224.232,244.278
311.84,10.54,2.57537,16.9912,14.5833,43.7537,1.01566,-224.232,246.933
311.86,10.54,2.5936,17.2201,14.7688,43.7537,1.01566,-224.232,249.584
311.88,10.5456,2.34943,17.2205,14.7691,44.162,1.01566,-224.232,244.809
311.9,10.5493,2.3738,17.2205,14.9546,44.162,1.01566,-224.232,240.036
311.92,10.5493,2.40351,17.3578,14.9549,44.2785,1.01566,-224.232,240.559
311.94,10.5562,2.4555,17.358,14.9549,44.2787,1.01566,-224.232,239.498
311.96,10.5595,2.45551,17.4038,14.9549,44.6865,1.01566,-224.232,238.438
311.98,10.5595,2.56019,17.4039,14.9085,44.9201,1.00758,-224.232,241.087
312,10.5646,2.49837,17.4039,15.0013,44.9204,1.00757,-224.767,243.746
312.02,10.5697,2.48632,17.4039,15.0013,45.4447,1.01838,-224.767,247.458
312.04,10.5776,2.52887,17.4496,14.6767,45.4455,1.0184,-224.767,251.175
312.06,10.5776,2.49658,17.4497,14.6762,45.9705,1.0184,-224.767,251.712
312.08,10.5795,2.36925,17.4497,14.5371,46.1453,1.0184,-224.767,253.303
312.1,10.585,2.45051,17.4039,14.5369,46.1455,1.0184,-224.767,254.898
312.12,10.585,2.4575,17.4039,14.8151,46.3785,1.0184,-224.767,257.019
312.14,10.5892,2.39696,17.4954,15.0938,46.3789,1.0184,-224.767,259.143
312.16,10.5901,2.45157,17.4956,15.0942,46.2039,1.0184,-224.767,259.678
312.18,10.5901,2.45157,17.4956,15.1869,46.2039,0.99921,-224.767,260.208
312.2,10.5957,2.57213,17.3582,15.1871,46.1456,0.999181,-224.767,256.497
312.22,10.5994,2.41208,17.358,15.1406,46.1455,1.02314,-221.823,255.429
312.24,10.6008,2.34421,17.4038,15.4652,46.0873,1.02314,-221.823,254.369
312.26,10.6008,2.35902,17.4039,15.4657,45.796,1.02314,-221.823,250.125
312.28,10.6013,2.45967,17.3122,15.6051,45.7955,1.02314,-221.823,245.871
312.3,10.605,2.52711,17.3122,15.6051,45.5043,1.02314,-221.823,248.522
312.32,10.605,2.52721,17.2205,15.7908,45.5038,1.02314,-221.823,251.181
312.34,10.6045,2.53786,17.2205,15.7908,44.9788,1.02314,-221.823,252.243
312.36,10.6059,2.37964,17.2205,15.6054,44.9788,1.02314,-221.823,256.485
312.38,10.6059,2.41411,17.5414,15.3729,44.5704,1.02314,-221.823,260.74
312.4,10.6059,2.3733,17.5414,15.3729,44.3374,1.01236,-221.823,258.619
312.42,10.6073,2.44962,17.4499,15.4656,44.3371,1.01234,-225.688,256.495
312.44,10.6087,2.49203,17.4497,15.4657,44.162,1.02354,-225.694,260.209
312.46,10.6087,2.51194,17.5413,15.5121,44.162,1.02354,-225.694,263.92
312.48,10.611,2.50437,17.633,15.5122,44.1038,1.02354,-225.694,270.289
312.5,10.6129,2.56069,17.6331,15.3729,44.1037,1.02354,-225.694,274.547
312.52,10.6171,2.5492,17.7247,15.883,43.9872,1.02354,-225.694,278.789
312.54,10.6171,2.42221,17.7248,15.8837,43.9288,1.02354,-225.694,279.325
312.56,10.6222,2.57251,17.8623,15.7908,43.9287,1.02354,-225.694,279.857
312.58,10.6259,2.66095,17.8623,15.7908,43.7539,1.02354,-225.694,281.978
312.6,10.6259,2.63949,17.954,15.6515,43.7537,1.02354,-225.694,284.105
312.62,10.6273,2.56909,18.0456,15.6515,43.5789,1.03186,-225.694,281.454
312.64,10.6296,2.55778,18.0457,15.1878,43.5787,1.02633,-222.322,283.571
312.66,10.6296,2.54043,18.0916,15.28,43.287,1.02632,-222.317,285.699
312.68,10.6333,2.53723,18.0916,15.28,42.9957,1.02632,-222.317,292.591
312.7,10.6352,2.42621,18.0916,14.909,42.9953,1.02632,-222.317,299.495
312.72,10.6408,2.61075,18.0916,14.9084,42.7619,1.02632,-222.317,304.816
312.74,10.6408,2.59064,18.1374,15.3258,42.7619,1.02632,-222.317,310.118
312.76,10.6417,2.57036,18.229,15.3264,42.2377,1.02632,-222.317,307.475
312.78,10.6463,2.45583,18.2291,15.4657,42.2369,1.02632,-222.317,311.188
312.8,10.6463,2.44083,18.3207,14.9556,42.0621,1.02632,-222.317,314.9
312.82,10.6459,2.54164,18.3208,14.9549,41.5952,1.04462,-222.317,316.499
312.84,10.6477,2.53657,18.1374,15.0942,41.5952,1.04462,-224.088,318.092
312.86,10.6477,2.54771,18.229,15.0942,41.6534,1.03374,-224.088,313.85
312.88,10.6477,2.4773,18.2291,14.9084,41.6535,1.03372,-224.088,309.595
312.9,10.6528,2.49588,18.2749,14.9084,41.4787,1.03372,-224.088,308.005
312.92,10.6542,2.5106,18.275,15.4649,41.4785,1.03372,-224.088,308.002
312.94,10.6542,2.51063,18.1374,15.3729,41.3618,1.03372,-224.088,308.002
312.96,10.6547,2.59139,18.1374,15.3729,41.1871,1.03372,-224.088,305.351
312.98,10.6575,2.50784,18.0001,15.6511,41.1868,1.03372,-224.088,302.696
313,10.6575,2.53598,17.9082,15.6515,41.0701,1.03372,-224.088,303.223
313.02,10.657,2.4974,17.9082,15.2805,41.0701,1.03372,-224.088,306.934
313.04,10.6561,2.46951,17.6335,15.28,41.1866,1.03441,-224.088,314.363
313.06,10.6561,2.34553,17.6331,15.0013,41.3618,1.01628,-223.697,316.499
313.08,10.6602,2.34746,17.4958,14.9086,41.3618,1.01628,-223.697,318.62
313.1,10.6598,2.33708,17.4956,14.9084,41.4785,1.01628,-223.697,318.623
313.12,10.6603,2.36092,17.2209,14.9084,41.4785,1.01628,-223.697,318.623
313.14,10.6603,2.3864,16.9,14.9084,41.9445,1.01628,-223.697,313.321
313.16,10.6612,2.41869,16.8995,15.0942,41.9452,1.01628,-223.697,310.126
313.18,10.6616,2.42727,16.7164,15.0942,42.3529,1.01628,-223.697,311.187
313.2,10.6616,2.38696,16.7162,15.2797,42.9943,1.01628,-223.697,304.295
313.22,10.663,2.35971,16.3952,15.1871,42.9953,1.01628,-223.697,297.381
313.24,10.6617,2.31777,16.3952,15.1871,43.3448,1.00879,-223.697,298.442
313.26,10.663,2.31771,15.8917,15.4653,43.3453,1.00878,-222.813,299.504
313.28,10.663,2.40983,15.6158,15.4657,43.637,1.03252,-222.811,301.63
313.3,10.664,2.40169,15.6158,15.6049,43.637,1.03252,-222.811,304.811
313.32,10.6649,2.28674,15.4324,15.6051,43.6953,1.03252,-222.811,304.285
313.34,10.6649,2.29305,15.4324,15.28,43.812,1.03252,-222.811,300.568
313.36,10.6635,2.4648,15.2951,15.5118,43.812,1.03252,-222.811,296.856
313.38,10.6654,2.39324,15.2949,15.5122,43.987,1.03252,-222.811,297.381
313.4,10.6654,2.40144,15.2949,15.2339,43.987,1.03252,-222.811,297.912
313.42,10.6663,2.33664,15.066,15.2335,43.754,1.03252,-222.811,297.382
313.44,10.6682,2.31837,15.0656,15.1406,43.7537,1.05717,-222.811,292.071
313.46,10.6658,2.31575,15.1114,15.1406,43.4624,1.05717,-222.811,286.769
313.48,10.6658,2.2954,15.1115,14.8624,42.9377,1.02339,-223.551,285.7
313.5,10.6658,2.3806,15.0656,15.0477,42.9369,1.02333,-223.553,284.636
313.52,10.6672,2.36566,15.0656,15.0477,42.4709,1.02333,-223.553,280.395
313.54,10.6672,2.35445,15.2945,14.7231,42.4702,1.02333,-223.553,276.146
313.56,10.6682,2.40854,15.4324,14.7226,42.1202,1.02333,-223.553,278.795
313.58,10.6677,2.28724,15.4324,14.398,42.1202,1.02333,-223.553,279.325
313.6,10.6654,2.32527,15.57,14.3975,41.6535,1.02333,-223.553,280.388
313.62,10.6654,2.33916,15.57,14.3048,41.071,1.02333,-223.553,282.509
313.64,10.6681,2.43882,15.7073,14.1655,41.0701,1.02333,-223.553,284.633
313.66,10.6668,2.48557,15.7075,14.1653,40.6617,1.05169,-223.553,283.043
313.68,10.6668,2.48057,15.7533,13.9798,40.6617,1.05169,-221.517,281.453
313.7,10.6654,2.38644,15.8449,13.9795,40.254,1.0071,-221.514,281.98
313.72,10.6663,2.42987,15.845,13.608,40.2534,1.00703,-221.514,281.45
313.74,10.6663,2.41497,16.2113,13.608,40.0204,1.00703,-221.514,283.041
313.76,10.6658,2.4268,16.2118,13.5616,40.02,1.00703,-221.514,277.741
313.78,10.6677,2.5224,16.4411,13.2364,40.02,1.00703,-221.514,272.423
313.8,10.6686,2.4739,16.4411,13.2364,40.3695,1.00703,-221.514,270.832
313.82,10.6686,2.49679,16.5786,13.7473,40.3701,1.00703,-221.514,269.236
313.84,10.6672,2.49904,16.7162,13.7473,40.9534,1.00703,-221.514,266.05
313.86,10.6668,2.58589,16.7162,13.4691,40.9534,0.988337,-221.514,268.171
313.88,10.6668,2.57216,16.7162,13.4687,41.7702,0.988308,-221.514,270.298
313.9,10.6672,2.54431,16.7162,13.6078,42.6439,1.04777,-225.811,264.996
313.92,10.6681,2.58451,16.8077,13.1443,42.6452,1.04786,-225.818,259.686
313.94,10.6677,2.54469,16.8078,13.1436,43.9287,1.04786,-225.818,263.926
313.96,10.6677,2.48585,16.6705,12.8653,43.9287,1.04786,-225.818,268.168
313.98,10.6663,2.42191,16.7161,12.8649,44.6277,1.04786,-225.818,270.295
314,10.6677,2.49466,16.7162,12.9578,44.6287,1.04786,-225.818,268.705
314.02,10.6677,2.50048,16.5788,12.9578,44.9782,1.04786,-225.818,266.584
314.04,10.6677,2.36338,16.5786,13.4215,44.2798,1.04786,-225.818,263.93
314.06,10.6691,2.34137,16.5786,13.0971,44.2787,1.04786,-225.818,261.271
314.08,10.6691,2.3565,16.5786,13.0971,43.871,1.01995,-225.818,256.499
314.1,10.6668,2.4687,16.4411,13.19,43.8703,1.01991,-223.553,251.712
314.12,10.6663,2.38753,16.4411,13.19,43.6373,1.05071,-223.553,252.773
314.14,10.6672,2.37317,16.4411,13.0045,43.637,1.05076,-223.553,254.365
314.16,10.6672,2.35155,16.2577,13.1436,43.4036,1.05076,-223.553,253.836
314.18,10.6677,2.43671,16.2577,13.1436,43.1124,1.05076,-223.553,259.138
314.2,10.6681,2.32826,16.1203,13.4218,43.1119,1.05076,-223.553,264.449
314.22,10.6682,2.3763,16.1201,13.4222,42.9369,1.05076,-223.553,268.705
314.24,10.6695,2.42947,16.0744,13.0049,42.9369,1.05076,-223.553,272.947
314.26,10.6663,2.39227,16.0285,13.0042,42.8204,1.05076,-223.553,272.423
314.28,10.6663,2.38309,16.0284,13.2829,42.8203,1.05144,-223.553,268.705
314.3,10.6677,2.48939,15.9827,13.1438,42.8785,1.05144,-223.553,264.994
314.32,10.6682,2.32666,15.9826,13.1436,42.7036,1.01699,-225.097,264.457
314.34,10.6663,2.36005,15.9367,13.2364,42.7036,1.01699,-225.097,263.926
314.36,10.6663,2.34497,15.9367,13.2364,42.6453,1.01699,-225.097,263.926
314.38,10.6686,2.48924,15.9367,13.3293,42.6452,1.01699,-225.097,263.926
314.4,10.6672,2.28223,15.8452,13.3293,42.8782,1.01699,-225.097,263.926
314.42,10.6672,2.29513,15.845,13.1438,42.8786,1.01699,-225.097,264.456
314.44,10.6668,2.37785,16.0284,13.0507,43.0536,1.01699,-225.097,264.988
314.46,10.6677,2.40662,16.0284,13.0507,43.3449,1.01699,-225.097,266.579
314.48,10.6663,2.46149,15.9827,13.2362,43.3453,1.01699,-225.097,268.172
314.5,10.6663,2.31089,15.9826,13.2364,43.6953,1.02566,-225.097,271.361
314.52,10.6672,2.42081,15.9826,13.2364,43.6953,1.02566,-224.645,274.542
314.54,10.6677,2.41683,15.8453,13.2364,43.9866,1.02924,-224.644,276.668
314.56,10.6677,2.38789,15.845,13.19,43.987,1.02924,-224.644,275.609
314.58,10.6681,2.49818,15.7993,13.0973,44.22,1.02924,-224.644,274.548
314.6,10.6658,2.33461,15.7992,13.0971,44.3371,1.02924,-224.644,272.423
314.62,10.6649,2.28399,15.7992,13.1435,44.3371,1.02924,-224.644,270.302
314.64,10.6649,2.40255,15.7992,13.1436,44.3371,1.02924,-224.644,272.419
314.66,10.664,2.39448,15.9367,12.9113,44.3371,1.02924,-224.644,274.547
314.68,10.6644,2.35906,15.891,12.9113,44.3953,1.02924,-224.644,282.5
314.7,10.6644,2.38196,15.8909,13.2823,44.3954,1.03073,-224.644,288.875
314.72,10.6621,2.48732,15.9367,13.2829,44.3371,1.03073,-224.644,295.257
314.74,10.6603,2.43348,15.9367,13.1438,44.2206,1.04327,-223.965,292.076
314.76,10.6603,2.42468,16.0283,13.0508,44.2204,1.04328,-223.964,288.89
314.78,10.6598,2.4748,16.2118,13.0507,43.6953,1.04328,-223.964,284.636
314.8,10.6589,2.39382,16.2118,13.0507,43.6953,1.04328,-223.964,280.395
314.82,10.6556,2.41343,16.3494,13.0507,43.2286,1.04328,-223.964,277.202
314.84,10.6556,2.39066,16.3494,13.0507,43.2286,1.04328,-223.964,276.14
314.86,10.6533,2.4002,16.2578,13.0507,42.7626,1.04328,-223.964,275.079
314.88,10.65,2.45141,16.2577,13.2364,42.2952,1.04328,-223.964,275.609
314.9,10.65,2.46812,16.4408,12.68,42.2952,1.04328,-223.964,276.139
314.92,10.6482,2.47716,16.3037,12.6791,41.8292,1.05002,-223.964,277.73
314.94,10.6445,2.47716,16.3035,12.772,41.8285,1.05003,-225.056,279.326
314.96,10.6445,2.4673,16.3493,12.772,41.7703,1.03758,-225.056,275.614
314.98,10.6431,2.48873,16.3494,12.5865,41.8284,1.03756,-225.056,278.26
315,10.6394,2.37367,16.4411,12.5398,41.8285,1.03756,-225.056,280.919
315.02,10.6343,2.33935,16.4411,12.5398,42.1198,1.03756,-225.056,277.208
315.04,10.6343,2.30578,16.1206,12.3543,42.1202,1.03756,-225.056,273.49
315.06,10.6305,2.40426,16.0743,12.354,42.0619,1.03756,-225.056,267.643
315.08,10.6305,2.3756,16.0743,12.725,42.0619,1.03756,-225.056,261.811
315.1,10.6305,2.38453,16.0743,12.7256,41.9452,1.03756,-225.056,254.898
315.12,10.6305,2.44114,16.0743,13.0038,41.7122,1.03526,-225.056,252.247
315.14,10.6287,2.41608,15.9369,13.0042,41.7118,1.03525,-225.056,249.592
315.16,10.6296,2.39893,15.9367,13.0042,41.6535,1.04776,-223.305,257.022
315.18,10.6296,2.55667,15.6621,13.2825,41.6535,1.04776,-223.305,264.446
315.2,10.6291,2.41095,15.5701,13.2829,41.8865,1.04776,-223.305,261.806
315.22,10.6287,2.3698,15.57,12.9113,41.8868,1.04776,-223.305,259.147
315.24,10.6287,2.44209,15.4326,12.9113,41.8868,1.04776,-223.305,258.616
315.26,10.6264,2.44658,15.4324,13.1432,42.1198,1.04776,-223.305,263.918
315.28,10.6231,2.34105,15.2032,13.0971,42.1202,1.04776,-223.305,269.236
315.3,10.6231,2.28265,15.2032,13.0971,42.3532,1.04776,-223.305,266.055
315.32,10.6222,2.27377,15.3407,12.9578,42.3536,1.04776,-223.305,262.864
315.34,10.6231,2.34727,15.3407,12.9578,42.4702,1.06263,-223.305,258.616
315.36,10.6189,2.41488,15.3865,12.865,42.4702,1.06087,-225.69,254.374
315.38,10.6189,2.35946,15.249,12.8649,42.2369,1.06087,-225.694,252.774
315.4,10.6148,2.41549,15.249,13.0968,41.7709,1.06087,-225.694,251.183
315.42,10.6032,2.32014,15.3406,12.9116,41.7702,1.06087,-225.694,249.59
315.44,10.6031,2.33687,15.3407,12.9113,41.1868,1.06087,-225.694,256.491
315.46,10.592,2.3545,15.3865,12.8186,41.1868,1.06087,-225.694,263.384
315.48,10.5883,2.44357,15.3866,12.8185,40.7208,1.06087,-225.694,263.925
315.5,10.5892,2.44519,15.2949,13.1436,40.7201,1.06087,-225.694,264.457
315.52,10.5892,2.41376,15.2033,13.1436,40.3123,1.06087,-225.694,268.699
315.54,10.5892,2.34493,15.2032,13.3754,40.3117,1.06745,-225.694,269.766
315.56,10.5878,2.42854,15.1573,13.3758,40.1367,1.06746,-225.694,270.829
315.58,10.5878,2.39997,15.1573,13.3758,40.195,1.05698,-223.453,268.178
315.6,10.5846,2.43006,14.9739,13.3293,40.195,1.05696,-223.45,265.519
315.62,10.585,2.36927,14.8366,13.3293,40.2533,1.05696,-223.45,268.7
315.64,10.585,2.37521,14.8364,13.283,40.2534,1.05696,-223.45,271.887
315.66,10.5846,2.31066,14.7905,13.2829,40.2534,1.05696,-223.45,267.643
315.68,10.5846,2.34746,14.7905,13.1901,40.2534,1.05696,-223.45,264.462
315.7,10.5813,2.39855,14.699,13.19,40.0786,1.05696,-223.45,261.276
315.72,10.5813,2.42804,14.6988,13.19,39.845,1.05696,-223.45,262.864
315.74,10.573,2.46814,14.5615,13.4219,39.845,1.05696,-223.45,264.455
315.76,10.5688,2.39309,14.5155,13.4222,39.9033,1.0495,-223.45,269.759
315.78,10.5688,2.35799,14.5155,13.19,39.9033,1.04948,-224.706,275.078
315.8,10.5618,2.28718,14.5155,13.19,39.6703,1.0618,-224.706,277.199
315.82,10.5539,2.33322,14.5155,13.0042,39.6117,1.06182,-224.706,274.016
315.84,10.5497,2.33914,14.3321,13.1436,39.6117,1.06182,-224.706,270.829
315.86,10.5497,2.35119,14.3321,13.1436,39.3787,1.06182,-224.706,270.829
315.88,10.5465,2.28548,14.4238,13.0971,39.3783,1.06182,-224.706,270.829
315.9,10.5414,2.43518,14.3322,13.0971,39.4366,1.06182,-224.706,271.36
315.92,10.5414,2.39778,14.3321,13.0507,39.4366,1.06182,-224.706,271.891
315.94,10.54,2.40012,14.2862,13.0507,39.32,1.06182,-224.706,267.112
315.96,10.54,2.34369,14.2862,12.9116,39.2035,1.04553,-224.706,263.931
315.98,10.54,2.33342,14.2862,13.0505,39.2033,1.04551,-224.706,260.745
316,10.5386,2.36195,14.2862,13.0507,39.2033,1.06525,-223.758,261.271
316.02,10.5335,2.39593,14.2862,13.1434,39.2033,1.06525,-223.758,261.801
316.04,10.5298,2.40249,14.332,13.1436,39.3198,1.06525,-223.758,255.439
316.06,10.5298,2.40007,14.3321,13.0042,39.32,1.06525,-223.758,254.367
316.08,10.5261,2.46927,14.3778,13.0042,39.3782,1.06525,-223.758,259.139
316.1,10.5219,2.35177,14.3779,13.0507,39.4366,1.06525,-223.758,257.022
316.12,10.5219,2.34564,14.5152,13.2362,39.4366,1.06525,-223.758,254.902
316.14,10.5191,2.50841,14.5155,13.2364,39.3201,1.06525,-223.758,250.656
316.16,10.5154,2.37362,14.6988,13.19,39.32,1.06525,-223.758,246.402
316.18,10.5154,2.37456,14.7904,13.19,39.2035,1.04926,-223.758,246.932
316.2,10.5144,2.40722,14.7905,13.0973,39.2033,1.0821,-223.224,243.221
316.22,10.5093,2.35167,14.8822,13.0971,39.0866,1.08215,-223.223,241.091
316.24,10.5089,2.3591,14.8822,13.329,39.0866,1.08215,-223.223,240.561
316.26,10.5089,2.34451,14.928,12.8656,39.0866,1.08215,-223.223,240.03
316.28,10.5052,2.51003,14.9281,12.8649,39.32,1.08215,-223.223,233.126
316.3,10.5024,2.42638,15.0196,13.004,39.32,1.08215,-223.223,226.233
316.32,10.5024,2.44993,15.0656,13.0042,39.67,1.08215,-223.223,228.877
316.34,10.4996,2.49945,15.0656,12.7256,39.67,1.08215,-223.223,226.753
316.36,10.4991,2.45803,15.1114,12.7256,40.0195,1.08215,-223.223,227.284
316.38,10.4991,2.45845,15.1115,12.7256,40.3117,1.08871,-223.223,226.222
316.4,10.4963,2.4902,15.1115,12.5864,40.3117,1.08871,-225.238,225.162
316.42,10.4959,2.35137,15.1115,12.5862,40.2535,1.06148,-225.241,223.569
316.44,10.4903,2.49262,14.9281,12.6791,40.2534,1.06144,-225.241,221.974
316.46,10.4903,2.45972,14.8823,12.6791,40.3699,1.06144,-225.241,225.155
316.48,10.4833,2.42388,14.8822,12.6791,40.3701,1.06144,-225.241,223.039
316.5,10.4782,2.44457,14.9281,12.6791,40.6034,1.06144,-225.241,223.036
316.52,10.4782,2.4001,14.9281,12.4936,40.9529,1.06144,-225.241,228.338
316.54,10.4764,2.33215,14.7907,12.7252,40.9534,1.06144,-225.241,233.649
316.56,10.4703,2.45147,14.7905,12.7256,41.0118,1.06144,-225.241,237.374
316.58,10.4689,2.44603,14.7905,12.7256,41.0118,1.06144,-225.241,241.086
316.6,10.4689,2.4439,14.8364,12.7256,41.4785,1.08267,-225.241,235.781
316.62,10.4657,2.41444,14.8364,12.6328,41.4785,1.04726,-223.391,244.265
316.64,10.4675,2.49455,14.7448,12.6327,41.6532,1.0472,-223.388,252.761
316.66,10.4675,2.46703,14.7447,13.0042,41.8285,1.0472,-223.388,254.898
316.68,10.4675,2.39703,14.882,12.6332,41.8285,1.0472,-223.388,257.019
316.7,10.468,2.4852,14.8822,12.6327,41.7703,1.0472,-223.388,263.385
316.72,10.4648,2.44635,14.9739,12.5862,41.7702,1.0472,-223.388,269.767
316.74,10.4648,2.41274,15.1113,12.5862,41.6537,1.0472,-223.388,263.405
316.76,10.4652,2.37633,15.1115,12.4471,41.6535,1.0472,-223.388,265.516
316.78,10.462,2.46702,15.1573,12.4469,41.7118,1.0472,-223.388,267.643
316.8,10.462,2.45019,15.1573,12.3542,42.0031,1.04962,-223.388,269.234
316.82,10.4587,2.43232,15.3866,12.354,42.0035,1.04962,-223.388,270.829
316.84,10.4601,2.53045,15.3866,12.354,42.0619,1.05491,-225.426,274.547
316.86,10.4601,2.51793,15.5697,12.3076,42.0619,1.05491,-225.426,278.258
316.88,10.4559,2.35752,15.4783,12.3076,41.8868,1.05491,-225.426,280.388
316.9,10.4587,2.39663,15.4783,12.4931,41.8868,1.05491,-225.426,279.858
316.92,10.4564,2.36638,15.6156,12.4933,41.7703,1.05491,-225.426,277.206
316.94,10.4564,2.3794,15.6158,12.354,41.6535,1.05491,-225.426,271.361
316.96,10.4513,2.40033,15.6616,12.4004,41.6535,1.05491,-225.426,265.528
316.98,10.4527,2.45006,15.6616,12.4005,41.304,1.05491,-225.426,266.049
317,10.4527,2.46893,15.6616,12.3076,41.3035,1.05491,-225.426,266.581
317.02,10.4471,2.32344,15.6616,12.3076,41.3035,1.04317,-225.426,267.642
317.04,10.429,2.46235,15.6616,12.4931,41.3035,1.05743,-223.124,255.448
317.06,10.4216,2.47049,15.57,12.4933,41.3618,1.05745,-223.12,243.215
317.08,10.4216,2.43053,15.57,12.3542,41.7113,1.05745,-223.12,241.625
317.1,10.4211,2.43147,15.3866,12.4469,41.7118,1.05745,-223.12,240.029
317.12,10.4202,2.36629,15.3866,12.4469,41.8866,1.05745,-223.12,238.969
317.14,10.4202,2.35956,15.3866,12.3542,41.8868,1.05745,-223.12,237.907
317.16,10.4002,2.49839,15.249,12.354,42.0619,1.05745,-223.12,237.905
317.18,10.3882,2.3879,15.249,12.4468,42.0619,1.05745,-223.12,241.086
317.2,10.3881,2.37607,15.2032,12.586,42.2366,1.05745,-223.12,244.273
317.22,10.3779,2.32432,15.2032,12.5862,42.5286,1.06278,-223.12,245.871
317.24,10.371,2.33165,15.2032,12.3544,42.5286,1.06278,-224.683,247.461
317.26,10.3635,2.25832,15.2032,12.354,42.4121,1.06456,-224.685,246.403
317.28,10.3635,2.25683,15.249,12.0754,42.4119,1.06456,-224.685,245.34
317.3,10.358,2.35532,15.1575,12.0754,42.4119,1.06456,-224.685,247.991
317.32,10.3487,2.35172,15.1573,12.354,42.4119,1.06456,-224.685,251.181
317.34,10.3487,2.33296,15.1573,12.2611,42.0619,1.06456,-224.685,254.367
317.36,10.3454,2.50143,15.1573,12.2611,41.8871,1.06456,-224.685,254.367
317.38,10.3398,2.39464,15.2032,12.2611,41.8868,1.06456,-224.685,254.367
317.4,10.3398,2.39842,15.2032,12.2611,41.5373,1.06456,-224.685,255.958
317.42,10.3357,2.28415,15.2947,12.3075,41.5368,1.06456,-224.685,257.551
317.44,10.3324,2.29219,15.3407,12.3076,41.4201,1.08222,-224.685,259.678
317.46,10.3264,2.36685,15.3407,12.7249,41.4201,1.05606,-224.418,266.571
317.48,10.3264,2.40117,15.3407,12.5401,41.2454,1.05602,-224.417,273.474
317.5,10.325,2.43115,15.3407,12.5398,40.9534,1.05602,-224.417,275.078
317.52,10.3208,2.37755,15.4323,12.1688,40.9534,1.05602,-224.417,276.668
317.54,10.3208,2.37179,15.4324,12.1682,40.7787,1.05602,-224.417,274.02
317.56,10.3152,2.38238,15.4783,12.354,40.7784,1.05602,-224.417,271.36
317.58,10.3124,2.37491,15.4325,12.354,40.7202,1.05602,-224.417,273.481
317.6,10.3124,2.35453,15.4324,12.2611,40.7201,1.05602,-224.417,269.236
317.62,10.3124,2.36919,15.4324,12.2611,41.0696,1.05602,-224.417,264.994
317.64,10.3069,2.35789,15.4324,12.5394,41.4779,1.0647,-224.417,263.928
317.66,10.3059,2.40186,15.4783,12.5862,41.4785,1.06471,-222.914,262.864
317.68,10.3059,2.38093,15.4783,12.5862,41.4202,1.05781,-222.914,261.273
317.7,10.3036,2.35759,15.3409,12.5862,41.4201,1.0578,-222.914,259.68
317.72,10.3008,2.39256,15.2949,12.5862,41.1868,1.0578,-222.914,253.836
317.74,10.3008,2.37632,15.2949,12.679,41.1868,1.0578,-222.914,254.366
317.76,10.3004,2.521,15.2491,12.6327,40.9538,1.0578,-222.914,254.897
317.78,10.2957,2.54472,15.249,12.6327,41.1284,1.0578,-222.914,258.616
317.8,10.2943,2.34637,15.0659,12.5863,41.1284,1.0578,-222.914,262.327
317.82,10.2943,2.36954,15.0656,12.5862,41.3035,1.0578,-222.914,260.209
317.84,10.2902,2.29928,15.0656,12.7256,41.3035,1.0578,-222.914,258.085
317.86,10.2864,2.41477,15.0656,12.7256,41.5365,1.04062,-222.914,253.843
317.88,10.2864,2.44016,15.0656,12.5862,41.5368,1.06873,-224.459,252.243
317.9,10.2855,2.42325,14.8825,12.5399,41.5951,1.06873,-224.459,250.652
317.92,10.2837,2.24546,14.8822,12.5398,41.4204,1.06873,-224.459,246.408
317.94,10.2813,2.26434,14.9281,12.4469,41.4201,1.06873,-224.459,242.153
317.96,10.2813,2.46452,14.8823,12.4469,41.1289,1.06873,-224.459,238.972
317.98,10.2767,2.29262,14.8822,12.8179,41.1284,1.06873,-224.459,235.786
318,10.2767,2.44756,14.7447,12.8185,40.9534,1.06873,-224.459,236.843
318.02,10.2767,2.435,14.7447,12.7721,40.5457,1.06873,-224.459,235.783
318.04,10.2739,2.422,14.6989,12.9111,40.5451,1.06873,-224.459,234.72
318.06,10.2683,2.39295,14.6988,12.9113,40.3701,1.05615,-224.459,233.126
318.08,10.2683,2.38001,14.882,13.1432,40.3701,1.05615,-222.567,231.535
318.1,10.2683,2.27134,14.7447,13.1436,40.02,1.07223,-222.564,229.408
318.12,10.2655,2.33914,14.7447,13.4218,40.02,1.07223,-222.564,227.288
318.14,10.2628,2.4249,14.6074,13.4222,39.8453,1.07223,-222.564,227.814
318.16,10.2628,2.41681,14.6071,13.7473,39.6117,1.07223,-222.564,224.629
318.18,10.2609,2.38411,14.6529,13.9328,39.6117,1.07223,-222.564,221.448
318.2,10.2595,2.4624,14.653,13.9331,39.4952,1.07223,-222.564,221.443
318.22,10.2595,2.44247,14.5613,14.1653,39.495,1.07223,-222.564,221.443
318.24,10.2553,2.31616,14.5613,14.1653,39.1455,1.07223,-222.564,220.913
318.26,10.2535,2.39428,14.5613,14.3044,39.145,1.1054,-222.564,220.382
318.28,10.2507,2.42096,14.5155,14.3047,39.2033,1.10546,-222.564,223.567
318.3,10.2507,2.37003,14.5155,14.5365,39.0868,1.06406,-224.661,223.567
318.32,10.2488,2.43257,14.6071,14.6298,39.0866,1.064,-224.664,223.567
318.34,10.2484,2.35909,14.6071,14.6298,39.2616,1.064,-224.664,224.629
318.36,10.2484,2.34238,14.424,14.537,39.2616,1.064,-224.664,225.69
318.38,10.246,2.40364,14.5613,14.5369,39.0866,1.064,-224.664,229.939
318.4,10.2446,2.44965,14.5613,14.3514,39.0866,1.064,-224.664,236.302
318.42,10.2446,2.44583,14.3782,14.3511,38.9701,1.064,-224.664,238.963
318.44,10.2423,2.31817,14.3779,13.8402,38.9699,1.064,-224.664,237.905
318.46,10.2419,2.4634,14.4237,13.6547,39.1447,1.064,-224.664,236.845
318.48,10.2395,2.4178,14.4238,13.6544,39.0867,1.10113,-224.664,238.434
318.5,10.2395,2.4053,14.3779,12.8185,39.0866,1.10119,-222.688,240.029
318.52,10.2395,2.35686,14.3779,12.8185,38.9119,1.0584,-222.688,243.741
318.54,10.2381,2.3493,14.3779,11.7055,38.9116,1.05833,-222.688,246.398
318.56,10.2381,2.32498,14.4696,11.7038,38.7949,1.05833,-222.688,249.057
318.58,10.2386,2.4981,14.4696,10.4981,38.7367,1.05833,-222.688,248.527
318.6,10.2349,2.34286,14.5613,9.75317,38.7366,1.05833,-222.688,247.995
318.62,10.234,2.34103,14.5613,9.75317,38.7948,1.05833,-222.688,242.162
318.64,10.234,2.38401,14.5613,9.38219,38.7949,1.05833,-222.688,236.321
318.66,10.2344,2.34905,14.6988,9.38162,38.6782,1.05833,-222.688,241.091
318.68,10.2312,2.27427,14.6988,9.28887,38.6782,1.06463,-222.688,245.863
318.7,10.2312,2.30053,14.9277,9.28873,38.62,1.06464,-222.688,243.75
318.72,10.2326,2.26993,14.9281,9.10296,38.4449,1.07115,-223.594,245.34
318.74,10.2321,2.40651,14.9739,9.14933,38.4449,1.07115,-223.594,246.93
318.76,10.2321,2.39081,14.9739,9.1494,38.2119,1.07115,-223.594,249.584
318.78,10.2289,2.38021,15.3407,9.1494,38.2115,1.07115,-223.594,252.243
318.8,10.2247,2.44518,15.6154,9.1494,38.1533,1.07115,-223.594,249.592
318.82,10.2265,2.32504,15.6158,9.24229,38.1532,1.07115,-223.594,249.588
318.84,10.2265,2.30419,15.845,9.24229,38.2699,1.07115,-223.594,249.588
318.86,10.2242,2.35052,15.845,8.96405,38.2116,1.07115,-223.594,251.709
318.88,10.2233,2.49937,16.0743,9.01007,38.2115,1.07115,-223.594,253.836
318.9,10.2233,2.46092,16.0743,9.01007,38.3863,1.03979,-223.594,257.548
318.92,10.2233,2.40102,16.4405,9.19556,38.3866,1.03974,-223.203,261.265
318.94,10.2224,2.405,16.5786,9.19585,38.5032,1.0718,-223.202,260.209
318.96,10.2224,2.36714,16.5786,9.19585,38.5032,1.0718,-223.202,257.027
318.98,10.2224,2.40056,16.7159,9.19585,38.6197,1.0718,-223.202,253.841
319,10.2205,2.3835,16.7162,9.10296,38.9699,1.0718,-223.202,255.96
319.02,10.2228,2.45247,16.8535,9.14933,38.9699,1.0718,-223.202,258.081
319.04,10.2228,2.45209,16.8537,9.1494,39.4942,1.0718,-223.202,255.964
319.06,10.2219,2.44611,16.5786,9.05652,39.495,1.0718,-223.202,253.836
319.08,10.221,2.37045,16.4413,9.05652,39.728,1.0718,-223.202,251.185
319.1,10.221,2.35221,16.4411,9.1494,39.7283,1.03876,-223.202,248.526
319.12,10.221,2.61968,15.57,9.1494,40.4867,1.03876,-223.202,246.933
319.14,10.2177,2.42491,15.57,9.33489,41.1275,1.09145,-222.627,238.449
319.16,10.2177,2.39147,14.0111,9.1494,41.1284,1.09153,-222.626,229.939
319.18,10.2182,2.61808,14.0111,9.1494,42.2934,1.09153,-222.626,225.698
319.2,10.2172,2.5365,12.1342,9.1494,42.2952,1.09153,-222.626,221.449
319.22,10.2196,2.62425,10.6642,9.1494,43.9287,1.09153,-222.626,218.788
319.24,10.2196,2.67462,10.6642,9.24215,43.9287,1.09153,-222.626,211.365
319.26,10.2177,2.47967,9.70289,9.24229,46.4916,1.09153,-222.626,206.581
319.28,10.2186,2.59098,9.70142,9.38162,50.2292,1.09153,-222.626,208.698
319.3,10.2186,2.56545,9.24364,9.33525,50.2292,1.09153,-222.626,210.819
319.32,10.2182,2.4584,9.24294,9.33518,54.4296,1.08994,-222.626,206.043
319.34,10.2186,2.58353,9.24294,9.28873,54.4296,1.08994,-224.438,201.263
319.36,10.2186,2.62189,9.24294,9.28873,57.4003,1.10764,-224.438,203.384
319.38,10.2186,2.49503,9.24294,9.38162,57.4048,1.10767,-224.438,208.698
319.4,10.2182,2.53551,9.65494,9.38162,54.6671,1.10767,-224.438,207.107
319.42,10.2186,2.40858,9.65557,9.28888,47.5565,1.10767,-224.438,206.575
319.44,10.2186,2.43157,10.1599,9.47451,47.5457,1.10767,-224.438,206.043
319.46,10.22,2.34059,10.1599,9.47451,42.3032,1.10767,-224.438,213.466
319.48,10.2191,2.30725,11.0297,9.42813,42.2952,1.10767,-224.438,220.9
319.5,10.2191,2.39258,12.2231,9.42806,39.845,1.10767,-224.438,225.691
319.52,10.2196,2.24507,12.2231,9.42806,39.845,1.15193,-224.438,222.51
319.54,10.2219,2.38489,13.7795,9.28895,38.7383,1.15199,-224.438,223.565
319.56,10.2237,2.45175,13.7819,9.28873,38.1532,1.08429,-222.523,232.595
319.58,10.2237,2.43626,15.1094,9.24236,38.1532,1.08429,-222.523,241.609
319.6,10.2233,2.3198,15.1115,9.24229,37.6282,1.08429,-222.523,244.809
319.62,10.2237,2.29145,15.845,9.28873,37.6282,1.08429,-222.523,247.995
319.64,10.2237,2.30443,16.1655,9.28873,37.4534,1.08429,-222.523,250.646
319.66,10.2242,2.43262,16.166,9.24229,37.4531,1.08429,-222.523,255.96
319.68,10.2261,2.40771,15.8455,9.19592,37.1619,1.08429,-222.523,258.611
319.7,10.2261,2.42431,15.845,9.19585,37.2197,1.08429,-222.523,257.025
319.72,10.227,2.40319,15.57,9.33518,37.2198,1.08429,-222.523,255.429
319.74,10.2279,2.44652,15.57,9.33518,37.1033,1.14502,-222.523,255.96
319.76,10.2302,2.47622,15.2953,9.33518,37.1031,1.14512,-224.723,256.491
319.78,10.2302,2.4299,14.9739,9.33518,36.9281,1.10112,-224.726,252.243
319.8,10.2289,2.36436,14.9739,9.56704,36.9281,1.10112,-224.726,246.411
319.82,10.2321,2.4269,14.7447,9.5674,36.6364,1.10112,-224.726,247.464
319.84,10.2321,2.38572,14.7447,9.5674,36.5781,1.10112,-224.726,245.871
319.86,10.233,2.39165,14.5616,9.42828,36.5781,1.10112,-224.726,244.28
319.88,10.2326,2.42892,14.5613,9.42806,36.4614,1.10112,-224.726,247.464
319.9,10.2335,2.41726,14.3324,9.42806,36.4614,1.10112,-224.726,250.645
319.92,10.2335,2.41862,14.1489,9.42806,36.4614,1.10112,-224.726,242.166
319.94,10.2386,2.46922,14.1487,9.47451,36.4614,1.13688,-224.726,244.278
319.96,10.2354,2.40148,14.1029,9.79912,36.3449,1.13688,-224.726,246.398
319.98,10.2354,2.42577,14.1028,9.79961,36.3447,1.09385,-222.691,245.871
320,10.2377,2.45763,13.9194,10.2641,36.3447,1.09378,-222.688,245.34
320.02,10.2381,2.29025,13.9194,10.2641,36.1117,1.09378,-222.688,245.87
320.04,10.2381,2.2614,13.7363,10.5423,36.1114,1.09378,-222.688,246.401
320.06,10.2381,2.39613,13.7819,10.5427,35.878,1.09378,-222.688,250.65
320.08,10.24,2.45609,13.7819,10.821,35.878,1.09378,-222.688,254.362
320.1,10.2409,2.44143,13.6443,11.7038,35.9947,1.09378,-222.688,258.085
320.12,10.2409,2.48019,13.6443,11.7038,35.7613,1.09378,-222.688,259.678
320.14,10.2414,2.31224,13.507,12.3067,35.7613,1.09378,-222.688,261.268
320.16,10.2409,2.4776,13.4609,12.3076,35.703,1.10917,-222.688,259.678
320.18,10.2409,2.48161,13.4609,13.1887,35.703,1.10917,-223.921,258.087
320.2,10.2405,2.49514,13.4609,13.19,35.47,1.0778,-223.923,261.266
320.22,10.2386,2.39969,13.4609,13.5151,35.4696,1.07775,-223.923,263.395
320.24,10.2414,2.38028,13.4152,13.5151,35.4114,1.07775,-223.923,265.516
320.26,10.2414,2.41847,13.4151,14.0252,35.3531,1.07775,-223.923,267.64
320.28,10.2409,2.3897,13.3693,14.2118,35.353,1.07775,-223.923,269.767
320.3,10.2405,2.43528,13.415,14.2118,35.2365,1.07775,-223.923,265.526
320.32,10.2405,2.42406,13.4151,14.1653,35.2363,1.07775,-223.923,261.271
320.34,10.24,2.33483,13.5068,14.1653,35.178,1.07775,-223.923,263.926
320.36,10.24,2.39854,13.5068,13.8871,35.1197,1.1047,-223.923,264.456
320.38,10.24,2.37225,13.6443,13.8867,35.1196,1.10474,-223.923,264.988
320.4,10.2405,2.37942,13.6443,13.9794,35.0031,1.08702,-223.101,260.746
320.42,10.24,2.41233,13.7359,13.8868,35.0029,1.08699,-223.1,256.498
320.44,10.2414,2.47749,13.736,13.8867,35.0613,1.08699,-223.1,252.774
320.46,10.2414,2.48454,13.8276,13.7939,35.0613,1.08699,-223.1,249.063
320.48,10.2414,2.47102,13.8735,13.7938,35.1195,1.08699,-223.1,245.345
320.5,10.2405,2.43727,13.8736,13.7009,35.2946,1.08699,-223.1,237.905
320.52,10.2405,2.40461,13.9194,13.7009,35.2946,1.08699,-223.1,230.482
320.54,10.2428,2.47495,13.9194,13.5154,35.7606,1.08699,-223.1,228.88
320.56,10.2405,2.50301,14.0111,13.2829,35.7613,1.08699,-223.1,227.284
320.58,10.2405,2.4879,14.1485,13.2829,36.1108,1.13363,-223.1,225.694
320.6,10.24,2.49111,14.1487,13.1436,36.1114,1.09191,-221.741,224.098
320.62,10.2386,2.32661,14.1945,13.1436,36.9864,1.09191,-221.741,224.098
320.64,10.2414,2.45575,14.1945,13.2363,36.9864,1.09191,-221.741,228.87
320.66,10.2414,2.48899,14.2862,13.3758,37.3365,1.09191,-221.741,233.657
320.68,10.2414,2.36612,14.2862,13.3758,37.6277,1.09191,-221.741,229.415
320.7,10.2395,2.50898,14.1489,13.1903,37.6282,1.09191,-221.741,225.167
320.72,10.2395,2.51482,14.3321,13.19,37.6282,1.09191,-221.741,224.098
320.74,10.2414,2.44629,14.3321,13.0045,37.6282,1.09191,-221.741,223.038
320.76,10.2414,2.43706,14.1947,13.0042,37.3952,1.09191,-221.741,220.915
320.78,10.2414,2.38914,14.1945,12.9113,37.1031,1.16055,-221.741,217.726
320.8,10.2423,2.44263,14.1487,13.0505,37.1031,1.16055,-221.741,214.544
320.82,10.2428,2.42071,14.1487,13.0507,37.2198,1.1021,-223.964,214.008
320.84,10.2414,2.37959,14.1028,13.1436,37.2198,1.1021,-223.964,213.477
320.86,10.2414,2.36049,14.1028,13.1436,37.278,1.1021,-223.964,214.538
320.88,10.2409,2.40406,13.9194,13.0507,37.2781,1.1021,-223.964,215.601
320.9,10.2409,2.4248,13.7821,13.0507,37.6276,1.1021,-223.964,218.253
320.92,10.2409,2.39206,13.7819,13.097,37.9194,1.1021,-223.964,216.666
320.94,10.2423,2.59495,13.736,12.7256,37.9198,1.1021,-223.964,215.07
320.96,10.2414,2.4729,13.736,12.7256,38.4441,1.1021,-223.964,215.07
320.98,10.2437,2.44446,13.5071,12.5864,38.4449,1.1021,-223.964,215.07
321,10.2437,2.46454,13.5068,12.5862,38.5032,1.18834,-223.964,214.539
321.02,10.2386,2.59911,13.7357,12.4471,38.5032,1.11704,-221.579,214.009
321.04,10.2414,2.44382,13.736,12.4469,38.5615,1.11693,-221.576,212.418
321.06,10.2414,2.43773,13.736,12.4005,38.5616,1.11693,-221.576,205.512
321.08,10.2405,2.42196,13.8276,12.1222,38.3868,1.11693,-221.576,198.619
321.1,10.2419,2.36042,13.8277,12.1218,37.9198,1.11693,-221.576,206.043
321.12,10.2419,2.38365,13.8277,11.8431,37.9198,1.11693,-221.576,213.477
321.14,10.2414,2.43082,13.8277,11.8431,37.3374,1.11693,-221.576,212.417
321.16,10.2386,2.36902,14.0111,11.518,37.3365,1.11693,-221.576,210.822
321.18,10.2419,2.47863,14.0111,11.518,37.1617,1.11693,-221.576,211.352
321.2,10.2419,2.48427,14.0111,11.4253,37.1614,1.20855,-221.576,215.595
321.22,10.2391,2.36408,14.057,11.4251,37.1614,1.20869,-221.576,219.85
321.24,10.2395,2.42154,14.057,11.4251,37.2779,1.1447,-223.406,223.031
321.26,10.2395,2.42942,14.3316,11.3324,37.2781,1.14461,-223.408,226.217
321.28,10.2395,2.44361,14.4696,11.3323,37.5115,1.14461,-223.408,230.471
321.3,10.2395,2.39396,14.4696,11.3786,37.5115,1.14461,-223.408,234.712
321.32,10.2409,2.42212,14.5613,11.3787,37.6282,1.14461,-223.408,233.657
321.34,10.2409,2.40135,14.5613,11.3323,37.6282,1.14461,-223.408,241.622
321.36,10.2391,2.45534,14.5613,11.6569,37.8029,1.14461,-223.408,249.576
321.38,10.2391,2.44707,14.5613,11.6574,37.7448,1.14461,-223.408,249.057
321.4,10.2391,2.44411,14.6529,11.7501,37.7448,1.14461,-223.408,248.527
321.42,10.24,2.431,14.7445,11.7502,37.6866,1.15415,-223.408,256.479
321.44,10.2386,2.38955,14.7447,12.0754,37.6865,1.15416,-221.123,263.395
321.46,10.2386,2.40199,14.882,12.0754,37.7447,1.15328,-221.123,266.576
321.48,10.2409,2.47666,14.8822,11.7507,37.8031,1.15328,-221.123,267.111
321.5,10.24,2.47677,15.0198,11.2858,37.8032,1.15328,-221.123,267.643
321.52,10.2391,2.41743,15.0198,11.2858,37.8614,1.15328,-221.123,266.053
321.54,10.2391,2.45822,15.1571,11.2858,37.8615,1.15328,-221.123,264.459
321.56,10.2395,2.38098,15.0656,11.2858,38.0949,1.15328,-221.123,265.519
321.58,10.2391,2.51943,15.0656,11.5177,38.0949,1.15328,-221.123,265.519
321.6,10.2391,2.56911,15.1115,11.518,38.5616,1.15328,-221.123,265.519
321.62,10.2391,2.48698,15.1115,11.518,38.9699,1.09213,-221.123,260.209
321.64,10.2391,2.53897,15.0199,11.518,38.9699,1.09213,-221.123,254.906
321.66,10.2372,2.54938,15.0198,11.518,39.2616,1.18621,-222.173,255.429
321.68,10.2372,2.34815,14.8367,11.3325,39.2616,1.18621,-222.173,255.96
321.7,10.2386,2.39429,14.6533,11.3323,39.7859,1.18621,-222.173,264.974
321.72,10.2386,2.47424,14.653,11.4716,39.7867,1.18621,-222.173,264.457
321.74,10.2386,2.47273,14.2868,11.4716,39.9614,1.18621,-222.173,266.048
321.76,10.2391,2.43745,14.2862,11.4716,39.8452,1.18621,-222.173,263.399
321.78,10.2409,2.41496,14.0111,11.7967,39.845,1.18621,-222.173,260.74
321.8,10.2409,2.41051,14.0111,11.7967,39.4373,1.18621,-222.173,262.33
321.82,10.2395,2.44538,13.6443,12.0289,39.4366,1.18621,-222.173,263.926
321.84,10.2381,2.33428,13.4151,12.0289,39.2033,1.05616,-222.173,258.616
321.86,10.2381,2.42273,13.4151,12.3535,39.2033,1.19316,-222.337,255.434
321.88,10.2367,2.38956,13.3234,12.354,39.2033,1.19337,-222.338,252.243
321.9,10.2381,2.4598,13.3234,12.4931,39.145,1.19337,-222.338,259.136
321.92,10.2363,2.35104,13.3692,12.5861,39.145,1.19337,-222.338,266.04
321.94,10.2363,2.34851,13.3693,12.5862,38.9116,1.19337,-222.338,260.74
321.96,10.2381,2.47146,13.5981,12.4471,38.9116,1.19337,-222.338,255.437
321.98,10.2381,2.33805,13.8732,12.4469,39.0863,1.19337,-222.338,256.49
322,10.2381,2.29054,13.8736,12.4469,39.0866,1.19337,-222.338,259.147
322.02,10.2395,2.53662,14.194,12.4469,39.1449,1.19337,-222.338,261.798
322.04,10.2368,2.51934,14.1945,12.215,39.6109,1.05907,-222.338,266.574
322.06,10.2386,2.51932,14.653,12.1682,39.6117,1.05887,-220.567,271.36
322.08,10.2386,2.44691,14.653,12.1682,39.5534,1.20473,-220.567,272.951
322.1,10.2391,2.33128,15.1573,12.3076,39.5533,1.20495,-220.567,274.547
322.12,10.2372,2.41383,15.4783,12.3076,39.2616,1.20495,-220.567,258.616
322.14,10.2372,2.38538,15.4783,12.0293,39.2616,1.20495,-220.567,259.146
322.16,10.2377,2.4447,15.9826,12.0289,38.8533,1.20495,-220.567,259.678
322.18,10.2386,2.51436,15.9826,12.0753,38.7368,1.20495,-220.567,260.738
322.2,10.2386,2.52122,16.5777,11.7971,38.7366,1.20495,-220.567,261.8
322.22,10.2372,2.44676,16.5786,11.7967,38.7949,1.20495,-220.567,264.988
322.24,10.2377,2.52708,17.0822,11.9358,38.7949,1.20495,-220.567,268.169
322.26,10.2367,2.53388,17.3118,11.936,38.9697,1.09695,-220.567,270.295
322.28,10.2367,2.56184,17.3122,11.7967,38.9699,1.20684,-222.626,272.954
322.3,10.2386,2.52902,17.3122,11.7039,39.0282,1.20684,-222.626,275.605
322.32,10.2367,2.48843,17.3122,11.7038,38.9699,1.20684,-222.626,277.733
322.34,10.2367,2.47753,17.2205,11.6109,38.9699,1.20684,-222.626,279.857
322.36,10.2386,2.54802,17.2205,11.6109,38.7952,1.20684,-222.626,284.099
322.38,10.2372,2.3865,17.1288,11.5645,38.7949,1.20684,-222.626,288.354
322.4,10.2372,2.44266,17.1288,11.5645,38.9114,1.20684,-222.626,289.944
322.42,10.2372,2.41749,17.1288,11.4717,38.9116,1.20684,-222.626,295.249
322.44,10.2372,2.55617,17.1288,11.4716,38.7366,1.20684,-222.626,300.568
322.46,10.2386,2.53556,17.1288,11.4716,38.7366,1.1345,-222.626,295.796
322.48,10.2386,2.54524,16.9914,11.4716,38.7366,1.13439,-219.994,291.016
322.5,10.2358,2.49663,16.9912,11.4716,38.6199,1.2004,-219.99,291.54
322.52,10.2391,2.46001,17.037,11.4252,38.6199,1.2004,-219.99,292.07
322.54,10.2391,2.45394,16.9455,11.4251,38.7947,1.2004,-219.99,299.494
322.56,10.2381,2.4444,16.9454,11.2858,38.7949,1.2004,-219.99,299.505
322.58,10.2372,2.46257,16.8081,11.2858,38.8532,1.2004,-219.99,299.505
322.6,10.2367,2.36829,16.8078,11.2858,39.3783,1.2004,-219.99,295.788
322.62,10.2367,2.37026,16.8537,11.2394,39.3783,1.2004,-219.99,292.071
322.64,10.2381,2.36809,16.8537,11.2394,39.6695,1.2004,-219.99,289.42
322.66,10.2381,2.53437,16.6245,11.4251,39.67,1.2004,-219.99,286.761
322.68,10.2381,2.54126,16.3956,11.4251,39.6117,1.16375,-219.99,286.761
322.7,10.2391,2.52769,16.3952,11.5179,39.6117,1.21302,-222.108,285.7
322.72,10.2386,2.548,16.3494,11.6574,39.2033,1.21309,-222.111,284.636
322.74,10.2386,2.53161,16.3494,11.6574,39.0285,1.21309,-222.111,280.395
322.76,10.2386,2.38022,15.8916,11.611,39.0283,1.21309,-222.111,276.146
322.78,10.24,2.36902,15.8909,11.6109,39.0283,1.21309,-222.111,280.919
322.8,10.2395,2.33674,15.4331,11.8892,39.0283,1.21309,-222.111,285.691
322.82,10.2395,2.35902,14.9281,11.8896,38.9699,1.21309,-222.111,284.105
322.84,10.2391,2.36892,14.9281,11.9825,38.9699,1.21309,-222.111,275.078
322.86,10.2409,2.33036,14.6534,12.168,38.7369,1.21309,-222.111,266.064
322.88,10.2409,2.3607,14.653,12.1682,38.5032,1.20172,-222.111,274.016
322.9,10.2405,2.3585,14.3783,12.0291,38.5032,1.20172,-220.631,281.969
322.92,10.2395,2.42785,14.0575,12.0289,38.212,1.20172,-220.629,277.209
322.94,10.24,2.41138,14.057,12.2147,38.2115,1.20172,-220.629,272.423
322.96,10.24,2.45297,13.9196,12.2147,38.0368,1.20172,-220.629,269.241
322.98,10.2409,2.40622,13.9194,11.9828,38.0365,1.20172,-220.629,267.646
323,10.2395,2.24785,13.736,11.8896,37.9198,1.20172,-220.629,266.05
323.02,10.2395,2.2553,13.736,11.8896,38.2111,1.20172,-220.629,268.701
323.04,10.2419,2.37636,13.5071,11.8432,38.2115,1.20172,-220.629,271.356
323.06,10.2405,2.31099,13.5068,11.8431,38.3866,1.20172,-220.629,270.829
323.08,10.2405,2.30278,13.2321,12.0286,38.3866,1.20172,-220.629,270.299
323.1,10.2423,2.42129,13.0483,12.0289,38.1532,1.20534,-220.629,273.485
323.12,10.24,2.31741,13.0483,11.7967,37.8032,1.19386,-220.505,270.829
323.14,10.2423,2.45046,13.0483,11.7967,37.8032,1.19386,-220.505,268.178
323.16,10.2423,2.44585,13.0483,11.7967,37.3948,1.19386,-220.505,263.926
323.18,10.2414,2.47991,13.1399,11.5648,37.3948,1.19386,-220.505,259.684
323.2,10.2405,2.34063,13.4605,11.5645,37.0453,1.19386,-220.505,253.845
323.22,10.2405,2.33212,13.4609,11.5645,37.0448,1.19386,-220.505,247.995
323.24,10.2419,2.54787,14.0103,11.5645,36.1128,1.19386,-220.505,241.632
323.26,10.24,2.44583,14.0111,11.2399,36.1114,1.19386,-220.505,245.864
323.28,10.24,2.41579,14.0111,11.2394,35.1196,1.19386,-220.505,250.119
323.3,10.2414,2.34336,14.0111,11.2394,34.4789,1.20406,-220.505,250.649
323.32,10.2409,2.3327,14.1945,11.1465,34.4779,1.20407,-220.485,251.181
323.34,10.2409,2.43439,14.4238,11.1465,34.4779,1.19269,-220.485,252.774
323.36,10.2409,2.44889,14.4238,10.961,34.4779,1.19269,-220.485,254.365
323.38,10.24,2.28689,14.5155,10.9607,34.1862,1.19269,-220.485,254.367
323.4,10.24,2.41703,14.5155,10.6825,34.0697,1.19269,-220.485,251.186
323.42,10.24,2.44577,14.7443,10.5893,34.0695,1.19269,-220.485,248
323.44,10.2423,2.48114,14.7447,10.5892,34.1862,1.19269,-220.485,245.34
323.46,10.2405,2.54456,15.0194,10.5892,34.1862,1.19269,-220.485,242.688
323.48,10.24,2.50307,15.3402,10.5892,34.3609,1.19269,-220.485,239.503
323.5,10.24,2.40172,15.3407,10.4034,34.3612,1.20487,-220.485,236.312
323.52,10.2405,2.34217,15.6154,10.4034,34.6525,1.20487,-220.485,226.238
323.54,10.2409,2.37929,15.6158,10.357,35.1189,1.17117,-219.724,228.873
323.56,10.2409,2.40007,15.7992,10.2641,35.1196,1.17112,-219.723,231.533
323.58,10.24,2.3999,15.7992,10.2641,35.4109,1.17112,-219.723,233.654
323.6,10.2414,2.45294,15.9367,10.0318,35.4113,1.17112,-219.723,235.781
323.62,10.2414,2.51314,15.7533,10.0318,35.8197,1.17112,-219.723,234.719
323.64,10.2409,2.39808,15.7533,10.0318,35.8197,1.17112,-219.723,233.658
323.66,10.2386,2.41429,15.9367,10.0318,36.1114,1.17112,-219.723,241.622
323.68,10.24,2.43301,15.9367,10.0318,36.5191,1.17112,-219.723,240.032
323.7,10.24,2.4468,15.9825,10.0318,36.5197,1.17112,-219.723,238.439
323.72,10.2405,2.5216,15.9826,10.0318,37.1614,1.17958,-219.723,237.905
323.74,10.2414,2.41015,15.891,10.0318,37.1614,1.17958,-222.169,237.375
323.76,10.2414,2.39416,15.9367,10.0318,37.5692,1.16659,-222.173,238.965
323.78,10.2409,2.48938,15.9367,10.2176,37.5698,1.16657,-222.173,240.56
323.8,10.2381,2.40559,15.9367,10.2176,38.1523,1.16657,-222.173,243.211
323.82,10.2414,2.39431,15.9367,10.4034,38.5616,1.16657,-222.173,251.181
323.84,10.2414,2.41495,15.9367,10.4963,38.5616,1.16657,-222.173,259.147
323.86,10.2414,2.47595,15.9367,10.4963,39.1441,1.16657,-222.173,258.086
323.88,10.24,2.39362,15.9367,10.682,39.145,1.16657,-222.173,257.022
323.9,10.24,2.38158,15.9825,10.682,39.4944,1.16657,-222.173,259.143
323.92,10.2409,2.52699,15.9826,10.9603,39.495,1.16939,-222.173,263.388
323.94,10.2419,2.41116,15.9826,10.9607,39.7867,1.1694,-222.173,271.361
323.96,10.2419,2.37746,15.9826,10.9607,40.1362,1.15645,-220.117,268.179
323.98,10.24,2.39689,15.9826,11.0998,40.1367,1.15643,-220.114,264.993
324,10.24,2.45791,15.9826,11.1,40.5451,1.15643,-220.114,265.519
324.02,10.2419,2.42754,15.9368,11.1,40.5451,1.15643,-220.114,266.049
324.04,10.2419,2.42154,15.8452,11.1,41.1858,1.15643,-220.114,271.352
324.06,10.2391,2.64488,15.845,11.1929,41.1868,1.15643,-220.114,272.954
324.08,10.24,2.63326,15.8908,11.1929,41.711,1.15643,-220.114,270.302
324.1,10.24,2.57383,15.8909,11.2858,42.4702,1.15643,-220.114,263.926
324.12,10.2414,2.4895,15.9367,11.3787,42.4702,1.15643,-220.114,257.553
324.14,10.2386,2.59161,15.9367,11.3787,43.2275,1.16297,-220.114,252.781
324.16,10.2386,2.54706,15.9826,11.4716,43.2286,1.16298,-221.699,247.995
324.18,10.2414,2.4643,16.0284,11.4716,43.5781,1.16298,-221.699,248.525
324.2,10.24,2.43591,16.0284,11.5643,43.5787,1.16298,-221.699,247.996
324.22,10.2395,2.42243,16.2577,11.5645,43.812,1.16298,-221.699,247.464
324.24,10.2395,2.44456,16.2577,11.4254,43.2295,1.16298,-221.699,242.692
324.26,10.2395,2.51961,16.4408,11.3788,43.2286,1.16298,-221.699,237.912
324.28,10.2391,2.41332,16.4411,11.3787,42.1785,1.16298,-221.699,246.402
324.3,10.2391,2.41485,16.67,11.5178,42.1785,1.16298,-221.699,254.885
324.32,10.2409,2.5283,17.0829,11.518,41.4785,1.16298,-221.699,257.553
324.34,10.24,2.41347,17.0829,11.5645,41.4785,1.16924,-221.699,259.678
324.36,10.24,2.40851,17.3118,11.5645,40.7212,1.16924,-221.699,261.799
324.38,10.24,2.38361,17.3122,11.518,40.4284,1.1839,-220.237,267.643
324.4,10.2395,2.42354,17.4953,11.518,40.4284,1.1839,-220.237,273.476
324.42,10.2405,2.47364,17.4956,11.518,40.2536,1.1839,-220.237,279.317
324.44,10.2405,2.51366,17.7707,11.518,40.2534,1.1839,-220.237,285.168
324.46,10.2395,2.53544,17.8164,11.518,39.9621,1.1839,-220.237,284.637
324.48,10.24,2.48818,17.8165,11.5644,39.9617,1.1839,-220.237,289.408
324.5,10.24,2.49867,17.7248,11.5645,39.7283,1.1839,-220.237,294.195
324.52,10.2414,2.4468,17.7248,11.7036,39.6118,1.1839,-220.237,307.451
324.54,10.2386,2.46498,17.8164,11.7502,39.6117,1.1839,-220.237,320.727
324.56,10.2405,2.50414,17.8165,11.7502,39.4366,1.18454,-220.237,320.216
324.58,10.2405,2.49194,17.8165,11.7502,39.4366,1.18454,-220.094,319.686
324.6,10.24,2.37409,17.8165,11.7502,39.3783,1.1827,-220.093,325.526
324.62,10.2405,2.46911,17.8165,11.8431,39.3783,1.1827,-220.093,330.837
324.64,10.2405,2.47929,17.8165,11.8431,39.3783,1.1827,-220.093,336.139
324.66,10.2409,2.46623,17.8165,11.7502,39.3783,1.1827,-220.093,337.209
324.68,10.2409,2.59382,17.8165,12.1212,39.3783,1.1827,-220.093,338.27
324.7,10.2409,2.56662,17.8165,12.1218,39.3201,1.1827,-220.093,336.681
324.72,10.2391,2.49158,17.7248,12.0754,39.32,1.1827,-220.093,335.085
324.74,10.24,2.46353,17.6332,12.0754,39.32,1.1827,-220.093,335.615
324.76,10.2409,2.47842,17.6331,12.2608,39.32,1.17468,-220.093,335.616
324.78,10.2409,2.46873,17.5873,12.2611,39.32,1.17467,-220.093,335.616
324.8,10.2391,2.44488,17.5873,12.4466,39.2617,1.16915,-219.394,329.784
324.82,10.2395,2.49435,17.5873,12.9578,39.2616,1.16914,-219.393,323.933
324.84,10.2395,2.47855,17.5873,12.9578,39.0866,1.16914,-219.393,322.871
324.86,10.2395,2.43842,17.4957,13.0042,39.0866,1.16914,-219.393,321.811
324.88,10.24,2.54373,17.4497,13.0042,38.7949,1.16914,-219.393,325.526
324.9,10.24,2.57625,17.4497,13.0506,38.7949,1.16914,-219.393,320.754
324.92,10.2414,2.44855,17.4497,13.1898,38.4454,1.16914,-219.393,315.975
324.94,10.2395,2.38921,17.4497,13.19,38.1532,1.16914,-219.393,311.188
324.96,10.2391,2.34686,17.2666,13.4682,38.1532,1.16914,-219.393,306.416
324.98,10.2391,2.34927,17.2663,13.4687,37.9202,1.16327,-219.393,312.242
325,10.2395,2.52149,17.358,13.6544,37.9198,1.16326,-217.87,318.092
325.02,10.24,2.5064,17.1749,13.6544,37.4538,1.19291,-217.87,309.608
325.04,10.24,2.47922,17.1746,13.8863,37.4531,1.19295,-217.87,308.535
325.06,10.2391,2.57087,16.9912,13.7009,37.2781,1.19295,-217.87,307.471
325.08,10.2395,2.46886,16.9912,13.7009,37.3946,1.19295,-217.87,308.001
325.1,10.2391,2.46562,17.0829,13.9331,37.3948,1.19295,-217.87,308.533
325.12,10.2391,2.38156,17.0829,13.9331,37.3365,1.19295,-217.87,305.878
325.14,10.2414,2.49505,16.9456,13.794,37.3365,1.19295,-217.87,303.227
325.16,10.2405,2.42047,16.7162,13.7938,37.1614,1.19295,-217.87,301.099
325.18,10.2405,2.42753,16.7162,13.8865,37.1614,1.1924,-217.87,304.28
325.2,10.2405,2.53041,16.6704,13.8867,37.1032,1.19239,-217.87,307.466
325.22,10.2391,2.39526,16.6703,13.8867,37.0448,1.19054,-220.237,311.188
325.24,10.2391,2.35731,16.533,13.8867,37.0448,1.19054,-220.237,314.9
325.26,10.2409,2.4363,16.5328,13.8867,37.1613,1.19054,-220.237,319.678
325.28,10.2414,2.44543,16.4411,13.7473,37.1614,1.19054,-220.237,324.464
325.3,10.2405,2.53128,16.4868,13.7473,37.1614,1.19054,-220.237,322.874
325.32,10.2405,2.51919,16.4869,13.8867,37.1614,1.19054,-220.237,329.775
325.34,10.2395,2.48139,16.3494,13.7009,37.0448,1.19054,-220.237,336.678
325.36,10.2377,2.45246,16.3494,13.7009,36.87,1.19054,-220.237,334.557
325.38,10.2377,2.48898,16.3035,13.5151,36.8698,1.19054,-220.237,332.43
325.4,10.2163,2.46774,16.3035,13.5151,36.6368,1.1945,-220.237,330.839
325.42,10.2126,2.41352,16.3493,13.4224,36.6364,1.1945,-217.195,329.246
325.44,10.2145,2.3833,16.2577,13.4222,36.6947,1.1908,-217.19,336.678
325.46,10.2145,2.52211,16.2577,13.515,36.6947,1.1908,-217.19,335.087
325.48,10.2149,2.45291,16.2119,13.2832,36.8112,1.1908,-217.19,333.494
325.5,10.2163,2.49728,16.2118,13.2829,36.6947,1.1908,-217.19,338.271
325.52,10.2163,2.49061,16.3034,13.3293,36.6947,1.1908,-217.19,343.043
325.54,10.2145,2.50351,16.212,13.3293,36.753,1.1908,-217.19,345.172
325.56,10.2135,2.43299,16.2118,13.2829,36.7531,1.1908,-217.19,347.299
325.58,10.2135,2.43987,16.1203,13.2829,36.6948,1.1908,-217.19,345.178
325.6,10.2131,2.4334,16.1201,13.0971,36.6947,1.19612,-217.19,339.864
325.62,10.2135,2.44711,16.2118,13.0042,36.8114,1.19612,-217.19,334.554
325.64,10.2158,2.46871,16.2118,13.0042,36.7532,1.19612,-218.794,337.205
325.66,10.2159,2.49505,16.166,13.0507,36.7531,1.19612,-218.796,339.864
325.68,10.2168,2.47402,16.0744,13.0507,36.9278,1.19612,-218.796,334.032
325.7,10.2168,2.36407,16.0743,13.0043,36.9281,1.19612,-218.796,328.19
325.72,10.2168,2.3571,16.0743,13.0042,36.6364,1.19612,-218.796,323.933
325.74,10.2145,2.47985,16.0743,13.0042,36.8112,1.19612,-218.796,318.631
325.76,10.2149,2.46104,16.0285,12.6796,36.8114,1.19612,-218.796,313.321
325.78,10.2163,2.49505,16.0284,12.6791,36.9281,1.19612,-218.796,316.499
325.8,10.2163,2.42809,15.9827,12.54,36.9281,1.19612,-218.796,319.68
325.82,10.2145,2.47104,15.8909,12.5398,37.2781,1.20485,-218.796,318.092
325.84,10.214,2.46643,15.8909,12.4005,37.2781,1.20302,-216.984,316.499
325.86,10.214,2.45221,15.8909,12.4005,37.6276,1.20302,-216.984,311.196
325.88,10.2149,2.4935,15.8909,12.4469,37.9198,1.20302,-216.984,309.064
325.9,10.2145,2.40795,15.7993,12.4005,37.9198,1.20302,-216.984,306.943
325.92,10.2145,2.44447,15.7992,12.4005,38.2693,1.20302,-216.984,300.577
325.94,10.2149,2.37072,15.7533,12.6327,38.2699,1.20302,-216.984,294.195
325.96,10.2163,2.39934,15.8907,12.6327,38.5611,1.20302,-216.984,295.786
325.98,10.2149,2.59552,15.8909,12.3544,38.5616,1.20302,-216.984,297.379
326,10.2149,2.54975,15.7533,12.354,38.7366,1.20302,-216.984,296.85
326.02,10.2163,2.55916,15.7533,12.2613,38.6783,1.22067,-216.984,295.26
326.04,10.214,2.48651,15.8449,12.2148,38.6782,1.22069,-216.984,293.667
326.06,10.214,2.50412,15.845,12.2147,38.5616,1.1919,-217.334,289.416
326.08,10.2135,2.39879,15.9824,12.1219,38.5616,1.1919,-217.334,285.174
326.1,10.2159,2.50783,15.9826,12.1218,38.6199,1.1919,-217.334,279.857
326.12,10.2159,2.49668,15.9826,12.2147,38.6199,1.1919,-217.334,274.547
326.14,10.2163,2.37767,15.9826,12.2147,38.7364,1.1919,-217.334,275.077
326.16,10.2149,2.45366,15.9826,12.0754,38.7949,1.1919,-217.334,271.892
326.18,10.2149,2.47659,16.2115,12.029,38.7949,1.1919,-217.334,268.71
326.2,10.2159,2.48802,16.2118,12.0289,38.5619,1.1919,-217.334,266.584
326.22,10.2121,2.33528,16.2118,11.936,38.5616,1.1919,-217.334,264.457
326.24,10.2149,2.43555,16.2118,11.936,38.1538,1.20705,-217.334,260.745
326.26,10.2149,2.39312,16.2118,11.9824,38.1532,1.1841,-217.663,257.028
326.28,10.2135,2.37026,16.3035,11.9825,38.2115,1.18407,-217.664,254.367
326.3,10.2121,2.33321,16.3035,11.6579,38.095,1.18407,-217.664,254.367
326.32,10.2121,2.311,16.2577,11.7502,38.0949,1.18407,-217.664,254.367
326.34,10.2159,2.2819,16.2577,11.7502,38.0365,1.18407,-217.664,252.243
326.36,10.2149,2.36383,16.3034,11.7502,38.0365,1.18407,-217.664,250.122
326.38,10.2149,2.36396,16.2118,11.7502,37.8032,1.18407,-217.664,246.402
326.4,10.2149,2.33891,16.2118,11.6575,37.8032,1.18407,-217.664,242.69
326.42,10.2131,2.39476,16.2118,11.6574,37.7449,1.18407,-217.664,244.275
326.44,10.2135,2.37841,16.2118,11.5645,37.6282,1.18729,-217.664,240.029
326.46,10.2135,2.36525,16.1203,11.7036,37.6282,1.18729,-217.664,235.787
326.48,10.214,2.37111,16.1201,11.7038,37.5699,1.18905,-215.752,235.781
326.5,10.2168,2.43303,16.166,11.4716,37.5698,1.18905,-215.749,235.781
326.52,10.2163,2.44431,16.1202,11.4716,37.3368,1.18905,-215.749,240.023
326.54,10.2163,2.44168,16.1201,11.518,37.3365,1.18905,-215.749,244.271
326.56,10.2186,2.30004,16.0284,11.518,37.4531,1.18905,-215.749,240.029
326.58,10.2145,2.41117,16.0284,11.5644,37.1619,1.18905,-215.749,244.271
326.6,10.2145,2.43801,15.9826,11.5645,37.1614,1.18905,-215.749,248.526
326.62,10.214,2.48227,15.9826,11.5645,37.1614,1.18905,-215.749,247.464
326.64,10.2131,2.50078,15.9826,11.6108,37.1614,1.18905,-215.749,246.403
326.66,10.2131,2.50789,15.8909,11.6109,36.9864,1.17644,-215.749,249.588
326.68,10.2131,2.28574,15.8909,11.4718,36.9864,1.18,-218.01,252.769
326.7,10.2149,2.35134,15.7078,11.4716,36.7534,1.18,-218.014,259.667
326.72,10.2117,2.41608,15.7075,11.5645,36.1697,1.18,-218.014,254.367
326.74,10.2117,2.40984,15.7075,11.6108,36.1697,1.18,-218.014,249.065
326.76,10.2177,2.4182,15.7075,11.6109,36.0532,1.18,-218.014,248.527
326.78,10.2159,2.44751,15.6158,11.4716,36.053,1.18,-218.014,247.995
326.8,10.2159,2.37979,15.5242,11.4716,35.8783,1.18,-218.014,244.813
326.82,10.2154,2.37132,15.5241,11.6574,35.878,1.18,-218.014,241.622
326.84,10.2135,2.31465,15.4324,11.6574,35.528,1.18,-218.014,242.153
326.86,10.2158,2.33361,15.4324,11.5646,35.1785,1.14906,-218.014,244.274
326.88,10.2159,2.36799,15.2949,11.5645,35.178,1.14902,-218.014,246.402
326.9,10.2149,2.45319,15.2949,11.5645,35.0032,1.18563,-215.176,247.992
326.92,10.2135,2.41993,15.1575,11.5181,35.0029,1.18569,-215.172,249.585
326.94,10.2135,2.42464,14.9739,11.518,34.7696,1.18569,-215.172,244.278
326.96,10.2135,2.34526,14.9739,11.518,34.7696,1.18569,-215.172,240.566
326.98,10.2163,2.41018,14.9282,11.518,34.6531,1.18569,-215.172,242.681
327,10.2163,2.45785,14.9281,11.4716,34.7112,1.18569,-215.172,238.967
327.02,10.2145,2.45939,14.745,11.3788,34.7112,1.18569,-215.172,235.256
327.04,10.2135,2.3722,14.7447,11.3787,34.8277,1.18569,-215.172,234.189
327.06,10.2149,2.41703,14.653,11.4716,34.8279,1.18569,-215.172,233.126
327.08,10.2149,2.37728,14.653,11.4716,35.0027,1.14542,-215.172,229.414
327.1,10.2131,2.41506,14.653,11.4251,35.0029,1.16629,-217.314,227.284
327.12,10.2145,2.39046,14.4696,11.4251,35.0613,1.16629,-217.314,219.85
327.14,10.2145,2.4024,14.4696,11.4251,35.469,1.16629,-217.314,223.031
327.16,10.2168,2.34636,14.5155,11.3787,35.4696,1.16629,-217.314,226.222
327.18,10.2117,2.50843,14.5155,11.3787,35.6444,1.16629,-217.314,227.813
327.2,10.2117,2.5117,14.5155,11.4251,35.6447,1.16629,-217.314,229.406
327.22,10.2154,2.408,14.4696,11.4251,35.8197,1.16629,-217.314,226.222
327.24,10.2154,2.49134,14.4696,11.2397,35.8197,1.16629,-217.314,232.055
327.26,10.2145,2.38214,14.6069,11.2394,35.5284,1.16629,-217.314,235.245
327.28,10.2145,2.40309,14.6071,11.1465,35.2363,1.14746,-217.314,233.657
327.3,10.214,2.38996,14.5156,11.2392,35.2363,1.14746,-216.409,232.066
327.32,10.2149,2.48792,14.5155,11.2394,35.178,1.17262,-216.408,226.753
327.34,10.2149,2.50633,14.5155,11.1929,35.178,1.17262,-216.408,221.443
327.36,10.2135,2.3478,14.607,11.1929,35.1197,1.17262,-216.408,223.564
327.38,10.2159,2.38397,14.6071,11.0071,35.1196,1.17262,-216.408,224.098
327.4,10.2145,2.39263,14.5156,11.0071,35.2361,1.17262,-216.408,224.628
327.42,10.2145,2.36256,14.5155,10.9608,35.178,1.17262,-216.408,229.401
327.44,10.2149,2.35296,14.6071,10.9607,35.178,1.17262,-216.408,234.188
327.46,10.2145,2.30877,14.6071,10.9607,35.1197,1.17262,-216.408,235.248
327.48,10.2145,2.25953,14.424,10.9607,35.1196,1.17262,-216.408,236.31
327.5,10.2149,2.31599,14.4696,10.9607,35.0029,1.16956,-216.408,235.781
327.52,10.2145,2.37483,14.4696,11.0535,35.0029,1.16181,-215.709,237.372
327.54,10.2145,2.40381,14.3323,11.0536,34.7699,1.1618,-215.708,238.965
327.56,10.2163,2.4143,14.3321,11.0071,34.8863,1.1618,-215.708,241.622
327.58,10.2131,2.42254,14.2405,11.0535,34.8863,1.1618,-215.708,244.273
327.6,10.2163,2.35441,14.2404,11.0536,34.8279,1.1618,-215.708,243.747
327.62,10.2163,2.3718,14.2404,10.9143,34.8279,1.1618,-215.708,243.215
327.64,10.2163,2.41088,14.0115,10.9143,34.5949,1.1618,-215.708,248.518
327.66,10.2135,2.47234,14.0111,10.7749,34.5946,1.1618,-215.708,246.402
327.68,10.2135,2.48276,14.0111,10.7749,34.5946,1.1618,-215.708,244.281
327.7,10.2135,2.36171,14.0111,10.7749,34.5946,1.1675,-215.708,256.473
327.72,10.2131,2.42119,14.0111,10.9607,34.5946,1.16751,-216.366,268.705
327.74,10.2131,2.41977,14.0111,10.9607,34.6528,1.15402,-216.366,268.705
327.76,10.2154,2.29917,13.828,10.7752,34.6529,1.15399,-216.366,268.705
327.78,10.2154,2.39927,13.8277,10.7749,34.5946,1.15399,-216.366,265.519
327.8,10.2154,2.35403,13.8277,10.8677,34.5946,1.15399,-216.366,268.17
327.82,10.2154,2.31648,13.8277,10.8678,34.6529,1.15399,-216.366,270.829
327.84,10.2154,2.44124,13.8277,10.5427,34.7112,1.15399,-216.366,262.864
327.86,10.2159,2.3537,13.782,10.6818,34.7112,1.15399,-216.366,254.91
327.88,10.2159,2.33728,13.7819,10.682,34.5362,1.15399,-216.366,254.367
327.9,10.214,2.35176,13.6903,10.5429,34.5362,1.15399,-216.366,253.837
327.92,10.2154,2.39386,13.8275,10.5427,34.478,1.17182,-216.366,254.897
327.94,10.2131,2.37478,13.8277,10.5892,34.4779,1.14904,-214.884,255.429
327.96,10.2131,2.40659,13.8735,10.5892,34.3614,1.14904,-214.884,255.96
327.98,10.2154,2.4073,13.8736,10.4964,34.4777,1.14904,-214.884,255.43
328,10.2131,2.4281,13.7819,10.682,34.4779,1.14904,-214.884,254.898
328.02,10.2131,2.4343,13.7819,10.682,34.4196,1.14904,-214.884,263.912
328.04,10.2154,2.34986,13.9192,10.7284,34.4196,1.14904,-214.884,272.94
328.06,10.2126,2.3846,13.8736,10.7285,34.4779,1.14904,-214.884,273.485
328.08,10.2117,2.40132,13.8736,10.5894,34.4779,1.14904,-214.884,272.954
328.1,10.2117,2.38636,13.9194,10.5427,34.6529,1.14904,-214.884,272.423
328.12,10.2089,2.39044,13.9194,10.5427,34.5362,1.17713,-214.884,263.926
328.14,10.207,2.37878,13.8736,10.6818,34.5362,1.17713,-217.207,255.442
328.16,10.207,2.37492,13.8736,10.682,34.7696,1.12346,-217.211,257.553
328.18,10.2066,2.38703,13.9651,10.5429,34.7696,1.12346,-217.211,259.674
328.2,10.2056,2.45957,14.0111,10.5427,34.7696,1.12346,-217.211,266.571
328.22,10.2056,2.49455,14.0111,10.5427,34.7696,1.12346,-217.211,263.395
328.24,10.2019,2.43185,13.9653,10.5427,34.9443,1.12346,-217.211,260.214
328.26,10.2047,2.4767,13.9653,10.5427,35.0028,1.12346,-217.211,269.753
328.28,10.201,2.51091,13.9653,10.7285,35.0029,1.12346,-217.211,279.326
328.3,10.201,2.48879,13.9653,10.7285,34.8282,1.12346,-217.211,285.159
328.32,10.2015,2.2962,13.9194,10.682,34.8279,1.12346,-217.211,291.009
328.34,10.2015,2.36691,13.8736,10.682,34.5362,1.19491,-217.211,294.726
328.36,10.2015,2.36301,13.8736,10.7748,34.5362,1.12781,-214.887,298.968
328.38,10.2005,2.30661,13.8736,10.5892,34.3612,1.1277,-214.884,303.223
328.4,10.1996,2.4361,13.8736,10.5892,33.9535,1.1277,-214.884,302.162
328.42,10.1996,2.46997,13.782,10.5892,33.9528,1.1277,-214.884,301.1
328.44,10.1996,2.48069,13.7819,10.5892,33.7778,1.1277,-214.884,294.726
328.46,10.1977,2.40659,13.6903,10.5428,33.7778,1.1277,-214.884,288.363
328.48,10.1964,2.31514,13.6444,10.5427,33.6613,1.1277,-214.884,287.823
328.5,10.1963,2.33706,13.6443,10.4498,33.6612,1.1277,-214.884,288.885
328.52,10.1936,2.3877,13.5528,10.4035,33.8942,1.1277,-214.884,289.945
328.54,10.1945,2.40415,13.5526,10.4034,33.6615,1.21541,-214.884,288.356
328.56,10.1945,2.43669,13.5068,10.4498,33.6612,1.21555,-216.037,286.761
328.58,10.1945,2.37434,13.5068,10.4498,33.6029,1.12403,-216.037,286.23
328.6,10.1926,2.41541,13.4609,10.3569,33.6028,1.12389,-216.037,285.698
328.62,10.1866,2.40054,13.5068,10.3569,33.4278,1.12389,-216.037,287.823
328.64,10.1866,2.45624,13.5068,10.1714,33.4278,1.12389,-216.037,288.883
328.66,10.1815,2.51884,13.4609,9.98539,33.2528,1.12389,-216.037,289.947
328.68,10.182,2.5517,13.4609,9.98539,33.1945,1.12389,-216.037,286.765
328.7,10.182,2.51147,13.4609,9.93902,33.1945,1.12389,-216.037,283.579
328.72,10.1792,2.3527,13.4151,9.93894,33.0778,1.12389,-216.037,281.45
328.74,10.1792,2.36443,13.4151,9.98532,33.0778,1.12389,-216.037,280.39
328.76,10.1792,2.35415,13.5067,9.98539,33.2525,1.17498,-216.037,283.039
328.78,10.1787,2.47322,13.5068,9.98539,33.2528,1.10985,-215.44,278.264
328.8,10.1801,2.48704,13.461,9.98539,33.0198,1.10985,-215.44,273.492
328.82,10.1778,2.36729,13.4609,9.98539,32.9611,1.10985,-215.44,273.485
328.84,10.1778,2.35316,13.5068,10.0318,32.9611,1.10985,-215.44,273.485
328.86,10.1773,2.33386,13.5068,10.0318,32.9611,1.10985,-215.44,276.666
328.88,10.1764,2.38003,13.5068,10.1247,32.9611,1.10985,-215.44,279.857
328.9,10.1764,2.36346,13.461,10.1247,32.7864,1.10985,-215.44,284.629
328.92,10.1768,2.40437,13.4609,10.1711,32.8443,1.10985,-215.44,281.985
328.94,10.1741,2.50812,13.4609,10.2641,32.8444,1.10985,-215.44,279.326
328.96,10.1741,2.53825,13.4609,10.2641,32.9027,1.14296,-215.44,281.977
328.98,10.1717,2.52655,13.3694,10.1713,32.9028,1.14301,-215.09,284.632
329,10.1634,2.4521,13.5068,10.1712,32.9028,1.09972,-215.09,284.105
329.02,10.1638,2.33908,13.5068,10.2639,32.9028,1.09972,-215.09,283.575
329.04,10.1638,2.35725,13.3237,10.2641,32.961,1.09972,-215.09,281.453
329.06,10.1592,2.41421,13.3234,10.3569,32.7277,1.09972,-215.09,282.512
329.08,10.1569,2.42729,13.1861,10.2642,32.7277,1.09972,-215.09,283.573
329.1,10.1569,2.44999,13.1859,10.2641,32.4361,1.09972,-215.09,279.326
329.12,10.1606,2.35264,13.0942,10.1712,32.4361,1.09972,-215.09,275.078
329.14,10.1597,2.34058,12.9111,10.1712,32.3778,1.09972,-215.09,270.836
329.16,10.1597,2.36962,12.9108,10.0318,32.3777,1.1321,-215.09,265.519
329.18,10.158,2.37723,12.7277,10.0318,32.1447,1.1321,-215.09,262.338
329.2,10.1575,2.3531,12.7274,10.0318,32.3191,1.0981,-215.686,260.212
329.22,10.1592,2.42678,12.4523,10.1247,32.3194,1.09805,-215.687,258.085
329.24,10.1592,2.43746,12.4523,10.1247,32.2611,1.09805,-215.687,261.266
329.26,10.158,2.33668,12.315,10.032,32.261,1.09805,-215.687,264.452
329.28,10.1553,2.48222,11.9938,10.0318,32.2027,1.09805,-215.687,253.836
329.3,10.1553,2.46377,11.9938,10.1246,32.2027,1.09805,-215.687,243.232
329.32,10.1548,2.43578,11.8104,10.1247,32.1444,1.09805,-215.687,238.436
329.34,10.1521,2.38978,11.8104,10.0318,31.8527,1.09805,-215.687,239.498
329.36,10.1527,2.40893,11.7189,9.98546,31.8527,1.09805,-215.687,240.559
329.38,10.1527,2.42092,11.7187,9.98539,32.1444,1.12896,-215.687,239.498
329.4,10.1511,2.49909,11.6272,10.0318,32.1444,1.12896,-213.754,238.438
329.42,10.1495,2.37777,11.5813,10.0318,31.9696,1.10192,-213.751,242.148
329.44,10.1495,2.3977,11.5812,10.1247,31.9693,1.10188,-213.751,245.871
329.46,10.1468,2.41463,11.7185,10.1247,32.0276,1.10188,-213.751,243.75
329.48,10.1463,2.40235,11.7187,10.1247,31.8529,1.10188,-213.751,245.867
329.5,10.1463,2.38575,11.7187,10.2176,31.8527,1.10188,-213.751,247.995
329.52,10.1447,2.42448,11.7187,10.2176,31.5614,1.10188,-213.751,251.176
329.54,10.1446,2.44118,11.8103,9.893,31.561,1.10188,-213.751,254.362
329.56,10.1388,2.41693,12.0397,9.8925,31.386,1.10188,-213.751,259.147
329.58,10.1388,2.4048,12.0397,9.98525,31.386,1.11947,-213.751,258.616
329.6,10.1398,2.37141,12.0397,9.98539,30.8609,1.1195,-213.751,255.96
329.62,10.1377,2.28252,12.0397,10.0318,30.8026,1.10142,-216.49,258.085
329.64,10.1377,2.29025,12.2228,10.0782,30.8026,1.10142,-216.49,260.205
329.66,10.1382,2.40262,12.2231,10.0783,30.7442,1.10142,-216.49,257.022
329.68,10.1356,2.38278,12.2688,9.89279,30.7442,1.10142,-216.49,253.841
329.7,10.1372,2.37531,12.2689,9.8925,30.686,1.10142,-216.49,259.138
329.72,10.1372,2.32233,12.2689,9.93894,30.6859,1.10142,-216.49,264.988
329.74,10.1377,2.31079,12.452,9.93894,30.5694,1.10142,-216.49,264.988
329.76,10.1334,2.29612,12.4523,10.0781,30.511,1.10142,-216.49,264.988
329.78,10.1334,2.30252,12.1772,10.0783,30.5109,1.10142,-216.49,264.988
329.8,10.1318,2.37045,12.1772,10.0783,30.2196,1.0884,-216.49,263.928
329.82,10.1324,2.37805,12.1314,10.1712,30.2192,1.08838,-214.266,262.864
329.84,10.1324,2.3499,12.0855,10.1712,29.9275,1.09156,-214.266,264.457
329.86,10.1318,2.45019,12.0855,10.0784,29.9275,1.09156,-214.266,262.866
329.88,10.1308,2.44613,11.948,10.3105,29.6942,1.09156,-214.266,261.271
329.9,10.1286,2.43354,11.948,10.3105,29.6359,1.09156,-214.266,256.499
329.92,10.1286,2.41774,11.9022,10.3105,29.6358,1.09156,-214.266,251.719
329.94,10.1286,2.3692,11.9021,10.3105,29.6358,1.09156,-214.266,252.243
329.96,10.1243,2.44215,11.8563,10.4496,29.6358,1.09156,-214.266,252.773
329.98,10.1243,2.43748,11.9021,10.4498,29.6358,1.09156,-214.266,245.881
330,10.1243,2.42198,11.9021,10.4498,29.6358,1.09318,-214.266,244.278
330.02,10.1227,2.41781,11.7648,10.4498,29.5776,1.09318,-214.266,242.687
330.04,10.1222,2.41072,11.7646,10.6353,29.8687,1.09637,-215.685,241.094
330.06,10.1222,2.5329,11.7646,10.6356,29.8692,1.09637,-215.687,239.498
330.08,10.1195,2.32447,11.7646,10.6356,29.9274,1.09637,-215.687,237.377
330.1,10.1201,2.31308,11.7187,10.8214,29.9275,1.09637,-215.687,235.25
330.12,10.1201,2.33821,11.7646,10.8214,30.2775,1.09637,-215.687,231.533
330.14,10.1163,2.32276,11.7646,10.7286,30.2775,1.09637,-215.687,230.472
330.16,10.1153,2.44133,11.6729,10.7285,30.3942,1.09637,-215.687,229.408
330.18,10.1153,2.46608,11.6729,10.8676,30.3942,1.09637,-215.687,225.167
330.2,10.1137,2.43496,11.7187,10.6823,30.3942,1.09637,-215.687,220.918
330.22,10.112,2.45774,11.7187,10.682,30.3359,1.11585,-215.687,219.85
330.24,10.1099,2.53441,11.7645,10.9139,30.3359,1.11585,-214.207,218.789
330.26,10.1099,2.52157,11.8104,10.9143,30.1029,1.10754,-214.204,211.895
330.28,10.1072,2.35965,11.8104,10.7285,30.1025,1.10753,-214.204,211.353
330.3,10.1067,2.47971,11.7646,10.7285,30.0443,1.10753,-214.204,210.823
330.32,10.1067,2.53331,11.7646,10.4963,29.9275,1.10753,-214.204,206.574
330.34,10.1062,2.40196,11.8104,10.2641,29.9275,1.10753,-214.204,202.325
330.36,10.1035,2.40195,11.8104,10.2641,29.811,1.10753,-214.204,198.614
330.38,10.1035,2.40682,11.9021,9.70673,29.8108,1.10753,-214.204,194.891
330.4,10.1014,2.437,11.9021,9.70673,30.2186,1.10753,-214.204,195.951
330.42,10.1019,2.40446,11.9021,9.19663,30.2192,1.12727,-214.204,200.195
330.44,10.0998,2.52414,11.948,9.19585,30.3942,1.1273,-214.204,204.45
330.46,10.0998,2.54203,11.948,8.77849,30.3942,1.10279,-214.122,204.45
330.48,10.0992,2.44118,11.9022,8.73148,30.3942,1.10276,-214.122,204.45
330.5,10.0992,2.52607,11.9021,8.73141,30.2775,1.10276,-214.122,201.263
330.52,10.0992,2.49384,11.9021,8.68504,30.2775,1.10276,-214.122,198.082
330.54,10.0955,2.42237,11.9479,8.68497,30.1028,1.10276,-214.122,199.668
330.56,10.0971,2.45151,11.948,8.77785,30.1025,1.10276,-214.122,201.263
330.58,10.0971,2.37027,11.9022,8.68511,29.986,1.10276,-214.122,202.854
330.6,10.0917,2.41655,11.9021,8.68497,29.9858,1.10276,-214.122,204.45
330.62,10.0939,2.46884,11.948,8.77785,29.9858,1.10276,-214.122,206.043
330.64,10.0923,2.52467,11.948,8.77785,29.9276,1.11289,-214.122,209.754
330.66,10.0923,2.51921,12.0397,8.8243,29.9275,1.11291,-215.687,213.477
330.68,10.0917,2.41313,12.0397,8.8243,30.1023,1.10639,-215.687,223.021
330.7,10.0901,2.50436,12.0397,8.77792,29.8113,1.10638,-215.687,218.794
330.72,10.0901,2.49346,12.0397,8.8243,29.8108,1.10638,-215.687,214.539
330.74,10.0901,2.32237,12.0397,8.8243,29.6943,1.10638,-215.687,217.721
330.76,10.0891,2.31844,12.1312,8.73155,29.6942,1.10638,-215.687,220.907
330.78,10.0901,2.34067,12.1314,8.73141,29.5775,1.10638,-215.687,222.505
330.8,10.0901,2.3248,12.0398,8.77778,29.5775,1.10638,-215.687,224.096
330.82,10.0837,2.38619,12.1772,8.77785,29.6358,1.10638,-215.687,227.284
330.84,10.0859,2.32265,12.1772,8.87074,29.6358,1.09277,-215.687,231.002
330.86,10.0859,2.34739,12.223,8.77799,29.6358,1.09277,-215.687,234.713
330.88,10.0837,2.46946,12.2231,8.77785,29.6942,1.09938,-213.834,241.091
330.9,10.0805,2.27767,12.3146,8.77785,29.6942,1.09938,-213.834,247.454
330.92,10.0805,2.23355,12.3148,8.77785,30.1019,1.09938,-213.834,249.054
330.94,10.0805,2.36714,12.1314,8.77785,30.1025,1.09938,-213.834,250.65
330.96,10.0789,2.42271,11.9025,8.77785,30.3355,1.09938,-213.834,250.12
330.98,10.0784,2.51345,11.9021,8.77785,30.3359,1.09938,-213.834,245.347
331,10.0784,2.53981,11.3519,8.77785,30.3942,1.09938,-213.834,240.56
331.02,10.0746,2.56904,11.3519,8.77785,31.035,1.09938,-213.834,238.439
331.04,10.0709,2.59507,10.3448,8.73148,31.0359,1.09938,-213.834,236.315
331.06,10.0709,2.62418,10.3433,8.73141,31.7943,1.10445,-213.834,233.126
331.08,10.0741,2.63618,9.42773,8.68504,31.7943,1.10445,-216.013,229.944
331.1,10.072,2.63619,8.87616,8.68497,33.3111,1.10161,-216.016,224.098
331.12,10.0682,2.65613,8.87616,8.73141,33.3111,1.10161,-216.016,232.064
331.14,10.0682,2.61379,8.55571,8.73141,35.1169,1.10161,-216.016,240.017
331.16,10.0688,2.52592,8.55522,8.73141,37.6865,1.10161,-216.016,239.498
331.18,10.0661,2.54625,8.55522,8.63866,37.6865,1.10161,-216.016,238.968
331.2,10.0661,2.45372,8.601,8.63852,39.6087,1.10161,-216.016,240.028
331.22,10.0645,2.33555,8.60107,8.68497,39.6117,1.10161,-216.016,241.091
331.24,10.0661,2.41848,8.69263,8.68497,39.2039,1.10161,-216.016,235.259
331.26,10.0661,2.43015,8.69277,8.63859,39.2033,1.10669,-216.016,236.31
331.28,10.0661,2.46226,8.96785,8.87074,35.353,1.1067,-216.016,237.374
331.3,10.0682,2.48909,8.96785,8.87074,31.9745,1.10114,-214.043,232.072
331.32,10.0682,2.26492,9.42633,8.87074,31.9693,1.10113,-214.04,226.753
331.34,10.0666,2.32818,9.93066,8.87074,29.9275,1.10113,-214.04,228.346
331.36,10.0666,2.34172,9.93066,8.73162,29.9275,1.10113,-214.04,229.937
331.38,10.0666,2.27602,10.6642,8.73141,29.1691,1.10113,-214.04,231.002
331.4,10.0666,2.31406,10.6642,8.82416,28.5866,1.10113,-214.04,235.774
331.42,10.0656,2.4443,11.5798,8.8243,28.5857,1.10113,-214.04,240.553
331.44,10.0677,2.38261,11.5812,8.8243,28.4107,1.10113,-214.04,246.402
331.46,10.0677,2.36326,12.0847,8.8243,28.4107,1.10113,-214.04,252.234
331.48,10.0677,2.40755,12.2228,8.8243,28.3525,1.10113,-214.04,247.471
331.5,10.0672,2.42656,12.2231,8.91718,28.3524,1.10021,-215.996,242.684
331.52,10.0698,2.42656,12.0399,8.91718,28.2941,1.10021,-215.996,239.503
331.54,10.0698,2.27726,12.0397,8.91718,28.294,1.10021,-215.996,237.907
331.56,10.0661,2.39395,11.7646,8.8243,28.294,1.10021,-215.996,236.312
331.58,10.0682,2.33705,11.7646,8.8243,28.294,1.10021,-215.996,235.251
331.6,10.0682,2.31149,11.6729,8.68497,28.294,1.10021,-215.996,234.188
331.62,10.0661,2.4414,11.5353,8.68497,28.2357,1.10021,-215.996,231.002
331.64,10.0672,2.49355,11.5353,8.87046,28.2357,1.10021,-215.996,227.82
331.66,10.0672,2.49067,11.3978,8.87074,28.4107,1.10021,-215.996,232.064
331.68,10.0666,2.41506,11.3978,8.82437,28.1777,1.0968,-215.996,226.761
331.7,10.0672,2.40669,11.352,8.73155,28.1774,1.0968,-215.996,221.451
331.72,10.0672,2.46601,11.3519,8.73141,28.3524,1.09772,-215.234,219.85
331.74,10.0672,2.42604,11.3519,8.68504,28.3524,1.09772,-215.234,218.259
331.76,10.0682,2.46722,11.2146,8.68497,28.4689,1.09772,-215.234,217.726
331.78,10.0645,2.4939,11.2144,8.59208,28.4691,1.09772,-215.234,213.477
331.8,10.0645,2.47523,11.2602,8.59208,28.7021,1.09772,-215.234,210.296
331.82,10.0666,2.41622,11.2602,8.45275,29.0524,1.09772,-215.234,210.291
331.84,10.0661,2.39144,11.2144,8.35986,29.0524,1.09772,-215.234,210.291
331.86,10.0661,2.35003,11.2144,8.35986,29.3437,1.09772,-215.234,210.291
331.88,10.0698,2.51125,11.2602,8.4063,29.3441,1.09772,-215.234,210.291
331.9,10.0677,2.45438,11.2145,8.4063,29.4606,1.10794,-215.234,216.654
331.92,10.0709,2.3535,11.2144,8.49905,29.4608,1.10073,-214.597,223.026
331.94,10.0709,2.34902,11.2144,8.49919,29.1691,1.10072,-214.596,222.505
331.96,10.0672,2.31476,11.2144,8.73106,28.7614,1.10072,-214.596,218.263
331.98,10.0709,2.4249,11.2602,8.96327,28.7607,1.10072,-214.596,214.015
332,10.0709,2.45933,11.2602,8.96363,28.5857,1.10072,-214.596,217.195
332.02,10.0688,2.38716,11.2145,9.28824,28.5857,1.10072,-214.596,220.376
332.04,10.0661,2.30062,11.1228,9.28873,28.3527,1.10072,-214.596,219.851
332.06,10.0661,2.32372,11.1227,9.5674,28.3524,1.10072,-214.596,219.319
332.08,10.0688,2.46733,11.3058,9.5674,28.4689,1.10072,-214.596,217.728
332.1,10.0677,2.44382,11.3061,9.79961,28.4691,1.10588,-214.596,214.539
332.12,10.0666,2.3863,11.0769,9.66028,28.4691,1.10588,-215.975,211.353
332.14,10.0666,2.37373,11.0769,9.66028,28.7021,1.105,-215.975,213.474
332.16,10.0682,2.33769,11.1227,9.5674,28.7024,1.105,-215.975,215.601
332.18,10.0677,2.36003,11.1227,9.5674,28.9937,1.105,-215.975,220.904
332.2,10.0677,2.37034,11.1227,9.33553,28.9941,1.105,-215.975,229.926
332.22,10.0682,2.41697,11.031,9.33518,29.1108,1.105,-215.975,232.595
332.24,10.0666,2.36122,11.031,9.24243,29.169,1.105,-215.975,232.064
332.26,10.0677,2.34138,11.031,8.77856,29.1691,1.105,-215.975,231.533
332.28,10.0677,2.41026,11.031,8.77785,29.2275,1.105,-215.975,232.064
332.3,10.0672,2.30454,11.031,8.45324,29.2275,1.105,-215.975,232.594
332.32,10.0682,2.34691,11.031,8.45275,29.1691,1.09983,-215.975,228.877
332.34,10.0682,2.33534,11.031,8.26697,29.1691,1.10613,-214.596,225.16
332.36,10.0688,2.32173,10.9395,8.26697,28.9944,1.10613,-214.596,229.932
332.38,10.0672,2.28274,10.9393,8.17409,28.9941,1.10613,-214.596,228.877
332.4,10.0672,2.29658,10.8935,8.22046,28.9941,1.10613,-214.596,227.817
332.42,10.0666,2.49135,10.8935,8.22053,28.7611,1.10613,-214.596,225.164
332.44,10.0677,2.50098,10.7101,8.0812,28.7607,1.10613,-214.596,222.505
332.46,10.0645,2.52611,10.2981,8.0812,28.7607,1.10613,-214.596,224.096
332.48,10.0645,2.55509,10.2974,8.17394,28.7607,1.10613,-214.596,226.749
332.5,10.0656,2.59685,9.97651,8.17409,28.9358,1.10613,-214.596,228.346
332.52,10.0661,2.60735,9.97651,8.17409,29.2853,1.09078,-214.596,233.118
332.54,10.0661,2.66789,9.65606,8.12771,29.2858,1.09076,-214.596,237.898
332.56,10.0666,2.52444,9.65557,8.12764,30.0442,1.088,-216.408,237.374
332.58,10.0672,2.48254,9.60979,8.08127,30.0442,1.088,-216.408,236.844
332.6,10.0672,2.46647,9.70142,8.0812,30.9193,1.088,-216.408,234.188
332.62,10.0645,2.44288,9.70142,8.0812,30.9193,1.088,-216.408,232.064
332.64,10.0666,2.3908,9.79297,8.0812,32.1425,1.088,-216.408,236.305
332.66,10.0645,2.42199,9.79311,8.03475,32.6111,1.088,-216.408,235.781
332.68,10.0645,2.43873,9.79311,8.03475,32.6111,1.088,-216.408,235.251
332.7,10.0666,2.51965,9.79311,8.03475,31.0966,1.088,-216.408,232.069
332.72,10.0682,2.4218,9.93066,8.03475,31.0943,1.088,-216.408,228.877
332.74,10.0682,2.4066,10.1595,8.03475,29.2885,1.09484,-216.408,229.408
332.76,10.0677,2.31207,10.1599,7.98838,29.2858,1.09304,-214.763,230.469
332.78,10.0709,2.26734,10.3433,7.98831,28.2357,1.09303,-214.76,227.284
332.8,10.0709,2.33052,10.3433,8.08106,28.061,1.09303,-214.76,226.224
332.82,10.0746,2.43901,10.5267,8.12764,28.0607,1.09303,-214.76,225.16
332.84,10.0746,2.47624,10.5267,8.12764,28.2357,1.09303,-214.76,226.222
332.86,10.072,2.45519,10.7098,8.17402,28.2357,1.09303,-214.76,227.283
332.88,10.072,2.50619,10.7101,8.17409,28.2357,1.09303,-214.76,226.222
332.9,10.0741,2.52835,10.7101,7.89585,28.2357,1.09303,-214.76,227.813
332.92,10.0746,2.55681,10.115,7.89542,28.7599,1.09303,-214.76,229.406
332.94,10.0746,2.52488,10.1141,7.89542,28.7024,1.07763,-214.76,221.974
332.96,10.072,2.51709,9.51894,7.9418,28.7024,1.07763,-215.973,214.551
332.98,10.0741,2.42067,9.51803,7.94187,29.2267,1.07672,-215.975,213.479
333,10.0768,2.41387,8.922,7.89542,29.2275,1.07672,-215.975,212.415
333.02,10.0768,2.40044,8.83045,7.89542,29.8099,1.07672,-215.975,209.764
333.04,10.073,2.38804,8.83031,7.98817,29.8108,1.07672,-215.975,211.351
333.06,10.0762,2.34767,8.73861,7.98831,30.6859,1.07672,-215.975,212.946
333.08,10.0762,2.34137,8.73861,8.12743,31.6179,1.07672,-215.975,212.946
333.1,10.0794,2.30896,8.73861,8.12764,31.6193,1.07672,-215.975,212.946
333.12,10.0869,2.62709,8.73861,8.12764,31.386,1.07672,-215.975,211.353
333.14,10.0869,2.60079,8.69283,8.08127,31.386,1.07672,-215.975,209.762
333.16,10.0912,2.38508,8.87616,8.0812,30.2192,1.06648,-215.975,216.664
333.18,10.0939,2.35003,8.87616,8.03483,30.2192,1.07487,-215.482,217.724
333.2,10.0939,2.28316,9.05927,8.03475,28.6465,1.07488,-215.481,218.786
333.22,10.0966,2.32113,9.05955,8.0812,27.8857,1.07488,-215.481,224.629
333.24,10.1067,2.3732,9.37999,8.0812,27.8857,1.07488,-215.481,230.462
333.26,10.1142,2.4207,9.38048,8.0812,27.5362,1.07488,-215.481,232.061
333.28,10.1142,2.4439,9.83896,8.0812,27.5356,1.07488,-215.481,233.657
333.3,10.1227,2.37562,10.3883,8.0812,27.3609,1.07488,-215.481,234.717
333.32,10.1324,2.34328,10.3891,8.12764,27.3606,1.07488,-215.481,233.126
333.34,10.1324,2.33093,10.8935,8.12764,27.3023,1.07488,-215.481,231.533
333.36,10.1345,2.42427,10.8935,8.08127,27.3023,1.053,-215.481,234.184
333.38,10.1361,2.54972,11.031,8.35986,27.3023,1.05297,-214.781,236.843
333.4,10.1414,2.54974,11.031,8.35986,27.477,1.06176,-214.781,239.494
333.42,10.1414,2.47196,10.8479,8.22074,27.4773,1.06177,-214.781,242.149
333.44,10.1446,2.47865,10.7559,8.22053,27.5356,1.06177,-214.781,246.402
333.46,10.1457,2.50662,10.7559,8.49877,27.5356,1.06177,-214.781,245.871
333.48,10.1457,2.53586,10.6186,8.49919,27.6521,1.06177,-214.781,241.629
333.5,10.1473,2.37248,10.6184,8.68497,27.769,1.06177,-214.781,240.56
333.52,10.1484,2.3501,10.4353,8.4531,27.769,1.06177,-214.781,239.5
333.54,10.1484,2.33347,10.3434,8.45275,27.6525,1.06177,-214.781,243.74
333.56,10.1511,2.38155,10.3433,8.63852,27.6523,1.06177,-214.781,247.995
333.58,10.1511,2.29536,10.2517,8.63852,27.3611,1.09355,-214.781,238.981
333.6,10.15,2.38012,10.2516,8.59208,27.3606,1.09941,-216.284,235.25
333.62,10.15,2.38729,10.2516,8.54564,26.9523,1.09941,-216.284,240.56
333.64,10.15,2.4374,10.2516,8.54564,26.7193,1.09941,-216.284,237.909
333.66,10.1521,2.32695,10.1141,8.4063,26.7189,1.09941,-216.284,235.25
333.68,10.1521,2.34402,10.1141,8.4063,26.4859,1.09941,-216.284,235.25
333.7,10.1521,2.32687,10.1598,8.63817,26.4856,1.09941,-216.284,235.25
333.72,10.1569,2.338,10.1599,8.63852,26.4856,1.09941,-216.284,233.126
333.74,10.1553,2.35557,10.1599,8.6849,26.3691,1.09941,-216.284,232.595
333.76,10.1553,2.39559,9.97679,8.73134,26.3689,1.09941,-216.284,232.064
333.78,10.1601,2.45955,9.97651,8.73141,26.4272,1.0661,-216.284,232.064
333.8,10.1597,2.30424,9.97651,8.77778,26.4272,1.0661,-216.284,232.064
333.82,10.1597,2.27001,9.97651,8.77785,26.4272,1.06711,-214.802,229.939
333.84,10.162,2.32989,9.97651,8.91718,26.4272,1.06711,-214.802,227.815
333.86,10.158,2.30278,9.93073,8.91718,26.4855,1.06711,-214.802,224.104
333.88,10.158,2.30096,9.93066,9.19585,26.4856,1.06711,-214.802,220.381
333.9,10.162,2.39736,9.88488,9.28859,26.5438,1.06711,-214.802,220.381
333.92,10.1615,2.39751,9.88481,9.28873,26.7186,1.06711,-214.802,222.502
333.94,10.1615,2.41482,9.93066,9.42806,26.7189,1.06711,-214.802,224.629
333.96,10.1615,2.38813,9.93066,9.42806,26.4859,1.06711,-214.802,224.099
333.98,10.1615,2.42252,9.93066,9.33532,26.4856,1.06711,-214.802,223.568
334,10.1615,2.35945,10.0224,9.33518,26.6022,1.0638,-214.802,229.408
334.02,10.1615,2.32463,10.0224,9.42792,26.6022,1.06583,-216.487,235.771
334.04,10.1624,2.40517,10.0224,9.38169,26.7187,1.06583,-216.49,233.13
334.06,10.1629,2.47361,10.0224,9.38162,26.6022,1.06583,-216.49,236.312
334.08,10.1629,2.51088,10.0681,9.33525,26.6022,1.06583,-216.49,239.493
334.1,10.1611,2.35887,10.0682,9.33518,26.4856,1.06583,-216.49,239.498
334.12,10.1597,2.37349,10.0224,8.96363,26.4856,1.06583,-216.49,239.498
334.14,10.1615,2.37349,10.0681,8.96363,26.3691,1.06583,-216.49,239.498
334.16,10.1615,2.31221,10.0682,8.96363,26.3689,1.06583,-216.49,240.56
334.18,10.1638,2.27052,9.97665,8.77814,26.3689,1.06583,-216.49,241.621
334.2,10.1597,2.32321,9.97651,8.77785,26.4854,1.03798,-216.49,243.743
334.22,10.1597,2.32004,9.93066,8.54564,26.4856,1.03794,-214.554,245.871
334.24,10.1624,2.30812,10.0222,8.54564,26.3691,1.04213,-214.554,242.689
334.26,10.162,2.27006,10.0224,8.31377,26.3689,1.04214,-214.554,239.503
334.28,10.162,2.27728,10.0224,8.31342,26.6022,1.04214,-214.554,247.464
334.3,10.1611,2.37334,10.0224,8.22067,26.6022,1.04214,-214.554,252.766
334.32,10.1601,2.31505,10.0224,8.26697,26.3689,1.04214,-214.554,258.084
334.34,10.1601,2.31663,10.0224,8.26697,26.6022,1.04214,-214.554,260.209
334.36,10.1601,2.27518,9.97658,8.17423,26.6022,1.04214,-214.554,262.33
334.38,10.162,2.35985,10.1141,8.17409,26.4272,1.04214,-214.554,260.209
334.4,10.1611,2.33744,10.1141,8.12771,26.4272,1.04214,-214.554,258.088
334.42,10.1611,2.3174,10.1141,8.12764,26.4272,1.05516,-214.554,252.782
334.44,10.1606,2.36782,10.1141,8.22053,26.4272,1.06254,-216.058,246.402
334.46,10.1615,2.35289,10.1598,8.08141,26.4272,1.06254,-216.058,240.039
334.48,10.1592,2.35148,10.1599,8.0812,26.4272,1.06254,-216.058,235.787
334.5,10.1592,2.32179,10.2974,8.12764,26.4272,1.06254,-216.058,231.533
334.52,10.1615,2.3659,10.3432,8.12764,26.6602,1.06254,-216.058,227.291
334.54,10.1606,2.47565,10.3433,8.17402,26.6606,1.06254,-216.058,223.042
334.56,10.1606,2.47533,10.3891,8.17409,26.7189,1.06254,-216.058,220.912
334.58,10.1597,2.47065,10.3891,8.17409,26.7772,1.06254,-216.058,218.791
334.6,10.1606,2.34185,10.435,8.17409,26.7772,1.06254,-216.058,216.664
334.62,10.1606,2.35519,10.435,8.0812,27.1856,1.07067,-216.058,215.07
334.64,10.1606,2.3239,10.435,8.17394,27.1856,1.07067,-214.927,213.48
334.66,10.1601,2.44593,10.5725,8.17409,27.3023,1.07277,-214.925,212.415
334.68,10.1601,2.50814,10.5725,8.12771,27.3023,1.07277,-214.925,211.355
334.7,10.1597,2.47103,10.7099,8.12764,27.477,1.07277,-214.925,203.4
334.72,10.1624,2.43529,10.7101,8.03475,27.3606,1.07277,-214.925,199.139
334.74,10.1615,2.30645,10.6185,8.03475,27.3606,1.07277,-214.925,194.897
334.76,10.1615,2.29399,10.6184,8.03475,27.3606,1.07277,-214.925,186.938
334.78,10.1601,2.42875,10.6184,7.94187,27.3606,1.07277,-214.925,178.96
334.8,10.1606,2.40821,10.3895,7.94187,27.4771,1.07277,-214.925,177.369
334.82,10.1606,2.42261,10.3891,8.0812,27.4773,1.05819,-214.925,175.774
334.84,10.1606,2.45377,9.88481,8.0812,27.594,1.05819,-214.925,177.898
334.86,10.1611,2.44268,9.88481,7.94208,28.526,1.06466,-214.699,182.67
334.88,10.1611,2.44266,9.47218,8.03475,28.5274,1.06467,-214.699,187.456
334.9,10.1592,2.45443,9.47218,8.03475,29.6341,1.06467,-214.699,189.577
334.92,10.1611,2.46193,9.38062,7.80289,29.6358,1.06467,-214.699,191.702
334.94,10.1601,2.43232,9.24294,7.80254,31.1526,1.06467,-214.699,197.015
334.96,10.1601,2.40321,9.24294,7.98803,31.1526,1.06467,-214.699,202.317
334.98,10.1597,2.29509,9.28872,7.98831,33.4826,1.06467,-214.699,205.507
335,10.162,2.33553,9.28879,7.84898,34.7696,1.06467,-214.699,206.574
335.02,10.162,2.34024,9.24301,7.84898,34.7696,1.06467,-214.699,207.634
335.04,10.1624,2.45658,9.24294,7.84898,34.0123,1.06627,-214.699,210.287
335.06,10.1629,2.45676,9.51803,7.84898,34.0112,1.06627,-217.149,212.946
335.08,10.1629,2.43631,9.65536,7.84898,30.691,1.06953,-217.149,215.067
335.1,10.1601,2.33863,9.65557,7.75609,30.6859,1.06954,-217.149,217.195
335.12,10.1643,2.31649,10.0224,7.75609,28.294,1.06954,-217.149,220.912
335.14,10.1689,2.27668,10.0224,7.75609,27.3038,1.06954,-217.149,219.851
335.16,10.169,2.32324,10.2974,7.75609,27.3023,1.06954,-217.149,218.788
335.18,10.1741,2.35949,10.2974,7.75609,27.1275,1.06954,-217.149,222.499
335.2,10.1759,2.36709,10.8468,7.66335,27.1273,1.06954,-217.149,226.217
335.22,10.1759,2.3566,10.8476,7.66321,27.1856,1.06954,-217.149,227.284
335.24,10.1801,2.49404,11.2138,7.66321,27.1856,1.07594,-217.149,228.345
335.26,10.1838,2.48577,11.5348,7.66321,27.4186,1.07595,-217.149,227.286
335.28,10.1833,2.48725,11.5353,7.47743,27.7107,1.07163,-215.049,225.691
335.3,10.1833,2.43917,11.398,7.61655,27.7107,1.07163,-215.049,224.1
335.32,10.1824,2.37117,11.3978,7.61676,27.8273,1.07163,-215.049,223.036
335.34,10.182,2.38993,11.3519,7.47743,27.8273,1.07163,-215.049,221.974
335.36,10.182,2.33823,11.3519,7.47743,28.0021,1.07163,-215.049,220.383
335.38,10.1889,2.42207,11.2602,7.47743,28.0023,1.07163,-215.049,218.788
335.4,10.1926,2.43875,11.1229,7.47743,28.1188,1.07163,-215.049,224.09
335.42,10.1926,2.40871,11.1227,7.43106,28.119,1.07163,-215.049,227.81
335.44,10.1936,2.40758,11.0769,7.57032,27.8273,1.07163,-215.049,231.533
335.46,10.1963,2.45334,11.0769,7.57032,27.7108,1.07808,-215.049,232.063
335.48,10.1996,2.28538,10.9853,7.52395,27.7107,1.07809,-217.125,232.594
335.5,10.1996,2.34228,10.8935,7.52387,27.419,1.07809,-217.128,234.188
335.52,10.1996,2.41848,10.8935,7.57025,27.419,1.07809,-217.128,235.779
335.54,10.1996,2.36521,10.8935,7.57032,27.3025,1.07809,-217.128,229.418
335.56,10.1996,2.3708,10.8935,7.57032,27.3023,1.07809,-217.128,231.533
335.58,10.2033,2.42884,10.985,7.66306,27.4188,1.07809,-217.128,233.654
335.6,10.2042,2.42475,10.9852,7.66321,27.594,1.07809,-217.128,234.719
335.62,10.2042,2.42427,10.8476,7.66321,27.594,1.07809,-217.128,235.781
335.64,10.2056,2.34374,10.8476,7.66321,27.827,1.07809,-217.128,235.781
335.66,10.2112,2.37312,10.8476,7.70965,27.8273,1.07809,-217.128,235.781
335.68,10.2131,2.35444,10.9392,7.70965,27.7108,1.07164,-217.128,241.083
335.7,10.2131,2.33272,10.9393,7.70965,27.6524,1.07378,-215.093,244.273
335.72,10.2135,2.35607,10.9852,7.75609,27.6523,1.07379,-215.09,247.464
335.74,10.2163,2.23334,10.9852,7.75609,27.9436,1.07379,-215.09,253.296
335.76,10.2163,2.24824,11.0309,7.80247,27.944,1.07379,-215.09,259.138
335.78,10.2182,2.28213,11.1686,7.80254,27.8857,1.07379,-215.09,260.209
335.8,10.2168,2.31334,11.1686,7.94166,27.8857,1.07379,-215.09,261.269
335.82,10.2168,2.29497,11.1227,7.94187,27.944,1.07379,-215.09,258.616
335.84,10.2168,2.41883,11.1227,8.12764,27.8273,1.07379,-215.09,253.836
335.86,10.2182,2.50418,11.1227,8.26676,27.8273,1.07379,-215.09,249.064
335.88,10.2196,2.40618,11.1227,8.26697,27.5356,1.08185,-215.09,250.65
335.9,10.2196,2.43868,11.1227,8.31335,27.5356,1.08185,-216.652,252.241
335.92,10.2205,2.3405,10.848,8.31342,27.3026,1.07441,-216.655,254.364
335.94,10.221,2.38804,10.8476,8.4063,27.3023,1.0744,-216.655,253.836
335.96,10.221,2.3961,10.7103,8.4063,27.1275,1.0744,-216.655,255.957
335.98,10.22,2.39143,10.7101,8.31356,27.1855,1.0744,-216.655,262.323
336,10.2219,2.27447,10.5725,8.4063,27.1856,1.0744,-216.655,268.705
336.02,10.221,2.36035,10.5725,8.4063,26.9526,1.0744,-216.655,267.645
336.04,10.221,2.35861,10.5268,8.4063,26.9523,1.0744,-216.655,266.583
336.06,10.221,2.41473,10.3433,8.4063,26.9523,1.0744,-216.655,272.423
336.08,10.2214,2.26935,10.3433,8.35993,26.9523,1.08253,-216.655,274.543
336.1,10.2214,2.26958,10.3433,8.35986,26.9523,1.08254,-216.655,272.954
336.12,10.2242,2.35044,10.3433,8.35986,26.8939,1.07527,-216.037,275.609
336.14,10.2251,2.31716,10.3433,8.45261,26.8939,1.07527,-216.037,278.26
336.16,10.2251,2.29411,10.3433,8.45275,26.6606,1.07527,-216.037,273.485
336.18,10.2228,2.37103,10.3433,8.31363,26.6606,1.07527,-216.037,268.713
336.2,10.2247,2.36982,10.2517,8.31342,26.2528,1.07527,-216.037,269.236
336.22,10.2284,2.25264,10.2516,8.4063,26.2522,1.07527,-216.037,269.767
336.24,10.2284,2.30554,10.4805,8.4063,26.0775,1.07527,-216.037,271.358
336.26,10.2316,2.26245,10.4808,8.31356,26.0189,1.07527,-216.037,270.83
336.28,10.2316,2.32639,10.435,8.26697,26.0188,1.07527,-216.037,270.298
336.3,10.2316,2.33829,10.435,8.26697,25.7276,1.07363,-216.037,269.238
336.32,10.2321,2.33877,10.5725,8.31342,25.7272,1.07363,-214.966,268.174
336.34,10.2312,2.28427,10.5725,8.31342,25.6105,1.0685,-214.966,269.767
336.36,10.2312,2.27849,10.5725,7.98881,25.6105,1.0685,-214.966,274.009
336.38,10.2302,2.29967,10.6184,7.98831,25.6105,1.0685,-214.966,279.326
336.4,10.2321,2.4567,10.6184,7.89557,25.494,1.0685,-214.966,274.554
336.42,10.2312,2.30151,10.5268,7.66356,25.4938,1.0685,-214.966,269.775
336.44,10.2312,2.25689,10.5267,7.66321,25.5521,1.0685,-214.966,267.112
336.46,10.2302,2.41268,10.4809,7.47771,25.5521,1.0685,-214.966,264.461
336.48,10.2312,2.32374,10.3893,7.47743,25.4356,1.0685,-214.966,257.564
336.5,10.2312,2.31725,10.3891,7.47743,25.4355,1.07676,-214.966,254.367
336.52,10.2293,2.38383,10.3891,7.47743,25.4355,1.07676,-214.966,253.307
336.54,10.2298,2.426,10.3891,7.5238,25.2607,1.07474,-216.817,249.594
336.56,10.2312,2.43738,10.3891,7.47743,25.2605,1.07474,-216.819,245.871
336.58,10.2312,2.36315,10.3891,7.47743,25.4352,1.07474,-216.819,246.931
336.6,10.2302,2.41842,10.2974,7.47743,25.4355,1.07474,-216.819,247.995
336.62,10.2307,2.4146,10.2516,7.47743,25.5521,1.07474,-216.819,246.933
336.64,10.2307,2.38641,10.2516,7.47743,25.5521,1.07474,-216.819,245.872
336.66,10.2312,2.30998,10.3433,7.47743,25.7272,1.07474,-216.819,240.56
336.68,10.2302,2.37804,10.3433,7.47743,25.9019,1.07474,-216.819,242.151
336.7,10.2302,2.30796,10.3433,7.57018,25.9022,1.07474,-216.819,243.744
336.72,10.2312,2.34568,10.3433,7.57032,26.1355,1.07143,-216.819,241.622
336.74,10.2316,2.39471,10.3433,7.52394,26.1355,1.07143,-214.846,239.501
336.76,10.2312,2.37743,10.5264,7.52387,26.3103,1.07548,-214.843,236.317
336.78,10.2312,2.37086,10.5267,7.66321,26.3105,1.07549,-214.843,233.126
336.8,10.2307,2.40128,10.4809,7.66321,26.2523,1.07549,-214.843,228.884
336.82,10.2316,2.3065,10.4808,7.57032,26.1939,1.07549,-214.843,225.16
336.84,10.2316,2.30282,10.6184,7.66321,26.1939,1.07549,-214.843,221.443
336.86,10.2307,2.29412,10.6184,7.66321,26.4269,1.07549,-214.843,227.275
336.88,10.2307,2.30142,10.6642,7.61676,26.4272,1.07549,-214.843,233.126
336.9,10.2307,2.33714,10.8473,7.61676,26.4272,1.07549,-214.843,236.307
336.92,10.2298,2.31608,10.8476,7.94137,26.4272,1.05254,-214.843,238.963
336.94,10.2302,2.33894,10.7559,7.94187,26.7189,1.0525,-214.843,239.498
336.96,10.2302,2.3875,10.7559,7.98824,26.8354,1.06196,-216.899,237.907
336.98,10.2302,2.37607,10.7101,8.08106,26.8356,1.06198,-216.902,236.314
337,10.2307,2.44753,10.7101,8.0812,26.8939,1.06198,-216.902,234.719
337.02,10.2312,2.46885,10.4354,8.31306,26.8939,1.06198,-216.902,233.128
337.04,10.2312,2.43814,10.023,8.31342,27.3017,1.06198,-216.902,231.005
337.06,10.2307,2.5416,10.0224,8.0812,27.3023,1.06198,-216.902,228.877
337.08,10.2312,2.49683,9.70191,8.17394,27.5353,1.06198,-216.902,229.938
337.1,10.2312,2.48401,9.70142,8.17409,28.294,1.06198,-216.902,226.222
337.12,10.2316,2.60657,9.65557,8.26697,28.294,1.06198,-216.902,222.505
337.14,10.2298,2.58827,9.65557,8.26697,28.8765,1.05713,-216.902,225.686
337.16,10.2316,2.41456,9.51803,8.22053,28.8774,1.05712,-215.522,228.877
337.18,10.2316,2.33473,9.60958,8.22053,29.6347,1.06141,-215.522,236.831
337.2,10.2321,2.48128,9.60972,8.31327,29.6358,1.06142,-215.522,238.964
337.22,10.2349,2.46654,9.70142,8.22053,30.2192,1.06142,-215.522,241.091
337.24,10.2349,2.4589,9.70142,8.22053,29.695,1.06142,-215.522,241.091
337.26,10.2344,2.37186,9.65564,8.31327,29.6942,1.06142,-215.522,241.091
337.28,10.2363,2.48885,9.65557,8.31342,28.4691,1.06142,-215.522,237.905
337.3,10.2349,2.50625,9.7929,8.08155,28.4691,1.06142,-215.522,234.724
337.32,10.2349,2.33085,10.1141,8.0812,27.419,1.06142,-215.522,236.312
337.34,10.2358,2.18333,10.1141,8.0812,27.419,1.08082,-215.522,235.25
337.36,10.2363,2.34472,10.3429,8.0812,27.186,1.08082,-215.522,234.189
337.38,10.2363,2.41562,10.3433,8.12764,27.1273,1.06521,-215.769,235.781
337.4,10.2372,2.36415,10.7095,8.08127,27.1273,1.06521,-215.769,237.372
337.42,10.2381,2.25102,10.7101,8.0812,26.6613,1.06521,-215.769,237.374
337.44,10.2381,2.24611,11.1686,8.12764,26.6606,1.06521,-215.769,237.374
337.46,10.2368,2.36349,11.489,8.12764,26.5441,1.06521,-215.769,236.314
337.48,10.2367,2.39023,11.4895,8.12764,26.5439,1.06521,-215.769,236.312
337.5,10.2363,2.2491,11.4436,8.12764,26.3105,1.06521,-215.769,236.312
337.52,10.2363,2.2439,11.4436,8.17402,26.194,1.06521,-215.769,241.614
337.54,10.2372,2.30016,11.3979,8.12771,26.1939,1.06521,-215.769,246.925
337.56,10.2372,2.36807,11.3978,8.12764,26.0188,1.09501,-215.769,243.215
337.58,10.2372,2.36148,11.3062,8.26676,26.0188,1.09501,-215.338,239.504
337.6,10.2363,2.34967,11.2602,8.26697,25.8438,1.07942,-215.337,227.815
337.62,10.2367,2.33601,11.2602,8.22053,25.8438,1.07942,-215.337,224.629
337.64,10.2367,2.3447,11.306,8.22053,26.0186,1.07942,-215.337,221.448
337.66,10.2354,2.41209,11.3061,8.22053,26.0188,1.07942,-215.337,223.567
337.68,10.2372,2.33544,11.2145,8.31328,26.0188,1.07942,-215.337,225.688
337.7,10.2372,2.35397,11.2144,8.31342,26.1353,1.07942,-215.337,226.221
337.72,10.2372,2.3526,11.2144,8.26697,26.1355,1.07942,-215.337,226.753
337.74,10.2358,2.37287,11.2144,8.26697,26.1355,1.07942,-215.337,228.874
337.76,10.2377,2.48532,11.2144,8.2206,26.1355,1.04923,-215.337,234.18
337.78,10.2377,2.44839,11.2144,8.22053,26.0188,1.04918,-215.337,235.781
337.8,10.2367,2.29844,11.2144,8.08141,25.9606,1.05213,-214.802,236.841
337.82,10.2372,2.32762,11.1227,8.0812,25.9605,1.05214,-214.802,237.905
337.84,10.2372,2.34986,11.3061,8.0812,25.7272,1.05214,-214.802,239.498
337.86,10.2381,2.37458,11.3061,8.03483,25.7272,1.05214,-214.802,241.089
337.88,10.2363,2.32696,11.3061,8.03475,25.7272,1.05214,-214.802,249.057
337.9,10.2358,2.45224,11.3061,8.1275,25.7854,1.05214,-214.802,253.829
337.92,10.2358,2.41318,11.123,8.0349,25.7855,1.05214,-214.802,258.608
337.94,10.2381,2.31795,11.1227,8.03475,25.8438,1.05214,-214.802,257.553
337.96,10.2372,2.30688,10.9854,8.17387,25.8438,1.05214,-214.802,256.493
337.98,10.2372,2.30775,10.9852,8.17409,26.0768,1.03885,-214.802,256.491
338,10.2363,2.37938,11.031,8.26697,26.0772,1.04184,-216.119,256.491
338.02,10.2372,2.30373,10.7563,8.26697,26.2519,1.04184,-216.119,258.082
338.04,10.2367,2.31248,10.7559,8.45246,26.6599,1.04184,-216.119,264.447
338.06,10.2367,2.41895,10.5725,8.54564,26.6606,1.04184,-216.119,270.829
338.08,10.2363,2.36022,10.5725,8.54564,27.1266,1.04184,-216.119,269.239
338.1,10.2367,2.52971,10.5725,8.49919,27.1273,1.04184,-216.119,267.643
338.12,10.2367,2.50341,10.5725,8.49919,27.3023,1.04184,-216.119,269.236
338.14,10.2367,2.38181,10.5268,8.49919,27.3023,1.04184,-216.119,270.827
338.16,10.2391,2.43942,10.6642,8.49919,27.5356,1.04184,-216.119,267.643
338.18,10.2391,2.46985,10.6642,8.45282,27.5356,1.05675,-216.119,264.462
338.2,10.2381,2.31268,10.6642,8.40637,27.7104,1.05678,-216.119,264.987
338.22,10.2386,2.34193,10.6642,8.4063,27.594,1.04988,-214.431,261.271
338.24,10.2368,2.54135,10.8016,8.4063,27.594,1.04988,-214.431,257.559
338.26,10.2367,2.50417,10.8018,8.4063,27.3027,1.04988,-214.431,262.326
338.28,10.2377,2.40299,10.9852,8.35986,27.3023,1.04988,-214.431,267.112
338.3,10.2358,2.38787,11.1225,8.35986,27.0693,1.04988,-214.431,266.582
338.32,10.2358,2.38309,11.1227,8.31342,27.0689,1.04988,-214.431,266.05
338.34,10.2372,2.37377,11.2144,8.26697,27.244,1.04988,-214.431,265.519
338.36,10.2377,2.4067,11.2144,8.26697,27.3022,1.04988,-214.431,266.049
338.38,10.2377,2.44097,11.3978,8.22053,27.3023,1.04988,-214.431,266.581
338.4,10.2367,2.43871,11.3978,8.22053,27.4188,1.09195,-214.431,267.111
338.42,10.2358,2.46187,11.3062,8.17416,27.419,1.09201,-216.076,267.642
338.44,10.2372,2.48505,11.1227,8.17409,27.7107,1.06593,-216.078,268.174
338.46,10.2372,2.47548,11.1227,8.17409,27.7107,1.06593,-216.078,262.342
338.48,10.2377,2.35679,10.9854,8.22046,27.8854,1.06593,-216.078,256.5
338.5,10.2367,2.4563,10.9852,8.22053,28.3524,1.06593,-216.078,255.429
338.52,10.2367,2.4712,10.8478,8.22053,28.3524,1.06593,-216.078,254.369
338.54,10.2358,2.54354,10.7561,8.22053,28.6436,1.06593,-216.078,254.367
338.56,10.2358,2.52469,10.7559,8.03475,28.6441,1.06593,-216.078,254.367
338.58,10.2358,2.4047,10.527,8.03475,29.2266,1.06593,-216.078,254.897
338.6,10.2372,2.42166,10.5267,8.0812,29.2275,1.06072,-216.078,258.084
338.62,10.2354,2.39264,10.5725,8.0812,29.2858,1.06072,-216.078,261.271
338.64,10.2367,2.35096,10.5725,8.0812,28.878,1.07669,-214.618,263.922
338.66,10.2367,2.38189,10.5725,8.03475,28.8774,1.07672,-214.616,266.581
338.68,10.2381,2.374,10.5725,8.03475,28.5862,1.07672,-214.616,259.688
338.7,10.2377,2.24918,10.5725,7.89564,28.5857,1.07672,-214.616,252.785
338.72,10.2377,2.2513,10.6184,7.89542,28.4691,1.07672,-214.616,252.774
338.74,10.2372,2.41028,10.6184,7.9418,28.3526,1.07672,-214.616,257.016
338.76,10.2386,2.30939,10.8473,7.94187,28.3524,1.07672,-214.616,261.264
338.78,10.2381,2.32116,10.8476,7.94187,27.8857,1.07672,-214.616,263.395
338.8,10.2381,2.39844,10.9392,7.98824,27.8857,1.07672,-214.616,265.516
338.82,10.2367,2.40588,11.1686,7.98831,27.6523,1.03592,-214.616,267.643
338.84,10.2367,2.41005,11.1686,7.89542,27.6523,1.05949,-214.863,269.767
338.86,10.2367,2.36736,11.3059,7.89542,27.5358,1.05949,-214.863,276.66
338.88,10.2381,2.37985,11.3061,7.89542,27.3606,1.05949,-214.863,277.733
338.9,10.2363,2.36479,11.3061,7.89542,27.3606,1.05949,-214.863,278.793
338.92,10.2363,2.39018,11.3061,8.08092,27.4189,1.05949,-214.863,280.916
338.94,10.2363,2.37276,11.2602,8.0812,27.419,1.05949,-214.863,283.043
338.96,10.2386,2.30435,11.3976,8.0812,27.4772,1.05949,-214.863,285.164
338.98,10.2386,2.22586,11.3978,8.26669,27.4773,1.05949,-214.863,287.288
339,10.2381,2.28099,11.2602,8.26697,27.6523,1.05949,-214.863,285.698
339.02,10.2368,2.26954,11.2602,8.2206,27.7688,1.04304,-214.863,286.759
339.04,10.2367,2.36039,11.2145,8.22053,27.769,1.04301,-214.863,287.821
339.06,10.2367,2.39781,11.2144,8.22053,27.769,1.0379,-214.328,286.23
339.08,10.2386,2.34287,11.2144,8.2669,27.769,1.0379,-214.328,284.639
339.1,10.2367,2.29669,11.1227,8.26697,28.0023,1.0379,-214.328,286.23
339.12,10.2367,2.30623,11.1227,8.31342,28.0023,1.0379,-214.328,287.823
339.14,10.2377,2.40589,11.1227,8.31342,28.0023,1.0379,-214.328,288.883
339.16,10.2363,2.42608,11.1227,8.26697,28.2357,1.0379,-214.328,283.043
339.18,10.2381,2.42608,11.2143,8.26697,28.2357,1.0379,-214.328,277.211
339.2,10.2381,2.42136,11.2144,8.26697,28.1192,1.0379,-214.328,274.021
339.22,10.2377,2.38306,11.0769,8.22053,28.119,1.0379,-214.328,270.829
339.24,10.2358,2.24892,11.0769,8.22053,27.8278,1.06106,-214.328,276.132
339.26,10.2358,2.25529,11.0769,8.22053,27.8273,1.06912,-213.3,281.442
339.28,10.2395,2.32202,11.031,8.22053,27.8273,1.06914,-213.298,279.326
339.3,10.2372,2.284,11.031,8.22053,27.5361,1.06914,-213.298,278.796
339.32,10.2372,2.3015,11.0769,8.35986,27.5356,1.06914,-213.298,278.264
339.34,10.2377,2.35681,11.0769,8.35986,27.4773,1.06914,-213.298,280.388
339.36,10.2377,2.31958,11.0311,8.35986,27.4773,1.06914,-213.298,282.509
339.38,10.2381,2.21736,10.9852,8.35986,27.244,1.06914,-213.298,279.326
339.4,10.2381,2.22982,10.9852,8.45261,27.244,1.06914,-213.298,276.145
339.42,10.2405,2.28165,11.0309,8.45275,27.244,1.06914,-213.298,281.972
339.44,10.2377,2.37133,11.031,8.59208,27.0689,1.06089,-213.298,278.264
339.46,10.2377,2.36854,11.031,8.68482,27.0689,1.06089,-213.298,274.552
339.48,10.2372,2.35922,11.031,8.68497,26.8359,1.07018,-215.56,274.547
339.5,10.2377,2.34058,10.8935,8.63852,26.8356,1.0702,-215.563,274.547
339.52,10.2377,2.3447,10.8935,8.63852,26.9521,1.0702,-215.563,271.365
339.54,10.2377,2.29689,10.8935,8.87039,26.9523,1.0702,-215.563,268.179
339.56,10.2391,2.40864,10.8476,8.87074,27.0106,1.0702,-215.563,266.05
339.58,10.2386,2.39353,10.8476,8.87074,27.1853,1.0702,-215.563,270.292
339.6,10.2386,2.34927,10.8476,8.96363,27.1856,1.0702,-215.563,274.547
339.62,10.2391,2.40746,10.8476,8.96363,27.419,1.0702,-215.563,274.547
339.64,10.2391,2.40746,10.7561,8.82451,27.419,1.0702,-215.563,274.547
339.66,10.2391,2.39894,10.7559,8.8243,27.4773,1.07674,-215.563,267.112
339.68,10.2386,2.40134,10.7559,8.96342,27.4773,1.07882,-213.199,259.689
339.7,10.2381,2.48228,10.7559,8.96363,27.7103,1.07882,-213.195,256.496
339.72,10.2372,2.45992,10.7559,9.01007,27.7107,1.07882,-213.195,252.243
339.74,10.2372,2.38914,10.7559,8.91733,27.7107,1.07882,-213.195,248.001
339.76,10.2391,2.45296,10.7559,8.91718,27.7107,1.07882,-213.195,247.995
339.78,10.2363,2.36495,10.6642,8.96363,27.7107,1.07882,-213.195,247.995
339.8,10.2363,2.33465,10.71,8.96363,27.6524,1.07882,-213.195,245.874
339.82,10.2386,2.4481,10.7101,8.91718,27.6523,1.07882,-213.195,243.746
339.84,10.2391,2.42723,10.7101,8.91718,27.244,1.07882,-213.195,238.967
339.86,10.2391,2.37844,10.7101,8.91718,27.1857,1.09682,-213.195,240.028
339.88,10.2377,2.33304,10.7101,8.91718,27.1856,1.09684,-213.195,241.091
339.9,10.2367,2.43382,10.7101,8.91718,26.8944,1.09684,-214.491,243.742
339.92,10.2391,2.44065,10.6643,8.82444,26.8939,1.09684,-214.493,246.398
339.94,10.2391,2.45404,10.8476,8.8243,26.6606,1.09684,-214.493,250.65
339.96,10.2386,2.41925,10.8476,8.87067,26.6606,1.09684,-214.493,254.892
339.98,10.2354,2.38216,10.7561,8.87074,26.2528,1.09684,-214.493,252.777
340,10.2354,2.40274,10.7559,8.8243,25.9605,1.09684,-214.493,246.402
340.02,10.2377,2.46592,10.8475,8.8243,25.9605,1.09684,-214.493,240.039
340.04,10.2363,2.42542,10.8476,8.8243,25.9605,1.09684,-214.493,238.969
340.06,10.2363,2.42486,10.8476,8.77785,25.9605,1.09684,-214.493,237.905
340.08,10.2395,2.45326,10.8476,8.77785,25.9023,1.06583,-214.493,241.086
340.1,10.2395,2.38116,10.8476,8.77785,25.9022,1.0754,-212.639,240.029
340.12,10.2372,2.4568,10.8476,8.77785,26.0772,1.0754,-212.639,238.967
340.14,10.2372,2.46272,10.8476,8.73148,26.3102,1.0754,-212.639,244.8
340.16,10.2377,2.40939,10.8018,8.77785,26.3105,1.0754,-212.639,250.65
340.18,10.2395,2.41761,10.8018,8.77785,26.427,1.0754,-212.639,247.469
340.2,10.2395,2.39124,10.8475,8.73148,26.4272,1.0754,-212.639,244.282
340.22,10.2358,2.43847,10.8018,8.73141,26.8939,1.0754,-212.639,247.464
340.24,10.2405,2.32503,10.8018,8.73141,26.8939,1.0754,-212.639,251.175
340.26,10.2386,2.34096,10.7102,8.73141,26.8939,1.0754,-212.639,251.181
340.28,10.2386,2.3736,10.7101,8.63852,26.7189,1.09156,-212.639,247.464
340.3,10.2368,2.43964,10.6643,8.77764,26.7189,1.09156,-212.639,243.752
340.32,10.2377,2.32445,10.6642,8.77785,26.2522,1.10339,-213.216,240.56
340.34,10.2377,2.33161,10.6642,8.73141,26.2522,1.10339,-213.216,237.374
340.36,10.24,2.39041,10.6184,8.73141,25.8445,1.10339,-213.216,238.434
340.38,10.2367,2.32592,10.6184,8.63852,25.8438,1.10339,-213.216,234.719
340.4,10.2367,2.36401,10.5726,8.63852,25.7273,1.10339,-213.216,231.537
340.42,10.2386,2.4473,10.5725,8.59215,25.4359,1.10339,-213.216,235.244
340.44,10.2395,2.32944,10.435,8.63852,25.4355,1.10339,-213.216,238.967
340.46,10.2395,2.47471,10.435,8.63852,25.4355,1.10339,-213.216,238.437
340.48,10.2395,2.44281,10.3892,8.63852,25.4355,1.10339,-213.216,237.906
340.5,10.2363,2.40983,10.3433,8.63852,25.3771,1.05893,-213.216,238.967
340.52,10.2377,2.48556,10.3433,8.6849,25.3771,1.04883,-213.401,241.618
340.54,10.2377,2.48568,10.1602,8.68497,25.2606,1.04881,-213.401,244.273
340.56,10.2377,2.30039,10.1599,8.68497,25.4938,1.04881,-213.401,245.34
340.58,10.2377,2.36288,10.1141,8.63859,25.4938,1.04881,-213.401,246.4
340.6,10.2377,2.3639,10.1141,8.63852,25.4355,1.04881,-213.401,252.243
340.62,10.2381,2.36995,10.0682,8.68497,25.4355,1.04881,-213.401,258.085
340.64,10.2386,2.32794,9.97665,8.68497,25.6685,1.04881,-213.401,258.085
340.66,10.2381,2.32788,9.97651,8.59208,25.6688,1.04881,-213.401,260.209
340.68,10.2381,2.37037,10.0223,8.59208,25.6688,1.04881,-213.401,262.33
340.7,10.2381,2.32075,10.0224,8.49933,25.6688,1.06471,-213.401,260.742
340.72,10.2372,2.36181,9.93066,8.4063,25.6688,1.06474,-212.042,259.147
340.74,10.2372,2.40962,9.93066,8.4063,25.9601,1.07246,-212.042,262.858
340.76,10.2395,2.32176,9.88488,8.45268,25.9605,1.07247,-212.042,266.575
340.78,10.2381,2.31427,9.79311,8.45275,26.1355,1.07247,-212.042,262.333
340.8,10.2381,2.3474,9.79311,8.54549,26.1355,1.07247,-212.042,264.984
340.82,10.2381,2.35414,9.93066,8.54564,26.0772,1.07247,-212.042,267.643
340.84,10.2372,2.37279,9.93066,8.26697,26.1939,1.07247,-212.042,265.519
340.86,10.2372,2.34468,9.79332,8.26697,26.1939,1.07247,-212.042,263.398
340.88,10.2372,2.32604,9.79311,8.26697,26.1355,1.07247,-212.042,270.298
340.9,10.24,2.34,9.93045,8.26697,26.1355,1.07247,-212.042,282.494
340.92,10.2372,2.37362,9.97644,8.26697,25.9608,1.08678,-212.042,288.345
340.94,10.2372,2.38215,9.97651,8.26697,25.9605,1.09567,-213.772,291.54
340.96,10.2391,2.3634,9.93073,8.26697,25.9605,1.09567,-213.772,294.721
340.98,10.2381,2.27683,9.93066,8.2206,25.7858,1.09567,-213.772,290.484
341,10.2395,2.29824,9.93066,8.26697,25.7855,1.09567,-213.772,286.23
341.02,10.2395,2.43769,9.93066,8.26697,25.7272,1.09567,-213.772,281.457
341.04,10.2368,2.32015,9.97644,8.08148,25.7272,1.09567,-213.772,273.497
341.06,10.2386,2.40861,10.0224,8.0812,25.6105,1.09567,-213.772,270.298
341.08,10.2386,2.38263,10.0224,8.22032,25.6105,1.09567,-213.772,267.647
341.1,10.2377,2.2925,10.0682,8.22053,25.7272,1.09567,-213.772,264.988
341.12,10.2377,2.36647,10.0682,8.12764,25.7272,1.10201,-213.772,269.236
341.14,10.2377,2.30429,10.0224,8.12764,25.7272,1.10201,-211.839,273.478
341.16,10.2381,2.42426,10.0224,8.12764,25.5521,1.1009,-211.836,274.016
341.18,10.2381,2.28029,10.1139,7.98852,25.5521,1.1009,-211.836,272.955
341.2,10.2358,2.31266,10.0225,7.98831,25.6104,1.1009,-211.836,276.135
341.22,10.2358,2.34058,10.0224,8.0812,25.6105,1.1009,-211.836,272.954
341.24,10.2395,2.46081,9.97658,7.94208,25.494,1.1009,-211.836,269.772
341.26,10.2391,2.40308,9.97651,7.94187,25.4938,1.1009,-211.836,267.646
341.28,10.2391,2.40011,10.0224,7.84898,25.4938,1.1009,-211.836,268.174
341.3,10.2377,2.36413,10.0224,7.84898,25.2608,1.1009,-211.836,263.932
341.32,10.2391,2.32087,9.88481,7.94187,25.2605,1.1009,-211.836,253.836
341.34,10.2391,2.29374,9.79311,7.94187,25.3188,1.09455,-211.836,243.746
341.36,10.24,2.2318,9.79311,7.84912,25.3188,1.1024,-213.317,236.854
341.38,10.2377,2.19787,9.74727,7.84898,25.2021,1.10241,-213.319,229.939
341.4,10.2372,2.27548,9.74727,7.84898,25.3186,1.10241,-213.319,235.242
341.42,10.2372,2.30806,9.60993,7.84898,25.3188,1.10241,-213.319,233.129
341.44,10.2321,2.45971,9.60972,7.84898,25.3771,1.10241,-213.319,228.346
341.46,10.2307,2.28704,9.51817,7.89535,25.3771,1.10241,-213.319,230.467
341.48,10.2307,2.24941,9.60958,7.89542,25.3189,1.10241,-213.319,232.591
341.5,10.2224,2.40604,9.60972,7.84898,25.3188,1.10241,-213.319,229.939
341.52,10.2075,2.29131,9.42661,7.89535,24.9693,1.10241,-213.319,227.288
341.54,10.2075,2.26948,9.42633,7.89542,24.794,1.10399,-213.319,229.935
341.56,10.1982,2.35995,9.47218,7.98831,24.7937,1.10399,-212.187,224.098
341.58,10.195,2.44394,9.47218,7.98831,24.7937,1.10966,-212.187,217.205
341.6,10.1917,2.34963,9.51803,8.0812,24.7937,1.10967,-212.187,216.132
341.62,10.1917,2.33445,9.60972,8.0812,24.7937,1.10967,-212.187,215.07
341.64,10.1875,2.28609,9.60972,8.17394,24.7937,1.10967,-212.187,216.131
341.66,10.1847,2.31365,9.56388,8.0812,24.7937,1.10967,-212.187,217.195
341.68,10.1847,2.32633,9.56388,8.0812,24.7355,1.10967,-212.187,219.315
341.7,10.1838,2.40835,9.74699,8.31306,24.7354,1.10967,-212.187,216.137
341.72,10.1778,2.40467,9.74727,8.31342,24.7354,1.10967,-212.187,212.946
341.74,10.1778,2.36735,9.74727,8.35979,24.7354,1.10967,-212.187,217.188
341.76,10.1773,2.3409,9.83882,8.35986,24.6772,1.12065,-212.351,221.436
341.78,10.1755,2.37023,9.83896,8.35986,24.6771,1.12748,-212.351,231.002
341.8,10.1736,2.35904,10.0221,8.45261,24.6188,1.12748,-212.351,240.546
341.82,10.1736,2.35671,10.0224,8.45275,24.8521,1.12748,-212.351,241.622
341.84,10.1736,2.25869,9.88481,8.35986,24.8521,1.12748,-212.351,245.34
341.86,10.1708,2.34903,9.93059,8.35986,24.9686,1.12748,-212.351,249.051
341.88,10.1708,2.3697,9.93066,8.4063,24.9688,1.12748,-212.351,246.402
341.9,10.1703,2.40324,9.93066,8.4063,25.2018,1.12748,-212.351,243.751
341.92,10.1676,2.37257,9.93066,8.49905,25.2021,1.12748,-212.351,244.277
341.94,10.1671,2.38004,9.93066,8.4063,25.4938,1.12748,-212.351,244.809
341.96,10.1671,2.41444,9.93066,8.4063,25.6103,1.12124,-212.351,238.446
341.98,10.1648,2.43416,9.97644,8.26719,25.6105,1.12123,-212.372,241.617
342,10.1624,2.42997,9.97651,8.26697,25.9022,1.11893,-212.372,244.809
342.02,10.1624,2.42089,9.97651,8.2206,25.9022,1.11893,-212.372,244.809
342.04,10.1629,2.36154,9.97651,8.08141,26.0187,1.11893,-212.372,244.809
342.06,10.1592,2.43469,9.97651,8.0812,26.3105,1.11893,-212.372,245.34
342.08,10.1592,2.42283,10.0681,7.98845,26.3105,1.11893,-212.372,245.87
342.1,10.158,2.48585,10.0682,7.98831,26.5439,1.11893,-212.372,246.933
342.12,10.1587,2.50727,10.1141,7.80254,26.5439,1.11893,-212.372,249.057
342.14,10.1548,2.4505,10.2972,7.80254,26.6604,1.11893,-212.372,251.178
342.16,10.1548,2.44071,10.2974,7.61676,26.6606,1.16478,-212.372,247.464
342.18,10.1548,2.55258,10.2517,7.61676,26.8936,1.16478,-211.364,243.752
342.2,10.1548,2.43982,10.2516,7.61676,27.0104,1.18718,-211.363,235.793
342.22,10.1548,2.3957,10.2974,7.57032,27.0106,1.18721,-211.363,227.815
342.24,10.1548,2.43472,10.2974,7.57032,27.0106,1.18721,-211.363,219.862
342.26,10.1532,2.48507,10.4806,7.57032,27.0106,1.18721,-211.363,218.259
342.28,10.1532,2.50627,10.435,7.57032,27.0106,1.18721,-211.363,216.664
342.3,10.15,2.45465,10.435,7.61669,27.0106,1.18721,-211.363,219.845
342.32,10.1495,2.40524,10.5267,7.70965,26.9523,1.18721,-211.363,223.036
342.34,10.1511,2.35556,10.5267,7.70965,26.9523,1.18721,-211.363,224.098
342.36,10.1511,2.37423,10.6182,7.70965,26.9523,1.18721,-211.363,225.159
342.38,10.1479,2.45819,10.6184,7.70965,26.6022,1.16074,-211.363,227.284
342.4,10.1473,2.4628,10.6184,7.75602,26.6022,1.16074,-212.638,227.284
342.42,10.1473,2.4539,10.6642,7.84884,26.4275,1.16778,-212.639,227.284
342.44,10.1457,2.29842,10.6642,7.84898,26.4272,1.16779,-212.639,230.471
342.46,10.1441,2.27402,10.7558,7.84898,26.1942,1.16779,-212.639,233.652
342.48,10.143,2.26326,10.7559,7.84898,25.7279,1.16779,-212.639,232.066
342.5,10.143,2.29522,10.7559,7.94187,25.7272,1.16779,-212.639,230.471
342.52,10.143,2.30302,10.7559,7.94187,25.6107,1.16779,-212.639,225.168
342.54,10.142,2.34359,10.8475,7.94187,25.6105,1.16779,-212.639,225.69
342.56,10.142,2.34968,10.8476,7.98831,25.4355,1.16779,-212.639,226.222
342.58,10.1436,2.27402,10.8476,7.98831,25.4355,1.1724,-212.639,224.632
342.6,10.143,2.35516,10.7559,7.84898,25.3771,1.17241,-210.828,223.036
342.62,10.143,2.39525,10.7559,7.84898,25.4355,1.16075,-210.828,220.912
342.64,10.1393,2.40103,10.7101,7.80261,25.4355,1.16075,-210.828,218.791
342.66,10.1404,2.44882,10.5725,7.80254,25.3771,1.16075,-210.828,221.974
342.68,10.1377,2.38241,10.5725,7.80254,25.3771,1.16075,-210.828,220.383
342.7,10.1377,2.37105,10.2063,7.94165,25.7266,1.16075,-210.828,218.79
342.72,10.135,2.46932,10.2057,7.94187,25.7272,1.16075,-210.828,217.195
342.74,10.1324,2.40705,9.65641,7.80275,26.0184,1.16075,-210.828,215.604
342.76,10.1324,2.41395,9.65557,7.80254,26.7178,1.16075,-210.828,218.783
342.78,10.1345,2.51699,9.33464,7.70965,26.7189,1.16075,-210.828,221.974
342.8,10.1313,2.4952,9.05997,7.70965,27.4179,1.17635,-210.828,220.913
342.82,10.1313,2.46083,9.05955,7.84898,27.419,1.17637,-212.145,220.912
342.84,10.135,2.41234,8.922,7.84898,28.294,1.15951,-212.145,218.257
342.86,10.1318,2.38701,8.922,7.84898,29.1678,1.15951,-212.145,216.666
342.88,10.134,2.44694,8.78446,7.80254,29.1691,1.15951,-212.145,215.07
342.9,10.134,2.39,8.78446,7.80254,29.6934,1.15951,-212.145,222.494
342.92,10.1302,2.49889,8.83024,7.80254,29.6942,1.15951,-212.145,229.928
342.94,10.1302,2.4017,8.922,7.80254,28.9941,1.15951,-212.145,233.657
342.96,10.1302,2.4262,8.922,7.84891,28.9941,1.15951,-212.145,233.127
342.98,10.1318,2.42808,9.01356,7.80261,27.7126,1.15951,-212.145,229.944
343,10.1324,2.3264,9.0137,7.80254,26.6022,1.15951,-212.145,235.781
343.02,10.1313,2.3426,9.24259,7.75616,26.6022,1.15951,-210.747,241.613
343.04,10.1313,2.39637,9.42605,7.75609,26.1362,1.15073,-210.745,244.273
343.06,10.1318,2.31867,9.42633,7.84898,26.1355,1.15072,-210.745,246.933
343.08,10.1324,2.33227,9.74678,7.84898,25.6113,1.15072,-210.745,248.523
343.1,10.1324,2.31205,9.74727,7.66321,25.6105,1.15072,-210.745,253.305
343.12,10.1329,2.25994,10.1599,7.70965,25.3771,1.15072,-210.745,259.147
343.14,10.1302,2.25331,10.1599,7.70965,25.2024,1.15072,-210.745,262.858
343.16,10.1302,2.28254,10.2057,7.80254,25.2021,1.15072,-210.745,263.926
343.18,10.1356,2.46057,10.4804,7.80254,24.9109,1.15072,-210.745,261.805
343.2,10.134,2.42732,10.4808,7.94165,24.9104,1.15072,-210.745,259.681
343.22,10.134,2.3265,10.3433,7.94187,24.7937,1.15875,-210.745,259.678
343.24,10.1361,2.33729,10.3433,7.98824,24.5607,1.14278,-210.581,259.678
343.26,10.1361,2.36556,10.206,8.12743,24.5604,1.14276,-210.58,263.919
343.28,10.1398,2.43088,10.2057,8.12764,24.6771,1.14276,-210.58,262.864
343.3,10.1398,2.41327,10.0684,8.31313,24.6771,1.14276,-210.58,264.455
343.32,10.1414,2.29433,10.0224,8.31342,24.6187,1.14276,-210.58,263.395
343.34,10.1484,2.31455,10.0224,8.4063,24.6187,1.14276,-210.58,258.085
343.36,10.1484,2.32847,9.88502,8.4063,24.6187,1.14276,-210.58,262.857
343.38,10.15,2.36403,9.88481,8.63852,25.0271,1.14276,-210.58,267.643
343.4,10.1521,2.29447,9.79325,8.6849,25.0271,1.14276,-210.58,269.234
343.42,10.1521,2.29436,9.79311,8.68497,24.9689,1.14928,-210.58,262.874
343.44,10.1521,2.51791,9.83896,8.77785,24.9688,1.14929,-210.58,256.491
343.46,10.1495,2.37691,9.79318,8.77785,25.4348,1.14721,-211.136,254.901
343.48,10.1479,2.38795,9.79311,8.82423,25.4355,1.14721,-211.136,255.959
343.5,10.1479,2.38467,9.74727,8.8243,25.7272,1.14721,-211.136,260.74
343.52,10.1457,2.3079,9.74727,8.8243,25.9602,1.14721,-211.136,265.512
343.54,10.1473,2.5116,9.79305,8.77792,25.9605,1.14721,-211.136,262.868
343.56,10.1473,2.51388,9.79311,8.77785,26.1355,1.14721,-211.136,260.209
343.58,10.1468,2.40538,9.79311,8.68511,26.1355,1.14721,-211.136,258.618
343.6,10.1463,2.47746,9.83896,8.68497,26.3689,1.14721,-211.136,255.96
343.62,10.1463,2.48233,9.83896,8.63852,26.3689,1.13251,-211.136,255.96
343.64,10.1457,2.42923,9.83896,8.63852,26.6019,1.13251,-211.136,257.021
343.66,10.1457,2.28487,9.83896,8.35986,26.7772,1.13146,-211.136,258.085
343.68,10.1457,2.26692,9.88474,7.98888,26.7772,1.13146,-209.964,259.675
343.7,10.1468,2.32092,9.88481,7.98831,26.8355,1.13146,-209.963,261.268
343.72,10.1452,2.24595,9.88481,7.47743,26.8356,1.13146,-209.963,257.022
343.74,10.1462,2.31722,9.88481,7.47743,27.1268,1.13146,-209.963,252.781
343.76,10.1463,2.33826,9.88481,7.15282,27.1273,1.13146,-209.963,258.607
343.78,10.1463,2.33236,10.0224,7.15233,26.8939,1.13146,-209.963,254.367
343.8,10.1457,2.3642,10.0224,6.73497,26.9522,1.13146,-209.963,250.125
343.82,10.1457,2.38198,9.97651,6.40923,26.9523,1.13146,-209.963,254.898
343.84,10.1457,2.40929,9.97651,6.40923,26.7189,1.13146,-209.963,259.678
343.86,10.1457,2.26448,10.0681,6.4556,26.7189,1.13146,-209.963,266.04
343.88,10.1457,2.26426,10.2516,6.45567,26.4272,1.12833,-211.486,272.423
343.9,10.1441,2.36065,10.2516,6.27018,26.4272,1.12833,-211.486,272.423
343.92,10.1462,2.40639,10.3432,6.2699,26.136,1.12833,-211.486,272.423
343.94,10.1441,2.30718,10.3433,6.31634,25.7855,1.12833,-211.486,272.423
343.96,10.1441,2.30625,10.4806,6.31634,25.7855,1.12833,-211.486,275.074
343.98,10.1452,2.30438,10.4808,6.31634,25.5525,1.12833,-211.486,277.729
344,10.1446,2.37142,10.7559,6.50211,25.5521,1.12833,-211.486,281.45
344.02,10.1446,2.43269,10.8933,6.50211,25.3774,1.12833,-211.486,285.162
344.04,10.1457,2.36647,10.8935,6.40937,25.3771,1.13159,-211.486,283.577
344.06,10.1441,2.25482,11.031,6.40923,25.0271,1.1316,-211.486,282.512
344.08,10.1441,2.25704,11.031,6.40923,25.0853,1.12439,-211.486,281.452
344.1,10.1468,2.29772,11.2602,6.40923,25.0854,1.12438,-209.242,279.857
344.12,10.1436,2.23248,11.2602,6.54856,24.9104,1.12438,-209.242,278.264
344.14,10.1436,2.34997,11.4891,6.59493,24.9104,1.12438,-209.242,280.915
344.16,10.1441,2.35336,11.7187,6.595,24.9688,1.12438,-209.242,283.574
344.18,10.1452,2.43224,11.7187,6.50226,24.9688,1.12438,-209.242,275.091
344.2,10.1452,2.32117,11.8561,6.50211,25.1435,1.12438,-209.242,271.896
344.22,10.1452,2.32551,11.8563,6.50211,25.4355,1.12438,-209.242,268.705
344.24,10.1511,2.27259,11.8105,6.50211,25.4355,1.12438,-209.242,261.282
344.26,10.1689,2.38698,11.8104,6.54849,25.9015,1.15912,-209.242,253.848
344.28,10.169,2.41867,11.6729,6.54856,25.9022,1.15917,-209.242,245.34
344.3,10.1041,2.59789,11.2151,6.6413,26.4847,1.13426,-210.578,236.856
344.32,10.1035,2.69096,11.2144,6.64144,26.4856,1.13422,-210.58,227.815
344.34,10.1035,2.69096,10.3433,6.64144,27.4773,1.13422,-210.58,215.07
344.36,10.0998,2.84844,10.3433,6.73419,29.05,1.13422,-210.58,202.345
344.38,10.1003,2.95187,9.33464,6.73433,29.0524,1.13422,-210.58,194.891
344.4,10.1003,3.11902,9.33464,6.59521,31.2077,1.13422,-210.58,187.468
344.42,10.1008,3.09599,8.09863,6.595,31.211,1.13422,-210.58,185.336
344.44,10.1019,2.92499,7.31733,6.78078,34.4779,1.13422,-210.58,183.208
344.46,10.1019,3.01799,7.31733,6.78078,34.4779,1.15125,-210.58,181.087
344.48,10.0992,2.96494,6.90533,6.78078,38.6136,1.15128,-210.58,178.963
344.5,10.0998,2.82416,6.9047,6.73433,42.9369,1.14674,-210.58,177.898
344.52,10.1019,2.84293,6.67581,6.73433,42.9369,1.14674,-209.306,173.126
344.54,10.1019,2.77364,6.67546,6.68796,45.2669,1.14674,-209.304,168.346
344.56,10.0987,2.6628,6.85885,6.68789,45.2705,1.14674,-209.304,167.808
344.58,10.1019,2.52686,6.85885,6.73426,43.1152,1.14674,-209.304,167.278
344.6,10.1019,2.52665,7.22563,6.73433,43.1119,1.14674,-209.304,171.525
344.62,10.1046,2.59341,7.91335,6.87366,37.4531,1.14674,-209.304,180.022
344.64,10.1062,2.5103,7.91335,6.87366,31.9195,1.14674,-209.304,188.506
344.66,10.1062,2.51017,8.87616,6.87366,31.911,1.14674,-209.304,191.705
344.68,10.1104,2.45741,8.87616,6.92004,28.7073,1.10074,-209.304,194.886
344.7,10.1185,2.21908,10.1122,6.92011,28.7024,1.10067,-209.304,195.951
344.72,10.1222,2.29625,10.1141,6.73433,27.1273,1.11018,-208.81,197.015
344.74,10.1222,2.35587,11.3501,6.73433,27.1273,1.11018,-208.81,203.378
344.76,10.127,2.27542,12.0844,6.73433,26.137,1.11018,-208.81,208.16
344.78,10.134,2.203,12.0855,6.68789,26.1355,1.11018,-208.81,216.664
344.8,10.134,2.25671,12.4517,6.68789,25.553,1.11018,-208.81,221.436
344.82,10.1324,2.33389,12.4523,6.73433,25.2021,1.11018,-208.81,226.222
344.84,10.1409,2.3905,12.6815,6.73433,25.2021,1.11018,-208.81,225.691
344.86,10.1409,2.41177,12.6815,6.64159,24.9691,1.11018,-208.81,225.161
344.88,10.1414,2.42582,12.6357,6.64144,24.9688,1.11018,-208.81,237.374
344.9,10.1393,2.45008,12.6357,6.64144,25.1435,1.12364,-208.81,249.569
344.92,10.1436,2.45859,12.361,6.59507,25.1438,1.11707,-208.81,249.058
344.94,10.1436,2.45335,12.2689,6.595,25.2021,1.11706,-210.416,249.588
344.96,10.1441,2.33072,12.2689,6.68775,25.2021,1.11706,-210.416,250.118
344.98,10.1457,2.50617,12.1316,6.68789,25.2021,1.11706,-210.416,246.938
345,10.1457,2.52149,12.1314,6.595,25.2605,1.11706,-210.416,243.746
345.02,10.1473,2.63586,11.9025,6.595,25.2605,1.11706,-210.416,240.035
345.04,10.1505,2.63069,11.9021,6.64137,25.6099,1.11706,-210.416,232.076
345.06,10.1543,2.58232,11.7187,6.50211,25.6105,1.11706,-210.416,230.471
345.08,10.1543,2.62058,11.7187,6.50211,25.9017,1.11706,-210.416,235.243
345.1,10.1564,2.5675,11.6729,6.64144,25.9022,1.11536,-210.416,237.374
345.12,10.1548,2.56749,11.4436,6.64144,26.3105,1.11536,-210.416,239.498
345.14,10.1548,2.54811,11.4436,6.64144,26.9513,1.10343,-208.134,241.619
345.16,10.1564,2.55013,11.3519,6.64144,26.9523,1.10342,-208.13,247.995
345.18,10.1601,2.47932,11.3519,6.82694,27.593,1.10342,-208.13,254.358
345.2,10.1629,2.41756,11.3062,6.87359,27.594,1.10342,-208.13,252.246
345.22,10.1629,2.45654,11.3061,6.87366,27.769,1.10342,-208.13,252.243
345.24,10.162,2.43192,11.2145,7.10553,27.769,1.10342,-208.13,253.834
345.26,10.1634,2.39666,11.1686,7.10588,27.769,1.10342,-208.13,255.957
345.28,10.1634,2.41806,11.1686,7.38454,27.769,1.10342,-208.13,258.085
345.3,10.1652,2.40511,11.0312,7.38454,27.7107,1.10342,-208.13,246.95
345.32,10.1671,2.3612,11.031,7.89542,27.244,1.11716,-208.13,235.781
345.34,10.1685,2.36663,10.9393,8.45275,27.244,1.11716,-208.13,237.905
345.36,10.1685,2.36758,10.9393,8.45275,27.1857,1.10583,-209.138,241.086
345.38,10.169,2.40033,10.7559,8.87074,27.1856,1.10581,-209.139,246.402
345.4,10.1703,2.3324,10.6644,8.87074,27.0691,1.10581,-209.139,250.113
345.42,10.1703,2.34751,10.6642,9.1026,27.0689,1.10581,-209.139,255.951
345.44,10.1694,2.35089,10.6184,9.10296,26.8939,1.10581,-209.139,258.085
345.46,10.1722,2.32513,10.6184,9.3812,26.8939,1.10581,-209.139,260.205
345.48,10.1722,2.32833,10.5726,9.42799,26.8939,1.10581,-209.139,263.92
345.5,10.1708,2.31502,10.5725,9.42806,26.7189,1.10581,-209.139,267.643
345.52,10.175,2.27295,10.5268,9.38169,26.7189,1.10581,-209.139,267.643
345.54,10.1736,2.47753,10.6182,9.38162,26.6607,1.09194,-209.139,269.234
345.56,10.1736,2.4696,10.6184,9.19585,26.6606,1.10251,-209.139,268.705
345.58,10.175,2.3299,10.6184,9.19585,26.6023,1.10251,-207.515,262.873
345.6,10.1759,2.35418,10.6184,9.10296,26.5439,1.10251,-207.512,260.209
345.62,10.1759,2.30903,10.7101,9.10296,26.5439,1.10251,-207.512,259.678
345.64,10.1759,2.38862,10.7101,9.10296,26.5439,1.10251,-207.512,259.147
345.66,10.1764,2.32851,10.9393,8.96363,26.5439,1.10251,-207.512,261.271
345.68,10.1764,2.34493,10.9851,8.96363,26.3691,1.10251,-207.512,263.392
345.7,10.1764,2.50118,10.9852,8.77814,26.3689,1.10251,-207.512,258.623
345.72,10.1773,2.5378,11.0769,8.77785,26.6022,1.10251,-207.512,257.022
345.74,10.1773,2.45079,11.0769,8.73148,26.7187,1.0837,-207.512,256.492
345.76,10.1773,2.51337,11.2142,8.77778,26.7189,1.08367,-207.512,257.022
345.78,10.1759,2.42498,11.2144,8.77785,27.1856,1.08367,-208.13,257.553
345.8,10.1768,2.48813,11.2144,8.68511,27.1856,1.08367,-208.13,255.963
345.82,10.1773,2.50404,11.2144,8.68497,27.5356,1.08367,-208.13,254.367
345.84,10.1773,2.61701,11.2144,8.63852,27.5356,1.08367,-208.13,252.774
345.86,10.1782,2.43576,11.3517,8.63852,27.7104,1.08367,-208.13,258.607
345.88,10.1773,2.50275,11.3519,8.63852,27.8273,1.08367,-208.13,264.457
345.9,10.1773,2.45816,11.3062,8.63852,27.8273,1.08367,-208.13,255.973
345.92,10.1787,2.39627,11.3061,8.4994,27.7691,1.08367,-208.13,247.477
345.94,10.1778,2.5012,11.2602,8.54564,27.769,1.08367,-208.13,249.057
345.96,10.1778,2.52249,11.2145,8.54564,27.6525,1.13346,-208.13,250.648
345.98,10.1764,2.45879,11.2144,8.49926,27.6523,1.1415,-208.13,251.18
346,10.1764,2.38009,11.1686,8.49919,28.0607,1.14151,-207.842,253.836
346.02,10.1787,2.52776,11.1686,8.36007,27.9442,1.14151,-207.842,253.306
346.04,10.1787,2.50422,11.1686,8.35986,27.944,1.14151,-207.842,255.426
346.06,10.1782,2.37159,11.1686,8.35986,28.119,1.14151,-207.842,257.553
346.08,10.1764,2.35302,11.1228,8.40623,28.119,1.14151,-207.842,256.493
346.1,10.1764,2.33473,10.9393,8.4063,28.2357,1.14151,-207.842,255.429
346.12,10.1782,2.4026,10.9393,8.35986,28.2357,1.14151,-207.842,263.926
346.14,10.1782,2.37394,10.9393,8.35986,28.2357,1.14151,-207.842,269.228
346.16,10.1782,2.37578,10.9393,8.31342,28.0023,1.06667,-207.842,273.485
346.18,10.1782,2.46527,10.9851,8.31342,28.0023,1.06667,-207.842,278.257
346.2,10.1773,2.4851,10.9852,8.22067,27.9441,1.0884,-205.704,283.036
346.22,10.1782,2.36842,10.9852,8.22053,27.944,1.08844,-205.7,286.761
346.24,10.1782,2.34353,10.9852,8.2669,27.8275,1.08844,-205.7,290.472
346.26,10.1778,2.34693,10.8936,8.31335,27.8273,1.08844,-205.7,295.25
346.28,10.1778,2.37129,10.8935,8.31342,27.6523,1.08844,-205.7,297.381
346.3,10.1782,2.39902,10.8935,8.22067,27.5941,1.08844,-205.7,292.609
346.32,10.1782,2.28267,10.8935,8.22053,27.594,1.08844,-205.7,294.195
346.34,10.1787,2.42573,10.8935,8.12764,27.3023,1.08844,-205.7,295.788
346.36,10.1764,2.29847,10.8019,8.12764,27.3023,1.08844,-205.7,293.137
346.38,10.1782,2.29044,10.8476,8.17409,27.0689,1.08679,-205.7,290.478
346.4,10.1782,2.39118,10.8476,8.17409,27.0689,1.10128,-205.7,287.827
346.42,10.1764,2.32469,10.8476,8.12771,26.8942,1.1013,-207.715,283.051
346.44,10.1787,2.33197,10.8476,8.0812,26.8939,1.1013,-207.718,287.823
346.46,10.1787,2.31046,10.7103,8.0812,26.6027,1.1013,-207.718,284.111
346.48,10.1782,2.33615,10.7101,8.12757,26.3692,1.1013,-207.718,280.394
346.5,10.1782,2.38805,10.5725,8.12764,26.3689,1.1013,-207.718,277.202
346.52,10.1782,2.41768,10.5725,8.08127,26.0194,1.1013,-207.718,274.021
346.54,10.1768,2.34782,10.6641,8.0812,26.0188,1.1013,-207.718,267.653
346.56,10.1778,2.44429,10.5267,8.17409,25.9022,1.1013,-207.718,264.457
346.58,10.1764,2.43023,10.5267,8.26683,26.0187,1.11923,-207.718,264.987
346.6,10.1764,2.40469,10.5725,8.26697,26.0188,1.11926,-207.718,259.678
346.62,10.1778,2.44548,10.5725,8.26697,25.7855,1.11513,-207.718,254.367
346.64,10.1806,2.38768,10.481,8.26697,25.7855,1.11513,-205.786,248.005
346.66,10.1806,2.4336,10.4808,8.22053,26.0772,1.11513,-205.783,241.622
346.68,10.1759,2.29797,10.4808,8.22053,26.0772,1.11513,-205.783,233.669
346.7,10.1773,2.36735,10.3893,8.31327,26.0772,1.11513,-205.783,225.703
346.72,10.1773,2.38811,10.3891,8.31342,26.0772,1.11513,-205.783,223.036
346.74,10.1768,2.34995,10.3891,8.40616,26.1937,1.11513,-205.783,224.096
346.76,10.1787,2.28585,10.3891,8.4063,26.3686,1.11513,-205.783,225.159
346.78,10.1768,2.36317,10.2516,8.4063,26.3689,1.11513,-205.783,227.284
346.8,10.1768,2.38123,10.2516,8.4063,26.5436,1.11185,-205.783,229.405
346.82,10.1782,2.40117,10.2974,8.4063,26.5439,1.11184,-205.783,234.719
346.84,10.1787,2.28628,10.2974,8.35986,26.6022,1.11599,-206.833,243.215
346.86,10.1787,2.27902,10.2974,8.35986,26.6022,1.11599,-206.833,242.155
346.88,10.1787,2.49797,10.1599,8.45275,26.3105,1.11599,-206.833,247.464
346.9,10.1792,2.36189,10.1599,8.40637,26.1358,1.11599,-206.833,252.766
346.92,10.1792,2.34532,10.1141,8.4063,26.1355,1.11599,-206.833,250.653
346.94,10.1792,2.26679,10.1141,8.45275,26.2522,1.11599,-206.833,248.526
346.96,10.1778,2.4483,10.1598,8.45275,26.2522,1.11599,-206.833,252.237
346.98,10.1759,2.30377,10.1599,8.36,26.1357,1.11599,-206.833,254.894
347,10.1759,2.343,10.2974,8.45275,26.1355,1.10782,-206.833,253.836
347.02,10.1787,2.34876,10.2974,8.45275,26.3103,1.10782,-206.833,252.776
347.04,10.1787,2.3674,10.2974,8.49912,26.3105,1.12054,-206.833,251.714
347.06,10.1787,2.3582,10.3891,8.49919,26.3105,1.12056,-205.845,255.96
347.08,10.1773,2.32432,10.3891,8.45282,26.3688,1.12056,-205.845,260.202
347.1,10.1782,2.43359,10.6642,8.45275,26.3689,1.12056,-205.845,263.926
347.12,10.1782,2.4229,10.6642,8.26697,26.3689,1.12056,-205.845,263.395
347.14,10.1782,2.41919,10.8016,8.40609,26.3689,1.12056,-205.845,264.455
347.16,10.1773,2.50025,10.8018,8.4063,26.5439,1.12056,-205.845,259.678
347.18,10.1773,2.50963,10.9849,8.4063,26.5439,1.12056,-205.845,254.906
347.2,10.1773,2.50166,11.2598,8.4063,26.8351,1.12056,-205.845,258.61
347.22,10.1796,2.55127,11.2602,8.35986,26.8356,1.12702,-205.845,262.333
347.24,10.1778,2.47578,11.4891,8.35986,27.2433,1.12702,-205.845,257.561
347.26,10.1787,2.45927,11.4895,8.31349,28.0594,1.13023,-205.701,251.191
347.28,10.1787,2.65901,11.7187,8.35986,28.0607,1.13024,-205.7,244.809
347.3,10.1796,2.73553,11.7187,8.35986,28.9927,1.13024,-205.7,241.627
347.32,10.1773,2.68028,11.8104,8.26697,28.9941,1.13024,-205.7,238.436
347.34,10.1773,2.63543,11.8104,8.26697,29.4608,1.13024,-205.7,239.498
347.36,10.1792,2.68326,11.9478,8.26697,29.4608,1.13024,-205.7,240.559
347.38,10.1759,2.60321,11.9938,8.26697,30.1609,1.13024,-205.7,237.905
347.4,10.1773,2.58302,11.9938,8.31335,30.5686,1.13024,-205.7,237.905
347.42,10.1773,2.43066,12.1311,8.31342,30.5692,1.13024,-205.7,237.905
347.44,10.1782,2.60875,12.1314,8.31342,31.0943,1.10298,-205.7,240.029
347.46,10.1787,2.50117,11.9482,8.40616,31.0943,1.10298,-205.536,242.15
347.48,10.1787,2.45678,11.948,8.4063,30.803,1.11075,-205.536,240.563
347.5,10.1773,2.43518,11.9938,8.35986,30.8026,1.11076,-205.536,238.967
347.52,10.1773,2.42053,11.9938,8.35986,30.1618,1.11076,-205.536,238.967
347.54,10.1773,2.44245,11.9938,8.31349,30.1609,1.11076,-205.536,245.86
347.56,10.1773,2.40936,11.8104,8.31342,28.9941,1.11076,-205.536,252.774
347.58,10.1755,2.34278,11.8104,8.31342,27.9456,1.11076,-205.536,259.667
347.6,10.1755,2.42259,11.8563,8.26697,27.944,1.11076,-205.536,266.581
347.62,10.1699,2.46758,11.8104,8.26697,27.4773,1.11076,-205.536,260.74
347.64,10.162,2.38993,11.8104,8.26697,27.4773,1.11076,-205.536,254.907
347.66,10.1601,2.37755,11.6729,8.26697,27.0689,1.13303,-205.536,258.085
347.68,10.1601,2.41304,11.6729,8.31335,27.0689,1.14076,-204.097,258.085
347.7,10.1606,2.40256,11.4898,8.31342,27.0107,1.14077,-204.094,258.085
347.72,10.1597,2.33513,11.4895,8.22053,27.0106,1.14077,-204.094,255.96
347.74,10.1597,2.36736,11.3522,8.2669,27.0106,1.14077,-204.094,253.839
347.76,10.1587,2.36163,11.2146,8.26697,27.1271,1.14077,-204.094,257.018
347.78,10.158,2.35104,11.2144,8.22053,27.1273,1.14077,-204.094,260.209
347.8,10.158,2.35104,11.0313,8.22053,27.3603,1.14077,-204.094,259.148
347.82,10.1543,2.39634,11.031,8.26697,27.769,1.14077,-204.094,261.271
347.84,10.1532,2.45687,10.8935,8.26697,27.769,1.14077,-204.094,263.395
347.86,10.1532,2.35059,10.8935,8.40609,27.9437,1.13286,-204.094,268.697
347.88,10.1537,2.35703,10.9393,8.35986,27.944,1.13284,-205.536,274.016
347.9,10.1505,2.33776,10.8935,8.35986,28.1188,1.13284,-205.536,275.606
347.92,10.1505,2.30489,10.8935,8.35986,28.119,1.13284,-205.536,277.199
347.94,10.1511,2.33909,10.8018,8.35986,27.944,1.13284,-205.536,278.795
347.96,10.15,2.31041,10.8018,8.59173,28.177,1.13284,-205.536,279.325
347.98,10.1463,2.53067,10.8933,8.54571,28.1774,1.13284,-205.536,279.856
348,10.1463,2.53255,10.8935,8.54564,27.944,1.13284,-205.536,276.671
348.02,10.1436,2.46128,10.8019,8.73113,27.944,1.13284,-205.536,273.49
348.04,10.1473,2.3702,10.8018,8.73141,27.8275,1.13284,-205.536,275.606
348.06,10.1473,2.37006,10.8935,8.63852,27.8273,1.14713,-205.536,277.733
348.08,10.1457,2.35683,10.8935,8.63852,27.7108,1.14713,-205.536,278.263
348.1,10.1436,2.32638,10.8935,8.63852,27.3606,1.14272,-203.209,277.733
348.12,10.1436,2.32638,10.9852,8.59208,27.3606,1.14272,-203.209,277.202
348.14,10.1452,2.3808,10.9852,8.59208,27.2441,1.14272,-203.209,277.732
348.16,10.1409,2.49486,11.031,8.59208,27.244,1.14272,-203.209,278.264
348.18,10.1409,2.32563,11.031,8.59208,27.011,1.14272,-203.209,280.385
348.2,10.1382,2.31453,11.2141,8.54571,27.0106,1.14272,-203.209,282.509
348.22,10.1393,2.28044,11.2602,8.54564,26.8939,1.14272,-203.209,280.919
348.24,10.1377,2.41306,11.2602,8.54564,26.8939,1.14272,-203.209,274.556
348.26,10.1377,2.43884,11.2602,8.54564,26.6609,1.14272,-203.209,271.365
348.28,10.1388,2.3256,11.2602,8.54564,26.7772,1.13315,-203.209,267.112
348.3,10.1382,2.3441,11.3976,8.54564,26.7772,1.13315,-204.895,262.87
348.32,10.1382,2.36681,11.3978,8.54564,26.9523,1.13204,-204.897,259.678
348.34,10.1382,2.38748,11.3978,8.54564,26.9523,1.13204,-204.897,256.491
348.36,10.1382,2.50312,11.5351,8.54564,27.0688,1.13204,-204.897,250.129
348.38,10.1382,2.5033,11.5353,8.35986,27.0689,1.13204,-204.897,242.153
348.4,10.1361,2.58275,11.7184,8.45261,27.2437,1.13204,-204.897,233.14
348.42,10.1318,2.42348,11.7187,8.45275,27.4187,1.13204,-204.897,229.944
348.44,10.1313,2.37786,11.8104,8.4063,27.419,1.13204,-204.897,229.939
348.46,10.1313,2.40351,11.8104,8.4063,27.652,1.13204,-204.897,226.758
348.48,10.1313,2.51507,11.8562,8.22081,27.6523,1.13204,-204.897,223.572
348.5,10.1302,2.56151,12.0397,8.22053,28.3524,1.09883,-204.897,217.195
348.52,10.1302,2.58488,12.0397,8.2669,28.3524,1.108,-203.129,213.483
348.54,10.1276,2.7287,11.9481,8.2206,29.1096,1.10801,-203.127,216.659
348.56,10.1249,2.73544,11.948,8.22053,29.9275,1.10801,-203.127,219.85
348.58,10.1249,2.7051,12.0853,8.22053,29.9275,1.10801,-203.127,222.501
348.6,10.1206,2.60147,12.0855,8.22053,30.5109,1.10801,-203.127,221.974
348.62,10.1206,2.57622,12.0855,8.26697,30.5109,1.10801,-203.127,221.443
348.64,10.119,2.61772,12.0855,8.26697,31.1516,1.10801,-203.127,224.094
348.66,10.119,2.60617,12.0855,8.22053,31.1526,1.10801,-203.127,226.753
348.68,10.1163,2.5611,12.1771,8.22053,31.2691,1.10801,-203.127,230.465
348.7,10.1153,2.72248,12.1772,8.22053,30.8033,1.11112,-203.127,232.591
348.72,10.1153,2.68714,12.2689,8.12764,30.8026,1.11113,-203.127,234.188
348.74,10.1142,2.589,12.3147,8.12764,29.9871,1.10199,-202.654,238.96
348.76,10.1147,2.66112,12.3148,8.31313,29.9858,1.10197,-202.653,240.028
348.78,10.1147,2.69592,12.3148,8.31342,29.2275,1.10197,-202.653,241.091
348.8,10.1121,2.48175,12.3148,8.1743,28.7032,1.10197,-202.653,242.152
348.82,10.1131,2.34369,12.3606,8.17409,28.7024,1.10197,-202.653,242.153
348.84,10.1131,2.41842,12.3606,8.17409,28.4691,1.10197,-202.653,242.153
348.86,10.1147,2.4946,12.4064,8.08134,28.4691,1.10197,-202.653,242.684
348.88,10.1142,2.45986,12.3606,8.0812,28.2357,1.10197,-202.653,244.809
348.9,10.1142,2.4644,12.3606,8.22032,28.2357,1.18992,-202.653,249.581
348.92,10.1142,2.46337,12.3148,8.22053,28.1192,1.19005,-202.653,252.769
348.94,10.1137,2.37128,12.3148,8.22053,28.2357,1.13031,-203.23,255.96
348.96,10.1137,2.40558,12.4521,8.40602,28.2357,1.13031,-203.23,256.491
348.98,10.1142,2.44077,12.4523,8.4063,28.2939,1.13031,-203.23,257.022
349,10.1126,2.51675,12.2689,8.35986,28.294,1.13031,-203.23,253.836
349.02,10.1142,2.48896,12.4062,8.35986,28.5853,1.13031,-203.23,248.534
349.04,10.1142,2.48892,12.4064,8.54535,28.5857,1.13031,-203.23,244.284
349.06,10.1137,2.4572,12.1772,8.54564,28.9941,1.13031,-203.23,243.215
349.08,10.1137,2.46826,12.1772,8.49926,29.4601,1.13031,-203.23,240.564
349.1,10.1137,2.46828,11.9938,8.63852,29.4608,1.13031,-203.23,233.126
349.12,10.1147,2.63732,11.9938,8.63852,30.1025,1.15956,-203.23,225.691
349.14,10.1147,2.54827,11.9023,8.59215,30.1025,1.15956,-203.23,221.98
349.16,10.1147,2.54814,11.7646,8.59208,31.211,1.09082,-202.035,218.257
349.18,10.1121,2.43272,11.7646,8.54571,31.211,1.09082,-202.035,220.378
349.2,10.1147,2.53819,11.7188,8.54564,32.2594,1.09082,-202.035,223.032
349.22,10.1147,2.69866,11.7187,8.68497,33.0778,1.09082,-202.035,219.85
349.24,10.1121,2.62413,11.6272,8.63859,33.0778,1.09082,-202.035,223.031
349.26,10.1142,2.45883,11.627,8.63852,33.136,1.09082,-202.035,226.217
349.28,10.1147,2.46396,11.7187,8.63852,33.1361,1.09082,-202.035,229.408
349.3,10.1147,2.50526,11.7187,8.63852,32.6119,1.09082,-202.035,232.59
349.32,10.112,2.42608,11.7187,8.49919,32.6111,1.12206,-202.035,227.815
349.34,10.1153,2.35133,11.8104,8.49919,31.5026,1.12206,-202.035,228.877
349.36,10.1153,2.38837,11.8104,8.54556,29.9882,1.0894,-202.035,231.529
349.38,10.1131,2.44638,11.9021,8.54564,29.9858,1.08935,-204.3,227.284
349.4,10.1147,2.42656,11.9021,8.49926,28.7044,1.08935,-204.3,223.042
349.42,10.1147,2.42653,11.9937,8.59194,28.7024,1.08935,-204.3,229.929
349.44,10.1115,2.56081,12.0855,8.59208,28.0607,1.08935,-204.3,236.843
349.46,10.1136,2.5305,12.0855,8.40659,28.0607,1.08935,-204.3,240.024
349.48,10.1137,2.42279,12.1313,8.4063,28.0024,1.08935,-204.3,243.211
349.5,10.1137,2.44026,12.1314,8.54564,28.0023,1.08935,-204.3,249.588
349.52,10.1131,2.64884,12.0398,8.54564,28.0023,1.08935,-204.3,250.118
349.54,10.1121,2.59181,12.0397,8.45289,28.4683,1.11397,-204.3,250.649
349.56,10.112,2.60678,11.948,8.45275,28.4691,1.11401,-204.3,255.429
349.58,10.1136,2.54388,11.8564,8.54549,29.1098,1.10031,-201.833,260.201
349.6,10.1147,2.83183,11.8563,8.49919,29.1108,1.10029,-201.829,257.553
349.62,10.1147,2.77147,11.8104,8.49919,29.4608,1.10029,-201.829,254.898
349.64,10.1131,2.68993,11.8104,8.49919,29.6356,1.10029,-201.829,262.852
349.66,10.1131,2.52854,11.8563,8.49919,29.6358,1.10029,-201.829,263.395
349.68,10.1131,2.55051,11.8563,8.49919,29.1698,1.10029,-201.829,263.925
349.7,10.1131,2.52851,11.7647,8.49919,29.1691,1.10029,-201.829,259.154
349.72,10.1137,2.57983,11.948,8.45275,28.7024,1.10029,-201.829,254.367
349.74,10.1126,2.50665,11.948,8.45275,28.7024,1.10029,-201.829,261.26
349.76,10.1126,2.49798,11.8564,8.45275,28.1782,1.10029,-201.829,268.164
349.78,10.1137,2.48897,11.8563,8.45275,27.769,1.09323,-201.829,272.954
349.8,10.1131,2.42497,11.9478,8.45275,27.769,1.09323,-202.672,274.014
349.82,10.1131,2.42021,11.948,8.45275,27.1856,1.09323,-202.674,275.078
349.84,10.112,2.36745,11.948,8.45275,27.1856,1.09323,-202.674,276.671
349.86,10.1142,2.40178,11.7649,8.36,26.6031,1.09323,-202.674,278.262
349.88,10.1142,2.33623,11.7646,8.35986,26.6022,1.09323,-202.674,277.202
349.9,10.1142,2.37404,11.5815,8.35986,26.4275,1.09323,-202.674,276.141
349.92,10.1121,2.39358,11.5812,8.40623,26.136,1.09323,-202.674,272.428
349.94,10.1142,2.34485,11.3978,8.4063,26.1355,1.09323,-202.674,275.609
349.96,10.1142,2.35771,11.3978,8.26719,26.252,1.0913,-202.674,278.79
349.98,10.1137,2.27132,11.1231,8.26697,26.2522,1.09129,-202.674,276.674
350,10.111,2.35993,11.1227,8.31342,26.1939,1.08941,-201.829,274.547
350.02,10.111,2.3883,10.7107,8.31342,26.1939,1.08941,-201.829,272.956
350.04,10.1142,2.19702,10.5727,8.35979,26.4269,1.08941,-201.829,271.363
350.06,10.1131,2.27293,10.5725,8.4063,26.4856,1.08941,-201.829,271.892
350.08,10.1131,2.27293,10.2063,8.4063,26.4856,1.08941,-201.829,271.361
350.1,10.1137,2.22247,10.2057,8.49919,26.5439,1.08941,-201.829,270.829
350.12,10.1115,2.3637,10.1141,8.49919,26.5439,1.08941,-201.829,274.547
350.14,10.1115,2.3449,10.1141,8.49919,26.7186,1.08941,-201.829,278.258
350.16,10.1137,2.31606,10.0224,8.49919,26.7189,1.0836,-201.829,271.892
350.18,10.1115,2.25188,10.0224,8.63831,26.4277,1.0836,-201.829,265.529
350.2,10.1152,2.36434,9.9308,8.63852,26.4272,1.08418,-201.829,264.989
350.22,10.1153,2.34101,9.97651,8.63852,26.2522,1.08418,-201.315,267.112
350.24,10.1163,2.3427,9.97651,8.6849,26.194,1.08418,-201.315,269.233
350.26,10.1163,2.21044,9.97651,8.68497,26.1939,1.08418,-201.315,263.934
350.28,10.1163,2.2419,9.97651,8.59208,25.7272,1.08418,-201.315,258.616
350.3,10.1185,2.30233,10.0223,8.59208,25.7272,1.08418,-201.315,257.555
350.32,10.1163,2.43257,10.0224,8.68497,25.5521,1.08418,-201.315,261.271
350.34,10.1163,2.43257,10.1599,8.68497,25.5521,1.08418,-201.315,266.05
350.36,10.1185,2.42479,10.2057,8.73134,25.2609,1.08418,-201.315,262.869
350.38,10.119,2.37945,10.2057,8.63852,25.2605,1.07644,-201.315,259.678
350.4,10.119,2.34571,10.2973,8.63852,25.3187,1.07644,-201.315,260.208
350.42,10.1185,2.34427,10.2974,8.63852,25.61,1.07651,-203.042,260.739
350.44,10.1179,2.34028,10.2057,8.63852,25.6105,1.07651,-203.044,267.643
350.46,10.1179,2.41894,10.2057,8.45303,25.7852,1.07651,-203.044,268.173
350.48,10.1174,2.42637,10.2973,8.45275,25.7855,1.07651,-203.044,261.812
350.5,10.1169,2.56323,10.2974,8.45275,26.3105,1.07651,-203.044,261.802
350.52,10.1169,2.53962,10.2974,8.17451,26.3105,1.07651,-203.044,261.802
350.54,10.1163,2.49467,10.1143,8.17409,26.5435,1.07651,-203.044,257.56
350.56,10.119,2.38644,10.1141,7.98831,26.7189,1.07651,-203.044,253.305
350.58,10.1195,2.41036,10.1141,7.98831,26.7189,1.07651,-203.044,257.017
350.6,10.1195,2.41039,10.1141,7.94187,26.7772,1.08425,-203.044,257.022
350.62,10.1169,2.44028,10.1141,7.94187,26.7772,1.08425,-203.044,251.712
350.64,10.1174,2.41121,10.1141,7.89549,26.7772,1.08472,-201.029,250.652
350.66,10.1174,2.41116,10.0224,7.84898,26.7772,1.08472,-201.026,249.588
350.68,10.1158,2.34892,9.97658,7.84898,26.952,1.08472,-201.026,252.239
350.7,10.1142,2.38949,9.97651,7.89535,26.9523,1.08472,-201.026,254.894
350.72,10.1099,2.38953,10.0682,7.89542,27.0689,1.08472,-201.026,255.96
350.74,10.1099,2.31677,10.0682,7.84905,27.0689,1.08472,-201.026,254.9
350.76,10.1088,2.44072,10.0682,7.84898,27.0689,1.08472,-201.026,253.838
350.78,10.1094,2.30516,10.0682,7.80254,27.244,1.08472,-201.026,266.581
350.8,10.1094,2.30158,10.114,7.80254,27.244,1.08472,-201.026,279.307
350.82,10.1072,2.36399,10.1141,7.80254,27.0689,1.07312,-201.026,279.326
350.84,10.1067,2.30388,10.2057,7.80254,27.0689,1.07294,-202.941,279.326
350.86,10.1067,2.33475,10.2973,7.80254,26.8942,1.07294,-202.941,276.675
350.88,10.1051,2.40157,10.2974,7.66321,26.6022,1.07294,-202.941,283.574
350.9,10.1035,2.45977,10.5263,7.66321,26.6022,1.07294,-202.941,290.467
350.92,10.1019,2.40982,10.5267,7.57046,26.4857,1.07294,-202.941,290.478
350.94,10.1019,2.3929,10.7101,7.43099,26.4856,1.07294,-202.941,290.478
350.96,10.103,2.47306,10.7101,7.43099,26.3691,1.07294,-202.941,291.538
350.98,10.1014,2.37858,10.7559,7.38461,26.3689,1.07294,-202.941,292.6
351,10.1014,2.35351,10.8476,7.38454,26.1939,1.07294,-202.941,286.761
351.02,10.1014,2.38102,10.8476,7.15268,26.1939,1.06136,-202.941,289.412
351.04,10.1024,2.41391,10.8934,7.15233,26.2521,1.06134,-202.941,292.067
351.06,10.1024,2.42755,10.8935,7.15233,26.1355,1.06328,-201.315,293.664
351.08,10.1019,2.35691,10.8477,6.96683,26.1355,1.06328,-201.315,295.255
351.1,10.1019,2.41999,10.8476,6.96655,26.1355,1.06328,-201.315,294.726
351.12,10.1008,2.51315,10.5725,7.15233,26.1355,1.06328,-201.315,294.195
351.14,10.1008,2.50147,10.3436,7.15233,26.3103,1.06328,-201.315,296.846
351.16,10.1019,2.61748,10.3433,7.10588,26.3105,1.06328,-201.315,295.788
351.18,10.1014,2.4004,9.88551,7.10588,26.5435,1.06328,-201.315,294.728
351.2,10.1014,2.38488,9.88481,7.05951,26.6021,1.06328,-201.315,282.531
351.22,10.0992,2.42247,9.56388,7.10588,26.6022,1.06328,-201.315,270.298
351.24,10.0992,2.42247,9.56388,7.10588,26.8352,1.07292,-201.315,265.526
351.26,10.1014,2.42104,9.33499,7.10588,26.8356,1.07293,-202.343,260.747
351.28,10.1014,2.53247,9.33464,7.10588,27.3023,1.07436,-202.344,258.085
351.3,10.1008,2.4786,9.33464,7.15225,27.3023,1.07436,-202.344,254.373
351.32,10.1003,2.37076,9.24294,7.15233,27.6523,1.07436,-202.344,250.65
351.34,10.1003,2.37027,9.24294,7.19877,27.5356,1.07436,-202.344,250.65
351.36,10.1008,2.48302,9.28872,7.29151,27.5356,1.07436,-202.344,250.65
351.38,10.1008,2.26757,9.28879,7.29166,27.1856,1.07436,-202.344,251.181
351.4,10.1008,2.26008,9.28879,7.29166,27.1856,1.07436,-202.344,251.711
351.42,10.1014,2.3509,9.33457,7.29166,26.3701,1.07436,-202.344,255.954
351.44,10.1019,2.20304,9.33464,7.47743,26.3689,1.06279,-202.344,254.367
351.46,10.1019,2.24388,9.42619,7.47743,25.7864,1.06279,-202.344,252.777
351.48,10.0998,2.26433,9.42633,7.47743,25.6107,1.06372,-202.18,250.653
351.5,10.1019,2.32995,9.56388,7.47743,25.6105,1.06372,-202.179,248.526
351.52,10.0998,2.30786,9.56388,7.47743,25.727,1.06372,-202.179,240.042
351.54,10.0998,2.29889,9.65543,7.47743,25.7272,1.06372,-202.179,236.318
351.56,10.1003,2.31611,9.83896,7.47743,25.9022,1.06372,-202.179,232.064
351.58,10.1003,2.30267,9.83896,7.5238,25.9022,1.06372,-202.179,228.352
351.6,10.1003,2.32022,9.88481,7.66321,26.0188,1.06372,-202.179,224.629
351.62,10.1014,2.34018,9.88481,7.66321,26.1939,1.06372,-202.179,226.753
351.64,10.1014,2.26685,9.42703,7.61683,26.1939,1.06372,-202.179,228.874
351.66,10.103,2.26674,9.42633,7.61676,26.4856,1.04831,-202.179,227.284
351.68,10.103,2.31284,9.15166,7.61676,26.4856,1.04831,-200.987,225.694
351.7,10.0971,2.32249,9.01391,7.61676,26.7186,1.04977,-200.985,227.282
351.72,10.0998,2.41913,9.0137,7.61676,26.7189,1.04977,-200.985,226.222
351.74,10.0998,2.43475,8.87637,7.61676,27.2432,1.04977,-200.985,225.162
351.76,10.1019,2.41302,8.87616,7.61676,27.7099,1.04977,-200.985,223.569
351.78,10.1019,2.42931,8.83031,7.57032,27.7107,1.04977,-200.985,221.974
351.8,10.1003,2.38693,8.83031,7.57032,27.8854,1.04977,-200.985,220.913
351.82,10.1003,2.31675,8.922,7.66321,27.8857,1.04977,-200.985,219.85
351.84,10.1019,2.41291,9.05955,7.66321,27.6523,1.04977,-200.985,219.319
351.86,10.0998,2.33332,9.05955,7.57046,27.6523,1.04785,-200.985,217.728
351.88,10.0998,2.33093,9.28879,7.61676,27.244,1.04785,-202.591,216.133
351.9,10.0987,2.30472,9.28879,7.61676,27.011,1.05157,-202.591,214.012
351.92,10.1003,2.31573,9.60923,7.61676,27.0106,1.05158,-202.591,211.887
351.94,10.103,2.33443,9.60972,7.61676,27.0106,1.05158,-202.591,217.195
351.96,10.103,2.36858,9.79284,7.61676,27.0106,1.05158,-202.591,217.725
351.98,10.103,2.28569,10.2509,7.61676,26.8941,1.05158,-202.591,219.847
352,10.1062,2.47568,10.2516,7.75609,26.8939,1.05158,-202.591,226.222
352.02,10.1062,2.4622,10.7094,7.75609,26.9522,1.05158,-202.591,232.585
352.04,10.1083,2.361,10.7101,7.75609,26.6028,1.05158,-202.591,232.064
352.06,10.1099,2.36085,10.9852,7.84898,26.6022,1.05158,-202.591,231.533
352.08,10.1078,2.30793,11.1683,7.84898,26.544,1.05923,-202.591,233.123
352.1,10.1078,2.2321,11.1686,7.98831,26.5439,1.05924,-200.779,234.719
352.12,10.1078,2.32985,11.1686,7.98831,26.5439,1.0587,-200.779,234.188
352.14,10.1067,2.27039,11.1686,8.22018,26.5439,1.0587,-200.779,234.718
352.16,10.1067,2.30252,11.1227,8.4063,26.2522,1.0587,-200.779,235.25
352.18,10.1078,2.39239,11.1227,8.4063,26.2522,1.0587,-200.779,237.901
352.2,10.1072,2.31427,10.848,8.45268,26.2522,1.0587,-200.779,240.556
352.22,10.1072,2.33297,10.7101,8.45275,26.0772,1.0587,-200.779,237.374
352.24,10.1067,2.33311,10.7101,8.49912,26.0772,1.0587,-200.779,234.723
352.26,10.1094,2.30127,10.6643,8.49919,25.9607,1.0587,-200.779,230.477
352.28,10.1088,2.37141,10.6642,8.49919,25.7855,1.04912,-200.779,230.471
352.3,10.1088,2.39438,10.3896,8.49919,25.7855,1.04912,-200.779,230.471
352.32,10.1083,2.39545,10.3891,8.49919,25.6688,1.04966,-202.159,231.002
352.34,10.1094,2.35406,10.2516,8.17409,25.6688,1.04966,-202.159,231.533
352.36,10.1094,2.32323,10.2058,8.17409,25.4941,1.04966,-202.159,230.472
352.38,10.1104,2.29872,10.2057,8.12764,25.4938,1.04966,-202.159,235.25
352.4,10.1067,2.31232,10.0226,8.12764,25.3773,1.04966,-202.159,238.431
352.42,10.1046,2.33293,10.0224,7.84941,25.4354,1.04966,-202.159,232.604
352.44,10.1046,2.31537,9.97651,7.47743,25.4355,1.04966,-202.159,226.753
352.46,10.1019,2.37507,9.97651,7.47743,25.4355,1.04966,-202.159,226.223
352.48,10.1035,2.38644,9.88495,7.19919,25.4355,1.04966,-202.159,225.692
352.5,10.1035,2.3992,9.83896,7.19877,25.3771,1.04966,-202.159,229.408
352.52,10.1024,2.2441,9.83896,6.9669,25.3771,1.05022,-200.494,229.939
352.54,10.103,2.36886,9.79318,6.96655,25.5519,1.05022,-200.491,228.349
352.56,10.103,2.37236,9.79311,7.01299,25.4355,1.05022,-200.491,229.939
352.58,10.1056,2.40465,9.88467,7.05937,25.4355,1.05022,-200.491,231.53
352.6,10.1046,2.4047,9.88481,7.05944,25.4938,1.05022,-200.491,228.346
352.62,10.1035,2.34061,9.79311,7.19877,25.4938,1.05022,-200.491,225.16
352.64,10.1035,2.29024,9.83889,7.19877,25.7268,1.05022,-200.491,228.872
352.66,10.103,2.43006,9.83896,7.19877,25.7272,1.05022,-200.491,237.374
352.68,10.1014,2.34068,9.9763,7.24514,25.7854,1.05022,-200.491,245.858
352.7,10.1014,2.35772,9.97651,7.24521,25.902,1.02345,-200.491,249.582
352.72,10.104,2.35826,9.97651,7.3381,25.9022,1.02341,-201.624,253.305
352.74,10.1024,2.27083,9.97651,7.3381,25.9604,1.02341,-201.624,259.138
352.76,10.1035,2.22964,10.1138,7.29173,25.9605,1.02341,-201.624,264.979
352.78,10.1035,2.52147,10.2516,7.29166,26.1355,1.02341,-201.624,263.926
352.8,10.1024,2.28578,10.2516,7.33803,26.1355,1.02341,-201.624,254.912
352.82,10.1024,2.40486,10.2516,7.3381,26.0772,1.02341,-201.624,245.871
352.84,10.1024,2.38082,10.2516,7.29166,26.1355,1.02341,-201.624,241.091
352.86,10.1035,2.23799,10.2974,7.29166,26.1355,1.02341,-201.624,236.319
352.88,10.0976,2.39963,10.2974,7.29166,26.2522,1.02341,-201.624,238.967
352.9,10.0976,2.40202,10.4806,7.15254,26.2522,1.02341,-201.624,241.618
352.92,10.0976,2.32719,10.4351,7.15233,26.1357,1.03679,-201.624,239.501
352.94,10.0949,2.28555,10.435,7.15233,26.1355,1.03739,-201.356,240.56
352.96,10.0944,2.31007,10.3892,7.15233,26.1938,1.03739,-201.356,241.621
352.98,10.0944,2.32627,10.3891,7.1987,26.3104,1.03739,-201.356,238.441
353,10.0955,2.34323,10.2974,7.15233,26.3105,1.03739,-201.356,235.25
353.02,10.0949,2.44027,10.2974,7.15233,26.3688,1.03739,-201.356,235.25
353.04,10.0949,2.40247,10.1143,7.10595,26.3689,1.03739,-201.356,235.25
353.06,10.0939,2.53666,9.51803,7.10588,26.6606,1.03739,-201.356,233.657
353.08,10.0949,2.62245,9.51803,7.10588,26.6606,1.03739,-201.356,226.764
353.1,10.0949,2.51451,8.60107,7.10588,27.0106,1.03739,-201.356,219.85
353.12,10.0949,2.51157,8.60107,7.05944,27.1856,1.0393,-201.356,220.381
353.14,10.0949,2.62773,7.96018,6.96669,27.1856,1.0393,-200.431,220.911
353.16,10.0949,2.58037,7.9592,6.96655,27.944,1.03681,-200.429,211.884
353.18,10.0949,2.5814,7.63875,7.0593,27.944,1.03681,-200.429,202.87
353.2,10.0949,2.52259,7.50093,7.05944,28.7595,1.03681,-200.429,204.977
353.22,10.0944,2.5225,7.50072,7.01299,28.7607,1.03681,-200.429,210.291
353.24,10.0944,2.43099,7.45494,7.01299,29.9257,1.03681,-200.429,215.593
353.26,10.0965,2.42612,7.45487,6.92025,30.6847,1.03681,-200.429,222.494
353.28,10.096,2.42586,7.45487,7.01299,30.6859,1.03681,-200.429,229.408
353.3,10.0992,2.4021,7.50065,7.01299,30.2199,1.03681,-200.429,230.999
353.32,10.0992,2.37502,7.50072,7.01299,30.2192,1.03681,-200.429,232.595
353.34,10.1062,2.47424,7.77581,7.01299,28.4107,1.04257,-200.429,232.064
353.36,10.1083,2.41511,7.77581,7.05937,28.4107,1.04061,-201.663,233.654
353.38,10.1083,2.39253,7.9592,7.01299,26.6022,1.04061,-201.665,235.25
353.4,10.1168,2.25569,7.9592,7.01299,25.7285,1.04061,-201.665,237.371
353.42,10.1275,2.2377,8.41698,7.01299,25.7272,1.04061,-201.665,239.495
353.44,10.1356,2.31514,8.41768,7.01299,25.2021,1.04061,-201.665,235.781
353.46,10.1356,2.39442,9.01279,7.05937,25.2021,1.04061,-201.665,232.069
353.48,10.1425,2.27588,9.74615,7.05944,24.7944,1.04061,-201.665,236.305
353.5,10.1479,2.24712,9.74727,7.05944,24.6771,1.04061,-201.665,237.905
353.52,10.1479,2.26153,10.1135,7.01306,24.6771,1.04061,-201.665,239.496
353.54,10.1527,2.36108,10.1141,7.01299,24.4441,1.02142,-201.665,236.847
353.56,10.1548,2.30316,10.1141,7.05944,24.4437,1.02139,-200.45,234.188
353.58,10.1553,2.3513,10.1141,7.05944,24.3855,1.01963,-200.45,240.02
353.6,10.1553,2.30292,9.83896,7.10588,24.3854,1.01963,-200.45,245.871
353.62,10.1548,2.39378,9.74727,7.10588,24.3854,1.01963,-200.45,244.809
353.64,10.1569,2.38616,9.74727,7.15225,24.3854,1.01963,-200.45,244.278
353.66,10.1569,2.38,9.60972,7.10588,24.3854,1.01963,-200.45,243.746
353.68,10.1601,2.40886,9.60972,7.10588,24.5601,1.01963,-200.45,244.807
353.7,10.1611,2.31677,9.42661,7.19863,24.5604,1.01963,-200.45,245.869
353.72,10.1611,2.29757,9.42633,7.19877,24.4437,1.01963,-200.45,243.215
353.74,10.1671,2.44376,9.33478,7.19877,24.4437,1.01963,-200.45,240.564
353.76,10.168,2.39849,9.38041,7.19877,24.6767,1.02924,-200.45,241.621
353.78,10.1713,2.3164,9.38048,7.24521,24.6771,1.03032,-202.385,235.781
353.8,10.1713,2.33261,9.33471,7.24521,24.7353,1.03032,-202.385,229.948
353.82,10.1727,2.37492,9.33464,7.24521,24.6771,1.03032,-202.385,227.284
353.84,10.1727,2.35253,9.33464,7.24521,24.6771,1.03032,-202.385,224.629
353.86,10.1727,2.3562,9.33464,7.24521,24.9101,1.03032,-202.385,228.341
353.88,10.1731,2.3183,9.33464,7.29166,24.9104,1.03032,-202.385,234.719
353.9,10.1778,2.33309,9.38041,7.29166,25.0852,1.03032,-202.385,233.128
353.92,10.1778,2.33036,9.38048,7.33803,25.0854,1.03032,-202.385,231.535
353.94,10.1782,2.39944,9.47218,7.38454,25.1438,1.03032,-202.385,229.939
353.96,10.1806,2.40938,9.47218,7.38454,25.2603,1.01496,-202.385,229.409
353.98,10.1806,2.48907,9.56374,7.47729,25.2605,1.01493,-200.967,228.878
354,10.1806,2.47503,9.65557,7.47743,25.3188,1.01845,-200.965,229.939
354.02,10.181,2.46051,9.65557,7.61655,25.3188,1.01845,-200.965,233.121
354.04,10.1824,2.48316,9.7929,7.61676,25.3188,1.01845,-200.965,237.898
354.06,10.1824,2.46668,9.79311,7.80254,25.3188,1.01845,-200.965,232.595
354.08,10.1843,2.52732,9.83889,8.08077,25.3188,1.01845,-200.965,227.292
354.1,10.1833,2.48073,9.83896,8.0812,25.6688,1.01845,-200.965,224.098
354.12,10.1833,2.46917,9.93066,8.22053,25.6688,1.01845,-200.965,220.912
354.14,10.1843,2.38679,10.0222,8.22053,26.0183,1.01845,-200.965,218.261
354.16,10.1847,2.45631,10.0224,8.4063,26.0188,1.01845,-200.965,218.788
354.18,10.1852,2.47852,10.1139,8.4063,26.2518,1.00505,-200.965,219.318
354.2,10.1852,2.4616,10.1141,8.4063,26.3687,1.0077,-201.622,223.561
354.22,10.188,2.50755,10.2974,8.4063,26.3689,1.0077,-201.624,227.815
354.24,10.1894,2.47414,10.2974,8.4063,26.3689,1.0077,-201.624,234.178
354.26,10.1894,2.43578,10.2974,8.45268,26.3689,1.0077,-201.624,240.55
354.28,10.1908,2.48176,10.3891,8.45275,26.1939,1.0077,-201.624,245.871
354.3,10.1894,2.4772,10.3891,8.31363,26.1939,1.0077,-201.624,248.522
354.32,10.1898,2.4873,10.5267,8.31342,26.2522,1.0077,-201.624,247.995
354.34,10.1898,2.58765,10.5267,8.35986,26.4272,1.0077,-201.624,251.712
354.36,10.1894,2.51545,10.5267,8.22074,26.4272,1.0077,-201.624,255.424
354.38,10.1912,2.43189,10.5267,8.22053,26.5439,0.998152,-201.624,259.678
354.4,10.1912,2.40884,10.4351,8.2669,26.5439,0.998152,-201.171,263.919
354.42,10.1922,2.35235,10.3892,8.26697,26.6604,0.999115,-201.171,264.456
354.44,10.1922,2.37245,10.3891,8.22053,26.6606,0.999117,-201.171,262.864
354.46,10.1922,2.35257,10.3891,8.22053,26.7188,0.999117,-201.171,260.213
354.48,10.1936,2.36677,10.3891,8.31327,26.5442,0.999117,-201.171,263.39
354.5,10.1936,2.28391,10.2974,8.31342,26.5439,0.999117,-201.171,266.581
354.52,10.1926,2.45314,10.2974,8.31342,26.4274,0.999117,-201.171,267.111
354.54,10.1926,2.44303,10.2059,8.40616,26.4272,0.999117,-201.171,267.642
354.56,10.1936,2.42025,9.97651,8.4063,26.4856,0.999117,-201.171,270.829
354.58,10.1973,2.36588,9.97651,8.4063,26.4856,0.985783,-201.171,272.42
354.6,10.1973,2.39188,9.93066,8.4063,26.3105,0.985762,-201.171,274.016
354.62,10.1926,2.37948,9.93066,8.35986,26.1939,0.986773,-200.017,274.016
354.64,10.1945,2.3354,9.8391,8.31349,26.1939,0.986773,-200.017,274.016
354.66,10.1945,2.34057,9.83896,8.31342,25.8438,0.986773,-200.017,267.112
354.68,10.1945,2.33364,9.65585,8.35979,25.8438,0.986773,-200.017,260.219
354.7,10.195,2.43612,9.65557,8.35986,25.6691,0.986773,-200.017,258.088
354.72,10.1936,2.36705,9.65557,8.31342,25.6688,0.986773,-200.017,255.96
354.74,10.1936,2.33392,9.51824,8.31342,25.4358,0.986773,-200.017,255.43
354.76,10.1959,2.26808,9.51803,8.1743,25.1442,0.986773,-200.017,253.839
354.78,10.195,2.33946,9.51803,8.12764,25.1438,0.986773,-200.017,252.243
354.8,10.195,2.38341,9.51803,8.12764,25.0273,0.984871,-200.017,255.424
354.82,10.1959,2.32237,9.51803,8.0349,25.0271,0.984868,-201.827,258.611
354.84,10.1945,2.46891,9.51803,8.03475,24.7937,0.988485,-201.829,260.209
354.86,10.1959,2.42267,9.51803,7.80289,24.7937,0.988485,-201.829,261.799
354.88,10.1959,2.32529,9.56388,7.80254,24.5604,0.988485,-201.829,260.74
354.9,10.1973,2.29873,9.56388,7.66342,24.6769,0.988485,-201.829,262.861
354.92,10.1968,2.48206,9.56388,7.3386,24.6771,0.988485,-201.829,264.985
354.94,10.1968,2.47009,9.56388,7.3381,24.5604,0.988485,-201.829,261.271
354.96,10.1963,2.37697,9.56388,7.29173,24.5604,0.988485,-201.829,257.559
354.98,10.1959,2.44976,9.65543,7.29166,24.5021,0.988485,-201.829,257.553
355,10.1959,2.51446,9.65557,7.05944,24.5021,1.00178,-201.829,257.553
355.02,10.1959,2.47614,9.65557,7.01306,24.7351,1.00178,-201.829,257.553
355.04,10.195,2.3935,9.65557,7.01299,24.7354,1.00104,-199.856,256.493
355.06,10.1936,2.30911,9.60972,6.96655,24.7354,1.00103,-199.853,255.429
355.08,10.1936,2.34275,9.60972,6.96655,25.0849,1.00103,-199.853,255.96
355.1,10.1954,2.37755,9.56388,6.87366,25.0854,1.00103,-199.853,256.491
355.12,10.1959,2.38978,9.65557,6.87366,25.3188,1.00103,-199.853,255.96
355.14,10.1959,2.45221,9.65557,6.96641,25.3188,1.00103,-199.853,255.43
355.16,10.1959,2.35436,9.65557,6.78078,25.4938,1.00103,-199.853,256.491
355.18,10.1954,2.38697,9.65557,6.78078,25.5521,1.00103,-199.853,258.612
355.2,10.1954,2.40129,9.56402,6.82715,25.5521,1.00103,-199.853,260.736
355.22,10.195,2.41308,9.56388,6.82722,25.5521,0.991532,-199.853,251.181
355.24,10.1963,2.30316,9.65543,6.82722,25.5521,0.991532,-201.395,241.637
355.26,10.1959,2.28849,9.65557,6.82722,25.4356,0.991532,-201.397,235.79
355.28,10.1959,2.31047,9.65557,6.73433,25.4355,0.991532,-201.397,229.94
355.3,10.1945,2.36753,9.65557,6.73433,25.3772,0.991532,-201.397,227.819
355.32,10.1954,2.24225,9.65557,6.73433,25.1441,0.991532,-201.397,233.118
355.34,10.1954,2.22432,9.83896,6.82722,25.1438,0.991532,-201.397,238.436
355.36,10.1954,2.27435,9.83896,6.82722,25.3768,0.991532,-201.397,246.92
355.38,10.1829,2.33246,9.74727,6.73433,25.3771,0.991532,-201.397,255.429
355.4,10.1815,2.36319,9.83882,6.73433,25.3771,0.991532,-201.397,264.443
355.42,10.1815,2.34006,9.83896,6.68796,25.3771,1.01621,-201.397,271.88
355.44,10.1806,2.34521,9.93066,6.68789,25.4355,1.01625,-201.397,272.954
355.46,10.182,2.40175,9.93066,6.68789,25.552,1.01735,-200.348,271.363
355.48,10.182,2.38859,9.74755,6.64152,25.5521,1.01735,-200.347,269.77
355.5,10.1824,2.31097,9.74727,6.64144,25.4938,1.01735,-200.347,268.174
355.52,10.1806,2.40642,9.56415,6.64144,25.4938,1.01735,-200.347,266.584
355.54,10.1806,2.4377,9.38076,6.64144,25.7268,1.01735,-200.347,263.93
355.56,10.1792,2.53962,9.38048,6.595,25.7272,1.01735,-200.347,261.271
355.58,10.1768,2.60601,9.06004,6.595,25.9019,1.01735,-200.347,260.741
355.6,10.1768,2.55382,9.05955,6.64144,26.3105,1.01735,-200.347,261.271
355.62,10.1768,2.52536,8.83031,6.595,26.3105,1.01735,-200.347,261.802
355.64,10.1764,2.58806,8.6472,6.595,26.66,1.01924,-200.347,268.695
355.66,10.1745,2.61449,8.64692,6.595,26.6606,1.01925,-201.191,275.609
355.68,10.1745,2.59879,8.73847,6.595,27.0683,1.01925,-201.191,277.73
355.7,10.1731,2.52999,8.73861,6.595,27.0689,1.01925,-201.191,284.626
355.72,10.1755,2.46647,8.69277,6.595,27.594,1.01925,-201.191,291.54
355.74,10.1755,2.42976,8.69277,6.595,27.5357,1.01925,-201.191,288.889
355.76,10.1741,2.55882,8.73854,6.50226,27.5356,1.01925,-201.191,286.234
355.78,10.1703,2.41794,8.78446,6.50211,27.0106,1.01925,-201.191,282.512
355.8,10.1699,2.39136,8.78446,6.59486,27.0106,1.01925,-201.191,278.801
355.82,10.1699,2.41076,8.92179,6.595,26.1951,1.01925,-201.191,271.902
355.84,10.1685,2.29474,8.922,6.54856,25.3188,1.04206,-201.191,262.864
355.86,10.1685,2.45508,9.10512,6.54856,25.3188,1.04206,-201.191,260.213
355.88,10.1685,2.46253,9.1054,6.45567,25.0271,1.04316,-201.624,267.112
355.9,10.168,2.22638,9.33429,6.45567,25.0271,1.04316,-201.624,274.005
355.92,10.1657,2.27527,9.28886,6.45567,24.6776,1.04316,-201.624,280.378
355.94,10.1657,2.32989,9.28879,6.40923,24.6771,1.04316,-201.624,286.761
355.96,10.1662,2.29091,9.60923,6.40923,24.4441,1.04316,-201.624,291.533
355.98,10.1643,2.38137,9.60972,6.4556,23.9195,1.04316,-201.624,296.312
356,10.1643,2.3054,9.65557,6.45567,23.9187,1.04316,-201.624,298.974
356.02,10.1634,2.30357,9.65557,6.54842,23.9187,1.04316,-201.624,296.323
356.04,10.162,2.33233,9.47246,6.59493,23.9187,1.04316,-201.624,293.668
356.06,10.1634,2.37204,9.47218,6.595,23.802,1.04886,-201.624,294.726
356.08,10.1634,2.3505,9.33485,6.64137,23.802,1.05077,-200.02,295.787
356.1,10.162,2.32679,9.24294,6.64144,23.5686,1.05077,-200.017,292.071
356.12,10.1615,2.35222,9.24294,6.78078,23.1603,1.05077,-200.017,283.574
356.14,10.1615,2.3724,9.15138,6.82715,23.1603,1.05077,-200.017,280.923
356.16,10.1587,2.24757,9.15124,6.82722,22.9853,1.05077,-200.017,280.919
356.18,10.1606,2.31771,9.10547,6.82722,22.9853,1.05077,-200.017,280.919
356.2,10.1624,2.31782,9.1054,6.82722,22.8688,1.05077,-200.017,281.98
356.22,10.1624,2.43203,9.0137,6.92011,22.8686,1.05077,-200.017,283.043
356.24,10.1611,2.50565,9.10526,6.92011,22.9851,1.05077,-200.017,279.862
356.26,10.1592,2.44177,9.1054,6.92011,22.9853,1.05456,-200.017,278.797
356.28,10.1592,2.44262,9.15124,7.05944,23.1603,1.05456,-200.017,279.326
356.3,10.1601,2.35079,9.15124,7.05944,23.2185,1.05534,-202.361,273.494
356.32,10.1587,2.34693,9.15124,7.19856,23.2186,1.05535,-202.365,267.652
356.34,10.1587,2.33952,9.1054,7.19877,23.5103,1.05535,-202.365,265.519
356.36,10.1601,2.38182,9.1054,7.24514,23.5103,1.05535,-202.365,263.398
356.38,10.1569,2.51486,9.19709,7.24521,23.977,1.05535,-202.365,255.96
356.4,10.158,2.50609,9.19709,7.38433,23.977,1.05535,-202.365,248.537
356.42,10.158,2.50408,9.28865,7.38454,24.2683,1.05535,-202.365,246.935
356.44,10.1592,2.70056,9.28879,7.38454,24.7354,1.05535,-202.365,245.871
356.46,10.1559,2.54573,9.33457,7.52366,24.7354,1.05535,-202.365,244.81
356.48,10.1559,2.52717,9.33464,7.52387,25.1432,1.05724,-202.365,237.916
356.5,10.1587,2.50462,9.24294,7.75609,25.1438,1.05724,-200.944,231.002
356.52,10.1564,2.59622,9.42605,7.75609,25.5515,1.05724,-200.944,233.122
356.54,10.1575,2.58997,9.42633,7.80247,26.0764,1.05724,-200.944,235.247
356.56,10.1575,2.50853,9.56388,7.80254,26.0772,1.05724,-200.944,233.657
356.58,10.1569,2.5534,9.56388,7.94166,26.1937,1.05724,-200.944,231.006
356.6,10.1592,2.53691,9.65557,8.03475,26.1939,1.05724,-200.944,228.346
356.62,10.1592,2.51412,9.65557,8.03475,26.2522,1.05724,-200.944,225.16
356.64,10.1575,2.38474,9.7929,7.98838,26.2522,1.05724,-200.944,221.979
356.66,10.1569,2.3934,9.97651,7.98831,25.8438,1.05724,-200.944,221.974
356.68,10.1569,2.39988,9.97651,7.94194,25.8438,1.06292,-200.944,221.974
356.7,10.1587,2.51172,10.0681,7.94187,25.5526,1.06293,-200.944,221.974
356.72,10.1564,2.51189,10.0682,7.89542,25.8438,1.06215,-202.241,216.132
356.74,10.1564,2.51027,10.2971,7.89542,25.8438,1.06215,-202.241,210.3
356.76,10.1564,2.53227,10.389,7.89542,25.8438,1.06215,-202.241,206.049
356.78,10.1587,2.64659,10.3891,7.89542,25.8438,1.06215,-202.241,201.794
356.8,10.1575,2.53156,10.3891,7.89542,26.2516,1.06215,-202.241,204.446
356.82,10.1575,2.51382,10.3891,7.9418,26.2522,1.06215,-202.241,212.403
356.84,10.1575,2.59401,10.3891,7.89542,26.7772,1.06215,-202.241,214.539
356.86,10.1587,2.62264,10.3891,7.89542,27.185,1.06215,-202.241,214.539
356.88,10.1575,2.60172,10.3891,7.89542,27.1856,1.06215,-202.241,214.539
356.9,10.1575,2.62108,10.3891,7.89542,27.6516,1.00917,-202.241,216.13
356.92,10.1575,2.50455,10.3891,7.70993,27.6523,1.00908,-200.782,217.723
356.94,10.1559,2.52085,10.3433,7.70965,27.769,1.00949,-200.779,221.443
356.96,10.1559,2.51813,10.3433,7.84877,27.7107,1.00949,-200.779,226.215
356.98,10.158,2.3776,10.2517,7.80261,27.7107,1.00949,-200.779,228.873
357,10.1553,2.42387,10.2516,7.80254,27.1273,1.00949,-200.779,232.064
357.02,10.1553,2.41976,10.2058,7.75616,27.1273,1.00949,-200.779,235.245
357.04,10.1543,2.38736,10.1142,7.75609,26.37,1.00949,-200.779,237.371
357.06,10.1587,2.27548,10.1141,7.75609,26.3689,1.00949,-200.779,239.498
357.08,10.1569,2.27206,10.0683,7.75609,25.5534,1.00949,-200.779,236.847
357.1,10.1569,2.29061,10.0682,7.80254,24.8521,1.02274,-200.779,239.498
357.12,10.1569,2.23411,9.97651,7.84898,24.8521,1.02274,-200.779,240.56
357.14,10.1564,2.19637,9.97651,7.84898,24.6773,1.0248,-201.19,246.393
357.16,10.1564,2.25529,9.74727,7.80254,24.6771,1.02481,-201.191,252.243
357.18,10.1564,2.32446,9.74727,7.80254,24.5606,1.02481,-201.191,253.304
357.2,10.1548,2.27723,9.60993,7.80254,24.5604,1.02481,-201.191,254.366
357.22,10.1559,2.28841,9.51803,7.80254,24.6771,1.02481,-201.191,256.491
357.24,10.1559,2.279,9.51803,7.70979,24.6771,1.02481,-201.191,253.31
357.26,10.1553,2.3382,9.33492,7.70965,24.6771,1.02481,-201.191,250.124
357.28,10.1543,2.30998,9.33464,7.89542,24.7937,1.02481,-201.191,247.995
357.3,10.1543,2.29195,9.10575,7.80268,24.7937,1.02481,-201.191,245.874
357.32,10.1587,2.31372,9.1054,7.80254,24.9102,1.02669,-201.191,246.401
357.34,10.1575,2.42729,9.1054,7.84898,24.9104,1.02973,-201.85,246.933
357.36,10.1575,2.41546,9.01384,7.84898,24.7939,1.02973,-201.85,244.812
357.38,10.1569,2.30235,9.0137,7.70965,24.7937,1.02973,-201.85,238.967
357.4,10.1553,2.26224,9.10526,7.70965,24.9102,1.02973,-201.85,233.135
357.42,10.1553,2.3564,9.1054,7.84877,25.2599,1.02973,-201.85,234.716
357.44,10.158,2.34859,9.1054,7.75609,25.2605,1.02973,-201.85,236.312
357.46,10.1559,2.30708,9.19695,7.75609,25.4352,1.02973,-201.85,231.01
357.48,10.1569,2.41998,9.19709,7.70972,25.4355,1.02973,-201.85,225.699
357.5,10.1569,2.38469,9.19709,7.70965,25.9022,1.02973,-201.85,227.815
357.52,10.1564,2.36116,9.19709,7.6169,25.9022,1.03349,-201.85,224.634
357.54,10.1569,2.30908,9.24287,7.61676,26.1934,1.0335,-201.85,221.448
357.56,10.1569,2.28675,9.24294,7.52387,26.1355,1.03484,-200.697,220.912
357.58,10.1559,2.32388,9.3345,7.61662,26.1355,1.03484,-200.697,220.382
357.6,10.1569,2.40684,9.33464,7.61676,26.0188,1.03484,-200.697,220.912
357.62,10.1575,2.40684,9.33464,7.47743,26.0188,1.03484,-200.697,221.443
357.64,10.1575,2.33576,9.38041,7.47743,26.1353,1.03484,-200.697,221.443
357.66,10.1564,2.31029,9.38048,7.52387,25.9022,1.03484,-200.697,221.443
357.68,10.1553,2.26672,9.5636,7.52387,25.9022,1.03484,-200.697,221.973
357.7,10.1553,2.26979,9.56388,7.38476,25.9022,1.03484,-200.697,226.216
357.72,10.1564,2.35185,9.56388,7.43099,25.9022,1.03484,-200.697,230.47
357.74,10.1569,2.32276,9.65543,7.43099,25.4944,1.07435,-200.697,229.94
357.76,10.1569,2.26798,9.65557,7.33824,25.4938,1.07485,-202.095,229.409
357.78,10.1559,2.3603,9.60972,7.3381,25.3188,1.07485,-202.097,240.029
357.8,10.1548,2.33852,9.60972,7.38447,24.7945,1.07485,-202.097,253.285
357.82,10.1569,2.33088,9.51817,7.38454,24.7937,1.07485,-202.097,256.487
357.84,10.1569,2.37788,9.51803,7.29166,24.5604,1.07485,-202.097,252.243
357.86,10.1553,2.33043,9.47225,7.24528,24.5604,1.07485,-202.097,248.001
357.88,10.1569,2.33715,9.47218,7.24521,24.3854,1.07485,-202.097,256.491
357.9,10.1569,2.33805,9.4264,7.33796,24.3854,1.07485,-202.097,264.975
357.92,10.1559,2.29423,9.47211,7.3381,24.0359,1.07485,-202.097,267.109
357.94,10.1553,2.25729,9.47218,7.24521,23.977,1.04847,-202.097,265.519
357.96,10.1548,2.26637,9.4264,7.33796,23.977,1.04847,-202.097,263.928
357.98,10.1548,2.36906,9.42633,7.3381,24.0353,1.04802,-200.72,268.168
358,10.1548,2.38955,9.33464,7.3381,24.0353,1.04802,-200.718,272.423
358.02,10.1564,2.28723,9.33464,7.3381,23.9188,1.04802,-200.718,272.423
358.04,10.1564,2.30485,9.47197,7.10624,23.9187,1.04802,-200.718,272.423
358.06,10.1564,2.24733,9.33464,7.10588,23.9187,1.04802,-200.718,274.016
358.08,10.1543,2.23742,9.33464,7.19863,23.9187,1.04802,-200.718,276.137
358.1,10.1543,2.26363,9.28879,7.19877,23.977,1.04802,-200.718,277.733
358.12,10.1569,2.29271,9.28879,7.19877,24.152,1.04802,-200.718,274.547
358.14,10.1543,2.31293,9.28879,7.05965,24.152,1.04802,-200.718,271.365
358.16,10.1543,2.2635,9.28879,7.05944,24.2104,1.05556,-200.718,270.298
358.18,10.1559,2.26974,9.24301,7.01306,24.2104,1.05556,-202.897,269.238
358.2,10.1559,2.24419,9.24294,7.01299,24.2686,1.05875,-202.9,254.39
358.22,10.1569,2.34139,9.24294,7.01299,24.2687,1.05876,-202.9,241.091
358.24,10.1569,2.33084,9.28872,7.01299,24.6182,1.05876,-202.9,237.91
358.26,10.1553,2.44229,9.28879,7.01299,24.677,1.05876,-202.9,235.784
358.28,10.1575,2.41147,9.15124,7.01299,24.6771,1.05876,-202.9,233.657
358.3,10.1575,2.40251,9.15124,7.01299,25.0266,1.05876,-202.9,234.187
358.32,10.1553,2.44037,9.10547,6.96662,25.0271,1.05876,-202.9,234.718
358.34,10.1559,2.4767,9.24294,6.96655,25.3771,1.05876,-202.9,233.657
358.36,10.1553,2.4767,9.24294,6.92018,25.3771,1.04938,-202.9,235.778
358.38,10.1553,2.42957,9.33464,6.87366,25.7855,1.04937,-202.9,237.905
358.4,10.1559,2.368,9.33464,6.87366,26.2515,1.05375,-201.44,236.314
358.42,10.1575,2.39548,9.24308,6.82729,26.2522,1.05376,-201.438,234.721
358.44,10.1575,2.3754,9.24294,6.82722,26.4856,1.05376,-201.438,239.498
358.46,10.1548,2.44635,9.24294,6.91996,26.4856,1.05376,-201.438,244.27
358.48,10.1587,2.32047,9.42605,6.92011,26.4273,1.05376,-201.438,240.566
358.5,10.1587,2.32359,9.42633,6.96655,26.4272,1.05376,-201.438,241.622
358.52,10.1587,2.37679,9.47211,6.92018,25.9612,1.05376,-201.438,242.683
358.54,10.1587,2.45527,9.47218,6.92011,25.844,1.05376,-201.438,242.154
358.56,10.1587,2.40388,9.38048,7.05944,25.8438,1.05376,-201.438,241.622
358.58,10.1587,2.33197,9.60937,7.05944,26.0186,1.03697,-201.438,237.38
358.6,10.1569,2.34623,9.60972,6.96655,26.0188,1.03694,-201.788,233.126
358.62,10.1587,2.26384,9.60972,6.96655,25.9022,1.04222,-201.788,240.56
358.64,10.1587,2.27646,9.60972,7.01292,25.9022,1.04222,-201.788,241.09
358.66,10.1564,2.34945,9.65557,7.01299,25.7272,1.04222,-201.788,241.622
358.68,10.1587,2.43027,9.65557,7.01299,25.4942,1.04222,-201.788,239.501
358.7,10.1587,2.42604,9.65557,6.87388,25.4938,1.04222,-201.788,237.377
358.72,10.1575,2.33935,9.56388,6.87366,25.1438,1.04222,-201.788,234.188
358.74,10.1597,2.4416,9.56388,7.01278,25.1438,1.04222,-201.788,231.006
358.76,10.1601,2.31665,9.47232,7.01299,25.0855,1.04222,-201.788,229.941
358.78,10.1601,2.33556,9.47218,7.05944,24.8521,1.03108,-201.788,228.877
358.8,10.1592,2.31524,9.33485,7.05944,24.8521,1.03108,-201.788,227.817
358.82,10.1601,2.31183,9.33464,7.01306,24.7938,1.03274,-201.912,225.164
358.84,10.1601,2.29067,9.19709,6.87366,24.7937,1.03275,-201.912,222.505
358.86,10.1587,2.33006,8.9682,6.87366,24.7937,1.03275,-201.912,218.263
358.88,10.1575,2.27129,8.96785,6.92011,24.7937,1.03275,-201.912,214.008
358.9,10.1575,2.32093,8.78474,6.92011,25.1432,1.03275,-201.912,214.539
358.92,10.1587,2.34751,8.78446,7.01285,25.3768,1.03275,-201.912,209.767
358.94,10.158,2.42639,8.73861,7.01299,25.3771,1.03275,-201.912,207.636
358.96,10.1569,2.31492,8.73861,6.92025,25.4354,1.03275,-201.912,210.817
358.98,10.1569,2.33716,8.50972,7.01285,25.4355,1.03275,-201.912,214.004
359,10.1592,2.4356,8.50937,7.01299,25.3188,1.02719,-201.912,215.601
359.02,10.1606,2.3258,8.50937,7.01299,25.3188,1.0318,-201.439,217.192
359.04,10.1606,2.31247,8.55515,7.01299,25.144,1.03181,-201.438,209.241
359.06,10.1587,2.34806,8.55522,7.05944,24.6187,1.03181,-201.438,212.946
359.08,10.1597,2.30051,8.55522,7.2913,24.6187,1.03181,-201.438,216.658
359.1,10.1597,2.30672,8.55522,7.29166,24.3854,1.03181,-201.438,222.505
359.12,10.1587,2.37522,8.60107,7.3381,24.3854,1.03181,-201.438,228.346
359.14,10.1597,2.29695,8.7384,7.3381,24.4436,1.03181,-201.438,226.225
359.16,10.1569,2.27669,8.73861,7.47743,24.4437,1.03181,-201.438,224.098
359.18,10.1569,2.28553,8.73861,7.47743,24.3272,1.03181,-201.438,226.749
359.2,10.1587,2.36725,8.73861,7.5238,24.4435,1.01341,-201.438,227.284
359.22,10.1601,2.36364,8.87616,7.75609,24.4437,1.01338,-201.438,227.815
359.24,10.1601,2.39964,8.87616,7.75609,24.3855,1.02605,-203.679,228.876
359.26,10.158,2.44545,9.01349,7.84884,24.3854,1.02607,-203.683,229.938
359.28,10.1575,2.34488,9.0137,7.84898,24.5604,1.02607,-203.683,228.346
359.3,10.1597,2.31889,9.05948,8.03447,24.5604,1.02607,-203.683,226.756
359.32,10.1597,2.38235,9.19688,8.03475,24.5604,1.02607,-203.683,225.163
359.34,10.1592,2.39843,9.19709,8.03475,24.4437,1.02607,-203.683,226.753
359.36,10.1575,2.4022,9.24287,8.1275,24.4437,1.02607,-203.683,225.693
359.38,10.1575,2.41316,9.24294,8.12764,24.5604,1.02607,-203.683,227.815
359.4,10.1587,2.349,9.10561,8.17402,24.5604,1.02607,-203.683,229.936
359.42,10.1592,2.27675,9.1054,8.17409,24.6186,1.02607,-203.683,238.423
359.44,10.1592,2.25007,9.15124,8.03475,24.6187,1.02945,-201.624,246.933
359.46,10.1587,2.36939,9.01391,8.03475,24.6187,1.02945,-201.624,252.765
359.48,10.1597,2.43128,9.0137,7.94201,24.6187,1.02945,-201.624,251.183
359.5,10.1601,2.2884,8.922,7.70965,24.5021,1.02945,-201.624,249.588
359.52,10.1601,2.27268,8.922,7.70965,24.3273,1.02945,-201.624,248.527
359.54,10.1575,2.38219,8.73889,7.57053,24.327,1.02945,-201.624,247.465
359.56,10.1575,2.40528,8.73861,7.57032,24.4437,1.02945,-201.624,246.933
359.58,10.1575,2.38458,8.69283,7.33845,24.4437,1.02945,-201.624,246.402
359.6,10.158,2.42119,8.73861,7.3381,24.3854,1.02945,-201.624,248.526
359.62,10.1587,2.41282,8.73861,6.87366,24.3854,1.0222,-201.624,257.022
359.64,10.1559,2.42291,8.64706,6.54905,24.0941,1.0222,-201.624,265.506
359.66,10.1559,2.23261,8.64692,6.54856,23.802,1.02568,-202.818,265.519
359.68,10.1569,2.29837,8.60114,6.45581,23.802,1.02568,-202.818,265.519
359.7,10.1553,2.28827,8.78418,6.45567,23.569,1.02568,-202.818,270.291
359.72,10.1553,2.30897,8.78446,5.99123,23.5686,1.02568,-202.818,275.078
359.74,10.1564,2.33143,8.78446,5.99123,23.3356,1.02568,-202.818,280.91
359.76,10.1559,2.37923,8.78446,6.08398,23.3353,1.02568,-202.818,279.859
359.78,10.1559,2.34958,8.87616,6.13056,23.1603,1.02568,-202.818,278.795
359.8,10.1543,2.27236,8.87616,6.13056,22.869,1.02568,-202.818,282.507
359.82,10.1537,2.4245,9.05927,5.99145,22.8686,1.02568,-202.818,286.224
359.84,10.1527,2.29242,9.15124,5.99123,22.6352,1.0329,-202.818,285.167
359.86,10.1527,2.30713,9.15124,6.03761,22.6352,1.0329,-201.728,284.107
359.88,10.1505,2.28383,9.28879,6.03768,22.6352,1.03501,-201.726,282.512
359.9,10.1521,2.32755,9.28879,6.03768,22.5187,1.03501,-201.726,289.405
359.92,10.1521,2.36598,9.38034,5.9913,22.5186,1.03501,-201.726,296.309
359.94,10.15,2.2816,9.38048,5.99123,22.7519,1.03501,-201.726,296.85
359.96,10.1511,2.29486,9.5636,5.99123,22.7519,1.03501,-201.726,297.381
359.98,10.1511,2.32387,9.56388,5.99123,22.5189,1.03501,-201.726,303.744
360,10.15,2.32362,9.56388,5.89835,22.5186,1.03501,-201.726,310.126
360.02,10.1468,2.31737,9.56388,5.89835,22.7516,1.03501,-201.726,307.475
360.04,10.1479,2.32415,9.56388,5.99109,22.6937,1.04402,-201.726,296.866
360.06,10.1479,2.34328,9.65557,5.99123,22.6936,1.04403,-201.726,286.23
360.08,10.1452,2.35402,9.65557,6.03761,22.6353,1.04125,-201.994,291.002
360.1,10.1452,2.37534,9.56388,5.99123,22.6352,1.04124,-201.994,295.788
360.12,10.1452,2.36938,9.47218,5.99123,22.7519,1.04124,-201.994,293.664
360.14,10.1446,2.28252,9.47218,6.03761,22.7519,1.04124,-201.994,291.543
360.16,10.1446,2.1883,9.38048,6.03768,22.9269,1.04124,-201.994,287.823
360.18,10.1446,2.2125,9.38048,6.03768,23.0434,1.04124,-201.994,291.004
360.2,10.1425,2.49113,8.96848,5.9913,23.0436,1.04124,-201.994,294.19
360.22,10.143,2.40349,8.96785,5.99123,23.452,1.04124,-201.994,283.043
360.24,10.143,2.44096,8.41852,6.03761,23.452,1.04124,-201.994,271.909
360.26,10.1425,2.49804,7.9599,6.03768,23.918,1.06114,-201.994,270.301
360.28,10.1404,2.56542,7.9592,6.08412,23.9187,1.06529,-203.127,268.705
360.3,10.1393,2.61533,7.40986,6.08412,24.6177,1.06529,-203.127,266.054
360.32,10.1393,2.61335,7.40902,6.03775,25.376,1.06529,-203.127,259.687
360.34,10.1382,2.4906,7.27148,6.08412,25.3771,1.06529,-203.127,253.305
360.36,10.1372,2.54707,7.27148,6.08412,26.3674,1.06529,-203.127,251.714
360.38,10.1372,2.50258,6.99639,6.08412,26.3689,1.06529,-203.127,250.119
360.4,10.1366,2.53698,7.08795,6.08412,27.2426,1.06529,-203.127,243.226
360.42,10.1361,2.45232,7.08809,6.26961,27.244,1.06529,-203.127,236.322
360.44,10.1361,2.45219,7.13394,6.2699,27.244,1.06529,-203.127,236.843
360.46,10.1366,2.50444,7.13394,6.2699,26.3702,1.01675,-203.127,241.085
360.48,10.1345,2.2535,7.27127,6.36264,26.3689,1.01668,-203.127,245.333
360.5,10.1361,2.40114,7.27148,6.36278,25.0271,1.00543,-201.562,241.091
360.52,10.1361,2.43887,7.68348,6.22366,25.0271,1.00543,-201.562,236.849
360.54,10.135,2.23763,7.913,6.22345,24.3864,1.00543,-201.562,243.736
360.56,10.1324,2.19945,7.91335,6.36278,24.3854,1.00543,-201.562,250.65
360.58,10.1324,2.2794,8.41691,6.36278,24.2106,1.00543,-201.562,252.771
360.6,10.134,2.32822,8.41768,6.2699,24.0353,1.00543,-201.562,252.774
360.62,10.1329,2.22843,8.96785,6.2699,24.0353,1.00543,-201.562,252.774
360.64,10.1329,2.22282,8.96785,6.2699,23.8606,1.00543,-201.562,255.425
360.66,10.1329,2.29221,9.38048,6.22345,23.8603,1.00543,-201.562,258.085
360.68,10.1345,2.27586,9.38048,6.22345,23.9186,1.01449,-201.562,257.554
360.7,10.1329,2.32299,9.51782,6.17708,23.9187,1.01585,-203.35,257.023
360.72,10.1329,2.33116,9.74727,6.17701,23.8603,1.01585,-203.353,261.802
360.74,10.1345,2.34526,9.74727,6.13063,23.9186,1.01585,-203.353,261.272
360.76,10.1318,2.28416,9.65571,6.08419,23.9187,1.01585,-203.353,260.741
360.78,10.1318,2.25589,9.65557,6.08412,23.802,1.01585,-203.353,262.864
360.8,10.1324,2.31948,9.51824,5.99137,23.802,1.01585,-203.353,264.985
360.82,10.1324,2.3094,9.42647,5.99123,23.8602,1.01585,-203.353,262.867
360.84,10.1318,2.36493,9.42633,5.99123,23.8603,1.01585,-203.353,260.74
360.86,10.1318,2.37241,9.47211,5.99123,23.9768,1.01585,-203.353,260.209
360.88,10.1329,2.341,9.47218,5.8519,23.977,1.02311,-203.353,257.553
360.9,10.1329,2.44185,9.4264,5.8519,23.977,1.02311,-203.353,254.902
360.92,10.1329,2.43809,9.42633,5.8519,24.3265,1.01655,-201.544,255.959
360.94,10.1313,2.37514,9.42633,5.80546,24.327,1.01654,-201.541,257.022
360.96,10.1324,2.35997,9.42633,5.80546,24.4435,1.01654,-201.541,253.841
360.98,10.1324,2.29803,9.42633,5.71271,24.4437,1.01654,-201.541,250.655
361,10.1334,2.41923,9.38048,5.71257,24.2687,1.01654,-201.541,249.588
361.02,10.1292,2.33597,9.38048,5.75894,24.4434,1.01654,-201.541,238.453
361.04,10.1334,2.29482,9.47204,5.75902,24.4437,1.01654,-201.541,227.301
361.06,10.1334,2.28481,9.47218,5.75902,24.2687,1.01654,-201.541,228.346
361.08,10.1318,2.26319,9.56374,6.03725,24.2687,1.01654,-201.541,229.407
361.1,10.1302,2.37141,9.56388,6.03768,24.327,1.01289,-201.541,232.064
361.12,10.1302,2.36958,9.56388,6.13056,24.327,1.01035,-202.55,234.719
361.14,10.1318,2.30491,9.60965,6.13056,24.3853,1.01035,-202.55,232.598
361.16,10.1329,2.41829,9.60972,6.40923,24.5021,1.01035,-202.55,235.25
361.18,10.1318,2.39688,9.70128,6.64109,24.5021,1.01035,-202.55,237.901
361.2,10.1318,2.30596,9.70142,6.64144,24.4438,1.01035,-202.55,233.663
361.22,10.1313,2.34216,9.70142,6.82722,24.4437,1.01035,-202.55,229.408
361.24,10.1318,2.35331,9.60986,6.82722,24.5602,1.01035,-202.55,233.12
361.26,10.1318,2.3635,9.60972,7.24457,24.5604,1.01035,-202.55,236.837
361.28,10.1313,2.33154,9.79311,7.24521,24.9104,1.01035,-202.55,233.657
361.3,10.1308,2.27885,9.79311,7.38433,25.2017,1.00304,-202.55,234.717
361.32,10.1308,2.3093,9.93045,7.47729,25.2021,1.00303,-202.55,235.779
361.34,10.1318,2.38655,9.93066,7.47743,25.4938,1.01359,-202.221,234.719
361.36,10.1334,2.41366,10.068,7.57018,25.4938,1.01359,-202.221,233.658
361.38,10.1292,2.37335,10.2057,7.57032,25.6688,1.01359,-202.221,226.753
361.4,10.1292,2.37855,10.2057,7.52394,25.6688,1.01359,-202.221,219.86
361.42,10.1324,2.41519,10.4346,7.52387,25.8436,1.01359,-202.221,221.44
361.44,10.1308,2.53397,10.435,7.57032,26.0188,1.01359,-202.221,230.471
361.46,10.1308,2.46898,10.5723,7.61669,26.0188,1.01359,-202.221,239.484
361.48,10.1324,2.57647,10.5725,7.61676,26.6596,1.01359,-202.221,235.256
361.5,10.1329,2.4961,10.6184,7.61676,26.6606,1.01359,-202.221,231.002
361.52,10.1329,2.48562,10.6642,7.61676,27.5343,0.954209,-202.221,224.109
361.54,10.1313,2.4704,10.6642,7.52402,27.5356,0.970946,-202.221,217.205
361.56,10.1313,2.52251,10.5725,7.52387,28.9941,0.970972,-202.221,214.008
361.58,10.1313,2.74521,10.5725,7.57025,31.1493,0.970972,-202.221,211.357
361.6,10.1329,2.67698,10.2516,7.66321,31.1526,0.970972,-202.221,208.698
361.62,10.1313,2.60512,10.2516,7.66321,33.8945,0.970972,-202.221,210.822
361.64,10.1313,2.65823,9.97693,7.57046,33.8945,0.970972,-202.221,212.943
361.66,10.1313,2.66778,9.83896,7.57032,36.6947,0.970972,-202.221,210.291
361.68,10.1318,2.6096,9.83896,7.61669,36.6947,0.970972,-202.221,207.64
361.7,10.1356,2.70707,9.88474,7.61676,37.685,0.970972,-202.221,217.18
361.72,10.1356,2.68212,9.88481,7.61676,36.8698,0.965688,-202.221,221.443
361.74,10.1324,2.53599,10.1595,7.66313,36.8698,0.965688,-202.221,225.685
361.76,10.134,2.47765,10.1599,7.66321,35.5883,0.995786,-203.166,227.812
361.78,10.134,2.47756,10.3891,7.61676,35.5863,0.995833,-203.168,229.939
361.8,10.1356,2.39468,10.7554,7.61676,33.6641,0.995833,-203.168,236.832
361.82,10.1356,2.60277,10.7559,7.57039,33.6612,0.995833,-203.168,243.736
361.84,10.1361,2.54662,11.0769,7.57032,30.9193,0.995833,-203.168,244.278
361.86,10.1361,2.58868,11.0769,7.57032,28.531,0.995833,-203.168,242.687
361.88,10.1382,2.39499,11.3978,7.61676,28.5274,0.995833,-203.168,241.091
361.9,10.1393,2.26608,11.3978,7.61676,27.3624,0.995833,-203.168,244.803
361.92,10.1393,2.30126,11.4893,7.52402,27.3606,0.995833,-203.168,248.52
361.94,10.135,2.40399,11.5812,7.52387,27.0689,0.960181,-203.168,249.588
361.96,10.1393,2.33971,11.5812,7.52387,27.0689,0.98172,-202.16,250.648
361.98,10.1382,2.33153,11.7643,7.52387,27.4184,0.981753,-202.159,254.892
362,10.1382,2.3455,11.7646,7.47743,27.769,0.981753,-202.159,258.085
362.02,10.1388,2.35279,11.8104,7.43106,27.769,0.981753,-202.159,261.266
362.04,10.1398,2.42487,11.8104,7.43099,28.235,0.981753,-202.159,263.922
362.06,10.1398,2.44873,11.7187,7.38454,28.2357,0.981753,-202.159,266.581
362.08,10.1425,2.407,11.4898,7.38454,28.4104,0.981753,-202.159,268.172
362.1,10.143,2.37436,11.4895,7.43099,28.4107,0.981753,-202.159,269.767
362.12,10.143,2.40264,11.2602,7.43099,28.5857,0.981753,-202.159,264.457
362.14,10.1446,2.38596,11.2602,7.43099,28.3527,0.971881,-202.159,264.457
362.16,10.1441,2.44377,11.0769,7.38454,28.3524,0.971866,-202.159,264.457
362.18,10.1462,2.49552,11.0769,7.38454,28.7019,0.96379,-203.249,261.276
362.2,10.1463,2.46084,10.9853,7.43092,28.7024,0.963778,-203.25,258.089
362.22,10.1463,2.34978,11.0769,7.43099,29.1108,0.963778,-203.25,255.96
362.24,10.1479,2.34611,11.0769,7.43099,29.1108,0.963778,-203.25,253.839
362.26,10.1479,2.34472,10.9395,7.43099,29.3438,0.963778,-203.25,254.366
362.28,10.1479,2.51423,10.9393,7.52387,29.2275,0.963778,-203.25,257.553
362.3,10.1463,2.42372,10.802,7.57025,29.2275,0.963778,-203.25,260.735
362.32,10.1505,2.42215,10.8018,7.57032,28.7615,0.963778,-203.25,266.572
362.34,10.1505,2.30773,10.8476,7.66321,28.7607,0.963778,-203.25,272.423
362.36,10.1511,2.39467,10.8018,7.66321,27.7705,0.97041,-203.25,278.785
362.38,10.1505,2.19225,10.8018,7.75609,27.769,0.964515,-201.891,285.167
362.4,10.1505,2.24007,10.8933,7.75609,27.1865,0.964515,-201.891,285.698
362.42,10.1489,2.30344,10.8935,7.89521,26.6614,0.964515,-201.891,291.001
362.44,10.1505,2.38814,10.9852,7.98831,26.6606,0.964515,-201.891,296.319
362.46,10.1505,2.42987,10.9852,7.98831,26.2528,0.964515,-201.891,299.501
362.48,10.1495,2.45752,11.0309,8.26655,26.2522,0.964515,-201.891,302.687
362.5,10.1511,2.39319,10.9852,8.26697,26.0772,0.964515,-201.891,308.533
362.52,10.1495,2.37794,10.9852,8.26697,26.0772,0.964515,-201.891,314.366
362.54,10.1495,2.35718,10.9852,8.26697,25.7277,0.964515,-201.891,312.254
362.56,10.15,2.31806,10.9852,8.4063,25.5521,0.984659,-201.891,308.533
362.58,10.1495,2.35516,10.7105,8.5918,25.5521,0.984659,-201.891,304.822
362.6,10.1495,2.2949,10.7101,8.59208,25.4938,0.984659,-203.559,310.657
362.62,10.1505,2.31365,10.6642,8.87074,25.4938,0.984659,-203.559,316.499
362.64,10.1495,2.32841,10.5727,8.87074,25.8433,0.984659,-203.559,313.848
362.66,10.1495,2.3219,10.5725,8.8243,25.8438,0.984659,-203.559,311.188
362.68,10.1505,2.40391,10.5725,8.8243,26.4846,0.984659,-203.559,310.128
362.7,10.1489,2.4837,10.5725,8.87067,27.0098,0.984659,-203.559,310.656
362.72,10.1511,2.35797,10.6184,8.8243,27.0106,0.984659,-203.559,311.188
362.74,10.1511,2.38822,10.6184,8.8243,27.7096,0.984659,-203.559,310.128
362.76,10.1505,2.4393,10.6184,8.73155,27.7107,0.984659,-203.559,309.066
362.78,10.1489,2.3844,10.7101,8.73141,27.8857,0.97961,-203.559,305.347
362.8,10.1489,2.43403,10.7101,8.68504,27.8857,0.972969,-203.024,301.635
362.82,10.1505,2.37943,10.5727,8.68497,28.3517,0.972959,-203.024,304.281
362.84,10.1516,2.36713,10.5725,8.59208,28.5857,0.972959,-203.024,294.195
362.86,10.1516,2.36571,10.7099,8.68482,28.5857,0.972959,-203.024,284.121
362.88,10.1505,2.41831,10.7101,8.68497,28.7607,0.972959,-203.024,279.326
362.9,10.1484,2.52767,10.9847,8.54585,28.7607,0.972959,-203.024,274.554
362.92,10.1511,2.38772,11.1225,8.54564,28.7607,0.972959,-203.024,268.714
362.94,10.1511,2.34662,11.1227,8.63852,28.7607,0.972959,-203.024,262.864
362.96,10.1495,2.43014,11.3516,8.63852,28.6442,0.972959,-203.024,264.455
362.98,10.1511,2.5391,11.3519,8.54578,28.8188,0.989908,-203.024,263.927
363,10.1511,2.52523,11.627,8.63852,28.8191,0.989934,-203.024,263.395
363.02,10.1521,2.57523,11.627,8.63852,28.8773,0.993647,-202.386,260.214
363.04,10.1505,2.57015,11.7644,8.63852,28.8774,0.993652,-202.385,257.027
363.06,10.1505,2.58804,11.8563,8.63852,29.2275,0.993652,-202.385,255.96
363.08,10.1527,2.5266,11.8563,8.63852,29.2275,0.993652,-202.385,254.9
363.1,10.1511,2.55824,11.8563,8.63852,29.6358,0.993652,-202.385,253.305
363.12,10.1495,2.61244,11.8563,8.54564,29.6942,0.993652,-202.385,252.243
363.14,10.1495,2.56316,11.9021,8.49926,29.6942,0.993652,-202.385,251.183
363.16,10.15,2.37256,11.9021,8.49919,29.9275,0.993652,-202.385,244.809
363.18,10.15,2.5757,11.6732,8.45282,29.9275,0.993652,-202.385,238.446
363.2,10.15,2.5652,11.6271,8.45275,29.9275,0.986888,-202.385,238.966
363.22,10.1511,2.4771,11.627,8.35986,29.9275,0.987821,-203.003,239.498
363.24,10.1511,2.44733,11.8101,8.35986,29.7528,0.987821,-203.003,233.666
363.26,10.1511,2.462,11.8104,8.17437,29.403,0.987821,-203.003,243.731
363.28,10.1505,2.50923,11.7187,8.03475,29.4025,0.987821,-203.003,253.836
363.3,10.1516,2.49167,11.7187,8.03475,29.4025,0.987821,-203.003,253.306
363.32,10.1505,2.42687,11.7187,8.1275,29.4025,0.987821,-203.003,252.775
363.34,10.1505,2.43075,11.627,8.12764,29.1691,0.987821,-203.003,256.491
363.36,10.1495,2.30232,11.627,7.98852,29.1691,0.987821,-203.003,258.082
363.38,10.1527,2.35788,11.4895,7.98831,28.5274,0.987821,-203.003,256.491
363.4,10.1527,2.37921,11.4895,8.03468,28.3526,1.00644,-203.003,262.324
363.42,10.1511,2.23524,11.3522,8.03475,28.3524,1.00647,-203.003,268.165
363.44,10.1516,2.32319,11.3519,8.03475,28.119,1.00187,-202.221,269.767
363.46,10.1521,2.29611,11.2604,7.98838,28.119,1.00187,-202.221,269.767
363.48,10.1521,2.39304,10.9856,7.98831,28.352,1.00187,-202.221,272.418
363.5,10.1511,2.33844,10.9852,8.03475,28.3524,1.00187,-202.221,280.919
363.52,10.1484,2.35703,10.9394,8.03475,28.5854,1.00187,-202.221,287.282
363.54,10.1484,2.33199,10.9393,8.1275,28.7605,1.00187,-202.221,286.231
363.56,10.15,2.31318,10.8476,8.17409,28.7607,1.00187,-202.221,287.292
363.58,10.1495,2.38652,10.8476,8.17409,28.9355,1.00187,-202.221,292.594
363.6,10.1495,2.39092,10.8018,8.22053,28.9358,1.00187,-202.221,295.788
363.62,10.1511,2.38337,10.7101,8.22053,28.9358,1.00358,-202.221,294.195
363.64,10.1516,2.30394,10.7101,8.31328,28.9358,0.999064,-204.4,300.558
363.66,10.1495,2.34227,10.7559,8.31342,28.8774,0.999057,-204.403,305.878
363.68,10.1495,2.35328,10.7559,8.35979,28.7027,0.999057,-204.403,300.576
363.7,10.15,2.36924,10.8475,8.49898,28.7024,0.999057,-204.403,296.326
363.72,10.15,2.37673,10.8476,8.49919,28.5274,0.999057,-204.403,299.505
363.74,10.15,2.41395,10.8934,8.40645,28.5274,0.999057,-204.403,303.747
363.76,10.1505,2.4004,10.9392,8.4063,28.0614,0.999057,-204.403,298.982
363.78,10.1505,2.35887,10.9393,8.49919,28.0607,0.999057,-204.403,296.319
363.8,10.1484,2.36894,11.214,8.49919,27.7694,0.999057,-204.403,297.91
363.82,10.1484,2.25845,11.2144,8.49919,27.536,0.995632,-204.403,294.201
363.84,10.1505,2.36168,11.2144,8.54564,27.5356,0.995626,-202.591,292.602
363.86,10.1484,2.37669,11.2144,8.54564,27.5356,1.00199,-202.591,294.193
363.88,10.1484,2.33891,11.3061,8.54564,27.5356,1.00199,-202.591,298.443
363.9,10.15,2.31885,11.535,8.54564,27.7104,1.00199,-202.591,294.202
363.92,10.1489,2.40964,11.5353,8.49926,27.7107,1.00199,-202.591,284.121
363.94,10.1489,2.41457,11.627,8.49919,27.8857,1.00199,-202.591,278.264
363.96,10.1489,2.41817,11.627,8.45282,28.2934,1.00199,-202.591,278.794
363.98,10.1484,2.49716,11.9017,8.63824,28.294,1.00199,-202.591,274.553
364,10.1479,2.38852,11.9021,8.63852,28.9358,1.00199,-202.591,267.643
364.02,10.1479,2.42675,12.131,8.4994,28.9358,1.00199,-202.591,262.871
364.04,10.1484,2.48872,12.406,8.49919,29.6348,0.988412,-204.524,260.743
364.06,10.1505,2.48883,12.4064,8.45275,29.6358,0.990263,-204.527,250.65
364.08,10.1505,2.47088,12.7269,8.45275,30.3931,0.990263,-204.527,247.469
364.1,10.1473,2.51262,12.7274,8.35986,30.9776,0.990263,-204.527,241.091
364.12,10.1446,2.61297,12.8649,8.4063,30.9776,0.990263,-204.527,233.657
364.14,10.1446,2.63282,12.8649,8.4063,32.0261,0.990263,-204.527,227.824
364.16,10.1441,2.59696,13.14,8.49919,32.0277,0.990263,-204.527,220.912
364.18,10.1446,2.64158,13.2316,8.49919,33.4839,0.990263,-204.527,225.684
364.2,10.1436,2.68495,13.2317,8.40645,33.4861,0.990263,-204.527,228.873
364.22,10.1436,2.64489,13.2776,8.4063,35.2946,0.990263,-204.527,227.815
364.24,10.1441,2.64066,13.2776,8.35993,37.0421,1.00043,-203.293,227.815
364.26,10.1452,2.62206,13.3691,8.40623,37.0448,1.00044,-203.291,225.694
364.28,10.1452,2.59316,13.3693,8.4063,38.0949,1.01665,-203.291,223.036
364.3,10.1446,2.5546,13.3693,8.4063,38.0949,1.01665,-203.291,218.794
364.32,10.1436,2.54249,13.3693,8.4063,37.9784,1.01665,-203.291,223.03
364.34,10.1436,2.5182,13.3693,8.49919,37.9782,1.01665,-203.291,227.815
364.36,10.143,2.4683,13.3235,8.49919,36.522,1.01665,-203.291,228.346
364.38,10.1441,2.66432,13.3234,8.4063,34.0695,1.01665,-203.291,233.126
364.4,10.1441,2.23985,13.3234,8.54542,34.0695,1.01665,-203.291,237.898
364.42,10.1441,2.29209,13.3234,8.54564,31.6813,1.01665,-203.291,245.328
364.44,10.1436,2.47535,13.1859,8.54564,31.6777,1.01665,-203.683,255.96
364.46,10.1436,2.2784,13.0943,8.54564,30.0467,1.03506,-203.683,263.914
364.48,10.1436,2.36443,13.0942,8.63838,30.0442,1.04089,-203.683,267.637
364.5,10.1452,2.35736,12.8649,8.73141,28.9358,1.0409,-203.683,268.174
364.52,10.1436,2.24915,12.8649,8.73141,28.3533,1.0409,-203.683,271.886
364.54,10.1436,2.28071,12.636,8.73141,28.3524,1.0409,-203.683,276.133
364.56,10.1425,2.27346,12.6357,8.73141,27.944,1.0409,-203.683,278.795
364.58,10.1409,2.34906,12.361,8.77778,27.944,1.0409,-203.683,279.855
364.6,10.142,2.34918,12.1314,8.77785,27.419,1.0409,-203.683,276.671
364.62,10.142,2.31803,12.1314,8.77785,27.419,1.0409,-203.683,277.202
364.64,10.1452,2.28351,11.8567,8.77785,27.3607,1.0409,-204.012,278.262
364.66,10.1441,2.32924,11.8563,8.77785,27.419,1.03255,-204.012,278.264
364.68,10.1441,2.34342,11.6732,8.77785,27.419,1.03255,-204.012,278.794
364.7,10.142,2.3453,11.6729,8.77785,27.5355,1.0365,-204.012,279.855
364.72,10.1404,2.3453,11.5353,8.77785,27.5356,1.03651,-204.012,280.919
364.74,10.1404,2.35591,11.3064,8.73148,27.6521,1.03651,-204.012,278.798
364.76,10.1388,2.3005,11.3061,8.73141,27.6523,1.03651,-204.012,276.144
364.78,10.1409,2.37587,11.2602,8.77785,27.8857,1.03651,-204.012,278.795
364.8,10.1404,2.36815,11.2602,8.63873,28.4099,1.03651,-204.012,277.204
364.82,10.1404,2.4135,11.2145,8.63852,28.4107,1.03651,-204.012,273.49
364.84,10.1398,2.38558,11.2144,8.68497,28.7024,1.03651,-203.024,274.547
364.86,10.1398,2.26786,11.1228,8.68497,28.7024,1.03651,-203.024,272.426
364.88,10.1398,2.29355,11.1227,8.68497,29.1108,1.04983,-203.024,270.298
364.9,10.1398,2.43073,11.1227,8.63859,29.1108,1.05977,-203.024,272.419
364.92,10.1398,2.32606,11.1685,8.63852,29.402,1.05978,-203.024,274.013
364.94,10.1404,2.26102,11.1686,8.68497,29.5775,1.05978,-203.024,277.733
364.96,10.1404,2.4587,11.2143,8.68497,29.5775,1.05978,-203.024,280.914
364.98,10.1409,2.35533,11.2144,8.63859,29.5775,1.05978,-203.024,281.449
365,10.1404,2.38602,11.2602,8.63852,29.5775,1.05978,-203.024,283.574
365.02,10.1404,2.41546,11.4434,8.6849,29.5775,1.05978,-203.024,290.998
365.04,10.1388,2.38984,11.4436,8.59222,29.5775,1.05978,-203.024,291.539
365.06,10.1414,2.40216,11.7646,8.59208,29.5191,1.05978,-204.836,291.54
365.08,10.1414,2.40263,11.7646,8.7312,29.2861,1.0172,-204.836,288.359
365.1,10.1393,2.35466,11.7646,8.73141,29.2858,1.01714,-204.836,284.636
365.12,10.1414,2.35093,11.9938,8.63852,29.2275,1.00472,-204.836,288.885
365.14,10.1398,2.39934,11.9938,8.6849,29.2275,1.00472,-204.836,288.355
365.16,10.1398,2.38431,12.1772,8.68497,29.1691,1.00472,-204.836,291.009
365.18,10.1398,2.28986,12.1772,8.73134,29.1691,1.00472,-204.836,296.311
365.2,10.1404,2.39485,12.3145,8.73141,29.2856,1.00472,-204.836,296.319
365.22,10.1404,2.44021,12.2689,8.8243,29.6358,1.00472,-204.836,293.133
365.24,10.1398,2.33759,12.2689,8.91704,29.6358,1.00472,-204.836,294.194
365.26,10.1409,2.43086,12.4062,8.91718,29.7523,1.00472,-203.026,290.484
365.28,10.1425,2.46921,12.4064,8.87074,29.7525,1.00472,-203.024,286.23
365.3,10.1425,2.34967,12.4064,8.87074,30.0437,1.01625,-203.024,281.988
365.32,10.1393,2.42978,12.3607,8.87074,30.5102,1.02853,-203.024,276.149
365.34,10.1409,2.49509,12.3606,9.01007,30.5109,1.02855,-203.024,278.264
365.36,10.1409,2.47469,12.2233,9.01007,30.9186,1.02855,-203.024,278.264
365.38,10.1409,2.3291,12.2231,8.96363,30.9193,1.02855,-203.024,275.078
365.4,10.1388,2.3717,12.2688,8.96363,31.0358,1.02855,-203.024,274.547
365.42,10.1388,2.39788,12.0858,8.91726,30.9777,1.02855,-203.024,274.016
365.44,10.1393,2.4362,12.0855,8.96363,30.9776,1.02855,-203.024,268.174
365.46,10.1398,2.35885,11.9024,8.96363,31.2106,1.02855,-204.545,267.114
365.48,10.1404,2.32837,11.9021,8.87088,31.211,1.02855,-204.547,268.173
365.5,10.1404,2.28175,11.8104,8.87074,30.9776,1.02365,-204.547,274.016
365.52,10.1388,2.44371,11.6731,8.87074,30.8611,1.02469,-204.547,279.848
365.54,10.1409,2.31384,11.6729,8.91711,30.8609,1.0247,-204.547,280.918
365.56,10.1409,2.33371,11.627,8.91718,30.5692,1.0247,-204.547,281.981
365.58,10.1398,2.41868,11.627,8.87081,30.5692,1.0247,-204.547,283.042
365.6,10.1382,2.38979,11.5812,8.87074,30.3359,1.0247,-204.547,280.388
365.62,10.1382,2.34408,11.5812,8.87074,29.9275,1.0247,-204.547,280.919
365.64,10.1398,2.36442,11.5812,8.77799,29.9275,1.0247,-204.547,284.631
365.66,10.142,2.41228,11.5353,8.77785,29.6942,1.0247,-202.982,291.54
365.68,10.1366,2.49863,11.5353,8.77785,29.6942,1.0247,-202.982,291.01
365.7,10.1366,2.46738,11.7184,8.77785,29.5194,1.04922,-202.982,291.009
365.72,10.1409,2.40896,11.7187,8.63852,29.1691,1.06276,-202.982,289.947
365.74,10.1345,2.55137,11.6729,8.63852,29.1691,1.06276,-202.982,294.719
365.76,10.1345,2.51285,11.7644,8.6849,29.1691,1.06276,-202.982,293.666
365.78,10.1334,2.49383,11.7646,8.63852,29.1691,1.06276,-202.982,293.133
365.8,10.135,2.46603,11.8561,8.63852,29.1691,1.06276,-202.982,296.845
365.82,10.135,2.43116,11.8563,8.45303,29.1691,1.06276,-202.982,300.562
365.84,10.134,2.53144,11.9938,8.45275,29.3441,1.06276,-204.959,300.036
365.86,10.134,2.47694,11.9938,8.54549,29.5189,1.06276,-204.959,304.278
365.88,10.134,2.54969,11.9938,8.59208,29.5191,1.06276,-204.959,308.533
365.9,10.135,2.52317,12.0854,8.59208,29.7521,1.05143,-204.959,309.063
365.92,10.1356,2.45873,12.0855,8.59208,29.7525,1.05142,-204.959,304.292
365.94,10.1334,2.4495,12.2231,8.59208,29.9858,1.05035,-204.959,299.506
365.96,10.1334,2.43464,12.1773,8.49933,29.8693,1.05035,-204.959,293.673
365.98,10.134,2.4355,12.1772,8.59194,29.8692,1.05035,-204.959,288.892
366,10.1356,2.55638,12.1314,8.59208,29.8108,1.05035,-204.959,284.105
366.02,10.1356,2.56004,12.1314,8.40659,29.8108,1.05035,-202.225,284.105
366.04,10.1345,2.45035,12.2229,8.4063,29.4613,1.05035,-202.221,282.515
366.06,10.1334,2.41936,12.0855,8.45275,29.0524,1.05035,-202.221,280.919
366.08,10.1356,2.41936,12.0855,8.40637,29.0524,1.05035,-202.221,277.738
366.1,10.1356,2.32408,12.0397,8.4063,28.9358,1.03744,-202.221,278.795
366.12,10.1329,2.50837,12.0397,8.4063,28.9358,1.03744,-202.221,279.857
366.14,10.1345,2.43365,12.0397,8.4063,28.8193,1.04068,-202.221,288.871
366.16,10.1345,2.44644,11.948,8.26697,28.7024,1.04069,-202.221,283.574
366.18,10.1329,2.40922,11.948,8.31335,28.7024,1.04069,-202.221,278.272
366.2,10.135,2.31594,11.9022,8.31342,28.3529,1.04069,-204.009,272.962
366.22,10.135,2.30895,11.9021,8.17409,28.3524,1.04069,-204.012,269.236
366.24,10.134,2.30024,11.7648,8.17409,28.3524,1.04069,-204.012,265.525
366.26,10.1345,2.29657,11.8561,8.17409,28.1194,1.04069,-204.012,270.821
366.28,10.1329,2.24625,11.8563,8.22053,28.119,1.04069,-204.012,261.802
366.3,10.1329,2.24712,11.6274,8.22053,28.119,1.05193,-204.012,252.788
366.32,10.1324,2.307,11.627,8.17416,28.119,1.05194,-204.012,248.532
366.34,10.1324,2.19504,11.4895,8.17409,28.294,1.04661,-204.012,251.712
366.36,10.1324,2.21561,11.4895,8.26683,28.4688,1.04661,-204.012,254.893
366.38,10.1324,2.31201,11.2602,8.31342,28.4691,1.04661,-202.632,254.367
366.4,10.1345,2.36186,10.9856,8.31342,28.935,1.04661,-202.632,254.897
366.42,10.1356,2.34437,10.9852,8.26704,28.9358,1.04661,-202.632,255.429
366.44,10.1356,2.4206,10.8018,8.26697,29.5775,1.04661,-202.632,253.305
366.46,10.134,2.33541,10.8018,8.40609,30.4512,1.04661,-202.632,254.366
366.48,10.1345,2.26123,10.6644,8.45268,30.4526,1.04661,-202.632,254.367
366.5,10.1345,2.25413,10.6184,8.45275,31.1526,1.06613,-202.632,253.305
366.52,10.134,2.30385,10.6184,8.54549,31.1526,1.06613,-202.632,259.138
366.54,10.1334,2.30727,10.5268,8.54564,32.0264,1.07136,-202.632,259.677
366.56,10.1334,2.32049,10.5267,8.54564,32.0277,1.07137,-203.538,253.305
366.58,10.135,2.24466,10.6182,8.59201,31.9112,1.07137,-203.538,257.547
366.6,10.1334,2.39512,10.5725,8.59208,30.5692,1.07137,-203.538,260.74
366.62,10.1324,2.36069,10.5725,8.77785,30.5692,1.07137,-203.538,260.74
366.64,10.1324,2.27855,10.7099,8.73148,29.1712,1.07137,-203.538,258.089
366.66,10.1329,2.3255,10.7101,8.73141,29.1691,1.07137,-203.538,258.616
366.68,10.1334,2.28893,10.8474,8.63866,28.3536,1.07137,-203.538,255.434
366.7,10.1334,2.36221,10.985,8.6849,27.8864,1.05036,-203.538,261.792
366.72,10.1329,2.41045,10.9852,8.68497,27.8857,1.05033,-203.538,270.298
366.74,10.134,2.35359,11.0309,8.68497,27.7692,1.03659,-202.942,271.359
366.76,10.134,2.32668,11.031,8.73134,27.769,1.03657,-202.941,268.709
366.78,10.1329,2.40866,11.2602,8.73141,27.6523,1.03657,-202.941,264.457
366.8,10.134,2.30706,11.3976,8.59229,27.5358,1.03657,-202.941,266.578
366.82,10.1356,2.36905,11.3978,8.63845,27.5356,1.03657,-202.941,271.883
366.84,10.1356,2.38,11.3061,8.63852,27.3606,1.03657,-202.941,272.423
366.86,10.134,2.39348,11.3061,8.4994,27.3606,1.03657,-202.941,271.892
366.88,10.135,2.47254,11.2602,8.49919,27.5356,1.03657,-202.941,267.112
366.9,10.135,2.44501,11.3518,8.49919,27.5356,1.04964,-202.941,263.401
366.92,10.1356,2.52137,11.3519,8.40645,27.5356,1.04966,-204.237,261.274
366.94,10.1324,2.40355,11.3061,8.4063,27.5356,1.06325,-204.239,257.553
366.96,10.1324,2.40213,11.3061,8.4063,27.5356,1.06325,-204.239,256.493
366.98,10.134,2.45655,11.2603,8.31356,27.8851,1.06325,-204.239,255.431
367,10.1318,2.63068,11.3978,8.22053,28.3524,1.06325,-204.239,252.774
367.02,10.1318,2.6871,11.3978,8.22053,28.3524,1.06325,-204.239,253.304
367.04,10.1318,2.6581,11.3062,8.22053,28.9931,1.06325,-204.239,256.487
367.06,10.1334,2.44498,11.3061,8.12764,28.9941,1.06325,-204.239,255.429
367.08,10.1329,2.57378,11.3519,8.12764,29.8678,1.06325,-203.005,250.657
367.1,10.1329,2.55536,11.4436,8.17409,30.5692,1.02948,-203.003,251.181
367.12,10.1324,2.48467,11.4436,8.0812,30.5692,1.02948,-203.003,253.836
367.14,10.1318,2.50477,11.581,8.0812,31.21,1.04618,-203.003,254.897
367.16,10.1318,2.49239,11.627,8.0812,31.211,1.04621,-203.003,260.209
367.18,10.1334,2.53019,11.627,8.03483,31.5022,1.04621,-203.003,261.799
367.2,10.1372,2.52362,11.627,8.03475,31.0949,1.04621,-203.003,262.862
367.22,10.1377,2.57433,11.627,8.03475,31.0943,1.04621,-203.003,263.926
367.24,10.1377,2.57991,11.9475,7.98838,29.9875,1.04621,-203.003,266.047
367.26,10.1361,2.51606,11.9022,7.98831,29.9858,1.04621,-203.188,270.822
367.28,10.1382,2.58694,11.9021,7.98831,28.8191,1.04621,-203.188,275.609
367.3,10.1382,2.56242,12.0852,8.1738,27.8871,0.993634,-203.188,279.851
367.32,10.1404,2.44127,12.0855,8.17409,27.8857,0.993554,-203.188,279.857
367.34,10.1441,2.30665,12.0855,8.12764,27.3023,1.04053,-203.188,278.264
367.36,10.1441,2.34773,12.1313,8.31313,26.8363,1.04053,-203.188,272.962
367.38,10.1468,2.3834,12.2231,8.31342,26.8356,1.04053,-203.188,270.829
367.4,10.1489,2.3187,12.2231,8.26704,26.6608,1.04053,-203.188,271.36
367.42,10.1489,2.28948,12.1315,8.40609,26.6606,1.04053,-203.579,275.072
367.44,10.1489,2.3099,11.9938,8.4063,26.5439,1.04053,-203.58,274.547
367.46,10.1484,2.45781,11.9938,8.49905,26.6604,1.04053,-203.58,278.789
367.48,10.1479,2.32497,11.8107,8.49919,26.6606,1.04053,-203.58,285.158
367.5,10.1479,2.31472,11.627,8.49919,26.8356,0.989156,-203.58,293.133
367.52,10.1489,2.32982,11.627,8.54556,27.0686,0.989156,-203.58,294.194
367.54,10.1489,2.28923,11.3981,8.49926,27.0689,1.03867,-203.58,286.242
367.56,10.1489,2.30833,11.1686,8.49919,27.244,1.03874,-201.438,282.512
367.58,10.15,2.29342,11.1686,8.54556,27.4769,1.03874,-201.438,279.331
367.6,10.1527,2.26996,11.031,8.49919,27.4773,1.03874,-201.438,278.264
367.62,10.1543,2.35683,10.9393,8.49919,27.6523,1.03874,-201.438,276.671
367.64,10.1543,2.4126,10.9393,8.49919,27.7688,1.03874,-201.438,276.141
367.66,10.1553,2.33109,10.7559,8.45275,27.769,1.03874,-201.438,274.547
367.68,10.1532,2.30198,10.8017,8.59187,27.769,1.00618,-201.438,272.956
367.7,10.1532,2.32832,10.8018,8.59208,27.8272,1.00613,-202.302,271.363
367.72,10.1548,2.32511,10.8018,8.45275,27.8273,1.03556,-202.303,265.519
367.74,10.1543,2.28311,10.756,8.54549,27.4778,1.03556,-202.303,268.7
367.76,10.1537,2.30368,10.7559,8.59201,27.3608,1.03556,-202.303,265.524
367.78,10.1537,2.46267,10.5725,8.59208,27.3606,1.03556,-202.303,267.909
367.8,10.1543,2.37918,10.7556,8.45296,27.3606,1.03556,-202.303,270.56
367.82,10.1532,2.3753,10.7559,8.49912,27.4771,1.03556,-203.002,273.745
367.84,10.1532,2.38851,10.7101,8.49919,27.4773,1.03556,-203.003,270.564
367.86,10.1532,2.36465,10.7559,8.36007,27.3608,1.01841,-203.003,271.624
367.88,10.1548,2.31266,10.7559,8.31342,27.5356,1.01838,-203.003,267.024
367.9,10.1548,2.30306,10.6644,8.31342,27.5356,1.02747,-203.003,265.698
367.92,10.1543,2.35634,10.8016,8.31342,27.7104,1.02748,-203.455,263.84
367.94,10.1527,2.29753,10.8018,8.35986,27.7107,1.02748,-203.456,262.421
367.96,10.1543,2.44695,10.8475,8.35986,27.7107,1.02748,-203.456,265.338
367.98,10.1543,2.43462,10.8476,8.31349,27.7689,1.02748,-203.456,266.933
368,10.1543,2.41742,10.8476,8.22053,27.6523,1.02748,-203.456,266.05
368.02,10.1537,2.43835,11.0307,8.35965,27.6523,1.02748,-200.578,267.111
368.04,10.1537,2.42394,10.8937,8.35986,27.7106,1.02389,-200.573,273.475
368.06,10.1548,2.41184,10.8935,8.22053,27.419,1.02389,-200.573,269.767
368.08,10.1548,2.39229,11.0308,8.22053,27.419,1.03612,-200.573,268.442
368.1,10.1548,2.38657,11.1227,8.31342,27.3606,1.03614,-201.006,272.157
368.12,10.1543,2.34874,11.1227,8.31342,27.3606,1.03614,-201.006,273.573
368.14,10.1527,2.4444,11.1227,8.31342,27.3606,1.03614,-201.006,281.527
368.16,10.1548,2.35507,11.2144,8.26697,27.1273,1.03614,-201.006,282.07
368.18,10.1548,2.38511,11.2144,8.26697,27.2438,1.03614,-201.396,287.902
368.2,10.1543,2.29949,11.3517,8.40609,27.244,1.03614,-201.397,290.827
368.22,10.1548,2.32875,11.3061,8.45275,27.1273,1.04207,-201.596,291.894
368.24,10.1548,2.34643,11.3977,8.31363,26.9525,1.04207,-201.994,290.48
368.26,10.1543,2.31685,11.3978,8.31342,26.9523,1.04512,-201.994,292.069
368.28,10.1537,2.32785,11.4436,8.45275,26.8939,1.04513,-202.337,290.743
368.3,10.1548,2.31132,11.3521,8.45275,26.6609,1.04513,-202.509,290.036
368.32,10.1548,2.43638,11.3519,8.49912,26.6606,1.04513,-202.509,286.324
368.34,10.1543,2.28243,11.2602,8.49919,26.8939,1.04513,-202.179,288.708
368.36,10.1532,2.32592,11.306,8.54556,26.8939,1.04513,-202.179,288.178
368.38,10.1532,2.32321,11.2144,8.49919,26.8939,1.04513,-201.253,289.239
368.4,10.1532,2.23405,11.2144,8.63831,27.1852,1.03338,-200.328,287.648
368.42,10.1537,2.30369,11.0313,8.63852,27.1856,1.03336,-200.326,284.641
368.44,10.1537,2.34238,10.9393,8.63852,27.1273,1.01794,-199.317,280.388
368.46,10.1532,2.28411,10.9393,8.73127,27.1273,1.01794,-199.317,276.411
368.48,10.1537,2.27066,10.802,8.68504,27.302,1.01794,-200.171,277.466
368.5,10.1548,2.28308,10.7101,8.8243,27.244,1.01794,-201.026,273.485
368.52,10.1548,2.31856,10.7101,8.8243,27.244,1.01794,-201.026,269.773
368.54,10.1548,2.2228,10.527,8.87067,27.3022,1.01794,-201.294,267.116
368.56,10.1548,2.3135,10.5725,8.8243,27.3023,1.01794,-201.294,262.598
368.58,10.1548,2.30891,10.5725,8.87067,27.4188,1.03228,-201.315,261.273
368.6,10.1527,2.31887,10.5267,8.96363,27.419,1.03989,-201.356,258.97
368.62,10.1543,2.39742,10.5725,8.91718,27.594,1.03989,-201.356,255.518
368.64,10.1543,2.40506,10.6183,8.91718,27.6522,1.03989,-201.712,254.192
368.66,10.1543,2.45002,10.6184,8.91718,27.6523,1.03989,-201.891,252.42
368.68,10.1553,2.43107,10.6642,8.894,27.8271,1.03989,-201.891,250.034
368.7,10.1521,2.31906,10.4811,8.96352,27.8273,1.03989,-201.357,247.644
368.72,10.1521,2.35733,10.8935,8.8243,27.8273,1.03989,-201.356,249.942
368.74,10.1553,2.45115,10.8935,8.87067,27.9438,1.06059,-200.708,250.737
368.76,10.1548,2.48935,10.8935,8.89393,28.0605,1.06062,-200.06,249.413
368.78,10.1548,2.45347,11.0769,8.77785,28.0607,1.02382,-200.059,248.437
368.8,10.1553,2.53326,11.0769,8.82423,28.1189,1.02382,-199.051,248.526
368.82,10.1559,2.55709,11.1226,8.84748,28.2938,1.02382,-199.05,246.405
368.84,10.1559,2.49672,11.2602,8.87074,28.7024,1.02382,-199.616,249.234
368.86,10.1521,2.48713,11.2602,8.91711,28.7024,1.02382,-200.181,251.708
368.88,10.1564,2.56394,11.3978,8.8243,29.1108,1.02382,-200.182,256.491
368.9,10.1543,2.48424,11.5809,8.8243,29.4603,1.02382,-200.408,256.315
368.92,10.1543,2.49284,11.5812,8.8243,29.8103,1.03543,-200.409,260.026
368.94,10.1548,2.45484,11.4895,8.91718,29.8108,1.01128,-200.601,258.173
368.96,10.1548,2.53849,11.581,8.82444,29.9273,1.01128,-200.985,260.294
368.98,10.1548,2.52542,11.7185,8.8243,29.9275,1.01128,-200.985,260.297
369,10.1537,2.43424,11.6729,8.87074,29.9275,1.01128,-201.164,261.359
369.02,10.1532,2.38917,11.7187,8.87074,29.578,1.01128,-201.253,261.713
369.04,10.1532,2.41815,11.7187,8.778,29.228,1.01128,-201.253,267.281
369.06,10.1537,2.32343,11.7187,8.80107,28.5857,1.01128,-200.882,266.758
369.08,10.1543,2.38919,11.7187,8.79335,27.945,1.03416,-200.882,265.344
369.1,10.1537,2.33672,11.5812,8.80107,27.6523,1.03419,-200.306,268.528
369.12,10.1537,2.33158,11.5812,8.73141,27.6523,1.03145,-199.729,272.511
369.14,10.1532,2.23357,11.5354,8.71595,27.5358,1.03145,-199.729,269.506
369.16,10.1543,2.41336,11.3978,8.77785,27.3023,1.03145,-197.65,271.626
369.18,10.1543,2.40856,11.2605,8.75467,27.3023,1.03145,-197.65,269.77
369.2,10.1553,2.416,11.3976,8.71599,27.3023,1.03145,-198.061,267.735
369.22,10.1553,2.30887,11.2602,8.73141,27.244,1.03145,-198.885,264.723
369.24,10.158,2.32569,11.0771,8.73141,27.244,1.05074,-198.885,263.397
369.26,10.158,2.27542,11.0311,8.77778,27.244,1.0454,-199.234,261.097
369.28,10.1543,2.36063,10.9393,8.73141,27.1273,1.04539,-199.235,264.722
369.3,10.1553,2.28054,10.8935,8.77778,27.1273,1.04539,-199.399,260.746
369.32,10.1553,2.29765,10.7561,8.74694,27.1855,1.04539,-199.729,262.684
369.34,10.1553,2.30737,10.7101,8.77785,27.1856,1.04539,-199.729,259.501
369.36,10.1548,2.40411,10.6643,8.75467,27.1274,1.04539,-200.332,258.705
369.38,10.1569,2.37812,10.5955,8.76237,27.244,1.0496,-200.635,256.049
369.4,10.1569,2.42151,10.5268,8.84739,27.3022,1.03637,-200.635,257.109
369.42,10.1553,2.28826,10.6182,8.87071,27.477,1.03635,-200.142,252.074
369.44,10.1553,2.47195,10.5038,8.85526,27.419,1.03635,-200.141,251.712
369.46,10.1553,2.4614,10.6182,8.87072,27.7685,1.03635,-199.771,247.47
369.48,10.1559,2.32362,10.5268,8.96349,27.769,1.03635,-199.4,248.259
369.5,10.1564,2.36827,10.4579,8.9017,28.0023,1.04492,-199.4,248.437
369.52,10.1564,2.34747,10.5724,8.96353,28.2353,1.032,-196.48,245.786
369.54,10.1587,2.31303,10.5268,8.89407,28.4104,1.03198,-196.476,246.577
369.56,10.1564,2.36292,10.6642,8.99459,28.3524,1.03198,-197.505,247.287
369.58,10.1601,2.49436,10.5956,8.96367,28.7019,1.03198,-198.533,247.287
369.6,10.1601,2.41869,10.6642,8.98685,28.8774,1.04217,-198.535,248.349
369.62,10.1601,2.39978,10.6337,8.96363,29.0524,1.03625,-199.276,251.181
369.64,10.1569,2.34238,10.71,8.94044,29.1689,1.03625,-199.276,252.772
369.66,10.1569,2.33911,10.7559,8.94041,29.3441,1.03625,-199.18,256.491
369.68,10.1587,2.41212,10.8704,8.87085,29.3441,1.03625,-198.988,261.263
369.7,10.1575,2.52697,10.9087,8.9403,29.3441,1.05578,-198.988,261.271
369.72,10.1575,2.52264,10.9852,8.94041,29.2858,1.02861,-199.606,259.943
369.74,10.1606,2.32518,11.0767,8.87085,28.9945,1.02861,-199.914,257.822
369.76,10.1587,2.31775,11.1379,8.84755,28.8776,1.02861,-199.914,263.651
369.78,10.1597,2.40652,11.1686,8.89396,28.7899,1.02861,-199.585,264.988
369.8,10.1597,2.42195,11.3059,8.87078,28.7025,1.02812,-199.585,264.988
369.82,10.1597,2.32717,11.3366,8.84755,28.6053,1.02302,-199.41,263.397
369.84,10.1611,2.39579,11.4207,8.84752,28.5079,1.02301,-199.235,266.581
369.86,10.1611,2.40345,11.4665,8.83979,28.2944,1.02301,-199.235,266.935
369.88,10.1615,2.38146,11.5201,8.77785,28.2649,1.03963,-196.62,266.139
369.9,10.1615,2.40616,11.604,8.73148,28.1775,1.03262,-196.62,265.873
369.92,10.1592,2.41279,11.6041,8.70822,28.2356,1.03261,-197.617,267.287
369.94,10.1592,2.46651,11.627,8.76237,28.119,1.03321,-198.617,270.475
369.96,10.1606,2.48291,11.6957,8.70827,28.1773,1.0311,-198.617,264.378
369.98,10.1611,2.33616,11.6729,8.73137,28.1774,1.03598,-198.72,267.196
370,10.1611,2.30988,11.6729,8.70045,28.3524,1.03161,-198.72,266.67
370.02,10.1601,2.428,11.7187,8.68499,28.4106,1.03161,-198.734,265.874
370.04,10.1615,2.38711,11.7187,8.70042,28.469,1.037,-198.761,263.752
370.06,10.1615,2.3443,11.7799,8.70819,28.5566,1.03255,-198.761,264.28
370.08,10.1611,2.48294,11.8104,8.685,28.6828,1.03588,-199.159,264.28
370.1,10.1597,2.3149,11.8104,8.66948,28.7899,1.03341,-199.359,264.28
370.12,10.1597,2.38235,11.8257,8.66174,29.0233,1.03341,-199.359,257.908
370.14,10.1611,2.40139,11.8104,8.68493,28.9941,1.02341,-200.181,262.149
370.16,10.1606,2.35438,11.8792,8.68497,29.1399,1.03201,-200.182,264.811
370.18,10.1601,2.40894,11.9631,8.66178,29.0526,1.026,-199.915,264.281
370.2,10.1601,2.39415,11.8793,8.68493,29.033,1.02885,-199.647,266.666
370.22,10.1601,2.28394,11.948,8.73141,28.9649,1.02885,-199.647,269.325
370.24,10.1611,2.3241,11.8869,8.7546,29.0232,1.02357,-196.152,275.422
370.26,10.1611,2.3496,11.8563,8.82419,28.9941,1.02595,-196.146,277.818
370.28,10.1606,2.29442,11.8563,8.80882,29.0233,1.02596,-197.001,279.237
370.3,10.1606,2.38097,11.841,8.7779,28.9941,1.04066,-197.854,280.033
370.32,10.1606,2.3811,11.7876,8.82423,28.8776,1.03852,-197.855,280.564
370.34,10.162,2.36629,11.8333,8.87074,28.8483,1.03611,-197.876,281.273
370.36,10.1624,2.24079,11.7799,8.91711,28.9065,1.01879,-197.876,276.766
370.38,10.1615,2.29373,11.7646,8.94041,28.9941,1.01876,-198.013,277.025
370.4,10.1615,2.2853,11.7646,9.04088,29.1688,1.02249,-198.287,273.313
370.42,10.1606,2.34736,11.673,9.05649,29.2856,1.0246,-198.288,274.103
370.44,10.1611,2.31413,11.6729,9.05652,29.4414,1.02136,-198.919,271.98
370.46,10.1611,2.30952,11.6042,9.14926,29.4899,1.02026,-199.234,273.217
370.48,10.1601,2.27228,11.5812,9.12622,29.5482,1.02026,-199.235,274.28
370.5,10.1601,2.3833,11.6041,9.21907,29.4608,1.02133,-199.153,270.298
370.52,10.1597,2.40624,11.5583,9.19588,29.2569,1.0224,-199.153,267.47
370.54,10.1597,2.40236,11.4896,9.28859,29.0527,1.02186,-198.906,270.382
370.56,10.1592,2.39385,11.5201,9.21907,29.0719,1.02187,-198.658,264.811
370.58,10.1587,2.25595,11.5353,9.14951,28.936,1.02187,-198.658,261.806
370.6,10.1587,2.30926,11.6041,9.17262,28.8483,1.02187,-195.611,259.678
370.62,10.1575,2.24806,11.5659,9.10296,28.9358,1.02187,-195.611,255.96
370.64,10.1597,2.37656,11.5354,9.11842,29.0231,1.02187,-196.413,253.663
370.66,10.1597,2.37111,11.5506,9.05652,29.1983,1.02204,-197.217,245.694
370.68,10.1569,2.34263,11.5582,9.03333,29.441,1.02133,-197.217,243.838
370.7,10.1548,2.30296,11.5354,8.85553,29.6064,1.02052,-198.348,244.012
370.72,10.1543,2.3833,11.5659,8.8243,29.5775,1.01438,-198.35,243.215
370.74,10.1543,2.3688,11.5583,8.68518,29.461,1.01438,-198.356,245.601
370.76,10.1511,2.35475,11.5125,8.60768,29.3249,1.01973,-198.37,243.131
370.78,10.1495,2.32143,11.5353,8.54564,29.0233,1.02187,-198.37,243.658
370.8,10.1495,2.33704,11.4667,8.45289,28.8485,1.02348,-199.33,246.663
370.82,10.1505,2.394,11.4666,8.37546,28.7803,1.02298,-199.811,246.49
370.84,10.1484,2.36778,11.5048,8.35986,28.6732,1.02298,-199.812,244.632
370.86,10.1484,2.35804,11.4666,8.31349,28.5276,1.02335,-199.503,243.836
370.88,10.1495,2.3129,11.5353,8.28246,28.4399,1.02249,-199.503,240.472
370.9,10.1473,2.39914,11.5506,8.267,28.4399,1.02249,-199.163,238.616
370.92,10.1484,2.43257,11.5125,8.2206,28.3913,1.02644,-198.824,240.557
370.94,10.1484,2.47081,11.5583,8.17409,28.3815,1.0268,-198.823,239.321
370.96,10.1457,2.25471,11.5811,8.12771,28.5272,1.02107,-196.356,237.2
370.98,10.1484,2.30117,11.5583,8.10446,28.5856,1.01609,-196.352,237.904
371,10.1484,2.33648,11.627,7.98831,28.4399,1.01609,-196.826,239.941
371.02,10.1447,2.30329,11.5965,8.0115,28.2069,1.02701,-197.299,236.229
371.04,10.1441,2.37078,11.6499,8.01153,28.0997,1.02842,-197.299,238.698
371.06,10.1441,2.34352,11.7187,7.95735,27.9148,1.0268,-197.938,237.197
371.08,10.1441,2.34181,11.734,7.94189,27.8566,1.02203,-197.938,236.667
371.1,10.1436,2.35328,11.7646,7.96509,27.944,1.02202,-198.054,236.312
371.12,10.143,2.41013,11.7875,7.97283,27.944,1.01824,-198.288,237.463
371.14,10.143,2.37906,11.7951,8.01147,28.0896,1.01772,-198.288,237.728
371.16,10.142,2.40059,11.9021,7.96509,28.0801,1.02261,-198.844,235.25
371.18,10.1425,2.23916,11.8792,7.98828,28.119,1.02647,-198.844,236.575
371.2,10.1425,2.26122,11.8868,8.05787,28.119,1.02648,-198.796,239.759
371.22,10.1414,2.39738,11.8792,8.03475,28.1385,1.02699,-198.7,238.348
371.24,10.142,2.3561,11.8334,8.06567,28.2647,1.02751,-198.7,235.166
371.26,10.1446,2.32949,11.7952,8.08117,28.3231,1.02588,-198.741,233.306
371.28,10.1446,2.31112,11.7646,8.10442,28.5274,1.0195,-198.761,232.595
371.3,10.1414,2.34243,11.6959,8.11215,28.5274,1.0195,-198.761,235.511
371.32,10.1398,2.32757,11.6271,8.05806,28.6439,1.02454,-196.438,236.576
371.34,10.1398,2.34089,11.5353,8.15086,28.7802,1.02811,-196.435,236.578
371.36,10.1414,2.2705,11.4209,8.12768,29.0229,1.02811,-196.424,238.168
371.38,10.1436,2.26046,11.2144,8.19731,29.1983,1.02565,-196.414,241.622
371.4,10.1436,2.27544,11.0313,8.15093,29.5381,1.02362,-196.414,241.622
371.42,10.1393,2.28237,10.8708,8.12768,29.7813,1.02033,-197.75,236.32
371.44,10.1393,2.33224,10.7406,8.12764,29.8692,1.01908,-197.752,236.843
371.46,10.1377,2.37706,10.6643,8.1972,29.9468,1.01908,-197.999,237.903
371.48,10.1377,2.38468,10.6871,8.11229,29.9858,1.02287,-198.246,237.64
371.5,10.1404,2.38752,10.6337,8.12764,29.8983,1.02339,-198.247,238.171
371.52,10.1388,2.41046,10.6642,8.17402,29.9469,1.02421,-199.233,234.989
371.54,10.1388,2.40762,10.71,8.12771,29.7237,1.02401,-199.235,232.863
371.56,10.1388,2.50174,10.7254,8.0812,29.6066,1.02401,-199.201,232.329
371.58,10.1388,2.33077,10.6414,8.10439,29.8105,1.02907,-199.132,228.264
371.6,10.1388,2.355,10.6413,8.05024,30.3067,1.02756,-199.132,224.275
371.62,10.1356,2.52385,10.4961,8.0812,30.8318,1.03032,-198.857,221.089
371.64,10.1356,2.44243,10.4351,8.05801,31.1327,1.03187,-198.72,220.735
371.66,10.1356,2.57351,10.3891,8.03475,31.1526,1.03187,-198.72,224.718
371.68,10.1356,2.52848,10.3891,8.03475,31.1817,1.02169,-196.829,232.141
371.7,10.1356,2.5005,10.3891,8.05794,31.1332,1.01461,-196.826,234.803
371.72,10.1356,2.35966,10.4121,7.98831,31.4151,1.01459,-196.301,231.887
371.74,10.1356,2.3415,10.5265,8.03468,31.8229,1.0189,-195.777,234.538
371.76,10.1356,2.45208,10.664,8.01157,32.6681,1.02023,-195.776,235.249
371.78,10.1345,2.3447,10.8018,8.00379,32.8444,1.02771,-197.444,234.896
371.8,10.1345,2.31887,11.1222,7.98833,32.6114,1.03323,-197.444,236.221
371.82,10.134,2.36221,11.26,7.96512,31.7373,1.03324,-197.752,237.637
371.84,10.1302,2.33861,11.2832,7.98831,30.5692,1.03923,-198.061,240.029
371.86,10.1324,2.2532,11.3518,8.0115,29.579,1.04021,-198.061,244.006
371.88,10.1324,2.24483,11.329,7.98831,28.9747,1.03354,-198.535,241.799
371.9,10.1324,2.36806,11.2832,8.00377,28.4698,1.02689,-198.535,244.451
371.92,10.134,2.2621,11.2298,7.96515,28.3234,1.02688,-198.528,247.901
371.94,10.134,2.26502,11.3061,8.01927,28.1774,1.01592,-198.514,253.394
371.96,10.1313,2.33069,11.3061,8.03473,28.0317,1.01492,-198.514,253.129
371.98,10.1329,2.39456,11.3061,8.08113,27.8276,1.01602,-197.993,256.84
372,10.1329,2.38371,11.4207,8.12764,27.6912,1.01135,-197.732,260.74
372.02,10.1334,2.36635,11.4665,8.1972,27.565,1.01135,-197.732,263.391
372.04,10.1324,2.36445,11.3521,8.17412,27.5357,1.02833,-196.581,267.106
372.06,10.1313,2.3532,11.2602,8.20505,27.419,1.04583,-196.579,271.36
372.08,10.1313,2.3546,11.1916,8.24369,27.419,1.04583,-195.952,270.565
372.1,10.1329,2.28416,11.0769,8.19731,27.3023,1.05048,-195.323,266.581
372.12,10.1286,2.33589,10.9622,8.17409,27.2828,1.04387,-195.323,263.572
372.14,10.1286,2.34564,10.8936,8.35958,27.3023,1.04133,-197.564,265.958
372.16,10.1297,2.30665,10.8171,8.22053,27.3606,1.05415,-197.567,261.713
372.18,10.1292,2.28546,10.8247,8.2669,27.4189,1.05415,-197.56,262.774
372.2,10.1308,2.3066,10.6874,8.29016,27.4772,0.98883,-197.547,263.924
372.22,10.1308,2.39921,10.6795,8.26697,27.4773,0.979731,-197.547,261.005
372.24,10.1308,2.29327,10.6642,8.39063,27.3608,0.995578,-197.588,259.415
372.26,10.1286,2.29981,10.5956,8.42947,27.2733,1.02319,-197.608,259.677
372.28,10.1286,2.28275,10.6184,8.45275,27.3315,1.02323,-197.739,255.429
372.3,10.1291,2.39771,10.6184,8.43729,27.2635,1.03155,-197.999,253.043
372.32,10.1297,2.39032,10.6184,8.45272,27.2731,1.03157,-198,248.533
372.34,10.1297,2.37007,10.5572,8.56886,27.3898,1.03046,-198.741,245.605
372.36,10.1286,2.32919,10.5496,8.56113,27.3801,1.02922,-199.111,241.363
372.38,10.1292,2.50737,10.5955,8.63852,27.4773,1.02922,-199.111,238.702
372.4,10.1281,2.3989,10.5726,8.70808,27.5356,1.02778,-197.343,233.93
372.42,10.1281,2.40159,10.5268,8.79321,27.691,1.02656,-197.341,232.862
372.44,10.1275,2.45905,10.5496,8.84752,27.769,1.02656,-195.899,234.719
372.46,10.1265,2.50809,10.5115,8.84752,28.002,1.0312,-194.46,230.654
372.48,10.1265,2.49579,10.5495,8.91708,28.2936,1.03187,-194.458,228.085
372.5,10.1286,2.40102,10.5038,8.84752,28.5857,1.03437,-196.991,230.471
372.52,10.1259,2.43422,10.5114,8.87071,28.7022,1.04082,-196.991,230.824
372.54,10.1259,2.39305,10.5038,8.778,28.9354,1.04083,-197.011,236.392
372.56,10.127,2.32864,10.5267,8.68497,29.0524,1.03137,-197.032,240.914
372.58,10.1259,2.33448,10.5725,8.59222,29.2563,1.03188,-197.032,243.3
372.6,10.1249,2.3952,10.5955,8.49919,29.3052,1.02857,-197.752,243.569
372.62,10.1249,2.44701,10.6489,8.42953,29.1399,1.03037,-197.752,244.101
372.64,10.1238,2.35835,10.7558,8.40634,28.9652,1.03037,-197.746,244.896
372.66,10.1249,2.39018,10.7559,8.37534,28.5274,1.03047,-197.732,246.49
372.68,10.1249,2.37269,10.8322,8.40626,28.1488,1.02895,-197.732,245.96
372.7,10.1275,2.33737,10.9163,8.38312,27.9152,1.02621,-197.759,247.638
372.72,10.1249,2.31899,10.8476,8.4063,27.7107,1.03005,-197.773,252.155
372.74,10.1238,2.3533,10.9087,8.26719,27.5942,1.03005,-197.3,259.843
372.76,10.1238,2.43387,10.9393,8.38291,27.4192,1.0242,-196.354,257.91
372.78,10.1238,2.41382,10.9164,8.28246,27.2731,1.02899,-196.352,260.74
372.8,10.1249,2.357,10.9393,8.24381,27.0401,1.02899,-193.693,261.8
372.82,10.1249,2.35224,10.8706,8.26694,26.8165,1.01895,-192.36,263.216
372.84,10.1259,2.36067,10.8476,8.23601,26.6606,1.02837,-192.358,261.89
372.86,10.1243,2.30719,10.8629,8.15099,26.6314,1.01864,-195.236,264.541
372.88,10.1243,2.30072,10.8247,8.24375,26.7189,1.02388,-195.24,265.696
372.9,10.1265,2.28725,10.8247,8.151,26.8354,1.02388,-195.436,265.608
372.92,10.1249,2.32098,10.8171,8.17405,26.8938,1.01655,-195.631,267.463
372.94,10.1265,2.36538,10.8247,8.19731,26.9134,1.02173,-195.632,263.66
372.96,10.1265,2.34952,10.8934,8.17412,26.9522,1.01102,-195.817,260.037
372.98,10.1238,2.37753,10.8477,8.06588,26.8066,1.02595,-195.817,256.585
373,10.1249,2.38134,10.8476,8.05798,26.8356,1.02597,-196.013,254.987
373.02,10.1249,2.40805,10.8705,8.08116,26.7482,1.00289,-196.208,254.722
373.04,10.1227,2.53296,10.8171,8.05028,26.719,1.0271,-196.208,254.721
373.06,10.1249,2.58928,10.8476,8.05798,26.7384,0.990768,-196.167,256.845
373.08,10.1249,2.50573,10.8705,8.00388,26.8937,1.0278,-196.167,260.734
373.1,10.1238,2.63597,10.8935,8.05798,26.9814,1.02785,-196.105,264.457
373.12,10.1227,2.45859,11.031,7.96509,27.3023,0.996113,-195.982,270.741
373.14,10.1265,2.6272,11.0539,8.03465,27.71,1.02611,-195.982,271.536
373.16,10.1265,2.64221,11.0921,8.01153,28.2065,1.00961,-193.703,269.148
373.18,10.1259,2.65164,10.9853,8.03472,28.8764,1.02396,-192.565,279.045
373.2,10.1243,2.66321,10.7563,8.06567,29.4599,1.02398,-192.564,283.479
373.22,10.1243,2.62313,10.4808,8.03475,29.6942,1.01674,-195.014,287.469
373.24,10.1259,2.50345,10.2062,8.05794,29.7136,1.02685,-195.014,293.213
373.26,10.1249,2.53466,10.0913,8.01933,29.4612,1.02686,-195.148,298.966
373.28,10.1249,2.5134,10.0376,8.10442,29.2566,1.02316,-195.282,300.037
373.3,10.1238,2.4837,9.9766,8.01167,29.0722,1.02636,-195.282,306.134
373.32,10.1275,2.57643,10.0452,8.06563,29.2272,1.02399,-195.775,309.855
373.34,10.1334,2.45586,10.0529,8.10442,29.6942,1.02583,-195.776,308.799
373.36,10.1334,2.43364,10.0224,8.05805,30.5679,1.02583,-195.961,313.571
373.38,10.1372,2.43911,10.0682,8.11216,31.1818,1.02556,-196.332,314.817
373.4,10.1377,2.4342,10.0072,8.10443,31.1527,1.02749,-196.332,316.938
373.42,10.1377,2.42661,9.99944,8.08123,30.5313,1.02656,-196.88,318.532
373.44,10.1382,2.3143,9.90773,8.11216,29.315,1.02779,-197.155,320.659
373.46,10.1393,2.29874,9.88485,8.12762,28.2956,1.02779,-197.155,319.598
373.48,10.1393,2.33753,9.77037,8.05808,27.3038,1.02911,-197.094,319.773
373.5,10.1393,2.20873,9.81604,8.06572,26.8356,1.03105,-197.094,317.207
373.52,10.1398,2.21877,9.83893,8.08117,26.7482,1.03094,-195.315,314.291
373.54,10.1414,2.18441,9.79318,8.01937,26.6995,1.02914,-193.534,310.486
373.56,10.1414,2.24581,9.88481,8.01153,26.6897,1.02914,-193.531,307.029
373.58,10.1404,2.32607,9.93059,8.03472,26.7771,1.02886,-195.834,306.498
373.6,10.1409,2.41291,10.1446,8.01927,26.8161,1.02785,-195.838,300.479
373.62,10.1409,2.42289,10.435,8.01153,26.8648,1.02785,-196.61,296.319
373.64,10.1414,2.28684,10.4808,7.98835,26.8356,1.02868,-197.381,294.463
373.66,10.1414,2.27994,10.4808,7.98831,26.8745,1.02868,-197.382,289.593
373.68,10.1436,2.31433,10.3893,7.89557,26.7191,1.02908,-198.163,286.235
373.7,10.1436,2.32355,10.3281,7.87224,26.6315,1.02566,-198.164,282.518
373.72,10.1436,2.34051,10.2516,7.92639,26.6897,1.02566,-198.507,277.556
373.74,10.1457,2.38851,10.16,7.8491,26.5053,1.02719,-199.193,273.137
373.76,10.1457,2.40455,10.2209,7.89535,26.4856,1.02816,-199.194,273.396
373.78,10.1441,2.37061,10.2287,7.87994,26.4856,1.02801,-199.262,273.131
373.8,10.1462,2.38183,10.1829,7.8954,26.4661,1.02787,-199.297,270.745
373.82,10.1452,2.37812,10.1752,7.91861,26.4564,1.02787,-199.358,268.885
373.84,10.1452,2.42422,10.1599,7.94187,26.6606,1.02891,-199.482,266.227
373.86,10.1473,2.43263,10.137,7.89549,26.7577,1.0304,-199.482,264.106
373.88,10.1468,2.34924,10.1752,7.94187,26.8939,1.0304,-197.203,260.651
373.9,10.1468,2.3093,10.1141,7.92639,27.1273,1.02461,-196.064,258.35
373.92,10.1447,2.38549,10.1141,7.87228,27.2438,1.02139,-196.064,255.964
373.94,10.1489,2.33464,10.1141,7.96509,27.3315,1.0213,-197.485,255.695
373.96,10.1489,2.3453,10.1827,7.95736,27.613,1.02122,-197.485,253.22
373.98,10.1463,2.33618,10.1142,7.89552,27.7396,1.02122,-198.42,252.156
374,10.1457,2.35232,10.1293,7.94187,27.944,1.01953,-199.359,253.217
374.02,10.1436,2.27275,10.2514,7.89549,27.8663,1.01824,-199.359,254.807
374.04,10.1436,2.26905,10.16,7.95725,27.9148,1.01815,-199.914,257.461
374.06,10.1463,2.36529,10.1905,7.94187,27.8273,1.01419,-199.914,259.589
374.08,10.1463,2.34618,10.1599,7.96505,27.8079,1.01419,-200.315,260.296
374.1,10.1463,2.34942,10.0911,7.97283,27.7398,1.01304,-200.718,262.687
374.12,10.1457,2.3222,10.0682,7.98831,27.6815,1.01208,-200.718,266.404
374.14,10.1473,2.29418,10.0682,8.0115,27.5747,1.01199,-201.088,265.52
374.16,10.1473,2.29414,10.0224,8.09668,27.594,1.00803,-201.088,269.767
374.18,10.1463,2.29342,10.0452,8.17397,27.5649,1.00803,-201.17,265.791
374.2,10.1484,2.31097,10.0453,8.26683,27.4774,1.0028,-201.335,266.315
374.22,10.1463,2.2807,10.0529,8.34438,27.419,0.996997,-201.335,267.909
374.24,10.1463,2.30957,10.0682,8.45258,27.1568,0.99732,-199.225,268.969
374.26,10.1473,2.24787,10.0682,8.54549,26.9526,0.988367,-198.166,272.329
374.28,10.1457,2.31266,10.0835,8.51467,26.6897,0.988353,-198.164,272.865
374.3,10.1457,2.41089,10.0224,8.54559,26.5732,0.987503,-198.555,277.107
374.32,10.1463,2.30403,10.0452,8.52245,26.408,0.985154,-198.555,280.118
374.34,10.1457,2.30048,9.99179,8.46823,26.3689,0.98515,-199.812,280.388
374.36,10.1463,2.28223,9.93075,8.47596,26.3883,0.981508,-201.066,282.509
374.38,10.1463,2.31365,9.95358,8.52241,26.5147,0.980218,-201.068,286.938
374.4,10.1484,2.34667,9.85425,8.45275,26.8648,0.97933,-201.253,291.717
374.42,10.1468,2.24768,9.88476,8.40637,27.1075,0.982379,-201.253,293.043
374.44,10.1468,2.22696,9.86189,8.4063,27.4481,0.982384,-201.603,294.018
374.46,10.1484,2.33437,9.85426,8.42176,27.652,0.981427,-201.952,290.572
374.48,10.1489,2.31337,9.86188,8.40633,27.8077,0.981425,-201.953,288.976
374.5,10.1489,2.31425,9.86189,8.38308,27.8857,0.981279,-202.694,288.619
374.52,10.1468,2.42167,9.90004,8.3599,28.0604,0.983069,-202.694,286.763
374.54,10.1463,2.35821,9.86195,8.35986,28.1189,0.983072,-202.845,285.435
374.56,10.1463,2.32476,9.86189,8.33664,28.0315,0.98183,-203.147,287.026
374.58,10.1479,2.34346,9.85426,8.28254,27.9733,0.980864,-203.147,284.021
374.6,10.1489,2.37388,9.81604,8.33664,27.7884,0.980731,-200.951,282.158
374.62,10.1457,2.30731,9.74727,8.29793,27.769,0.98254,-199.853,281.096
374.64,10.1457,2.29925,9.74727,8.33658,27.7107,0.98254,-199.853,284.189
374.66,10.1489,2.31336,9.77783,8.31342,27.7884,0.982798,-199.461,284.194
374.68,10.1463,2.29974,9.83887,8.31342,27.769,0.982798,-199.461,284.547
374.7,10.1463,2.31652,9.79318,8.26704,27.7107,0.982667,-200.818,284.548
374.72,10.1479,2.35536,9.82368,8.33664,27.7496,0.98629,-202.179,280.565
374.74,10.1452,2.34996,9.81605,8.29799,27.7398,0.98629,-202.179,276.235
374.76,10.1468,2.34995,9.79315,8.31339,27.8272,0.987912,-202.2,277.731
374.78,10.1468,2.29707,9.79311,8.26697,27.8273,0.990676,-202.2,278.795
374.8,10.15,2.38992,9.79311,8.37518,27.7691,0.990676,-202.611,272.962
374.82,10.15,2.30049,9.816,8.3367,27.6525,0.994224,-203.434,273.042
374.84,10.15,2.30393,9.73198,8.33664,27.5648,0.994876,-203.435,272.777
374.86,10.1468,2.29436,9.70147,8.4062,27.2056,0.996068,-203.531,271.274
374.88,10.1484,2.24014,9.74727,8.42953,27.0689,0.997398,-203.58,271.272
374.9,10.1473,2.27926,9.7167,8.42953,26.9814,0.997398,-203.58,269.679
374.92,10.1473,2.27633,9.77011,8.43725,26.7581,0.996218,-203.497,268.795
374.94,10.1489,2.33673,9.72434,8.45275,26.4856,0.991417,-203.497,267.201
374.96,10.1484,2.20744,9.74723,8.40637,26.5147,0.992194,-201.986,264.815
374.98,10.1484,2.22532,9.79305,8.45268,26.3885,0.997651,-200.473,263.927
375,10.1489,2.36685,9.77019,8.45275,26.398,0.99766,-200.47,264.811
375.02,10.1505,2.26878,9.76256,8.47593,26.4272,0.998724,-199.648,271.439
375.04,10.1505,2.24746,9.70151,8.45278,26.2913,1.00117,-199.647,274.1
375.06,10.1479,2.33168,9.47218,8.42953,26.2814,1.00118,-201.706,273.662
375.08,10.1489,2.25905,9.68581,8.45271,26.3979,1.00409,-203.762,273.927
375.1,10.1468,2.26016,9.60972,8.51467,26.2911,1.00602,-203.765,272.865
375.12,10.1468,2.27776,9.65557,8.59208,26.2814,1.00708,-203.518,273.396
375.14,10.1473,2.32216,9.59453,8.66164,26.3105,1.01201,-203.518,276.047
375.16,10.1468,2.33262,9.56388,8.68497,26.2328,1.01202,-203.408,278.972
375.18,10.1468,2.33985,9.58676,8.8009,26.1648,1.01174,-203.189,278.265
375.2,10.1489,2.41764,9.56391,8.89382,26.1647,1.00698,-203.188,274.287
375.22,10.1479,2.36827,9.54095,9.02555,26.155,1.00792,-203.271,278.706
375.24,10.1479,2.34179,9.5791,9.14921,26.1647,1.01457,-203.271,276.232
375.26,10.1473,2.47089,9.5639,9.21896,26.2812,1.01458,-203.202,271.987
375.28,10.1457,2.40601,9.60972,9.19585,26.3105,1.01576,-203.065,268.086
375.3,10.1457,2.35705,9.57921,9.26541,26.427,1.01576,-203.065,270.207
375.32,10.1457,2.3537,9.60968,9.33507,26.5146,1.01656,-201.393,269.415
375.34,10.1452,2.44926,9.51803,9.28873,26.6217,1.01821,-200.553,268.705
375.36,10.1462,2.41602,9.57907,9.35829,26.8061,1.01821,-200.553,268.97
375.38,10.1463,2.39619,9.63265,9.3584,27.0398,1.01802,-198.555,270.564
375.4,10.1425,2.3973,9.5868,9.38162,27.2245,1.01887,-198.555,272.511
375.42,10.1441,2.34454,9.65547,9.38162,27.3604,1.01887,-200.581,275.692
375.44,10.1425,2.34971,9.65557,9.40484,27.594,1.0256,-202.612,273.573
375.46,10.1425,2.38558,9.70135,9.38166,27.6231,1.02876,-202.612,268.978
375.48,10.1409,2.35189,9.73194,9.33525,27.9144,1.02938,-202.221,264.729
375.5,10.1382,2.33612,9.70142,9.3584,27.9246,1.03379,-202.221,263.395
375.52,10.1382,2.3366,9.79297,9.21155,27.9149,1.03379,-201.943,264.632
375.54,10.1382,2.46155,9.80838,9.05675,27.6236,1.03002,-201.665,261.718
375.56,10.1372,2.42536,9.86189,8.91718,27.3995,1.02749,-201.665,262.244
375.58,10.1372,2.41607,9.839,8.61576,27.0986,1.02643,-202.014,260.83
375.6,10.1377,2.35469,9.88481,8.23601,26.8648,1.02917,-202.015,264.811
375.62,10.1398,2.34728,9.90773,7.84898,26.6995,1.02917,-201.98,271.183
375.64,10.1393,2.32079,9.90773,7.50118,26.515,1.02741,-201.912,270.123
375.66,10.1393,2.33081,9.93066,7.18329,26.3689,1.02646,-201.912,271.715
375.68,10.1377,2.28639,9.88488,6.89732,26.3106,1.02606,-200.555,276.752
375.7,10.1393,2.26642,9.9077,6.75777,26.2232,1.03894,-199.874,282.415
375.72,10.1393,2.2896,9.88481,6.61048,26.1355,1.03896,-199.873,278.441
375.74,10.1372,2.3441,9.86192,6.43272,26.1161,1.03975,-195.494,281.357
375.76,10.1329,2.26242,9.86189,6.40926,26.1064,1.03975,-195.488,283.659
375.78,10.1329,2.31213,9.90009,6.37826,25.9605,1.03949,-197.691,287.115
375.8,10.1302,2.25541,9.88483,6.38599,25.9023,1.04086,-199.891,286.319
375.82,10.1308,2.42955,9.97637,6.36282,25.9313,1.04086,-199.894,285.965
375.84,10.1302,2.29149,9.97651,6.42471,25.8438,1.03844,-199.894,283.309
375.86,10.1302,2.26696,10.0452,6.43244,25.9797,1.03438,-199.894,286.755
375.88,10.1297,2.37232,9.99943,6.47889,25.9022,1.03438,-199.976,292.425
375.9,10.1265,2.44722,10.0835,6.44019,25.9605,1.03234,-200.059,296.408
375.92,10.1265,2.4439,10.114,6.45565,25.9217,1.03171,-200.059,299.589
375.94,10.1259,2.34565,10.137,6.45567,26.0188,1.0319,-200.059,300.656
375.96,10.1238,2.34564,10.1904,6.48658,25.9315,1.05299,-200.059,305.163
375.98,10.1238,2.33129,10.2515,6.45572,26.0576,1.05302,-199.949,308.086
376,10.1249,2.36889,10.4121,6.56404,26.048,1.0491,-199.729,311.1
376.02,10.1211,2.40928,10.5265,6.50221,26.1354,1.04247,-199.729,308.449
376.04,10.1233,2.55547,10.7098,6.57167,26.252,1.04185,-198.975,305.263
376.06,10.1233,2.55415,10.9622,6.50211,26.2814,1.05836,-198.597,305.081
376.08,10.1211,2.46599,11.1835,6.50211,26.3105,1.05836,-198.597,300.309
376.1,10.1206,2.51722,11.4895,6.54856,26.33,1.05378,-193.799,295.788
376.12,10.1206,2.45654,11.7187,6.56404,26.2814,1.04998,-193.799,291.717
376.14,10.1243,2.4617,11.9324,6.54858,26.3687,1.05141,-196.338,291.452
376.16,10.1222,2.64554,12.0855,6.57178,26.4078,1.05632,-198.885,287.469
376.18,10.1222,2.58561,12.1542,6.57951,26.4854,1.05632,-198.885,280.399
376.2,10.1222,2.7156,11.9483,6.61816,26.6894,1.05534,-199.666,273.495
376.22,10.1227,2.89627,11.7799,6.595,26.855,1.05295,-199.667,270.033
376.24,10.1217,3.00264,11.3984,6.67229,27.1851,1.05295,-199.565,265.084
376.26,10.1217,2.99849,10.9858,6.64149,27.6516,1.06688,-199.462,258.184
376.28,10.1201,2.98726,10.542,6.73433,28.5079,1.07514,-199.461,253.925
376.3,10.1211,2.95069,10.0003,6.65704,30.0127,1.07435,-199.461,243.85
376.32,10.1211,2.90531,9.56454,6.71103,31.9372,1.06218,-199.461,240.654
376.34,10.1222,2.88894,9.0137,6.66467,35.1002,1.06216,-199.523,235.338
376.36,10.1233,2.84212,8.6017,6.70331,39.1097,1.06064,-199.647,232.51
376.38,10.1222,2.902,8.32598,6.75755,42.8786,1.0559,-199.647,231.179
376.4,10.1222,2.81625,8.09674,6.75755,46.3206,1.05486,-199.29,226.399
376.42,10.1206,2.81146,8.00519,6.7962,49.5243,1.06712,-199.112,225.604
376.44,10.1238,2.77384,7.91335,6.75755,51.0751,1.06714,-199.111,228.523
376.46,10.1238,2.71649,7.89809,6.75755,50.8421,1.06882,-194.445,229.584
376.48,10.1206,2.53815,7.98199,6.74983,48.7545,1.07167,-194.437,232.502
376.5,10.1206,2.42592,8.07382,6.804,45.358,1.07167,-196.538,237.286
376.52,10.1206,2.41575,8.31034,6.68807,41.9795,1.07307,-198.635,241.616
376.54,10.1206,2.44042,8.69218,6.73426,37.9454,1.07434,-198.638,245.422
376.56,10.1238,2.39748,9.15124,6.804,34.0987,1.07491,-199.091,249.942
376.58,10.1195,2.28142,9.85317,6.75762,31.4192,1.07738,-199.091,254.272
376.6,10.1195,2.32027,10.6184,6.78078,28.858,1.07738,-198.906,266.493
376.62,10.1217,2.31529,11.2297,6.78078,27.0689,1.07985,-198.72,272.334
376.64,10.1211,2.2963,11.718,6.80396,26.3117,1.08271,-198.72,276.311
376.66,10.1211,2.36199,12.0397,6.81174,25.8827,1.08347,-198.679,281.362
376.68,10.1217,2.2517,12.2533,6.75764,25.7274,1.07665,-198.679,287.99
376.7,10.1222,2.27471,12.3147,6.78074,25.9019,1.07664,-198.878,289.855
376.72,10.1227,2.28632,12.3148,6.76529,26.0383,1.07879,-199.276,297.293
376.74,10.1227,2.29924,12.2842,6.80394,26.1354,1.07973,-199.276,297.558
376.76,10.1217,2.23379,12.0171,6.78081,26.2811,1.07894,-198.906,299.503
376.78,10.1227,2.30522,11.9021,6.81174,26.3689,1.08499,-198.906,300.302
376.8,10.1227,2.32633,11.5817,6.71126,26.2233,1.08499,-197.206,301.893
376.82,10.1227,2.34435,11.2836,6.8966,26.1939,1.08512,-193.804,305.96
376.84,10.1217,2.24772,11.1456,6.78078,25.9605,1.08424,-193.799,303.577
376.86,10.1217,2.27153,10.9091,6.85033,25.9023,1.08424,-195.553,296.684
376.88,10.1254,2.2799,10.7559,6.89688,25.7466,1.08601,-196.435,294.549
376.9,10.1243,2.29677,10.5955,6.96655,25.6688,1.08728,-196.435,291.628
376.92,10.1227,2.40882,10.5115,7.08248,25.7271,1.08817,-198.326,289.242
376.94,10.1227,2.40899,10.4579,7.1291,25.7466,1.08956,-198.329,288.531
376.96,10.1233,2.31738,10.3206,7.15229,25.7854,1.08956,-198.535,288
376.98,10.1243,2.33075,10.2822,7.22188,25.7855,1.09193,-198.74,290.651
377,10.1243,2.36641,10.2516,7.15233,25.7466,1.09193,-198.741,289.062
377.02,10.1233,2.24823,10.16,7.27599,25.6107,1.09193,-199.029,283.759
377.04,10.1238,2.39069,10.1294,7.31482,25.5814,1.09193,-199.029,284.016
377.06,10.1227,2.42141,10.0682,7.38454,25.4938,1.09193,-199.111,284.902
377.08,10.1227,2.30592,10.0682,7.35363,25.5521,1.09547,-199.194,285.432
377.1,10.1238,2.36408,10.0071,7.50065,25.523,1.09737,-199.194,285.433
377.12,10.1222,2.31779,9.97651,7.61676,25.6494,1.09573,-199.317,285.61
377.14,10.1222,2.29305,9.97651,7.80225,25.8727,1.09604,-199.317,285.345
377.16,10.1265,2.28034,9.94594,7.94187,25.9022,1.09604,-197.903,286.407
377.18,10.1243,2.36148,9.90779,8.19692,25.941,1.09601,-195.08,287.29
377.2,10.1243,2.39934,9.88485,8.5451,26.0187,1.09317,-195.076,288.352
377.22,10.1249,2.34989,9.86953,8.87074,25.9022,1.09275,-196.311,287.823
377.24,10.1249,2.36112,9.81612,9.14898,25.9798,1.09572,-196.928,283.227
377.26,10.1249,2.25527,9.79315,9.41218,25.8149,1.09573,-196.929,286.402
377.28,10.1243,2.27008,9.77783,9.66028,25.873,1.09591,-200.079,290.92
377.3,10.1217,2.31629,9.7702,9.7994,25.805,1.09506,-200.079,291.097
377.32,10.1254,2.26327,9.70152,9.86145,25.8146,1.09506,-200.038,289.242
377.34,10.1254,2.25836,9.73198,9.93894,25.9313,1.09414,-199.997,293.222
377.36,10.1243,2.34742,9.77013,10.0085,26.0576,1.09604,-199.997,292.868
377.38,10.1222,2.27454,9.77019,9.98539,26.223,1.09548,-199.894,291.54
377.4,10.1222,2.28749,9.77783,10.0318,26.3689,1.10066,-199.894,287.557
377.42,10.1243,2.32211,9.81598,9.9159,26.3495,1.10066,-199.904,288.441
377.44,10.1249,2.42951,9.88481,9.8925,26.3105,1.10007,-199.914,287.646
377.46,10.1227,2.4295,9.96111,9.8925,26.2523,1.09912,-199.914,286.585
377.48,10.1227,2.38469,9.99937,9.7302,26.194,1.09839,-199.935,284.286
377.5,10.1233,2.40354,10.0911,9.70673,26.1064,1.09959,-199.935,282.158
377.52,10.1243,2.45759,10.1903,9.61398,26.0481,1.09959,-198.845,284.279
377.54,10.1243,2.45179,10.3431,9.61384,26.1548,1.10125,-196.664,282.338
377.56,10.1233,2.46178,10.4579,9.63706,26.2814,1.10221,-196.661,281.273
377.58,10.1233,2.70026,10.6029,9.66025,26.5144,1.10268,-197.141,280.213
377.6,10.1233,2.67508,10.733,9.67577,26.855,1.09794,-197.382,278.972
377.62,10.1243,2.43494,10.7559,9.72995,27.244,1.09794,-197.382,279.503
377.64,10.1243,2.43079,10.8475,9.79951,27.6517,1.10021,-200.383,275.526
377.66,10.1238,2.5304,10.9164,9.84606,28.0412,1.10326,-200.388,277.113
377.68,10.1238,2.53404,10.9164,9.9388,28.0898,1.10326,-200.481,274.197
377.7,10.1217,2.43986,11.0308,10.0085,28.0899,1.09886,-200.573,273.397
377.72,10.1217,2.53155,11.1227,10.1712,27.7496,1.09506,-200.573,273.042
377.74,10.1217,2.53626,11.1456,10.3335,27.7398,1.09652,-200.471,273.307
377.76,10.1243,2.43816,11.2143,10.4033,27.9437,1.10181,-200.47,271.187
377.78,10.1217,2.46677,11.1686,10.4808,28.4885,1.10182,-200.532,269.502
377.8,10.1243,2.45275,11.283,10.6122,29.2263,1.10197,-200.594,271.092
377.82,10.1243,2.45455,11.2908,10.7747,29.5769,1.10672,-200.594,270.388
377.84,10.1238,2.35396,11.329,10.8059,29.7331,1.10772,-200.635,269.944
377.86,10.1238,2.4424,11.3748,10.8214,29.4903,1.10496,-200.635,270.209
377.88,10.1238,2.43945,11.3367,10.8678,28.9649,1.10495,-199.29,269.59
377.9,10.1233,2.60571,11.2602,10.8678,28.3135,1.10706,-196.599,265.696
377.92,10.1206,2.56074,11.1,10.8214,27.6242,1.10706,-196.599,262.78
377.94,10.1206,2.59076,10.8476,10.8446,27.0689,1.10706,-195.597,260.563
377.96,10.1206,2.55941,10.7103,10.7596,26.7389,1.10517,-195.097,258.619
377.98,10.1222,2.5921,10.5727,10.6822,26.4277,1.10517,-195.096,258.881
378,10.1233,2.61758,10.4656,10.6588,26.4272,1.10431,-198.885,262.156
378.02,10.1233,2.57705,10.3435,10.6356,26.4855,1.10389,-198.885,264.012
378.04,10.1206,2.51509,10.2517,10.5892,26.5438,1.10389,-198.875,261.893
378.06,10.1195,2.59335,10.1905,10.4963,26.9231,1.10609,-198.864,262.244
378.08,10.1195,2.58487,10.1142,10.4963,27.6512,1.10862,-198.864,260.389
378.1,10.1222,2.48132,10.0453,10.4266,28.4691,1.10594,-199.42,260.386
378.12,10.1217,2.48132,9.96122,10.2873,28.9358,1.10914,-199.42,259.501
378.14,10.1206,2.48438,9.86204,10.1095,29.0717,1.10914,-199.153,257.556
378.16,10.1206,2.51984,9.79311,9.86928,28.7899,1.10447,-198.885,258.085
378.18,10.1211,2.42532,9.79311,9.68379,28.3239,1.09876,-198.885,261.089
378.2,10.1206,2.33748,9.79311,9.35117,27.9252,1.09716,-198.782,260.564
378.22,10.1206,2.43955,9.91538,8.96363,27.8565,1.10519,-198.782,258.439
378.24,10.1211,2.4157,9.9993,8.6622,27.8565,1.10519,-197.374,259.852
378.26,10.1211,2.56077,10.2054,8.17483,28.1963,1.10391,-195.963,259.59
378.28,10.1211,2.52494,10.4197,7.80254,28.8483,1.10391,-195.961,259.589
378.3,10.1206,2.46634,10.7325,7.54749,29.4016,1.10465,-193.515,261.357
378.32,10.1206,2.47081,11.0306,7.35388,29.6937,1.1081,-193.511,267.987
378.34,10.119,2.40835,11.4131,7.19877,29.49,1.10811,-195.199,270.121
378.36,10.119,2.39956,11.6954,7.1524,28.6065,1.10769,-198.571,271.889
378.38,10.1179,2.40576,11.925,7.16781,27.7398,1.10654,-198.576,276.671
378.4,10.119,2.38539,12.1008,7.19877,26.8939,1.10654,-198.507,280.388
378.42,10.119,2.36074,12.3144,7.22196,26.5444,1.11035,-198.473,280.388
378.44,10.1169,2.33573,12.4523,7.12136,26.3397,1.11227,-198.473,283.309
378.46,10.1174,2.27032,12.6201,7.19865,26.2523,1.11294,-198,285.695
378.48,10.1174,2.29281,12.7959,7.05965,26.291,1.1105,-198,290.471
378.5,10.1147,2.32774,12.9108,7.0904,26.1064,1.11049,-197.927,289.947
378.52,10.1169,2.30021,13.0939,7.0363,26.019,1.11506,-197.856,288.356
378.54,10.1163,2.31483,13.1857,6.92028,26.0383,1.11696,-197.855,288
378.56,10.1163,2.34109,13.2317,7.05944,26.1355,1.11621,-197.691,289.858
378.58,10.1153,2.34339,13.2927,7.05944,26.1938,1.11927,-197.691,288.798
378.6,10.1142,2.38802,13.3693,7.1291,26.4467,1.11927,-196.764,285.079
378.62,10.1142,2.36299,13.3922,7.18329,26.5731,1.12027,-195.838,285.079
378.64,10.1142,2.22195,13.3845,7.22193,26.6313,1.11742,-195.838,281.898
378.66,10.1158,2.31895,13.3463,7.26843,26.7384,1.11782,-192.337,279.592
378.68,10.1158,2.32848,13.3463,7.27616,26.8354,1.11823,-192.337,278.266
378.7,10.1158,2.41408,13.354,7.38438,26.9812,1.11823,-193.879,276.143
378.72,10.1158,2.41369,13.438,7.3381,27.3606,1.11937,-196.97,269.944
378.74,10.1147,2.42196,13.4609,7.38447,27.8557,1.11842,-196.97,263.317
378.76,10.1147,2.42343,13.4915,7.40773,28.3807,1.11856,-197.148,261.185
378.78,10.1163,2.67473,13.3922,7.38454,28.7802,1.12642,-197.238,251.27
378.8,10.1142,2.60325,13.4151,7.36908,29.1685,1.12642,-197.238,244.377
378.82,10.1142,2.61045,13.171,7.43089,29.4895,1.12636,-196.95,235.352
378.84,10.1153,2.81214,12.7732,7.43099,30.1414,1.12538,-196.949,226.488
378.86,10.1126,3.1041,12.4299,7.4619,31.2384,1.12538,-196.96,216.06
378.88,10.1126,3.12913,11.5965,7.50065,32.4652,1.12789,-196.97,208.875
378.9,10.1158,2.88016,10.7788,7.53936,34.5946,1.12978,-196.97,202.68
378.92,10.1142,2.93209,10.0693,7.63983,37.5362,1.12936,-198.121,206.391
378.94,10.1137,2.99919,9.42633,7.63998,40.2534,1.12895,-198.123,209.849
378.96,10.1137,2.94752,9.03722,7.64771,44.2143,1.12895,-197.455,213.03
378.98,10.1153,2.72883,8.80773,7.66318,48.2396,1.13043,-196.786,216.216
379,10.1147,2.85141,8.70805,7.70965,50.9876,1.13233,-196.785,219.407
379.02,10.1147,2.76679,8.69279,7.78694,53.7447,1.13172,-192.159,222.942
379.04,10.1142,2.55789,8.76143,7.80251,54.5159,1.13301,-192.152,227.189
379.06,10.1179,2.59349,8.89144,7.77931,53.5545,1.13301,-193.676,233.568
379.08,10.1238,2.54646,9.05929,7.84887,49.6906,1.13233,-196.718,236.573
379.1,10.1238,2.59505,9.28879,7.84898,43.637,1.13043,-196.723,241.357
379.12,10.1275,2.36959,9.59444,7.8722,38.1532,1.13029,-196.857,250.119
379.14,10.1345,2.27321,9.97592,7.91085,32.3477,1.1395,-196.99,256.482
379.16,10.1345,2.41045,10.3204,7.94187,28.4691,1.13951,-196.991,262.067
379.18,10.1441,2.36017,10.9231,8.01143,26.4595,1.13614,-197.422,268.077
379.2,10.1516,2.33858,11.4657,7.97289,25.1264,1.13258,-197.423,278.16
379.22,10.1516,2.40278,11.9709,8.01153,24.4145,1.13257,-197.382,282.689
379.24,10.1634,2.35111,12.6194,7.94197,24.1233,1.13416,-197.341,286.224
379.26,10.1717,2.35105,13.3452,7.95733,23.9384,1.13606,-197.341,293.653
379.28,10.1745,2.31616,13.8507,7.91865,23.7728,1.13535,-197.608,302.161
379.3,10.1745,2.30976,14.5144,7.84909,23.7728,1.12894,-197.608,305.077
379.32,10.1778,2.3036,15.1106,7.91081,23.8408,1.12893,-197.351,304.286
379.34,10.1847,2.35485,15.2949,7.84898,23.977,1.12947,-197.094,302.78
379.36,10.1847,2.31157,15.3559,7.87217,24.0644,1.13138,-197.094,300.659
379.38,10.195,2.30585,15.1802,7.81802,24.4632,1.13105,-192.214,299.24
379.4,10.2107,2.31688,14.951,7.82576,25.0271,1.13072,-192.214,296.85
379.42,10.2107,2.33238,14.6687,7.84894,25.3475,1.13072,-193.701,293.139
379.44,10.2205,2.2428,14.4008,7.87994,26.0383,1.13465,-196.682,289.77
379.46,10.2251,2.28495,14.2177,7.91859,26.7761,1.13656,-196.682,285.263
379.48,10.2326,2.32338,14.0572,7.87227,27.6219,1.13691,-197.518,284.196
379.5,10.2326,2.33164,13.9194,7.86446,29.0524,1.1338,-197.938,285.964
379.52,10.2349,2.36377,13.7821,7.96494,30.6834,1.1338,-197.753,284.638
379.54,10.2354,2.40526,13.6674,7.91872,32.2586,1.13208,-197.382,281.897
379.56,10.2354,2.39245,13.5068,7.98831,34.2834,1.12648,-197.382,284.017
379.58,10.2358,2.35361,13.3847,7.94194,35.6426,1.12648,-197.176,287.994
379.6,10.2428,2.31275,13.3005,8.05798,35.9947,1.12813,-197.073,291.805
379.62,10.2428,2.33425,13.14,8.05024,35.2363,1.12876,-196.991,296.585
379.64,10.2502,2.47911,12.9722,8.15071,33.8092,1.12708,-196.826,301.445
379.66,10.2535,2.33314,12.7503,8.24375,32.3194,1.11401,-196.826,306.674
379.68,10.2637,2.3402,12.5672,8.31331,30.8243,1.11401,-196.401,309.856
379.7,10.2637,2.3052,12.3762,8.45253,29.6959,1.1087,-196.188,305.972
379.72,10.2804,2.34425,12.2918,8.54564,29.1108,1.10774,-196.188,314.198
379.74,10.2989,2.28877,12.2232,8.73113,28.8778,1.10591,-192.179,324.007
379.76,10.299,2.27347,12.2688,8.94009,28.6444,1.09653,-192.172,334.273
379.78,10.305,2.30017,12.3148,9.17262,28.4302,1.09652,-192.996,342.608
379.8,10.3134,2.43359,12.2461,9.45859,28.2651,1.09309,-193.407,343.138
379.82,10.3217,2.42094,12.2536,9.79909,28.0027,1.09021,-193.408,347.911
379.84,10.3217,2.26072,12.1772,10.0551,27.7301,1.09062,-195.796,351.459
379.86,10.3412,2.41062,12.1543,10.4492,27.3903,1.09295,-195.796,354.375
379.88,10.3561,2.32358,12.1466,10.7982,27.3023,1.09295,-195.59,357.212
379.9,10.3561,2.31857,12.0855,11.1233,27.1273,1.09669,-195.488,356.681
379.92,10.3635,2.34426,12.0855,11.3551,27.0108,1.09956,-195.22,350.848
379.94,10.3677,2.2237,12.1925,11.6728,26.9523,1.10055,-194.684,351.193
379.96,10.3677,2.27085,12.2688,11.8892,26.9328,1.09307,-194.684,346.775
379.98,10.3751,2.35237,12.246,11.9591,27.0687,1.09306,-195.192,343.94
380,10.3816,2.39394,12.2842,11.9979,27.1273,1.09308,-195.446,337.032
380.02,10.3886,2.34907,12.2918,11.9825,27.3797,1.09214,-195.467,331.2
380.04,10.3886,2.30239,12.3834,11.9206,27.5354,1.09214,-195.508,326.772
380.06,10.3965,2.33381,12.2995,11.8664,27.769,1.09691,-195.508,319.508
380.08,10.4039,2.33383,12.3147,11.7272,27.9826,1.09945,-193.411,319.773
380.1,10.4039,2.32235,12.2689,11.7038,28.294,1.09816,-192.358,318.003
380.12,10.4095,2.35972,12.2078,11.6574,28.4399,1.09884,-191.651,321.455
380.14,10.4169,2.31889,12.1773,11.6342,28.6826,1.09884,-190.239,315.357
380.16,10.4169,2.33485,12.1772,11.58,28.9649,1.09884,-190.237,311.808
380.18,10.4197,2.40285,12.1162,11.5413,29.1106,1.09884,-192.978,305.975
380.2,10.4248,2.43214,12.0856,11.634,29.5379,1.0996,-194.353,301.901
380.22,10.4276,2.37283,12.1084,11.549,29.8108,1.09848,-194.341,301.895
380.24,10.4276,2.35013,12.0855,11.5181,30.1312,1.09848,-194.314,299.244
380.26,10.435,2.32822,12.0626,11.5412,30.2773,1.09946,-194.314,297.826
380.28,10.4388,2.25284,12.1543,11.4251,30.5401,1.09946,-194.369,297.293
380.3,10.4388,2.25546,12.1619,11.3556,30.5109,1.09902,-194.396,300.828
380.32,10.448,2.32494,12.1314,11.2859,30.5691,1.10581,-194.369,306.931
380.34,10.4513,2.35466,12.2001,11.2394,30.6567,1.10582,-194.314,313.135
380.36,10.4513,2.35608,12.2078,11.1698,30.5111,1.10498,-194.314,314.108
380.38,10.4545,2.27799,12.2231,11.162,30.3553,1.1017,-194.355,317.295
380.4,10.4592,2.33348,12.2689,11.1465,30.3067,1.1017,-194.376,321.19
380.42,10.462,2.27713,12.3147,11.131,30.2485,1.10453,-194.376,326.669
380.44,10.462,2.31341,12.3148,11.0304,30.4331,1.10326,-192.317,328.27
380.46,10.4731,2.45144,12.3148,11.1463,30.569,1.10288,-192.317,325.265
380.48,10.4778,2.33009,12.3605,11.0846,30.7731,1.10631,-190.219,329.503
380.5,10.4778,2.31421,12.4294,11.1233,30.7054,1.10631,-188.116,330.837
380.52,10.487,2.28068,12.4065,11.1001,30.7442,1.10579,-188.116,329.069
380.54,10.488,2.37178,12.4522,11.1773,30.6569,1.10674,-193.194,329.067
380.56,10.488,2.3594,12.5746,11.1929,30.6859,1.10821,-193.202,331.722
380.58,10.4926,2.2626,12.5898,11.1466,30.9189,1.10594,-193.325,331.28
380.6,10.4973,2.35503,12.5898,11.2161,31.0359,1.10594,-193.449,330.748
380.62,10.5028,2.25245,12.7121,11.1929,31.0165,1.11,-193.449,327.562
380.64,10.5028,2.2267,12.8189,11.1929,30.599,1.11,-193.038,329.153
380.66,10.507,2.43149,12.8802,11.1697,30.3067,1.11014,-193.037,330.483
380.68,10.5103,2.39964,12.9565,11.2083,29.9669,1.10853,-192.996,330.483
380.7,10.5103,2.38816,12.9566,11.1234,29.8984,1.10853,-192.975,328.627
380.72,10.5144,2.41971,13.0636,11.1465,29.7817,1.10958,-192.989,325.438
380.74,10.5177,2.3474,13.117,11.0305,29.6652,1.11295,-193.017,324.466
380.76,10.5177,2.37907,13.1858,11.0072,29.3058,1.11295,-193.017,321.725
380.78,10.52,2.27721,13.2928,10.9143,29.0816,1.10959,-193.408,316.853
380.8,10.5228,2.27657,13.4149,10.8447,28.936,1.10706,-193.408,313.141
380.82,10.5233,2.2933,13.5982,10.7905,28.8775,1.10749,-191.88,310.308
380.84,10.5233,2.3335,13.6596,10.7285,28.7607,1.11549,-188.816,306.94
380.86,10.5237,2.3071,13.7817,10.7517,28.7219,1.11549,-188.816,308.089
380.88,10.5237,2.38729,13.8507,10.6666,28.5857,1.11033,-189.722,306.763
380.9,10.5237,2.39715,13.9347,10.7053,28.3815,1.1056,-189.722,307.825
380.92,10.5265,2.25676,13.9195,10.6048,28.2942,1.10417,-191.305,303.053
380.94,10.5344,2.31341,13.8583,10.5659,28.119,1.11282,-192.893,306.763
380.96,10.5377,2.33304,13.7362,10.5891,28.0899,1.11282,-192.893,305.968
380.98,10.5377,2.3331,13.7131,10.5428,27.9248,1.11115,-192.605,303.58
381,10.5432,2.31145,13.5985,10.5892,27.9148,1.11401,-192.605,304.196
381.02,10.5451,2.29787,13.5756,10.481,28.1187,1.11366,-192.591,303.401
381.04,10.5451,2.26689,13.5832,10.4731,28.1773,1.10724,-192.584,306.404
381.06,10.5479,2.3174,13.5985,10.473,28.4982,1.10723,-192.584,306.409
381.08,10.5502,2.35765,13.5756,10.4808,28.8186,1.11417,-193.283,302.962
381.1,10.5507,2.36477,13.6138,10.4266,29.3636,1.12344,-193.284,304.019
381.12,10.5507,2.14925,13.6443,10.4034,29.7817,1.12344,-193.092,303.134
381.14,10.5548,2.36712,13.6901,10.4034,30.2379,1.11502,-192.996,303.399
381.16,10.5548,2.39495,13.6902,10.4266,30.5692,1.10683,-192.392,296.673
381.18,10.5572,2.38536,13.7589,10.4189,30.5692,1.10729,-191.186,297.999
381.2,10.5572,2.27945,13.675,10.473,30.3168,1.10775,-191.184,301.801
381.22,10.5581,2.31327,13.5756,10.4266,30.015,1.10775,-187.416,302.161
381.24,10.5562,2.30833,13.5527,10.4498,29.9665,1.12223,-187.416,303.133
381.26,10.5562,2.25294,13.5374,10.4035,29.7528,1.13299,-189.554,302.074
381.28,10.5567,2.35257,13.5297,10.4266,29.6358,1.13505,-191.699,300.833
381.3,10.5576,2.17684,13.5984,10.4189,29.6747,1.12772,-191.699,304.014
381.32,10.5567,2.20054,13.7129,10.4498,29.6941,1.12771,-193.282,300.838
381.34,10.5567,2.4426,13.8583,10.473,29.7525,1.12659,-193.284,305.878
381.36,10.5599,2.18425,13.9193,10.4653,29.6166,1.12284,-193.038,302.52
381.38,10.5562,2.36446,14.0111,10.5195,29.5775,1.12139,-192.79,304.904
381.4,10.5562,2.36125,14.0111,10.4498,29.4802,1.12941,-192.79,304.285
381.42,10.5586,2.26462,13.9882,10.4962,29.4608,1.12941,-192.831,303.401
381.44,10.5572,2.393,14.057,10.4808,29.315,1.13034,-192.831,302.072
381.46,10.5576,2.36116,14.0112,10.4962,29.2082,1.13034,-192.927,297.477
381.48,10.5576,2.33571,13.9882,10.5272,29.0818,1.13344,-192.975,293.581
381.5,10.5586,2.24226,14.0111,10.473,29.1886,1.1217,-192.975,289.327
381.52,10.5581,2.27812,14.034,10.5581,29.3439,1.1217,-192.544,288.974
381.54,10.5581,2.29612,13.9806,10.45,29.4995,1.1238,-192.543,292.243
381.56,10.5572,2.32539,13.9882,10.4963,29.8692,1.12944,-189.4,289.327
381.58,10.5581,2.26137,14.0111,10.5426,30.0148,1.12657,-187.83,286.411
381.6,10.5586,2.2758,14.0417,10.4963,30.2775,1.12759,-187.828,281.627
381.62,10.5586,2.31645,14.1028,10.4653,30.5984,1.12759,-189.66,283.132
381.64,10.5572,2.4582,14.1639,10.5194,30.9188,1.1296,-189.66,281.983
381.66,10.5595,2.38312,14.2862,10.5427,31.2693,1.13149,-191.376,278.883
381.68,10.5595,2.36528,14.2862,10.6818,31.5897,1.13281,-192.233,279.149
381.7,10.5572,2.45752,14.3167,10.5584,32.0076,1.12473,-192.282,277.028
381.72,10.5581,2.58349,14.2862,10.6124,32.2902,1.12472,-192.378,272.777
381.74,10.5586,2.57167,14.3625,10.6665,32.5717,1.12312,-192.378,274.544
381.76,10.5586,2.62146,14.3779,10.6588,32.8731,1.12187,-192.296,269.244
381.78,10.5567,2.68823,14.4008,10.6975,33.1653,1.12164,-192.296,267.112
381.8,10.5595,2.53568,14.4695,10.6357,33.641,1.13082,-192.543,267.642
381.82,10.5595,2.53442,14.5383,10.6511,34.0106,1.13083,-192.79,268.35
381.84,10.559,2.59096,14.6071,10.6124,34.439,1.1294,-192.79,262.775
381.86,10.5604,2.51238,14.6529,10.4964,35.0021,1.12752,-193.201,261.715
381.88,10.5562,2.52097,14.7218,10.4653,35.2946,1.13017,-193.202,266.758
381.9,10.5562,2.45915,14.6988,10.4498,35.3724,1.11608,-191.665,269.944
381.92,10.5586,2.52919,14.7751,10.3725,34.9744,1.11608,-190.897,276.042
381.94,10.56,2.53645,14.7905,10.3802,34.1473,1.1213,-190.896,278.264
381.96,10.5729,2.56283,14.8134,10.4033,33.1085,1.12568,-187.483,276.408
381.98,10.573,2.42567,14.8669,10.4266,32.3206,1.12471,-187.478,276.14
382,10.573,2.33331,14.9052,10.3569,32.0082,1.12563,-190.553,281.008
382.02,10.5725,2.31762,14.9433,10.3338,31.882,1.12563,-192.088,282.333
382.04,10.5725,2.20952,14.9968,10.3569,32.1148,1.11985,-192.035,280.921
382.06,10.5725,2.29658,14.9739,10.3105,32.4749,1.11671,-191.925,286.23
382.08,10.5808,2.27777,14.9739,10.3414,32.7565,1.11743,-191.925,287.467
382.1,10.5818,2.27864,14.9739,10.3337,32.7861,1.12193,-192.275,290.389
382.12,10.5818,2.36956,14.9281,10.3802,32.65,1.12193,-192.275,291.54
382.14,10.5818,2.38085,14.8823,10.2951,32.3199,1.1205,-192.162,296.577
382.16,10.5822,2.33041,14.7905,10.2408,32.086,1.11956,-192.049,298.532
382.18,10.5822,2.32442,14.76,10.2331,31.6589,1.12029,-192.049,300.83
382.2,10.5822,2.29516,14.6532,10.1713,31.4155,1.12291,-192.275,302.159
382.22,10.5827,2.32412,14.6071,10.2331,31.3471,1.12291,-192.275,301.099
382.24,10.5832,2.32688,14.6377,10.1481,31.2985,1.12161,-192.111,301.806
382.26,10.5832,2.36997,14.6301,10.2175,31.3082,1.1188,-192.028,307.904
382.28,10.5827,2.32168,14.5307,10.1944,31.3568,1.11846,-192.028,311.985
382.3,10.5836,2.36322,14.5155,10.1712,31.4248,1.12153,-187.135,308.008
382.32,10.5832,2.33146,14.4697,10.2175,31.386,1.12154,-187.128,308.709
382.34,10.5832,2.35379,14.4467,10.1479,31.4443,1.11966,-188.377,307.56
382.36,10.5855,2.36123,14.3322,10.2175,31.5899,1.11779,-189.001,307.294
382.38,10.5873,2.29876,14.2174,10.2176,31.5026,1.1188,-189.976,306.763
382.4,10.5855,2.32466,14.164,10.2408,31.5026,1.11982,-191.925,311.808
382.42,10.5855,2.38075,14.08,10.3104,31.5026,1.11982,-191.925,311.631
382.44,10.5855,2.33411,14.0264,10.3105,31.4249,1.12315,-191.706,312.693
382.46,10.5864,2.35882,13.9425,10.295,31.386,1.12378,-191.596,309.688
382.48,10.5855,2.2936,13.9424,10.3337,31.3471,1.12336,-191.541,308.093
382.5,10.5855,2.25004,13.843,10.3569,31.3276,1.12408,-191.431,305.17
382.52,10.586,2.28665,13.8049,10.4497,31.4247,1.12408,-191.431,303.226
382.54,10.5864,2.28808,13.8124,10.4344,31.3569,1.12454,-191.637,303.753
382.56,10.5869,2.36581,13.8277,10.5892,31.4249,1.12579,-191.637,301.807
382.58,10.5869,2.37705,13.8277,10.5119,31.3569,1.12533,-191.719,300.216
382.6,10.5864,2.32803,13.8736,10.6588,31.3471,1.12138,-191.884,294.903
382.62,10.5864,2.30567,13.95,10.682,31.2985,1.12226,-191.884,294.107
382.64,10.5869,2.44008,13.9195,10.7748,31.2887,1.12218,-189.581,286.418
382.66,10.5869,2.44745,14.0264,10.7594,31.2985,1.12218,-189.578,286.407
382.68,10.5887,2.51119,14.0111,10.8677,31.2985,1.12086,-188.858,280.574
382.7,10.5878,2.51129,14.1637,10.9296,31.3664,1.12273,-187.418,276.5
382.72,10.5878,2.39833,14.2174,10.9607,31.3568,1.12195,-187.416,273.662
382.74,10.5869,2.62087,14.2403,11.0071,31.6966,1.11931,-192.659,268.89
382.76,10.5869,2.70425,14.3319,11.0381,31.9689,1.11931,-192.667,264.994
382.78,10.5887,2.69219,14.4008,11.1233,32.4749,1.12128,-192.759,261.448
382.8,10.5887,2.47379,14.4237,11.1619,33.0477,1.12221,-192.852,255.085
382.82,10.5878,2.7931,14.5153,11.1465,33.7767,1.1243,-192.852,250.48
382.84,10.5864,2.66808,14.4696,11.1774,34.4487,1.10783,-192.646,250.03
382.86,10.5864,2.64217,14.3552,11.2625,35.2739,1.10783,-192.646,247.114
382.88,10.5873,2.53576,14.3779,11.2858,35.878,1.11667,-192.945,246.225
382.9,10.5897,2.62972,14.3321,11.3555,36.5586,1.12164,-193.243,244.366
382.92,10.5864,2.6083,14.3778,11.425,37.277,1.12134,-193.243,246.929
382.94,10.5864,2.5753,14.3168,11.4716,37.8615,1.11749,-193.696,246.756
382.96,10.5878,2.59976,14.2634,11.4098,38.444,1.11937,-193.696,248.612
382.98,10.5869,2.54496,14.2099,11.4715,39.0274,1.11032,-193.271,252.149
383,10.5864,2.59757,14.1945,11.4406,39.0283,1.11031,-193.058,252.863
383.02,10.5864,2.4769,14.1258,11.4715,38.6497,1.11763,-191.283,257.988
383.04,10.5883,2.51465,14.0571,11.4252,37.7268,1.12317,-187.73,261.177
383.06,10.5869,2.52524,13.9882,11.3555,36.5197,1.12199,-187.725,267.289
383.08,10.5878,2.41038,13.889,11.3091,35.2577,1.11409,-190.665,268.35
383.1,10.5878,2.41462,13.7819,11.3013,34.0112,1.11408,-190.669,277.644
383.12,10.5869,2.37906,13.6443,11.2161,33.282,1.11014,-191.424,279.238
383.14,10.5873,2.42745,13.5757,11.2857,32.5733,1.10736,-192.932,286.042
383.16,10.585,2.41471,13.4915,11.2394,31.9693,1.10853,-192.934,292.248
383.18,10.5892,2.43281,13.4152,11.2703,31.5228,1.11709,-192.914,297.815
383.2,10.5892,2.42296,13.3846,11.2394,31.1532,1.1171,-192.914,304.01
383.22,10.5873,2.38618,13.3463,11.2858,30.8026,1.11677,-192.694,312.87
383.24,10.5869,2.34961,13.3387,11.3167,30.356,1.11585,-192.255,319.321
383.26,10.5869,2.3762,13.3463,11.309,30.0447,1.11526,-192.255,320.126
383.28,10.5869,2.29654,13.3081,11.2703,29.4997,1.11282,-192.378,325.438
383.3,10.5873,2.32079,13.2318,11.2394,29.024,1.11282,-192.378,329.856
383.32,10.5869,2.38898,13.2927,11.2857,28.4311,1.11212,-192.306,335.696
383.34,10.5869,2.36682,13.3234,11.309,28.0023,1.1149,-192.234,337.917
383.36,10.586,2.45141,13.2547,11.2163,27.614,1.11406,-192.234,341.806
383.38,10.5864,2.38035,13.2317,11.2703,27.4481,1.1095,-188.713,340.484
383.4,10.5864,2.38035,13.2776,11.309,27.2245,1.1095,-188.713,342.785
383.42,10.5878,2.47381,13.2623,11.3322,27.1857,1.11006,-188.233,343.934
383.44,10.5878,2.43238,13.3005,11.3323,27.3217,1.11006,-187.993,343.139
383.46,10.5878,2.40495,13.2471,11.3091,27.4188,1.11034,-189.397,342.255
383.48,10.5878,2.3761,13.2546,11.3477,27.6714,1.10863,-192.209,343.314
383.5,10.5873,2.43259,13.2011,11.3787,27.944,1.10921,-192.214,342.077
383.52,10.5887,2.46095,13.1859,11.3787,28.3129,1.11222,-192.09,334.389
383.54,10.5887,2.41004,13.1401,11.4251,28.6144,1.11223,-192.09,338.354
383.56,10.5873,2.3864,13.0942,11.5025,28.9649,1.11189,-192.015,337.032
383.58,10.586,2.3076,13.0026,11.5876,29.3241,1.11097,-191.864,329.521
383.6,10.586,2.28967,12.9566,11.6264,29.7233,1.1095,-191.864,328.536
383.62,10.5878,2.38668,12.8191,11.6574,30.0053,1.10991,-191.802,325.88
383.64,10.5855,2.39491,12.7275,11.7501,30.3354,1.10991,-191.802,323.936
383.66,10.5869,2.27867,12.6357,11.7812,30.4137,1.10887,-192.018,315.171
383.68,10.5869,2.28745,12.6128,11.8662,30.5399,1.1061,-192.234,315.701
383.7,10.5864,2.39128,12.4754,11.9205,30.3362,1.10756,-192.234,312.698
383.72,10.5878,2.42055,12.4523,11.9825,30.2484,1.10722,-190.999,311.011
383.74,10.5878,2.42245,12.4523,11.9516,30.0057,1.10722,-190.999,303.588
383.76,10.5874,2.35415,12.4218,12.0288,29.9276,1.09865,-188.449,301.544
383.78,10.586,2.32079,12.3835,12.0289,29.7136,1.09494,-185.892,297.381
383.8,10.5869,2.34893,12.4827,11.9594,29.6359,1.09107,-185.892,296.409
383.82,10.5869,2.32806,12.4295,11.9979,29.4417,1.08452,-190.518,285.892
383.84,10.5864,2.37853,12.544,11.9592,29.49,1.08431,-190.525,283.486
383.86,10.5855,2.29083,12.5593,11.967,29.3055,1.07838,-190.844,281.1
383.88,10.5855,2.33318,12.6128,11.936,29.3733,1.07838,-191.163,279.06
383.9,10.586,2.45433,12.6357,11.9128,29.2566,1.07745,-191.163,276.405
383.92,10.5864,2.36221,12.6128,11.9205,29.2857,1.07653,-191.287,275.698
383.94,10.5864,2.3906,12.6204,11.9825,29.1983,1.07563,-191.287,277.025
383.96,10.5846,2.47521,12.6128,11.9516,29.2857,1.07105,-191.246,272.164
383.98,10.5855,2.39651,12.567,11.936,29.2567,1.07104,-191.205,268.18
384,10.5846,2.43123,12.5593,11.8896,29.383,1.07147,-191.205,272.157
384.02,10.5846,2.43123,12.5211,11.9205,29.4898,1.07424,-191.369,267.562
384.04,10.585,2.37692,12.5287,11.9128,29.9268,1.07367,-191.369,264.904
384.06,10.5846,2.49872,12.5211,11.8277,30.5109,1.06753,-191.287,263.66
384.08,10.5846,2.49822,12.4982,11.8895,31.3264,1.06753,-191.205,266.577
384.1,10.5827,2.48601,12.5287,11.8122,32.1444,1.07292,-191.205,267.643
384.12,10.5822,2.41776,12.5211,11.727,32.9611,1.07415,-186.345,270.121
384.14,10.5822,2.43957,12.605,11.7038,33.33,1.07385,-186.345,272.507
384.16,10.5804,2.45499,12.6128,11.6806,33.3986,1.07171,-187.55,272.688
384.18,10.5808,2.38239,12.6662,11.5801,32.9618,1.07171,-188.753,271.274
384.2,10.5795,2.38634,12.6815,11.5645,32.3592,1.07112,-188.754,279.756
384.22,10.5795,2.35448,12.7732,11.518,31.6193,1.07112,-191.575,284.194
384.24,10.5804,2.41045,12.8419,11.4253,30.998,1.0709,-191.575,291.882
384.26,10.5804,2.23476,12.8878,11.4561,30.5408,1.06986,-191.637,292.954
384.28,10.5804,2.28362,12.9566,11.3555,30.19,1.06986,-191.761,298.266
384.3,10.5799,2.26361,13.094,11.4096,29.9667,1.06869,-191.761,304.629
384.32,10.579,2.35018,13.1552,11.286,29.7237,1.06869,-191.74,305.611
384.34,10.579,2.35451,13.1859,11.2626,29.5969,1.06915,-191.74,306.497
384.36,10.5785,2.32851,13.2316,11.2703,29.461,1.07124,-191.733,303.316
384.38,10.5785,2.35833,13.2776,11.2161,29.558,1.07124,-191.719,303.842
384.4,10.5785,2.25341,13.247,11.2394,29.6066,1.07356,-191.719,306.763
384.42,10.5785,2.23272,13.2317,11.193,29.7523,1.07356,-191.493,308.354
384.44,10.5771,2.29366,13.1706,11.2084,29.8108,1.071,-191.493,310.126
384.46,10.5767,2.25696,13.1401,11.2161,29.9565,1.06882,-190.527,309.331
384.48,10.5776,2.28734,13.1248,11.193,30.0441,1.069,-188.593,310.39
384.5,10.5776,2.30805,13.1171,11.1929,30.19,1.07495,-188.59,305.878
384.52,10.5771,2.23371,13.1629,11.1929,30.1803,1.07495,-187.685,301.283
384.54,10.5753,2.23402,13.1095,11.2084,30.2191,1.07402,-187.684,298.359
384.56,10.5753,2.29215,13.1859,11.2161,30.2775,1.07309,-188.885,295.965
384.58,10.5762,2.2662,13.2469,11.193,30.3067,1.07599,-191.283,296.142
384.6,10.5748,2.46401,13.2776,11.2548,30.3164,1.07285,-191.287,297.204
384.62,10.5762,2.44721,13.3693,11.2858,30.3067,1.07285,-191.15,284.548
384.64,10.5762,2.29493,13.4913,11.2858,30.297,1.07316,-191.081,276.329
384.66,10.5725,2.48671,13.5297,11.3323,30.2775,1.07778,-190.93,271.803
384.68,10.5757,2.38517,13.6136,11.3091,30.2581,1.07928,-190.629,269.152
384.7,10.5757,2.38963,13.6901,11.3322,30.2775,1.07529,-190.628,261.194
384.72,10.5757,2.57068,13.7208,11.2858,30.4526,1.07528,-191.136,255.783
384.74,10.573,2.4282,13.736,11.3631,30.6467,1.07909,-191.39,254.546
384.76,10.5743,2.39795,13.7513,11.3091,31.1518,1.07848,-191.39,252.158
384.78,10.5743,2.44882,13.8736,11.4251,31.7943,1.08319,-191.616,254.013
384.8,10.573,2.52243,13.8278,11.3479,32.6681,1.09194,-191.616,250.39
384.82,10.5702,2.49722,13.8735,11.3787,33.4849,1.09195,-190.506,250.561
384.84,10.5725,2.48851,13.8889,11.3323,34.5557,1.08883,-189.949,248.172
384.86,10.5725,2.49619,13.8507,11.3786,35.643,1.08821,-188.42,246.935
384.88,10.5683,2.45025,13.8889,11.3555,36.5586,1.08703,-185.357,244.366
384.9,10.5683,2.49542,13.8965,11.3168,37.3073,1.08279,-185.357,244.809
384.92,10.5683,2.47946,13.9652,11.3554,37.4141,1.08279,-188.482,249.404
384.94,10.5655,2.40005,13.9653,11.3632,37.0448,1.0864,-190.052,252.686
384.96,10.5646,2.33046,14.0111,11.3555,36.2875,1.08884,-190.106,256.397
384.98,10.5646,2.33621,14.0416,11.3091,35.4126,1.08904,-190.216,258.259
385,10.5609,2.31556,14.1028,11.3632,34.614,1.09005,-190.216,261.094
385.02,10.5646,2.33948,14.1791,11.2627,33.9539,1.0911,-190.285,260.563
385.04,10.5609,2.309,14.1716,11.2394,33.3315,1.08592,-190.319,266.572
385.06,10.5609,2.28111,14.2709,11.2084,32.8153,1.08591,-190.333,269.767
385.08,10.5623,2.40226,14.3091,11.1466,32.4755,1.08984,-190.36,273.037
385.1,10.5632,2.37606,14.3091,11.1,32.086,1.09442,-190.36,277.29
385.12,10.5632,2.34994,14.3473,11.0536,31.9693,1.09571,-190.196,284.902
385.14,10.5613,2.41617,14.3779,10.9145,31.7946,1.09153,-190.113,284.99
385.16,10.5618,2.26944,14.3779,10.9297,31.8235,1.09152,-190.058,286.052
385.18,10.5613,2.29911,14.3321,10.7752,31.6779,1.09163,-189.949,287.378
385.2,10.5613,2.34088,14.3778,10.8213,31.5903,1.09102,-189.949,291.622
385.22,10.5618,2.32831,14.3932,10.7749,31.5415,1.09257,-186.517,294.284
385.24,10.5609,2.44925,14.4237,10.7054,31.328,1.097,-184.804,297.465
385.26,10.5618,2.45482,14.4695,10.6975,31.2305,1.09701,-186.014,298.795
385.28,10.5618,2.36518,14.4925,10.6124,30.9484,1.09832,-188.445,300.745
385.3,10.5586,2.33187,14.5154,10.6356,30.7737,1.09832,-188.445,305.958
385.32,10.5604,2.35309,14.5612,10.4733,30.6278,1.09903,-189.679,305.701
385.34,10.5604,2.27041,14.5155,10.5195,30.5401,1.09848,-190.299,305.17
385.36,10.5623,2.4285,14.6375,10.4963,30.4139,1.09893,-190.285,304.905
385.38,10.5627,2.30834,14.6301,10.473,30.4817,1.09983,-190.257,301.984
385.4,10.5632,2.31978,14.653,10.4034,30.5401,1.09983,-190.257,298.797
385.42,10.5632,2.31564,14.6835,10.4188,30.608,1.10194,-190.257,299.858
385.44,10.5613,2.26468,14.7447,10.4034,30.7151,1.10482,-190.257,301.099
385.46,10.5604,2.37916,14.76,10.3725,31.016,1.10482,-190.155,300.833
385.48,10.5604,2.40296,14.7676,10.3106,31.2398,1.10482,-189.949,302.689
385.5,10.5604,2.403,14.7447,10.3802,31.561,1.10482,-189.949,299.417
385.52,10.56,2.32922,14.76,10.3261,31.8134,1.10602,-190.332,292.524
385.54,10.5609,2.35536,14.6989,10.2873,32.1439,1.10845,-190.525,291.1
385.56,10.5609,2.17329,14.7294,10.3105,32.3972,1.108,-190.525,294.815
385.58,10.5609,2.24619,14.7218,10.326,32.5234,1.10529,-186.783,296.405
385.6,10.5604,2.24203,14.7447,10.3802,32.8444,1.10529,-186.778,295.169
385.62,10.5604,2.25737,14.6988,10.3415,33.0194,1.10666,-186.517,291.717
385.64,10.5609,2.3402,14.6531,10.3105,33.2524,1.11008,-186.387,294.81
385.66,10.5604,2.37797,14.6301,10.3569,33.4084,1.11008,-186.386,286.672
385.68,10.5627,2.36061,14.6224,10.4265,33.6608,1.11191,-190.231,286.142
385.7,10.5627,2.30614,14.6072,10.357,33.865,1.11191,-190.237,283.843
385.72,10.5618,2.36481,14.5613,10.4343,33.9334,1.10989,-190.278,281.716
385.74,10.5623,2.33082,14.4926,10.473,34.1276,1.10981,-190.299,280.832
385.76,10.5613,2.34739,14.4467,10.4499,34.3609,1.10853,-190.299,284.719
385.78,10.5613,2.37205,14.4238,10.4963,34.6529,1.11151,-190.175,281.804
385.8,10.56,2.44868,14.378,10.4499,34.7985,1.11151,-190.175,281.981
385.82,10.5613,2.39634,14.3779,10.4653,35.1385,1.11067,-190.641,285.163
385.84,10.5613,2.36536,14.355,10.5427,35.3238,1.11211,-190.875,283.84
385.86,10.5627,2.30977,14.4008,10.4963,35.382,1.11232,-190.875,280.128
385.88,10.56,2.34939,14.3779,10.5892,35.2752,1.10904,-191.061,278.795
385.9,10.56,2.37179,14.3779,10.5659,35.2363,1.10904,-191.061,277.91
385.92,10.56,2.40377,14.3932,10.5891,35.2169,1.11374,-189.765,279.501
385.94,10.5613,2.41626,14.4238,10.5892,35.4113,1.12254,-188.466,284.813
385.96,10.5618,2.34709,14.4009,10.6355,35.6734,1.12254,-188.466,280.483
385.98,10.5618,2.35024,14.4085,10.7979,35.8389,1.11828,-185.567,276.765
386,10.5604,2.39162,14.4467,10.682,35.9655,1.1146,-185.563,273.75
386.02,10.559,2.25287,14.378,10.7593,36.0723,1.11746,-188.205,272.336
386.04,10.5609,2.2724,14.4695,10.7981,36.0822,1.12256,-190.851,272.953
386.06,10.5609,2.50332,14.5155,10.8678,36.1989,1.12257,-190.855,271.715
386.08,10.5623,2.36507,14.5155,10.9606,36.1115,1.12711,-191.266,275.161
386.1,10.5618,2.41631,14.5613,11.0536,36.0822,1.12651,-191.266,271.803
386.12,10.5609,2.40959,14.6988,11.1929,36.0336,1.12468,-191.122,276.14
386.14,10.5609,2.27115,14.7904,11.2857,35.9074,1.12104,-190.978,275.875
386.16,10.5595,2.49828,14.8593,11.4406,35.8488,1.12103,-190.978,274.635
386.18,10.5618,2.53662,14.9509,11.5179,35.645,1.12833,-191.04,270.393
386.2,10.5586,2.31917,15.0349,11.5412,35.499,1.13199,-191.04,270.652
386.22,10.5586,2.45601,15.0427,11.6419,35.2655,1.13236,-191.061,267.555
386.24,10.5599,2.32743,15.1419,11.6805,35.081,1.12983,-191.081,263.578
386.26,10.5613,2.33558,15.1344,11.6574,34.9739,1.12982,-191.081,263.484
386.28,10.5604,2.37903,15.1726,11.7735,34.8863,1.12861,-190.36,265.696
386.3,10.5604,2.46697,15.1802,11.7039,34.7406,1.128,-190.36,264.812
386.32,10.5595,2.44592,15.1345,11.6883,34.7404,1.12733,-187.801,262.513
386.34,10.5576,2.42035,15.1573,11.5877,34.614,1.13396,-185.233,260.917
386.36,10.5581,2.42451,15.1802,11.6573,34.5363,1.13396,-185.233,258.619
386.38,10.5581,2.40824,15.1115,11.549,34.5654,1.13209,-189.578,261.271
386.4,10.5595,2.43286,15.1115,11.5413,34.4584,1.13148,-189.578,265.431
386.42,10.5544,2.42113,15.0657,11.4717,34.5361,1.13017,-190.411,265.784
386.44,10.5558,2.28057,15.0809,11.4019,34.6335,1.13802,-191.246,266.847
386.46,10.5558,2.34827,15.1114,11.3324,34.8568,1.13802,-191.246,266.847
386.48,10.5553,2.52799,15.081,11.255,34.9833,1.13422,-191.061,264.726
386.5,10.5558,2.48565,15.1344,11.1,34.9738,1.13422,-191.061,263.218
386.52,10.5553,2.37145,15.1115,11.0227,34.8573,1.13329,-190.947,267.371
386.54,10.5553,2.34987,15.1573,10.9376,34.6532,1.1342,-190.834,268.438
386.56,10.5581,2.38265,15.1115,10.8446,34.332,1.1342,-190.834,267.909
386.58,10.5576,2.35706,15.1725,10.7132,34.0893,1.13423,-190.752,270.56
386.6,10.5576,2.26331,15.1344,10.5659,33.982,1.13545,-190.752,271.095
386.62,10.5553,2.37079,15.1802,10.5427,33.7487,1.13456,-190.906,272.954
386.64,10.5558,2.38851,15.0963,10.45,33.739,1.13551,-191.06,279.051
386.66,10.5544,2.37185,15.0656,10.4266,33.5737,1.13552,-191.061,280.565
386.68,10.5544,2.27377,15.1114,10.357,33.5057,1.13434,-186.147,278.798
386.7,10.5562,2.3483,15.0886,10.3801,33.69,1.13434,-186.139,280.121
386.72,10.5558,2.36932,15.1573,10.3802,33.5737,1.13581,-186.561,282.866
386.74,10.5548,2.38938,15.081,10.4188,33.7969,1.1373,-186.983,284.457
386.76,10.5548,2.41841,15.0428,10.4962,33.8361,1.1373,-186.984,285.608
386.78,10.5539,2.35078,15.0809,10.5427,34.0306,1.13616,-190.216,287.911
386.8,10.5548,2.3676,15.0885,10.5891,34.1277,1.13677,-190.216,284.465
386.82,10.5535,2.32776,15.0199,10.6819,34.2152,1.13648,-190.103,277.92
386.84,10.5535,2.40418,15.0809,10.7285,34.089,1.14174,-189.99,280.3
386.86,10.5525,2.38122,15.0885,10.8212,34.1569,1.14174,-189.99,282.597
386.88,10.5535,2.38543,15.0656,10.8523,33.9334,1.14044,-189.928,281.185
386.9,10.5497,2.35812,15.1115,10.9375,33.6612,1.13921,-189.928,281.716
386.92,10.5497,2.2652,15.1801,10.9839,33.6029,1.13863,-189.753,284.897
386.94,10.5488,2.30783,15.249,11.0846,33.2917,1.14174,-189.578,283.043
386.96,10.5497,2.31191,15.3864,11.1,33.1072,1.14174,-189.578,280.392
386.98,10.5497,2.32968,15.4781,11.1464,32.9613,1.14051,-189.27,278.797
387,10.5493,2.37132,15.7228,11.2239,32.6402,1.13989,-189.269,275.078
387.02,10.5497,2.41745,15.9822,11.3089,32.3199,1.14048,-187.552,270.482
387.04,10.5479,2.37283,16.2573,11.3477,32.067,1.14291,-185.833,266.234
387.06,10.5479,2.38775,16.5786,11.3555,31.736,1.14291,-185.83,259.324
387.08,10.5497,2.38689,16.9448,11.456,31.6195,1.14104,-182.849,257.733
387.1,10.5493,2.45676,17.251,11.4948,31.7943,1.1398,-182.845,255.075
387.12,10.5493,2.4538,17.5643,11.5413,31.7652,1.13863,-185.573,252.597
387.14,10.5502,2.63506,17.8466,11.5644,32.1632,1.14301,-188.297,247.825
387.16,10.5502,2.6045,18.0916,11.6109,32.7861,1.14302,-188.301,241.18
387.18,10.5488,2.59663,18.2518,11.6109,33.3395,1.14265,-187.993,236.408
387.2,10.5488,2.56597,18.397,11.6573,34.3014,1.14388,-187.993,228.447
387.22,10.5474,2.57626,18.4813,11.7038,35.6155,1.14473,-187.9,224.718
387.24,10.5493,2.75842,18.5347,11.6265,37.8192,1.14373,-187.807,221.006
387.26,10.5483,2.68691,18.55,11.7037,40.5409,1.14373,-187.807,214.373
387.28,10.5483,2.72732,18.4813,11.7038,43.5203,1.14418,-188.013,209.229
387.3,10.5488,2.62265,18.3516,11.7038,47.8502,1.14233,-188.013,202.601
387.32,10.5488,2.5948,18.1607,11.7502,52.7303,1.14379,-188.136,197.642
387.34,10.5474,2.64373,17.977,11.7657,57.8521,1.14898,-188.384,191.705
387.36,10.5474,2.5642,17.8625,11.6575,62.4732,1.14898,-188.384,185.872
387.38,10.5474,2.51607,17.8394,11.727,65.2221,1.14528,-186.942,184.89
387.4,10.5483,2.51223,17.8165,11.7038,67.4973,1.14159,-186.942,183.297
387.42,10.5493,2.48306,17.9538,11.727,68.8371,1.14099,-185.572,185.241
387.44,10.5483,2.47766,17.9999,11.6728,68.5474,1.14779,-182.824,193.563
387.46,10.5483,2.48784,18.2593,11.7038,67.2659,1.14779,-182.824,198.866
387.48,10.5474,2.47939,18.5725,11.727,65.3126,1.14805,-187.656,205.413
387.5,10.5474,2.52294,19.0238,11.7348,61.9746,1.14713,-187.663,208.167
387.52,10.5502,2.34876,19.6037,11.6807,57.9069,1.14743,-187.814,213.469
387.54,10.5502,2.37561,19.9708,11.7038,54.0854,1.14773,-188.116,217.277
387.56,10.5474,2.40299,20.3229,11.6341,50.1125,1.14773,-188.116,221
387.58,10.5483,2.40741,20.5441,11.6573,46.938,1.14754,-187.828,232.754
387.6,10.5483,2.47592,20.6591,11.6109,44.3759,1.15031,-187.828,241.445
387.62,10.5493,2.36325,20.7049,11.5877,42.5577,1.14944,-187.725,251.181
387.64,10.5479,2.38615,20.6134,11.5336,41.4801,1.14673,-187.519,258.604
387.66,10.5483,2.38618,20.491,11.4716,40.0589,1.14672,-187.519,266.05
387.68,10.5483,2.3386,20.2926,11.4252,38.7968,1.14744,-187.766,270.469
387.7,10.5497,2.35177,20.1397,11.4097,37.7658,1.14929,-187.766,275.954
387.72,10.5483,2.40445,19.8797,11.3787,36.8406,1.15072,-187.581,286.672
387.74,10.5483,2.40445,19.6737,11.3323,36.3746,1.14847,-187.211,294.802
387.76,10.5483,2.32508,19.391,11.3091,35.9953,1.14846,-187.21,305.154
387.78,10.5488,2.36946,19.0773,11.3555,35.4696,1.15056,-181.548,313.312
387.8,10.5497,2.39787,18.7798,11.3168,35.0619,1.15149,-181.548,317.201
387.82,10.5497,2.2893,18.5504,11.3322,34.7312,1.15178,-182.315,320.388
387.84,10.5479,2.33385,18.4125,11.3477,34.332,1.15577,-183.854,323.756
387.86,10.547,2.3811,18.1989,11.3555,34.0893,1.15577,-183.854,318.454
387.88,10.5497,2.38966,17.977,11.2858,34.0987,1.15251,-186.592,316.41
387.9,10.5497,2.35879,17.8012,11.2394,34.1862,1.15159,-186.592,317.03
387.92,10.5488,2.2867,17.5418,11.3089,34.1862,1.15159,-186.592,320.476
387.94,10.5502,2.35576,17.4497,11.1929,34.3029,1.14973,-186.592,319.596
387.96,10.5502,2.36142,17.3124,11.1697,34.5941,1.14973,-186.592,321.187
387.98,10.5488,2.32446,17.0375,11.1233,34.7693,1.15182,-186.592,321.101
388,10.5483,2.26777,16.8995,11.0846,35.0807,1.15275,-186.592,312.781
388.02,10.5474,2.27392,16.7775,11.0536,35.3526,1.15217,-186.51,311.986
388.04,10.5474,2.3176,16.5789,11.1,35.4695,1.15159,-186.346,310.924
388.06,10.5488,2.2779,16.4563,11.0846,35.6447,1.15159,-186.345,311.719
388.08,10.5502,2.2945,16.3266,11.1464,35.732,1.15101,-185.955,311.012
388.1,10.5483,2.29636,16.2806,11.2161,35.8391,1.15101,-185.954,311.1
388.12,10.5483,2.40001,16.1507,11.3013,35.7905,1.1513,-184.629,307.914
388.14,10.5479,2.40416,16.0286,11.3554,35.9944,1.14974,-181.984,304.909
388.16,10.5507,2.40511,15.8145,11.549,36.0336,1.14973,-181.98,301.718
388.18,10.5507,2.40731,15.845,11.7268,35.9365,1.14973,-180.685,295.886
388.2,10.5483,2.3578,15.7764,11.7502,35.9072,1.14973,-180.683,296.495
388.22,10.5497,2.37924,15.7533,11.8896,35.8391,1.14915,-182.255,293.841
388.24,10.547,2.3921,15.7076,11.9823,35.7615,1.14673,-185.393,295.432
388.26,10.5469,2.33494,15.6922,12.0134,35.606,1.14672,-185.398,294.639
388.28,10.5483,2.28372,15.6846,12.1218,35.6155,1.14708,-185.041,293.576
388.3,10.5488,2.29678,15.5701,12.1218,35.6155,1.148,-184.863,294.283
388.32,10.5488,2.32365,15.6005,12.1527,35.5087,1.14801,-184.479,289.777
388.34,10.5483,2.39482,15.5929,12.2147,35.3821,1.14615,-183.71,283.751
388.36,10.5483,2.35091,15.5852,12.1374,35.1977,1.14615,-183.71,283.84
388.38,10.5483,2.34095,15.6387,12.145,35.0321,1.14964,-183.147,278.529
388.4,10.5483,2.39907,15.6616,12.1218,35.0029,1.14964,-182.865,277.29
388.42,10.5488,2.57267,15.6464,11.9981,35.0029,1.14983,-182.735,278.086
388.44,10.5488,2.36657,15.6846,11.936,35.1196,1.15208,-182.474,271.714
388.46,10.5488,2.36562,15.7838,11.8433,35.4109,1.15208,-182.474,264.291
388.48,10.5502,2.46035,15.8678,11.8199,35.7899,1.1505,-181.391,259.508
388.5,10.5474,2.57491,15.8909,11.7735,36.1405,1.14773,-180.848,257.199
388.52,10.5502,2.54326,15.9519,11.7194,36.2667,1.14773,-179.758,254.283
388.54,10.5502,2.55094,16.0741,11.5879,36.2572,1.15142,-177.577,256.665
388.56,10.5483,2.51336,16.0743,11.5335,36.2086,1.15142,-177.574,254.721
388.58,10.5488,2.64262,16.0972,11.4949,36.3154,1.14958,-181.37,252.07
388.6,10.5488,2.6247,16.166,11.4251,36.4614,1.14773,-183.277,249.234
388.62,10.5483,2.49355,16.1354,11.3323,36.8892,1.14793,-183.38,243.392
388.64,10.5502,2.47519,16.143,11.2859,37.4523,1.14281,-183.586,243.127
388.66,10.5488,2.44349,16.2118,11.3013,38.2699,1.1428,-183.586,240.826
388.68,10.5488,2.54343,16.2423,11.2395,38.998,1.14192,-183.668,235.523
388.7,10.5507,2.55471,16.2805,11.1466,39.5816,1.14284,-183.71,234.808
388.72,10.5521,2.53712,16.3494,11.162,40.4284,1.14224,-183.71,232.152
388.74,10.5521,2.52557,16.3494,11.1697,41.0983,1.14476,-184.018,230.915
388.76,10.5521,2.38265,16.4409,11.1156,41.2061,1.14476,-184.019,232.68
388.78,10.5521,2.60123,16.4869,11.1233,41.2743,1.14627,-184.296,234.807
388.8,10.5553,2.57962,16.5327,11.1001,40.9831,1.1472,-184.574,235.779
388.82,10.5553,2.4251,16.6014,11.1,40.3127,1.147,-184.574,233.66
388.84,10.5595,2.51678,16.7009,11.1929,39.4658,1.14846,-183.504,234.63
388.86,10.56,2.44093,16.739,11.162,38.8542,1.14846,-183.504,236.221
388.88,10.5655,2.41734,16.8078,11.1697,38.406,1.14219,-181.033,241.888
388.9,10.5655,2.44587,16.8078,11.1697,38.124,1.13298,-178.562,243.215
388.92,10.5692,2.39219,16.8994,11.2083,37.891,1.13257,-178.562,243.569
388.94,10.5702,2.45801,16.7467,11.2626,37.9198,1.12439,-182.639,250.739
388.96,10.5702,2.48562,16.6018,11.2858,38.3567,1.12439,-182.639,249.413
388.98,10.5725,2.45347,16.4871,11.3322,39.0661,1.12439,-183.708,250.029
389,10.5776,2.41041,16.2347,11.4019,39.6408,1.12439,-184.78,253.04
389.02,10.5966,2.42878,16.1661,11.4251,40.0777,1.12439,-184.78,256.133
389.04,10.5966,2.35659,15.8913,11.5179,40.5444,1.12561,-185.294,259.849
389.06,10.5948,2.46827,15.7533,11.4948,40.8659,1.12623,-185.295,260.474
389.08,10.5966,2.53538,15.616,11.518,41.0892,1.12503,-185.062,261.446
389.1,10.5966,2.48909,15.5012,11.518,41.1576,1.12443,-184.945,269.148
389.12,10.6031,2.47242,15.4095,11.549,41.2743,1.12443,-184.945,273.308
389.14,10.6064,2.3394,15.3408,11.6108,40.9733,1.12749,-184.801,273.308
389.16,10.6106,2.34823,15.2949,11.6341,40.3409,1.12872,-184.801,277.91
389.18,10.6106,2.42885,15.3101,11.7037,39.4186,1.12786,-184.595,276.849
389.2,10.6115,2.36187,15.3407,11.7502,38.4464,1.12195,-184.492,271.28
389.22,10.6143,2.45728,15.3178,11.7348,37.7157,1.12194,-184.492,273.219
389.24,10.6171,2.4764,15.3407,11.8198,36.9487,1.12934,-179.846,278.521
389.26,10.6171,2.33961,15.3407,11.8199,36.3748,1.1318,-179.839,283.655
389.28,10.6226,2.47029,15.3866,11.8896,35.9752,1.13026,-180.714,292.159
389.3,10.6264,2.46574,15.3637,11.936,35.616,1.12404,-181.587,294.546
389.32,10.6264,2.51364,15.3636,11.9979,35.3534,1.12403,-181.589,299.851
389.34,10.6301,2.38107,15.3407,12.0289,35.0224,1.12453,-185.13,301.984
389.36,10.6347,2.39256,15.3636,12.0057,34.8865,1.12574,-185.13,301.895
389.38,10.6361,2.42679,15.3407,12.0908,34.6724,1.12434,-184.914,304.019
389.4,10.6361,2.45616,15.3636,12.145,34.4779,1.1209,-184.698,306.409
389.42,10.644,2.39906,15.295,12.1682,34.4196,1.1209,-184.698,304.995
389.44,10.6473,2.38771,15.2949,12.1218,34.3807,1.12689,-184.245,310.569
389.46,10.6473,2.396,15.3635,12.2377,34.5069,1.13116,-184.245,312.425
389.48,10.6524,2.48862,15.3407,12.2302,34.5944,1.12643,-184.152,313.665
389.5,10.6556,2.64178,15.3178,12.2844,34.3612,1.12131,-184.06,319.242
389.52,10.6598,2.66816,15.3178,12.2612,34.1865,1.12131,-184.06,315.177
389.54,10.6598,2.5147,15.3712,12.323,33.895,1.12499,-183.525,315.436
389.56,10.663,2.45072,15.4095,12.3308,33.7778,1.12684,-183.524,323.402
389.58,10.6672,2.4939,15.4019,12.3308,33.6419,1.12643,-182.455,326.142
389.6,10.6672,2.51618,15.4324,12.385,33.5737,1.12438,-181.383,328.27
389.62,10.6709,2.48481,15.5241,12.3076,33.5445,1.12438,-181.383,335.174
389.64,10.677,2.52528,15.4936,12.323,33.5056,1.12622,-179.163,333.848
389.66,10.6807,2.51493,15.5241,12.3076,33.5445,1.12745,-179.159,331.722
389.68,10.6807,2.38928,15.5928,12.3539,33.4086,1.12725,-181.75,332.782
389.7,10.6895,2.57058,15.6158,12.354,33.253,1.12441,-184.344,329.337
389.72,10.696,2.504,15.5929,12.3308,33.1653,1.12441,-184.348,328.89
389.74,10.696,2.51064,15.5852,12.3231,32.9614,1.12683,-184.081,326.238
389.76,10.6979,2.40126,15.5471,12.3076,32.8155,1.12929,-184.08,328.355
389.78,10.702,2.45837,15.6158,12.354,32.6889,1.12806,-183.957,327.119
389.8,10.7058,2.46443,15.57,12.3386,32.7277,1.12561,-183.833,331.626
389.82,10.7058,2.38204,15.5471,12.3772,32.8151,1.12561,-183.833,334.638
389.84,10.7113,2.43138,15.4783,12.3695,32.8833,1.12746,-183.689,334.377
389.86,10.7118,2.32988,15.524,12.354,33.194,1.12746,-183.689,330.135
389.88,10.7178,2.3416,15.4783,12.354,33.2528,1.12562,-183.648,331.014
389.9,10.7178,2.44688,15.4783,12.3308,33.3695,1.12194,-183.607,329.952
389.92,10.7206,2.38864,15.4554,12.354,33.3403,1.12194,-183.607,329.687
389.94,10.7281,2.43598,15.5088,12.354,33.3111,1.12502,-181.692,329.509
389.96,10.7281,2.40948,15.4554,12.3076,33.3403,1.12624,-181.692,329.774
389.98,10.7313,2.38717,15.4782,12.323,33.282,1.12562,-179.615,323.412
390,10.7369,2.43388,15.5241,12.2844,33.35,1.12316,-177.532,318.888
390.02,10.7401,2.43046,15.5699,12.3075,33.3112,1.12316,-177.532,317.298
390.04,10.7401,2.43218,15.5394,12.2612,33.3888,1.12438,-182.241,314.114
390.06,10.7466,2.42806,15.5241,12.2611,33.5737,1.125,-182.248,314.375
390.08,10.7522,2.4993,15.5928,12.3075,33.6319,1.12438,-183.019,313.137
390.1,10.7522,2.50498,15.6158,12.2766,33.7973,1.12008,-183.792,310.48
390.12,10.7578,2.42907,15.6387,12.2844,33.9528,1.12008,-183.792,307.825
390.14,10.7592,2.26946,15.6158,12.3075,34.2247,1.12499,-183.648,304.114
390.16,10.7615,2.26876,15.6158,12.1915,34.5362,1.12684,-183.648,302.515
390.18,10.7615,2.31289,15.57,12.1451,34.8275,1.12839,-183.35,299.157
390.2,10.7694,2.25177,15.5013,12.0909,35.0803,1.12081,-183.051,300.742
390.22,10.7731,2.35588,15.4935,12.0754,35.2946,1.1208,-183.051,295.7
390.24,10.7791,2.35966,15.4325,11.9826,35.3723,1.12799,-182.907,292.518
390.26,10.7791,2.39381,15.4019,11.9361,35.3821,1.128,-182.907,297.02
390.28,10.7824,2.34299,15.3178,11.8431,35.4988,1.128,-182.529,296.496
390.3,10.7856,2.32303,15.3178,11.8277,35.625,1.128,-181.775,297.203
390.32,10.7856,2.45345,15.2033,11.7272,35.7902,1.128,-181.774,298.265
390.34,10.7907,2.33015,15.1115,11.6574,35.878,1.12746,-177.821,292.336
390.36,10.7917,2.39266,15.142,11.5182,35.9168,1.12686,-177.821,289.95
390.38,10.7959,2.41308,15.1115,11.4251,35.9655,1.12652,-178.658,287.911
390.4,10.7959,2.3192,15.1344,11.3168,35.9072,1.12982,-180.333,287.115
390.42,10.7963,2.29422,15.081,11.2163,35.9363,1.12982,-180.333,289.235
390.44,10.7996,2.30086,15.0656,11.2394,35.878,1.13117,-182.948,290.655
390.46,10.7996,2.32439,15.0351,11.0848,35.878,1.13117,-182.948,290.92
390.48,10.8065,2.41097,15.0427,11.0073,35.9071,1.13117,-182.879,289.506
390.5,10.8121,2.29796,15.0198,10.9762,35.878,1.12753,-182.742,289.947
390.52,10.8163,2.26842,15.0198,10.8912,35.8974,1.12753,-182.742,283.584
390.54,10.8163,2.38332,15.0198,10.7519,36.0237,1.12912,-182.146,281.984
390.56,10.8209,2.36072,15.0962,10.6666,36.1308,1.13003,-182.145,283.751
390.58,10.8251,2.35197,15.1115,10.6125,36.2279,1.13037,-182.056,286.049
390.6,10.8311,2.3501,15.1573,10.6046,36.2864,1.13434,-181.877,284.636
390.62,10.8311,2.33746,15.2719,10.5427,36.228,1.13434,-181.877,280.123
390.64,10.8339,2.28268,15.2491,10.5891,36.3154,1.13502,-181.466,280.123
390.66,10.8372,2.28261,15.3101,10.6201,36.3642,1.13503,-181.465,278.972
390.68,10.8372,2.33844,15.478,10.6124,36.3739,1.13571,-180.472,273.67
390.7,10.8395,2.44661,15.4783,10.6201,36.5778,1.1364,-178.483,271.541
390.72,10.8409,2.46044,15.7075,10.6356,36.6072,1.1364,-178.48,264.103
390.74,10.8437,2.44338,15.8906,10.6356,36.7529,1.13667,-177.863,259.066
390.76,10.8437,2.38869,16.0282,10.6356,36.8113,1.13486,-177.862,256.76
390.78,10.8479,2.52667,16.166,10.6124,36.9281,1.13486,-179.139,254.898
390.8,10.8511,2.52309,16.166,10.5428,37.0834,1.14209,-181.688,252.689
390.82,10.8511,2.58715,16.2728,10.5118,37.0448,1.1421,-181.692,252.193
390.84,10.8544,2.55853,16.3723,10.5427,37.0156,1.14621,-181.301,246.503
390.86,10.8562,2.67148,16.3799,10.5273,37.0059,1.14892,-181.301,242.438
390.88,10.8595,2.65324,16.3723,10.5427,37.1614,1.15068,-181.767,240.573
390.9,10.8595,2.47321,16.4181,10.5195,37.4823,1.13983,-182.701,241.989
390.92,10.8623,2.45502,16.3953,10.4963,38.1328,1.13983,-182.701,240.663
390.94,10.8674,2.56417,16.3723,10.5427,38.7949,1.14129,-180.909,245.972
390.96,10.8674,2.50919,16.3036,10.5736,39.4551,1.1449,-180.909,247.563
390.98,10.8697,2.48613,16.2425,10.6123,39.8153,1.1428,-180.909,247.565
391,10.8734,2.46624,16.2118,10.5427,40.02,1.14979,-180.909,246.326
391.02,10.8753,2.48608,16.0898,10.5891,39.9812,1.14979,-177.558,247.386
391.04,10.8753,2.41775,15.937,10.6123,39.6996,1.15492,-177.553,247.123
391.06,10.8785,2.38673,15.868,10.682,39.3394,1.14509,-177.553,242.343
391.08,10.8818,2.34973,15.6772,10.6666,38.7958,1.14247,-177.553,242.608
391.1,10.8818,2.35412,15.5012,10.6356,38.299,1.13449,-175.144,244.202
391.12,10.8822,2.38076,15.3254,10.7285,37.7254,1.13449,-175.144,251.636
391.14,10.8869,2.37635,15.1347,10.6589,37.1914,1.1198,-175.144,252.697
391.16,10.8897,2.40591,15.0427,10.7053,36.7531,1.14591,-175.109,253.495
391.18,10.8897,2.37788,14.7909,10.6975,36.4036,1.13417,-181.456,256.146
391.2,10.8938,2.27855,14.6074,10.7284,36.0827,1.15084,-181.835,256.68
391.22,10.8948,2.35954,14.5307,10.7904,35.7224,1.15087,-181.836,256.416
391.24,10.8948,2.39132,14.401,10.8213,35.3244,1.14458,-181.836,256.643
391.26,10.898,2.39921,14.4008,10.8677,35.0908,1.13603,-181.836,258.082
391.28,10.898,2.38284,14.439,10.8214,34.5946,1.13912,-179.489,265.519
391.3,10.9031,2.41458,14.5382,10.8677,34.0703,1.12142,-179.489,269.761
391.32,10.9031,2.3876,14.607,10.8987,33.487,1.12139,-179.489,273.479
391.34,10.9045,2.33684,14.653,10.9143,32.8444,1.11736,-179.489,276.14
391.36,10.9068,2.33471,14.7445,10.9374,32.1746,1.10894,-179.489,276.67
391.38,10.9101,2.34296,14.8211,10.9607,31.4637,1.11065,-179.489,278.264
391.4,10.9101,2.38274,14.8135,10.9607,30.6859,1.09928,-179.489,280.388
391.42,10.9119,2.39402,14.8364,10.9762,29.9869,1.09928,-181.174,281.449
391.44,10.9138,2.37426,14.867,10.9375,29.315,1.09667,-181.177,284.636
391.46,10.9138,2.33884,14.9051,11.007,28.9655,1.09296,-181.177,287.818
391.48,10.9161,2.44487,14.9738,11.0071,28.5669,1.09332,-181.177,291.004
391.5,10.9184,2.34319,15.0198,10.9839,28.3524,1.09222,-181.177,287.823
391.52,10.9217,2.33586,15.0198,11.1462,28.43,1.09222,-181.177,284.641
391.54,10.9217,2.29038,15.0808,11.1465,28.4399,1.08851,-181.177,272.971
391.56,10.9222,2.34459,15.1344,11.1697,28.5566,1.08479,-181.177,273.485
391.58,10.9245,2.49358,15.1573,11.1311,28.7798,1.08536,-181.177,274.015
391.6,10.9245,2.48979,15.2261,11.1697,28.9649,1.08652,-181.177,278.795
391.62,10.9245,2.39412,15.1802,11.162,29.3441,1.08652,-178.706,288.354
391.64,10.9277,2.48741,15.0811,11.1697,29.5771,1.08617,-178.706,297.898
391.66,10.9273,2.47481,15.0198,11.1465,29.8108,1.08525,-178.706,301.63
391.68,10.9273,2.36997,14.8596,11.1465,30.0827,1.08681,-178.706,302.69
391.7,10.9296,2.43561,14.7143,11.1465,30.1607,1.08633,-178.706,297.92
391.72,10.9328,2.39764,14.6301,11.162,30.3359,1.08633,-178.706,295.257
391.74,10.9319,2.37805,14.4393,11.1929,30.4135,1.08788,-178.706,291.015
391.76,10.9319,2.50203,14.3093,11.1234,30.5981,1.0824,-178.706,291.009
391.78,10.9338,2.37219,14.3091,11.1929,30.6859,1.0835,-181.63,290.478
391.8,10.9333,2.23027,14.2252,11.1002,30.8898,1.08392,-181.63,290.478
391.82,10.9333,2.18916,14.2403,11.1928,30.7445,1.08392,-181.63,293.129
391.84,10.9342,2.23729,14.2098,11.1697,30.7442,1.08549,-181.63,296.85
391.86,10.9328,2.30017,14.1716,11.2393,30.7151,1.09269,-181.63,296.32
391.88,10.9361,2.29379,14.1945,11.2626,30.6859,1.09846,-181.63,295.788
391.9,10.9361,2.3795,14.1334,11.2858,30.7248,1.09448,-181.63,298.974
391.92,10.9347,2.3646,14.1258,11.2163,30.7151,1.09448,-181.63,305.867
391.94,10.9338,2.38814,13.9958,11.3555,30.6859,1.10064,-181.63,308.533
391.96,10.9352,2.37998,13.9882,11.2992,30.5985,1.09359,-177.929,312.775
391.98,10.9352,2.34037,13.8966,11.3123,30.6566,1.09358,-177.924,316.493
392,10.9333,2.2726,13.8736,11.4019,30.5303,1.09763,-177.924,314.906
392.02,10.9315,2.28168,13.7362,11.4251,30.5692,1.10533,-177.924,307.482
392.04,10.9314,2.27275,13.7055,11.5179,30.5692,1.11228,-177.924,303.759
392.06,10.9291,2.26942,13.5985,11.4251,30.5109,1.13479,-177.924,298.443
392.08,10.9222,2.29919,13.5298,11.4251,30.5983,1.13479,-177.924,297.383
392.1,10.9129,2.2866,13.5374,11.4251,30.4526,1.11149,-177.924,294.195
392.12,10.9129,2.22566,13.5985,11.4716,30.2775,1.11149,-177.924,292.071
392.14,10.9041,2.35467,13.6138,11.4716,30.1805,1.11152,-181.378,291.541
392.16,10.8957,2.34211,13.6673,11.4251,30.1609,1.11526,-181.383,292.602
392.18,10.8957,2.37688,13.6215,11.4251,30.1317,1.11526,-181.383,291.542
392.2,10.8887,2.31226,13.5375,11.3788,30.0055,1.12402,-181.383,285.177
392.22,10.8841,2.31363,13.4609,11.1929,29.9275,1.1222,-181.383,278.264
392.24,10.8785,2.29601,13.4152,11.1929,29.7722,1.1283,-181.383,270.311
392.26,10.8785,2.18963,13.3007,11.1002,29.5195,1.12195,-181.383,262.345
392.28,10.8725,2.35583,13.3234,11.0536,29.2566,1.12194,-181.383,258.085
392.3,10.8655,2.35034,13.2624,11.0536,29.2275,1.12896,-181.383,254.903
392.32,10.8655,2.38151,13.2318,10.9608,29.3148,1.12312,-177.806,255.429
392.34,10.8581,2.31907,13.2317,10.8678,29.3247,1.12364,-177.8,254.367
392.36,10.8507,2.34777,13.1859,10.8678,29.4023,1.12302,-177.8,255.428
392.38,10.8455,2.36156,13.2317,10.682,29.5483,1.12302,-177.8,252.243
392.4,10.8455,2.27683,13.3234,10.682,29.7136,1.12579,-177.8,246.402
392.42,10.8363,2.31373,13.3234,10.682,29.7524,1.13288,-177.8,250.644
392.44,10.8339,2.35637,13.4151,10.682,29.9081,1.12204,-177.8,254.367
392.46,10.8335,2.37018,13.3693,10.682,29.7527,1.11498,-177.8,251.716
392.48,10.8335,2.39234,13.4608,10.682,29.6942,1.11497,-180.123,248.531
392.5,10.8274,2.33618,13.5068,10.4963,29.5969,1.12352,-180.127,244.278
392.52,10.8195,2.33387,13.5068,10.4963,29.4319,1.13446,-180.127,244.808
392.54,10.8195,2.36555,13.4381,10.589,29.4996,1.1541,-180.127,242.157
392.56,10.814,2.29982,13.5068,10.4498,29.5191,1.16649,-180.127,238.967
392.58,10.8065,2.4206,13.546,10.4035,29.6065,1.16649,-180.127,233.665
392.6,10.8005,2.38588,13.6705,10.4034,29.8108,1.14776,-180.127,228.877
392.62,10.8005,2.39058,13.9882,10.3569,30.015,1.11842,-180.127,227.815
392.64,10.7963,2.4194,14.1484,10.3569,30.1606,1.14302,-180.127,228.346
392.66,10.7926,2.41806,14.1487,10.3569,30.4817,1.15908,-177.862,226.222
392.68,10.7926,2.41271,14.3318,10.3569,30.7438,1.15908,-177.862,228.873
392.7,10.7907,2.4519,14.3321,10.3106,31.0937,1.15908,-177.862,229.408
392.72,10.7847,2.50962,14.3321,10.3105,31.386,1.11782,-177.862,228.877
392.74,10.7819,2.48883,14.3321,10.2177,31.5025,1.12727,-177.862,218.273
392.76,10.7819,2.49134,14.3321,10.1249,31.8813,1.12728,-177.862,214.545
392.78,10.7796,2.4636,14.3779,10.1247,31.986,1.12728,-177.862,212.946
392.8,10.7782,2.3954,14.3321,10.1711,32.427,1.12281,-177.862,215.597
392.82,10.7782,2.41626,14.3778,10.0784,33.6301,1.16723,-177.862,218.253
392.84,10.7791,2.57169,14.2862,10.0783,34.3029,1.1673,-180.703,216.132
392.86,10.7791,2.37385,14.2862,10.0783,34.5941,1.15726,-180.703,212.421
392.88,10.7796,2.35868,14.3321,10.0783,34.6529,1.16831,-180.703,208.167
392.9,10.7796,2.47677,14.2404,10.0783,34.4779,1.11705,-180.703,206.574
392.92,10.7717,2.30353,14.2404,10.0783,34.0119,1.15471,-180.703,206.044
392.94,10.7582,2.35325,14.1945,10.0318,33.7195,1.15477,-180.703,210.822
392.96,10.748,2.37358,14.0572,10.0782,33.7195,1.1835,-180.703,211.352
392.98,10.748,2.34525,14.057,10.0783,33.4282,1.18683,-180.703,209.232
393,10.7424,2.36532,13.9653,10.1247,33.1361,1.18683,-180.703,216.133
393.02,10.7401,2.39233,13.9653,10.0783,33.1944,1.18683,-178.134,228.328
393.04,10.7401,2.17417,13.9653,10.0783,33.1362,1.18683,-178.13,242.132
393.06,10.7364,2.22429,13.9194,9.98539,33.1361,1.18683,-178.13,246.402
393.08,10.7336,2.29541,13.9194,10.1245,33.1944,1.18683,-178.13,245.871
393.1,10.7304,2.32937,13.8736,10.1247,33.1361,1.18074,-178.13,240.56
393.12,10.7304,2.28689,13.9194,10.0783,33.1361,1.17908,-178.13,242.153
393.14,10.7257,2.3185,13.9194,9.93916,33.1944,1.17908,-178.13,240.563
393.16,10.7262,2.23329,13.8277,9.93894,33.0778,1.17908,-178.13,245.34
393.18,10.723,2.25348,13.8277,9.98532,33.0778,1.17908,-178.13,244.279
393.2,10.7229,2.33783,13.8277,10.0781,33.0778,1.17908,-179.959,248.519
393.22,10.7216,2.26757,13.8277,10.0783,33.0778,1.17908,-179.962,252.774
393.24,10.7188,2.31306,13.8735,10.0319,33.0195,1.17908,-179.962,255.425
393.26,10.7188,2.34598,13.8278,10.0782,32.9029,1.19136,-179.962,255.429
393.28,10.7164,2.29006,13.8277,9.8925,32.9028,1.19137,-179.962,258.085
393.3,10.7123,2.26617,13.9193,9.8925,32.6698,1.24586,-179.962,261.266
393.32,10.7095,2.29608,13.9194,9.98525,32.7859,1.24594,-179.962,262.861
393.34,10.7095,2.29546,13.9194,9.98539,32.7861,1.24594,-179.962,264.988
393.36,10.7086,2.41515,13.8279,9.98539,32.6113,1.24594,-178.996,261.807
393.38,10.7058,2.45423,13.8277,9.93894,32.6694,1.24594,-178.994,268.705
393.4,10.7058,2.46402,13.8277,9.8925,32.6694,1.24594,-178.994,266.581
393.42,10.7053,2.33032,13.8735,9.8925,32.6694,1.24594,-178.994,257.567
393.44,10.7016,2.34805,13.7819,9.84606,32.7861,1.24594,-178.994,246.402
393.46,10.7016,2.38912,13.7819,9.84606,32.7278,1.28089,-178.994,236.858
393.48,10.7016,2.32846,13.6903,9.84606,32.7277,1.20587,-178.994,235.252
393.5,10.6993,2.29015,13.736,9.5674,32.7277,1.20576,-178.994,238.967
393.52,10.6983,2.40325,13.6903,9.79926,32.4947,1.20576,-178.994,245.86
393.54,10.6983,2.39349,13.6902,9.79961,32.4944,1.20576,-178.645,247.992
393.56,10.6969,2.33395,13.5985,9.84606,32.4944,1.20576,-178.644,251.712
393.58,10.6951,2.39258,13.5527,9.79968,32.4361,1.20576,-178.644,257.545
393.6,10.6946,2.35677,13.5526,9.79961,32.4361,1.20576,-178.644,262.333
393.62,10.6946,2.31374,13.5985,9.79961,32.3777,1.25501,-178.644,257.022
393.64,10.6904,2.21588,13.5069,9.6605,32.3777,1.25501,-178.644,252.25
393.66,10.6895,2.32439,13.5068,9.66028,32.3777,1.16212,-178.644,246.933
393.68,10.6867,2.37216,13.5068,9.75303,32.1447,1.16212,-178.644,244.282
393.7,10.6867,2.28999,13.461,9.84592,32.0861,1.16212,-178.644,240.566
393.72,10.6839,2.32899,13.4609,9.75317,32.0277,1.16212,-178.727,237.374
393.74,10.6802,2.35524,13.4609,9.75317,32.0277,1.16212,-178.727,235.253
393.76,10.6802,2.40043,13.4152,9.84592,31.9694,1.16212,-178.727,240.022
393.78,10.6793,2.29296,13.4151,9.79961,31.7943,1.16212,-178.727,237.905
393.8,10.6798,2.38197,13.4609,9.79961,31.7943,1.2477,-178.727,232.073
393.82,10.677,2.38486,13.2321,9.75324,32.0273,1.20225,-178.727,237.366
393.84,10.677,2.30202,13.2317,9.84606,32.0277,1.20218,-178.727,242.684
393.86,10.6756,2.37066,13.2775,9.84606,32.0277,1.20218,-178.727,244.805
393.88,10.6742,2.36246,13.3234,9.70673,32.0277,1.20218,-178.727,246.402
393.9,10.6742,2.40328,13.14,9.70673,32.0277,1.20218,-178.109,247.464
393.92,10.6728,2.33243,13.14,9.70673,32.0277,1.20218,-178.109,247.994
393.94,10.6705,2.24039,13.14,9.75317,31.7943,1.20218,-178.109,246.402
393.96,10.6709,2.23419,13.1858,9.75317,31.5613,1.20218,-178.109,242.16
393.98,10.6709,2.25083,13.1859,9.75317,31.561,1.25405,-178.109,239.502
394,10.6705,2.26079,13.0942,9.70673,31.3276,1.19995,-178.109,236.312
394.02,10.6677,2.36871,13.1399,9.79947,31.1529,1.19995,-178.109,232.6
394.04,10.6677,2.38185,13.14,9.75324,31.1526,1.19995,-178.109,233.655
394.06,10.6709,2.3357,13.0483,9.75317,31.0943,1.19995,-178.891,233.126
394.08,10.6663,2.3187,13.0941,9.79954,31.2108,1.19995,-178.891,239.488
394.1,10.6686,2.30531,13.0942,9.61384,31.2693,1.19995,-178.891,241.622
394.12,10.6686,2.40351,13.0025,9.61384,31.2693,1.19995,-178.891,244.278
394.14,10.6672,2.38827,12.9109,9.61384,31.3275,1.19995,-178.891,251.17
394.16,10.663,2.3931,12.9108,9.75317,31.2693,1.23801,-178.891,253.836
394.18,10.664,2.3628,12.865,9.75317,31.2693,1.21232,-178.891,249.064
394.2,10.664,2.35633,12.7734,9.66043,31.5023,1.21228,-178.891,253.299
394.22,10.6626,2.4132,12.7732,9.66028,31.561,1.21228,-178.891,258.085
394.24,10.664,2.41461,12.6359,9.66028,31.561,1.21228,-178.131,260.736
394.26,10.664,2.27071,12.6357,9.70666,31.6775,1.21228,-178.13,259.679
394.28,10.664,2.23405,12.6357,9.75317,31.7943,1.21228,-178.13,263.926
394.3,10.663,2.34647,12.4984,9.75317,31.7943,1.21228,-178.13,267.107
394.32,10.6626,2.33374,12.4981,9.7068,31.9691,1.23846,-178.13,266.052
394.34,10.6626,2.21517,12.544,9.79961,31.8527,1.2385,-178.13,265.519
394.36,10.6626,2.27615,12.544,9.79961,31.8527,1.23039,-178.13,263.928
394.38,10.6626,2.23095,12.4981,9.75317,31.736,1.23038,-178.13,263.395
394.4,10.6626,2.25463,12.3606,9.75317,31.3276,1.23038,-178.13,264.988
394.42,10.6612,2.28138,12.3606,9.66042,31.3276,1.23038,-179.301,265.518
394.44,10.6635,2.27093,12.3606,9.66028,30.8026,1.23038,-179.303,266.581
394.46,10.6617,2.30608,12.3148,9.7994,30.3948,1.23038,-179.303,264.46
394.48,10.6616,2.36226,12.3148,9.79961,30.3942,1.23038,-179.303,267.108
394.5,10.6612,2.28335,12.2689,9.79961,30.3359,1.24532,-179.303,264.988
394.52,10.6616,2.29867,12.2689,9.70687,30.2194,1.24532,-179.303,267.639
394.54,10.6626,2.28074,12.2689,9.70673,30.2192,1.2394,-179.303,271.355
394.56,10.6626,2.25078,12.1772,9.70673,30.2192,1.23939,-179.303,270.298
394.58,10.6607,2.29517,12.0399,9.79947,30.2192,1.23939,-179.303,269.768
394.6,10.6612,2.29254,12.0397,9.75317,29.9858,1.23939,-177.532,267.112
394.62,10.6612,2.37394,11.9021,9.75317,29.9858,1.23939,-177.532,262.333
394.64,10.6607,2.38529,11.9479,9.75317,29.9276,1.23939,-177.532,261.803
394.66,10.6603,2.246,11.8104,9.79961,29.9275,1.23939,-177.532,264.457
394.68,10.6621,2.2607,11.8104,9.79961,29.9275,1.26116,-177.532,270.82
394.7,10.6621,2.32317,11.7189,9.6605,29.811,1.24887,-177.532,267.648
394.72,10.6621,2.3165,11.8104,9.75317,29.6942,1.24885,-177.532,262.864
394.74,10.6635,2.38752,11.8104,9.75317,29.6942,1.24885,-177.532,262.864
394.76,10.6635,2.3848,11.6731,9.79954,29.5777,1.24885,-179.753,262.334
394.78,10.6612,2.34829,11.6729,9.75317,29.4025,1.24885,-179.756,263.395
394.8,10.663,2.34019,11.6729,9.75317,29.4025,1.24885,-179.756,260.744
394.82,10.6607,2.34378,11.8102,9.75317,29.286,1.24885,-179.756,255.968
394.84,10.6607,2.36744,11.7646,9.70673,29.2275,1.24885,-179.756,252.243
394.86,10.6603,2.35995,11.7646,9.79947,29.111,1.26073,-179.756,251.183
394.88,10.6621,2.40055,11.9021,9.79961,29.1108,1.25798,-179.756,253.305
394.9,10.6621,2.39392,11.8563,9.75317,29.1108,1.25798,-179.756,249.057
394.92,10.663,2.36505,11.8563,9.79954,28.9943,1.25798,-179.756,249.587
394.94,10.6621,2.28098,11.8563,9.79961,28.9941,1.25798,-178.027,249.588
394.96,10.6621,2.27253,12.0394,9.75324,28.9941,1.25798,-178.027,246.407
394.98,10.6621,2.40658,12.0397,9.79954,28.9941,1.25798,-178.027,238.448
395,10.6621,2.37829,11.948,9.79961,28.9941,1.25798,-178.027,234.188
395.02,10.6621,2.37964,12.0853,9.75324,28.9359,1.25969,-178.027,233.658
395.04,10.6621,2.35588,12.0855,9.79954,28.994,1.25969,-178.027,239.489
395.06,10.6607,2.45818,12.0855,9.79961,28.9941,1.2671,-178.027,240.56
395.08,10.6621,2.40786,12.0855,9.84599,28.9941,1.2671,-178.027,231.546
395.1,10.6621,2.38512,12.0855,9.75317,28.9941,1.2671,-178.027,227.284
395.12,10.6621,2.36143,12.0855,9.75317,28.9941,1.2671,-179.839,227.284
395.14,10.6626,2.38758,12.0855,9.89229,29.0523,1.2671,-179.839,225.694
395.16,10.6603,2.36587,12.0855,9.8925,29.2275,1.2671,-179.839,230.471
395.18,10.6621,2.37966,12.0855,9.8925,29.2275,1.2671,-179.839,231.001
395.2,10.6621,2.26659,12.0397,10.078,29.1692,1.2705,-179.839,229.941
395.22,10.663,2.20446,12.1314,10.1712,29.4025,1.2705,-179.839,231.002
395.24,10.6607,2.21013,12.1314,10.1248,29.286,1.26864,-179.839,234.713
395.26,10.6607,2.33684,12.1771,10.1247,29.2858,1.26864,-179.839,236.84
395.28,10.663,2.3444,12.1314,10.1712,29.2858,1.26864,-179.839,239.498
395.3,10.6598,2.40529,12.1314,10.1712,29.111,1.26864,-177.762,242.68
395.32,10.6616,2.39262,12.0398,10.1712,29.1108,1.26864,-177.759,248.517
395.34,10.6616,2.37262,12.2231,10.1712,28.9358,1.26864,-177.759,252.774
395.36,10.6616,2.42283,12.2231,10.2175,28.8193,1.26864,-177.759,251.183
395.38,10.6612,2.33095,12.2231,10.2176,28.8191,1.27034,-177.759,251.712
395.4,10.6612,2.33929,12.2231,10.2176,28.9358,1.28259,-177.759,258.616
395.42,10.6598,2.33181,12.2688,10.1712,29.1688,1.28259,-177.759,261.797
395.44,10.6635,2.13046,12.2689,10.1712,29.1691,1.28259,-177.759,263.395
395.46,10.663,2.16258,12.2689,10.1248,29.2274,1.28259,-177.759,258.093
395.48,10.663,2.3599,12.3147,9.9856,29.5187,1.28259,-180.02,252.782
395.5,10.6621,2.28698,12.3148,9.98539,29.5191,1.28259,-180.024,254.367
395.52,10.6621,2.33227,12.3605,9.84627,29.6356,1.28259,-180.024,253.837
395.54,10.6621,2.32318,12.3606,9.61419,29.6358,1.28259,-180.024,251.715
395.56,10.6612,2.30089,12.3606,9.5674,29.6358,1.2809,-180.024,254.898
395.58,10.6612,2.35795,12.3606,9.5674,29.4611,1.27145,-180.024,251.717
395.6,10.6612,2.37106,12.3606,9.42806,29.4608,1.27144,-180.024,255.429
395.62,10.6612,2.27182,12.3606,9.33518,29.5191,1.27144,-180.024,257.022
395.64,10.6598,2.29522,12.3606,9.33518,29.5191,1.27144,-177.516,261.795
395.66,10.6612,2.27161,12.4981,9.24229,29.8692,1.27144,-177.512,262.333
395.68,10.6612,2.29022,12.4981,9.19592,29.9274,1.27144,-177.512,265.514
395.7,10.6612,2.20849,12.4066,9.19585,29.9275,1.27144,-177.512,261.807
395.72,10.6612,2.29184,12.544,9.1494,30.1025,1.27313,-177.512,257.553
395.74,10.6621,2.33335,12.544,9.01028,30.1025,1.27313,-177.512,249.07
395.76,10.6621,2.2482,12.544,9.01007,30.1025,1.27972,-177.512,243.755
395.78,10.6616,2.236,12.544,9.01007,29.7525,1.27973,-177.512,244.278
395.8,10.6621,2.41616,12.544,8.87095,29.6942,1.27973,-177.512,242.687
395.82,10.6598,2.42212,12.7729,8.87074,29.6942,1.27973,-180.37,240.033
395.84,10.6598,2.34481,12.7274,8.8243,29.3441,1.27973,-180.374,241.091
395.86,10.6598,2.22314,12.7732,8.73155,29.1694,1.27973,-180.374,240.031
395.88,10.6616,2.26997,12.7732,8.73141,29.1691,1.27973,-180.374,242.153
395.9,10.6616,2.29543,12.8649,8.8243,29.1108,1.2848,-180.374,242.684
395.92,10.6616,2.32217,12.8649,8.68518,28.8778,1.2848,-180.374,243.215
395.94,10.6616,2.36844,12.8649,8.73141,28.8774,1.2801,-180.374,239.498
395.96,10.6612,2.3221,13.048,8.73141,28.8192,1.2801,-180.374,238.968
395.98,10.6612,2.2579,12.911,8.73141,28.9938,1.2801,-180.374,236.316
396,10.6603,2.35749,12.9108,8.73141,28.9941,1.2801,-177.697,235.781
396.02,10.6621,2.38036,13.0023,8.73141,29.1106,1.2801,-177.697,233.66
396.04,10.6621,2.36483,12.9109,8.82415,29.169,1.2801,-177.697,233.657
396.06,10.6616,2.17942,12.9108,8.63852,29.1691,1.2801,-177.697,227.284
396.08,10.6612,2.17644,12.6361,8.63852,29.1691,1.27501,-177.697,223.042
396.1,10.663,2.19745,12.4064,8.63852,28.9941,1.27501,-177.697,216.132
396.12,10.663,2.34477,12.4064,8.59208,29.0524,1.29032,-177.697,217.726
396.14,10.6621,2.17191,11.9944,8.59208,29.0524,1.29032,-177.697,215.074
396.16,10.663,2.26086,11.4895,8.63852,28.9358,1.29032,-180.456,216.664
396.18,10.663,2.25957,11.1233,8.6849,29.1105,1.29032,-180.456,212.952
396.2,10.6617,2.27266,11.1227,8.68497,29.1108,1.29032,-180.456,210.825
396.22,10.6607,2.27883,10.8935,8.54564,28.9358,1.29032,-180.456,210.822
396.24,10.6654,2.29277,10.6646,8.54564,28.8775,1.29032,-180.456,210.822
396.26,10.6654,2.30915,10.6642,8.54564,28.8774,1.28697,-180.456,208.171
396.28,10.8502,2.35349,10.435,8.45275,28.6441,1.29985,-180.456,205.512
396.3,11.2207,2.32299,10.2977,8.49912,28.4111,1.29985,-180.456,200.209
396.32,11.3844,2.34801,10.2974,8.45282,28.4107,1.29985,-180.456,201.792
396.34,11.3847,2.28902,10.2057,8.45275,28.119,1.29985,-177.574,201.263
396.36,11.1079,2.42284,9.97686,8.49912,28.0608,1.29985,-177.574,202.324
396.38,10.7782,2.38671,9.97651,8.45275,28.5857,1.29985,-177.574,204.981
396.4,10.7782,2.31407,9.97651,8.45275,28.5857,1.29985,-177.574,203.919
396.42,10.4351,2.36492,9.93073,8.36,28.9935,1.29985,-177.574,200.737
396.44,10.4295,2.39652,9.93066,8.35986,29.0524,1.3148,-177.574,201.794
396.46,10.4253,2.37039,9.8391,8.35986,29.0524,1.30499,-177.574,202.855
396.48,10.4253,2.47645,9.93052,8.49898,28.6447,1.30497,-177.574,210.28
396.5,10.4192,2.50925,9.93066,8.35986,28.4107,1.30497,-177.574,217.195
396.52,10.4179,2.4233,10.068,8.35986,28.4107,1.30497,-179.856,219.315
396.54,10.4179,2.42076,10.3429,8.40623,28.3525,1.30497,-179.859,216.668
396.56,10.4141,2.36735,10.6642,8.35986,28.294,1.30497,-179.859,221.974
396.58,10.4127,2.39349,10.6642,8.35986,28.294,1.30497,-179.859,224.625
396.6,10.4109,2.43343,10.6642,8.4063,28.4107,1.30497,-179.859,226.222
396.62,10.4109,2.3742,10.8018,8.31342,28.2357,1.30497,-179.859,227.284
396.64,10.4072,2.47475,10.8018,8.31342,28.2357,1.30887,-179.859,227.284
396.66,10.4044,2.38015,10.8476,8.22053,28.294,1.30888,-179.859,226.753
396.68,10.4044,2.32263,10.7103,8.31328,28.294,1.30888,-177.001,234.176
396.7,10.4039,2.30193,10.7101,8.26704,28.294,1.30888,-176.997,240.02
396.72,10.396,2.42161,10.8476,8.26697,28.294,1.30888,-176.997,245.871
396.74,10.3923,2.47592,10.7561,8.26697,28.1193,1.30888,-176.997,249.052
396.76,10.3923,2.44322,10.7559,8.26697,28.0608,1.30888,-176.997,254.889
396.78,10.3849,2.31752,10.8476,8.26697,28.0607,1.26731,-176.997,259.678
396.8,10.3821,2.36135,10.8476,8.2206,27.9442,1.26731,-176.997,261.268
396.82,10.3779,2.35998,10.8476,8.22053,27.944,1.30944,-176.997,270.815
396.84,10.3779,2.29689,10.8476,8.31342,27.944,1.30951,-176.997,281.981
396.86,10.3733,2.28598,10.8934,8.31342,27.8275,1.30951,-179.382,287.814
396.88,10.3742,2.31753,10.8935,8.22053,27.5356,1.30951,-179.386,285.167
396.9,10.3742,2.33406,10.8018,8.12764,27.5356,1.30951,-179.386,281.45
396.92,10.3705,2.30818,10.8018,8.12764,27.4774,1.30951,-179.386,277.739
396.94,10.3672,2.38586,10.7559,8.17409,27.3023,1.30951,-179.386,278.795
396.96,10.3658,2.40223,10.7559,8.12771,27.3023,1.27144,-179.386,287.279
396.98,10.3658,2.24483,10.7559,8.12764,27.3605,1.29081,-179.386,292.064
397,10.3612,2.30812,10.7101,8.22053,27.3606,1.29084,-179.386,294.726
397.02,10.3556,2.35047,10.7101,8.12778,27.3606,1.29084,-179.386,293.135
397.04,10.3556,2.3152,10.7101,8.22039,27.3606,1.29084,-177.597,290.482
397.06,10.3496,2.28685,10.6642,8.22053,27.594,1.29084,-177.594,294.195
397.08,10.3454,2.37623,10.6642,8.2669,27.594,1.29084,-177.594,296.846
397.1,10.3422,2.38102,10.6642,8.35986,27.594,1.29084,-177.594,294.195
397.12,10.3422,2.34044,10.5725,8.35986,27.7107,1.29084,-177.594,295.257
397.14,10.3403,2.32324,10.5725,8.35986,27.7689,1.28929,-177.594,294.197
397.16,10.3403,2.33159,10.6184,8.59208,27.769,1.29278,-177.594,294.195
397.18,10.3371,2.31515,10.5726,8.59208,27.8272,1.29278,-177.594,293.665
397.2,10.3371,2.42426,10.5725,8.68482,28.1186,1.29278,-177.594,290.483
397.22,10.3371,2.35719,10.5267,8.68497,28.119,1.29278,-179.221,289.947
397.24,10.3371,2.3437,10.664,8.68497,28.2938,1.29278,-179.221,285.175
397.26,10.3371,2.34691,10.6642,8.82408,28.4105,1.29278,-179.221,277.214
397.28,10.3366,2.34691,10.5267,8.8243,28.4107,1.29278,-179.221,267.643
397.3,10.3366,2.37488,10.5267,8.8243,28.469,1.3239,-179.221,266.583
397.32,10.3371,2.34493,10.6182,8.91704,28.4108,1.32395,-179.221,267.642
397.34,10.3371,2.42218,10.6184,8.96363,28.4107,1.30152,-179.221,267.643
397.36,10.338,2.31287,10.6184,8.96363,28.1195,1.30152,-179.221,267.643
397.38,10.338,2.28345,10.5725,8.91718,28.0023,1.30152,-179.221,261.802
397.4,10.338,2.31936,10.5725,8.96363,28.0023,1.30152,-177.944,262.864
397.42,10.3352,2.34165,10.5268,8.96363,27.8858,1.30152,-177.944,268.696
397.44,10.3371,2.26714,10.435,8.96363,27.8273,1.30152,-177.944,274.547
397.46,10.3384,2.26582,10.435,8.91726,27.8273,1.30152,-177.944,278.258
397.48,10.3384,2.33207,10.435,9.00993,27.8856,1.35781,-177.944,274.022
397.5,10.3343,2.40142,10.435,9.01007,27.8857,1.35789,-177.944,270.829
397.52,10.3375,2.31232,10.2519,8.9637,27.7692,1.28102,-177.944,267.648
397.54,10.3375,2.29494,10.2516,9.01,27.769,1.28091,-177.944,269.234
397.56,10.3366,2.30812,10.2516,9.01007,27.7107,1.28091,-177.862,272.954
397.58,10.3366,2.26618,10.0685,9.01007,27.5942,1.28091,-177.862,271.363
397.6,10.338,2.30078,10.0682,8.96363,27.594,1.28091,-177.862,269.767
397.62,10.338,2.40418,10.0682,8.96363,27.244,1.28091,-177.862,271.892
397.64,10.338,2.34382,9.93087,8.96363,27.011,1.28091,-177.862,267.119
397.66,10.3361,2.25091,9.93066,8.91718,26.6606,1.35029,-177.862,261.802
397.68,10.3361,2.24563,9.93066,8.91718,26.6606,1.31925,-177.862,258.09
397.7,10.3357,2.25846,9.8391,8.96356,26.5441,1.31921,-177.862,261.266
397.72,10.3357,2.26179,9.93066,9.01007,26.1355,1.31921,-177.862,265.519
397.74,10.3366,2.26849,9.93066,9.01007,26.1355,1.31921,-177.78,268.7
397.76,10.3371,2.30518,9.93066,8.91733,25.8443,1.31921,-177.78,268.175
397.78,10.3371,2.4319,10.0224,8.87074,25.7272,1.31921,-177.78,271.36
397.8,10.338,2.38069,10.0224,8.87074,25.7272,1.31921,-177.78,272.951
397.82,10.3375,2.40909,10.1139,8.91711,25.4359,1.34422,-177.78,261.819
397.84,10.3366,2.34859,10.0682,8.87074,25.3771,1.34426,-177.78,249.588
397.86,10.3366,2.41102,10.0682,8.87074,25.2024,1.3335,-177.78,241.634
397.88,10.3357,2.39383,10.2057,8.91718,25.2021,1.33348,-177.78,241.091
397.9,10.3347,2.51198,10.2516,8.8243,25.3188,1.33348,-177.78,240.029
397.92,10.3347,2.51198,10.2516,8.91704,25.61,1.33348,-177.183,239.499
397.94,10.3357,2.56759,10.2057,8.91718,25.6105,1.33348,-177.182,238.967
397.96,10.3361,2.43524,10.2973,8.77807,26.193,1.33348,-177.182,239.497
397.98,10.3361,2.36267,10.2974,8.77785,26.8929,1.33348,-177.182,235.787
398,10.3361,2.39932,10.3433,8.77785,26.8939,1.34252,-177.182,233.657
398.02,10.3384,2.5614,10.3891,8.73148,27.4182,1.33238,-177.182,229.945
398.04,10.3371,2.56281,10.3434,8.73141,27.4772,1.33236,-177.182,226.758
398.06,10.3371,2.56281,10.3433,8.73141,27.4773,1.33236,-177.182,227.815
398.08,10.3357,2.49006,10.3891,8.73141,27.1861,1.33236,-177.182,230.997
398.1,10.3361,2.46995,10.3891,8.68497,26.9523,1.33236,-177.677,235.781
398.12,10.3361,2.48582,10.3891,8.68497,26.9523,1.33236,-177.677,235.25
398.14,10.3361,2.31048,10.3891,8.77771,26.661,1.33236,-177.677,231.008
398.16,10.3371,2.36208,10.2974,8.73141,26.7189,1.33236,-177.677,229.408
398.18,10.3375,2.39667,10.2974,8.73141,26.7189,1.35239,-177.677,232.59
398.2,10.3375,2.448,10.2974,8.77778,27.0102,1.33937,-177.677,228.883
398.22,10.3361,2.36499,10.2516,8.63852,27.3023,1.33935,-177.677,233.126
398.24,10.3384,2.36871,10.2516,8.82401,27.6518,1.33935,-177.677,243.2
398.26,10.3366,2.35879,10.1143,8.8243,27.6523,1.33935,-177.06,245.336
398.28,10.3366,2.50701,10.1141,8.73141,27.769,1.33935,-177.059,252.243
398.3,10.3366,2.26755,10.1141,8.68504,28.0602,1.33935,-177.059,253.834
398.32,10.3371,2.34403,10.1141,8.68497,28.0607,1.33935,-177.059,257.018
398.34,10.3375,2.33154,10.0682,8.63852,28.0023,1.35411,-177.059,262.333
398.36,10.3375,2.29849,10.0682,8.63852,28.0023,1.35411,-177.059,269.756
398.38,10.338,2.25905,10.0682,8.63852,28.0023,1.34445,-177.059,271.361
398.4,10.3361,2.26989,10.2057,8.63852,28.0607,1.34445,-177.059,278.264
398.42,10.3361,2.32894,10.2057,8.63852,28.0607,1.34445,-177.059,285.157
398.44,10.3366,2.31807,10.2974,8.63852,28.0607,1.34445,-178.294,293.664
398.46,10.3366,2.34701,10.1601,8.63852,28.0607,1.34445,-178.294,296.315
398.48,10.3357,2.27869,10.1599,8.59215,27.9442,1.34445,-178.294,296.849
398.5,10.3357,2.35632,10.3891,8.59208,27.944,1.34445,-178.294,295.788
398.52,10.3361,2.3119,10.3434,8.63845,27.944,1.35745,-178.294,295.258
398.54,10.3347,2.27968,10.2975,8.63852,27.944,1.35747,-178.294,294.727
398.56,10.3347,2.31039,10.2974,8.63852,27.944,1.35167,-178.294,296.85
398.58,10.3343,2.39923,10.3432,8.77764,27.944,1.35167,-178.294,301.092
398.6,10.3361,2.39102,10.3433,8.63852,27.8857,1.35167,-178.294,302.161
398.62,10.3357,2.38529,10.3433,8.73141,27.8857,1.35167,-176.482,306.409
398.64,10.3357,2.4183,10.3891,8.73141,28.0604,1.35167,-176.482,303.758
398.66,10.3329,2.50242,10.3433,8.77785,28.0607,1.35167,-176.482,301.63
398.68,10.3324,2.32236,10.3433,8.77785,28.0607,1.35167,-176.482,308.523
398.7,10.3324,2.33175,10.3433,8.77785,28.2354,1.36847,-176.482,310.654
398.72,10.3306,2.29985,10.3891,8.77785,28.3524,1.36849,-176.482,309.595
398.74,10.3296,2.28567,10.3891,8.68511,28.2941,1.36551,-176.482,313.837
398.76,10.3282,2.31369,10.3434,8.68497,28.294,1.3655,-176.482,315.434
398.78,10.3282,2.39875,10.2516,8.68497,28.4107,1.3655,-176.482,308.002
398.8,10.3287,2.32549,10.2516,8.68497,28.469,1.3655,-178.415,304.821
398.82,10.3305,2.28473,10.4347,8.68497,28.4691,1.3655,-178.418,300.574
398.84,10.3306,2.27887,10.3433,8.54564,28.5274,1.3655,-178.418,292.071
398.86,10.3278,2.30417,10.3891,8.59201,28.5274,1.3655,-178.418,285.708
398.88,10.3287,2.38055,10.3891,8.59208,28.5274,1.373,-178.418,284.636
398.9,10.3287,2.34689,10.2974,8.54564,28.3524,1.3616,-178.418,288.354
398.92,10.3278,2.32238,10.2059,8.54564,28.4106,1.3616,-178.418,287.823
398.94,10.3259,2.44093,10.2057,8.54564,28.4107,1.3616,-178.418,285.167
398.96,10.3254,2.43515,10.3431,8.49926,28.3525,1.3616,-178.418,285.167
398.98,10.3254,2.43466,10.206,8.49919,28.4106,1.3616,-176.218,285.698
399,10.3236,2.47847,10.2057,8.49919,28.4107,1.3616,-176.215,281.45
399.02,10.3227,2.32826,10.2973,8.49919,28.1777,1.3616,-176.215,276.678
399.04,10.3227,2.32207,10.2059,8.40645,28.1774,1.3616,-176.215,275.61
399.06,10.3227,2.36742,10.2057,8.4063,27.8273,1.37484,-176.215,273.485
399.08,10.3217,2.28452,10.2973,8.4063,27.8273,1.36555,-176.215,268.713
399.1,10.3217,2.26909,10.2516,8.45275,27.769,1.36553,-176.215,262.864
399.12,10.3208,2.38774,10.2516,8.45275,27.419,1.36553,-176.215,255.96
399.14,10.3203,2.25534,10.3432,8.45275,27.419,1.36553,-178.332,252.249
399.16,10.3171,2.32425,10.4808,8.49919,27.419,1.36553,-178.335,249.588
399.18,10.3171,2.363,10.4808,8.40645,27.186,1.36553,-178.335,242.695
399.2,10.3175,2.41026,10.3893,8.4063,27.1856,1.36553,-178.335,242.684
399.22,10.3143,2.45275,10.5267,8.54564,27.0689,1.38077,-178.335,234.188
399.24,10.3143,2.4099,10.7556,8.45289,27.0689,1.38077,-178.335,229.946
399.26,10.3162,2.41329,10.7559,8.45275,27.0689,1.37611,-178.335,229.939
399.28,10.3129,2.41329,10.7559,8.45275,27.1273,1.3761,-178.335,226.753
399.3,10.3148,2.4109,10.7559,8.45275,27.4185,1.3761,-178.335,227.283
399.32,10.3148,2.46958,10.7559,8.45275,27.419,1.3761,-176.485,225.163
399.34,10.3101,2.56392,10.9393,8.45275,27.594,1.3761,-176.482,229.408
399.36,10.3092,2.49304,10.9393,8.40637,28.0017,1.3761,-176.482,229.939
399.38,10.3092,2.46014,10.9393,8.4063,28.0023,1.3761,-176.482,227.815
399.4,10.3069,2.42046,10.9393,8.45275,28.294,1.38948,-176.482,232.064
399.42,10.3064,2.43317,10.9851,8.40637,28.5853,1.38948,-176.482,231.003
399.44,10.3045,2.43951,10.9852,8.4063,28.8191,1.38707,-176.482,233.657
399.46,10.3045,2.39931,10.9394,8.45268,28.8191,1.38707,-176.482,230.475
399.48,10.3022,2.43518,10.9851,8.54549,28.6443,1.38707,-176.482,232.591
399.5,10.2994,2.37465,10.9852,8.45275,28.4107,1.38707,-178.397,236.843
399.52,10.2994,2.38204,10.8936,8.45275,28.4107,1.38707,-178.397,240.024
399.54,10.2957,2.4446,10.9392,8.49912,28.3525,1.38707,-178.397,243.211
399.56,10.2957,2.31058,10.9393,8.49919,28.6441,1.38707,-178.397,250.119
399.58,10.2957,2.31679,10.8478,8.49919,28.6441,1.39281,-178.397,252.24
399.6,10.2957,2.38954,10.8018,8.49919,28.6441,1.39058,-178.397,255.96
399.62,10.2939,2.35724,10.8018,8.45275,28.8774,1.39058,-178.397,258.085
399.64,10.2929,2.4052,10.8933,8.45275,28.8774,1.39058,-178.397,264.447
399.66,10.2929,2.43154,10.7559,8.49919,28.9358,1.39058,-178.397,266.581
399.68,10.2915,2.38048,10.7559,8.40645,29.1105,1.39058,-175.725,267.642
399.7,10.2878,2.42063,10.7559,8.4063,29.1108,1.39058,-175.72,269.764
399.72,10.2864,2.41926,10.7559,8.49919,29.1691,1.39058,-175.72,270.298
399.74,10.2864,2.37202,10.7559,8.45282,29.2856,1.39058,-175.72,271.359
399.76,10.2837,2.33836,10.7559,8.45275,29.2858,1.39441,-175.72,270.3
399.78,10.2827,2.35134,10.8476,8.35986,29.2275,1.39261,-175.72,265.519
399.8,10.2823,2.35086,10.8018,8.31349,29.111,1.39261,-175.72,271.882
399.82,10.2823,2.37935,10.8018,8.31342,29.1108,1.39261,-175.72,271.361
399.84,10.2804,2.37559,11.031,8.31342,29.4608,1.39261,-175.72,272.423
399.86,10.279,2.33001,10.9852,8.31342,29.4026,1.39261,-178.845,271.362
399.88,10.279,2.33733,10.9852,8.35986,29.6358,1.39261,-178.85,272.423
399.9,10.2767,2.37472,11.1227,8.35986,29.6358,1.39261,-178.85,267.112
399.92,10.2762,2.34583,11.26,8.26711,29.6941,1.39261,-178.85,267.642
399.94,10.2739,2.34029,11.2602,8.22053,29.9275,1.39453,-178.85,267.643
399.96,10.2739,2.30484,11.2602,8.22053,29.9275,1.39607,-178.85,268.704
399.98,10.273,2.28094,11.306,8.31327,30.1023,1.39607,-178.85,262.873
400,10.2693,2.3293,11.3061,8.17409,29.8108,1.39607,-178.85,258.085
400.02,10.2693,2.28427,11.3977,8.17409,29.8108,1.39607,-175.869,255.964
400.04,10.2702,2.31705,11.5351,8.26683,29.8108,1.39607,-175.865,258.081
400.06,10.2665,2.44945,11.5353,8.12764,29.6358,1.39607,-175.865,260.209
400.08,10.266,2.45041,11.6269,8.12764,29.6358,1.39607,-175.865,262.33
400.1,10.266,2.37612,11.6729,8.17409,29.7525,1.39415,-175.865,266.05
400.12,10.2665,2.30694,11.7187,8.26697,29.7525,1.39415,-175.865,261.802
400.14,10.2669,2.36617,11.7187,8.26697,29.7525,1.39812,-175.865,255.439
400.16,10.2646,2.38229,11.8563,8.0812,29.9275,1.39812,-175.865,251.712
400.18,10.2646,2.45016,11.9021,8.03483,30.1023,1.39812,-175.865,249.591
400.2,10.2646,2.35889,11.9021,8.03475,30.1025,1.39812,-178.805,254.89
400.22,10.2632,2.35642,11.9938,8.0812,30.2775,1.39812,-178.809,252.774
400.24,10.2632,2.41683,11.9938,7.98845,30.394,1.39812,-178.809,248.002
400.26,10.2623,2.3398,11.9938,7.98831,30.3942,1.39812,-178.809,245.874
400.28,10.259,2.35167,11.9938,7.98831,30.6859,1.39047,-178.809,245.871
400.3,10.2614,2.41937,12.0854,7.89557,31.0354,1.39047,-178.809,245.871
400.32,10.2614,2.32326,12.0855,7.98817,31.0359,1.39298,-178.809,250.112
400.34,10.26,2.30471,12.0397,7.98831,31.0359,1.39298,-178.809,248.526
400.36,10.2572,2.3407,12.0397,7.94194,31.2689,1.39298,-178.809,245.344
400.38,10.2581,2.35411,12.0397,7.94187,31.2693,1.39298,-176.606,239.498
400.4,10.2581,2.36906,11.948,7.94187,31.2693,1.39298,-176.606,236.843
400.42,10.2572,2.38403,11.6275,7.84912,31.3858,1.39298,-176.606,237.903
400.44,10.2553,2.39157,11.627,8.0812,31.2693,1.39298,-176.606,238.967
400.46,10.2572,2.31253,11.7186,8.0812,31.2693,1.39298,-176.606,237.376
400.48,10.2572,2.34573,11.5356,8.03483,31.3275,1.39497,-176.606,233.662
400.5,10.2535,2.30109,11.5353,8.03475,31.211,1.39498,-176.606,231.533
400.52,10.2498,2.31321,11.5353,8.03475,31.211,1.39498,-176.606,228.881
400.54,10.2507,2.37643,11.5353,7.98838,31.0945,1.39498,-176.606,235.24
400.56,10.2507,2.33909,11.5353,8.03475,30.8026,1.39498,-179.139,244.809
400.58,10.2479,2.39143,11.5353,8.03475,30.8026,1.39498,-179.139,251.171
400.6,10.2484,2.38642,11.627,8.12764,30.3942,1.39498,-179.139,250.119
400.62,10.2484,2.40158,11.4895,8.12764,29.8692,1.39498,-179.139,251.712
400.64,10.247,2.44812,11.4895,8.12764,29.8692,1.38355,-179.139,248
400.66,10.246,2.43619,11.4895,7.98831,29.9275,1.38936,-179.139,246.933
400.68,10.2456,2.44533,11.5353,8.12743,29.9858,1.38936,-179.139,246.402
400.7,10.2456,2.36913,11.5353,8.17402,29.8111,1.38936,-179.139,248.523
400.72,10.2456,2.31993,11.3978,8.17409,29.8108,1.38936,-176.276,250.65
400.74,10.2442,2.37267,11.4893,8.12771,29.9273,1.38936,-176.276,251.18
400.76,10.2442,2.37792,11.4895,8.22039,29.7528,1.38936,-176.276,249.06
400.78,10.2428,2.32188,11.4436,8.22053,29.7525,1.38936,-176.276,251.181
400.8,10.2405,2.31569,11.4894,8.17416,29.8107,1.38747,-176.276,258.604
400.82,10.2405,2.3783,11.4895,8.22046,29.6943,1.38746,-176.276,259.146
400.84,10.2405,2.22458,11.5353,8.22053,29.6942,1.39439,-176.276,254.898
400.86,10.2395,2.46552,11.5353,8.17416,30.1019,1.39439,-176.276,253.838
400.88,10.2395,2.27003,11.5812,8.22053,30.0442,1.39439,-176.276,252.774
400.9,10.2363,2.29831,11.5812,8.22053,30.0442,1.39439,-179.056,253.836
400.92,10.2363,2.28082,11.3981,8.17416,30.3937,1.39439,-179.056,252.246
400.94,10.2391,2.27744,11.3978,8.26697,30.4526,1.39439,-179.056,249.057
400.96,10.234,2.26465,11.3978,8.26697,30.4526,1.39439,-179.056,244.815
400.98,10.234,2.24871,11.352,8.2206,30.6856,1.38496,-179.056,237.916
401,10.2354,2.36599,11.3061,8.4063,30.7442,1.38495,-179.056,229.939
401.02,10.2354,2.26306,11.3061,8.4063,30.7442,1.3941,-179.056,227.819
401.04,10.2326,2.28061,11.3061,8.31356,30.8025,1.39411,-179.056,229.406
401.06,10.2326,2.21693,11.3978,8.45275,30.5692,1.39411,-179.056,226.753
401.08,10.2335,2.24258,11.3978,8.40637,30.2197,1.39411,-175.993,224.102
401.1,10.2335,2.28684,11.3519,8.4063,30.2192,1.39411,-175.988,229.408
401.12,10.2335,2.29088,11.4436,8.54564,29.8692,1.39411,-175.988,227.284
401.14,10.2335,2.22572,11.4436,8.49926,29.5779,1.39411,-175.988,223.573
401.16,10.2316,2.28956,11.3978,8.49919,29.5775,1.38661,-175.988,218.257
401.18,10.233,2.32038,11.5351,8.59194,29.5775,1.39418,-175.988,220.908
401.2,10.233,2.25807,11.5353,8.63845,29.461,1.39419,-175.988,223.033
401.22,10.234,2.20167,11.4895,8.63852,29.4608,1.39419,-175.988,222.505
401.24,10.2326,2.25769,11.5353,8.63852,29.2861,1.39419,-175.988,230.458
401.26,10.2326,2.28012,11.5353,8.59215,29.4023,1.39419,-178.558,236.303
401.28,10.233,2.30218,11.5353,8.59208,29.4025,1.39419,-178.562,238.967
401.3,10.233,2.3359,11.4896,8.59208,29.4025,1.39419,-178.562,241.088
401.32,10.2303,2.29171,11.4895,8.68482,29.4025,1.39419,-178.562,243.212
401.34,10.2302,2.27699,11.4895,8.68497,29.4025,1.39232,-178.562,246.402
401.36,10.2344,2.31255,11.5353,8.63859,29.4025,1.39498,-178.562,251.174
401.38,10.233,2.26343,11.4895,8.59208,29.4608,1.39498,-178.562,257.022
401.4,10.2307,2.28753,11.4895,8.63852,29.4608,1.39498,-178.562,262.333
401.42,10.2307,2.33418,11.4895,8.63852,29.3443,1.39498,-178.562,266.044
401.44,10.2316,2.42194,11.5812,8.77785,29.4608,1.39498,-176.729,269.767
401.46,10.2316,2.41637,11.5812,8.73148,29.4608,1.39498,-176.729,268.707
401.48,10.2316,2.33543,11.5812,8.73141,29.4608,1.39498,-176.729,273.477
401.5,10.2316,2.42516,11.627,8.77785,29.5191,1.39498,-176.729,279.857
401.52,10.233,2.27722,11.627,8.77785,29.5774,1.39684,-176.729,273.494
401.54,10.2316,2.26345,11.4897,8.77785,29.5775,1.38663,-176.729,271.894
401.56,10.2316,2.27001,11.5812,8.8243,29.7525,1.38661,-176.729,271.892
401.58,10.2326,2.37921,11.5812,8.8243,29.8107,1.38661,-176.729,274.012
401.6,10.233,2.39059,11.5812,8.8243,29.8108,1.38661,-178.644,270.829
401.62,10.233,2.36861,11.5353,8.87074,29.9275,1.38661,-178.644,268.705
401.64,10.2335,2.29513,11.5353,8.87074,30.1023,1.38661,-178.644,267.115
401.66,10.2316,2.38523,11.6729,8.87074,30.1025,1.38661,-178.644,263.926
401.68,10.2316,2.3795,11.5813,8.96349,30.219,1.38661,-178.644,258.624
401.7,10.2316,2.27159,11.6727,8.91726,30.161,1.38661,-178.644,254.374
401.72,10.2321,2.41306,11.6729,8.91718,30.1609,1.38051,-178.644,250.65
401.74,10.2335,2.3424,11.5355,8.96356,30.1609,1.38051,-178.644,247.999
401.76,10.2335,2.3597,11.5811,8.91726,30.1026,1.38051,-178.644,246.934
401.78,10.2316,2.33971,11.5812,9.05652,30.1025,1.38051,-177.327,245.871
401.8,10.233,2.41744,11.627,9.05652,29.9278,1.38051,-177.327,241.629
401.82,10.234,2.39878,11.5355,9.14926,30.044,1.38051,-177.327,237.381
401.84,10.234,2.33955,11.5353,9.05652,30.0442,1.38051,-177.327,235.781
401.86,10.2326,2.41219,11.5353,9.05652,29.6947,1.38615,-177.327,234.72
401.88,10.2326,2.34608,11.4895,9.01007,29.5775,1.38616,-177.327,234.188
401.9,10.2326,2.33814,11.4895,9.10296,29.3441,1.39127,-177.327,229.408
401.92,10.2312,2.40521,11.3522,9.10296,29.3441,1.39127,-177.327,223.046
401.94,10.2344,2.26931,11.3519,9.05652,29.2858,1.39127,-177.327,224.098
401.96,10.2363,2.25732,11.3519,9.10289,29.111,1.39127,-178.046,228.34
401.98,10.2363,2.30544,11.3519,9.10296,29.1108,1.39127,-178.047,232.588
402,10.2381,2.2986,11.3519,9.01007,28.9358,1.39127,-178.047,228.346
402.02,10.2409,2.32216,11.2146,9.05645,28.8193,1.39127,-178.047,228.346
402.04,10.2409,2.35707,11.2144,9.05652,28.8191,1.38565,-178.047,227.816
402.06,10.2428,2.27578,11.2602,9.05652,28.5274,1.39109,-178.047,226.753
402.08,10.2428,2.2691,11.2602,8.96377,28.6439,1.39109,-178.047,223.572
402.1,10.2428,2.27762,11.2602,8.96363,28.6441,1.39109,-178.047,224.629
402.12,10.2428,2.29417,11.2602,8.96363,28.7607,1.39109,-178.047,223.567
402.14,10.2479,2.40928,11.3518,8.96363,28.8772,1.39109,-177.492,221.446
402.16,10.2474,2.25578,11.3519,8.96363,28.8774,1.39109,-177.491,218.257
402.18,10.2474,2.24876,11.3519,8.96363,29.1104,1.39109,-177.491,220.908
402.2,10.2465,2.48248,11.4435,8.96363,29.2273,1.39109,-177.491,220.382
402.22,10.2465,2.49139,11.4436,8.96363,29.5191,1.39483,-177.491,221.974
402.24,10.2456,2.48504,11.581,8.87088,29.5191,1.40002,-177.491,227.806
402.26,10.2456,2.41527,11.627,8.87074,30.0434,1.40003,-177.491,230.997
402.28,10.2474,2.57598,11.627,8.91718,30.3359,1.40003,-177.491,233.657
402.3,10.2465,2.55447,11.7186,8.91718,30.3359,1.40003,-177.491,228.885
402.32,10.246,2.5225,11.7187,8.82444,30.6854,1.40003,-177.491,229.408
402.34,10.246,2.33818,11.7187,8.8243,31.0943,1.40003,-177.491,233.126
402.36,10.2474,2.39706,11.8103,8.8243,31.0943,1.40003,-177.491,234.716
402.38,10.2474,2.38238,11.948,8.73141,31.3276,1.40935,-177.491,233.126
402.4,10.2474,2.29055,11.948,8.8243,31.561,1.40935,-177.491,234.188
402.42,10.247,2.42428,11.948,8.8243,31.561,1.42157,-177.491,241.611
402.44,10.2465,2.38569,12.0397,8.87074,31.386,1.42158,-177.491,242.684
402.46,10.2479,2.43044,11.9481,8.73162,31.3277,1.42158,-177.491,245.336
402.48,10.2479,2.26614,11.948,8.73141,31.3276,1.42158,-178.231,247.991
402.5,10.2446,2.3062,11.9938,8.87074,31.0943,1.42158,-178.233,249.057
402.52,10.2488,2.36067,11.9938,8.82437,30.9778,1.42158,-178.233,255.42
402.54,10.2488,2.35358,11.9938,8.8243,30.9776,1.42158,-178.233,262.853
402.56,10.2488,2.34144,11.948,8.8243,30.6859,1.37547,-178.233,274.016
402.58,10.253,2.31847,11.8564,8.77792,30.5694,1.37547,-178.233,284.09
402.6,10.2535,2.31164,11.8563,8.87074,30.4526,1.38037,-178.233,286.761
402.62,10.2535,2.19577,11.6729,8.87074,30.4526,1.38037,-178.233,288.354
402.64,10.2539,2.20169,11.6271,8.87074,30.4526,1.38037,-178.233,289.944
402.66,10.2544,2.15947,11.627,8.8243,30.3359,1.38037,-176.812,288.885
402.68,10.2544,2.18436,11.5355,8.8243,30.3359,1.38037,-176.812,290.475
402.7,10.2576,2.33427,11.4438,8.8243,30.3941,1.38037,-176.812,287.827
402.72,10.2604,2.32093,11.4436,8.8243,30.2192,1.38037,-176.812,290.478
402.74,10.26,2.32004,11.3063,8.8243,30.2192,1.35474,-176.812,292.068
402.76,10.26,2.23884,11.3519,8.8243,30.2774,1.35597,-176.812,293.662
402.78,10.2632,2.26805,11.3519,8.91718,30.1025,1.35598,-176.812,293.664
402.8,10.2651,2.26572,11.2604,8.91718,30.1025,1.35598,-176.812,293.664
402.82,10.2669,2.26572,11.2145,8.82444,29.986,1.35598,-176.812,298.436
402.84,10.2669,2.27319,11.2144,8.87074,29.9275,1.35598,-177.924,300.037
402.86,10.2683,2.34103,11.2144,8.87074,29.9275,1.35598,-177.924,303.748
402.88,10.2706,2.29762,11.2602,8.87074,29.7525,1.35598,-177.924,297.912
402.9,10.2706,2.22646,11.1686,8.87074,29.6358,1.35598,-177.924,294.195
402.92,10.2716,2.29239,11.1686,8.87074,29.6358,1.32861,-177.924,294.195
402.94,10.2744,2.39639,11.031,8.8243,29.4608,1.34211,-177.924,294.726
402.96,10.2762,2.40022,11.2141,8.87067,29.4026,1.34211,-177.924,290.484
402.98,10.2762,2.27847,11.2144,8.87074,29.4025,1.34211,-177.924,283.585
403,10.279,2.32245,11.0769,8.91718,29.3441,1.34211,-176.791,277.733
403.02,10.2813,2.25543,11.0769,8.91718,29.1694,1.34211,-176.791,270.31
403.04,10.2813,2.22498,11.0769,8.87081,29.1691,1.34211,-176.791,267.117
403.06,10.2818,2.35739,11.0769,8.87074,29.3441,1.34211,-176.791,268.705
403.08,10.2813,2.3521,11.1684,8.87074,29.2859,1.34211,-176.791,267.645
403.1,10.285,2.31875,11.1686,9.01007,29.2858,1.34934,-176.791,270.829
403.12,10.285,2.4152,11.1686,9.01007,29.2858,1.36981,-176.791,278.264
403.14,10.2864,2.41903,11.1686,8.91733,29.2275,1.36981,-176.791,283.566
403.16,10.2888,2.25522,11.1686,8.96363,29.0524,1.36981,-176.791,290.478
403.18,10.2897,2.26229,11.2601,8.96363,29.0524,1.36981,-177.47,294.189
403.2,10.2897,2.33348,11.3518,9.01,28.9942,1.36981,-177.471,292.604
403.22,10.2911,2.35976,11.3978,8.96363,29.0524,1.36981,-177.471,293.133
403.24,10.292,2.37519,11.3978,8.96363,29.0524,1.36981,-177.471,286.24
403.26,10.292,2.53022,11.4436,9.01,28.8777,1.37337,-177.471,281.988
403.28,10.2957,2.33933,11.4436,9.01007,28.9358,1.37337,-177.471,283.043
403.3,10.2976,2.49301,11.4436,9.01007,28.9358,1.34349,-177.471,292.057
403.32,10.2985,2.47891,11.6268,8.9637,28.9358,1.34345,-177.471,289.42
403.34,10.2985,2.44603,11.4895,9.05652,28.9941,1.34345,-177.471,297.381
403.36,10.2976,2.46276,11.4895,9.05652,28.9941,1.34345,-176.175,299.502
403.38,10.3013,2.44165,11.6729,9.05652,29.2275,1.34345,-176.173,296.85
403.4,10.3013,2.45782,11.627,9.10296,29.5191,1.34345,-176.173,295.257
403.42,10.3018,2.59937,11.627,9.10296,29.7521,1.34345,-176.173,293.667
403.44,10.3041,2.41945,11.5353,9.10296,29.7525,1.37263,-176.173,298.443
403.46,10.3032,2.4063,11.6269,9.14933,29.869,1.37263,-176.173,297.383
403.48,10.3032,2.39026,11.627,9.10303,29.8692,1.3493,-176.173,295.26
403.5,10.3069,2.46828,11.4895,9.10296,29.8692,1.34926,-176.173,294.195
403.52,10.3059,2.44276,11.581,9.19571,29.8109,1.34926,-176.173,285.711
403.54,10.3059,2.44865,11.5812,9.05673,29.6361,1.34926,-177.859,280.926
403.56,10.3078,2.3899,11.3978,9.05652,29.6358,1.34926,-177.862,278.264
403.58,10.3087,2.35904,11.4893,9.19563,29.4611,1.34926,-177.862,267.659
403.6,10.311,2.34158,11.4895,9.19585,29.2858,1.34926,-177.862,266.581
403.62,10.311,2.29547,11.5353,9.19585,29.2858,1.37343,-177.862,272.423
403.64,10.3101,2.43748,11.3064,9.14947,29.4023,1.35347,-177.862,271.892
403.66,10.311,2.40173,11.4436,9.05652,29.2858,1.35344,-177.862,274.016
403.68,10.311,2.36851,11.4436,9.05652,29.2858,1.35344,-177.862,276.667
403.7,10.3097,2.42273,11.3063,9.14926,29.2858,1.35344,-177.862,274.02
403.72,10.3092,2.40626,11.3061,9.05652,29.1691,1.35344,-175.062,269.767
403.74,10.3106,2.40675,11.3061,9.05652,29.1691,1.35344,-175.062,275.07
403.76,10.3106,2.40556,11.2145,9.14926,29.1691,1.35344,-175.062,271.366
403.78,10.3097,2.36404,11.2602,9.10296,28.9941,1.35344,-175.062,264.988
403.8,10.3097,2.40428,11.2602,9.14933,28.9941,1.38173,-175.062,268.169
403.82,10.3097,2.38765,11.2145,9.1494,28.9941,1.36657,-175.062,270.295
403.84,10.3106,2.4412,11.2144,9.1494,28.9358,1.36654,-175.062,272.423
403.86,10.3087,2.4454,11.2144,9.1494,28.9358,1.36654,-175.062,269.771
403.88,10.3097,2.38909,11.2602,9.1494,28.9358,1.36654,-178.027,270.829
403.9,10.3097,2.37761,11.2602,9.01007,28.7607,1.36654,-178.027,274.547
403.92,10.3106,2.39819,11.2602,9.19556,28.586,1.36654,-178.027,271.896
403.94,10.311,2.37637,11.2144,9.19585,28.5857,1.36654,-178.027,272.423
403.96,10.312,2.34618,11.306,9.1031,28.5275,1.3799,-178.027,274.013
403.98,10.312,2.41808,11.3061,9.05659,28.3526,1.37992,-178.027,272.425
404,10.311,2.32412,11.2602,9.05652,28.3524,1.37218,-178.027,277.202
404.02,10.3106,2.33765,11.306,9.01014,28.4106,1.37218,-178.027,271.369
404.04,10.3106,2.32556,11.3061,8.9637,28.236,1.37218,-178.027,263.407
404.06,10.3101,2.46644,11.3061,8.96363,28.2357,1.37218,-175.02,259.678
404.08,10.3115,2.44218,11.3519,8.91726,28.3522,1.37218,-175.02,260.208
404.1,10.3106,2.4656,11.3978,8.68497,28.294,1.37218,-175.02,255.429
404.12,10.3106,2.29025,11.3978,8.68497,28.294,1.37218,-175.02,250.65
404.14,10.3097,2.35109,11.3062,8.68497,28.527,1.40481,-175.02,246.938
404.16,10.3092,2.4766,11.3519,8.49919,28.4107,1.40486,-175.02,251.712
404.18,10.3092,2.46473,11.3519,8.49919,28.4107,1.39953,-175.02,254.893
404.2,10.3092,2.49687,11.3977,8.36007,28.2942,1.39952,-175.02,254.898
404.22,10.3115,2.41769,11.2602,8.22053,28.3524,1.39952,-175.02,252.243
404.24,10.3134,2.44132,11.2602,8.03504,28.3524,1.39952,-177.57,249.592
404.26,10.3134,2.46941,11.2602,8.03475,28.5271,1.39952,-177.574,256.481
404.28,10.3106,2.36168,11.2602,7.89542,28.8191,1.39952,-177.574,258.085
404.3,10.312,2.33264,11.2602,7.7563,29.0521,1.39952,-177.574,260.205
404.32,10.3115,2.30628,11.306,7.75609,29.0524,1.40723,-177.574,255.967
404.34,10.3115,2.35465,11.2144,7.66321,29.1108,1.40724,-177.574,253.836
404.36,10.3115,2.38169,11.2144,7.70958,29.169,1.40514,-177.574,253.836
404.38,10.3134,2.35618,11.2144,7.70965,29.1691,1.40513,-177.574,249.057
404.4,10.3134,2.40587,11.3061,7.70965,29.1108,1.40513,-177.574,247.464
404.42,10.312,2.16888,11.2603,7.70965,29.169,1.40513,-175.148,242.692
404.44,10.3134,2.35794,11.2602,7.70965,29.1691,1.40513,-175.144,238.967
404.46,10.3148,2.32704,11.2602,7.70965,29.0526,1.40513,-175.144,245.86
404.48,10.3148,2.29876,11.3518,7.66328,29.3437,1.40513,-175.144,246.401
404.5,10.3157,2.27863,11.3519,7.66321,29.3441,1.42639,-175.144,240.029
404.52,10.3157,2.32951,11.3977,7.61683,29.3441,1.42651,-175.144,239.499
404.54,10.3157,2.31274,11.4893,7.70951,29.6936,1.42651,-175.144,240.028
404.56,10.3152,2.40453,11.4895,7.70965,29.6942,1.42651,-175.144,241.091
404.58,10.3152,2.38716,11.3979,7.66328,29.7524,1.42651,-175.144,231.547
404.6,10.3162,2.35482,11.5353,7.61676,29.8692,1.42651,-178.541,225.691
404.62,10.3162,2.31843,11.5353,7.61676,30.1609,1.42651,-178.541,225.691
404.64,10.3162,2.31843,11.5353,7.61676,30.1609,1.42651,-178.541,228.873
404.66,10.318,2.2388,11.4895,7.61676,30.3942,1.42651,-178.541,229.939
404.68,10.318,2.23224,11.4895,7.61676,30.4525,1.41687,-178.541,219.335
404.7,10.3171,2.38643,11.6268,7.61676,30.4526,1.41616,-178.541,214.016
404.72,10.3189,2.33034,11.4436,7.66321,30.6276,1.41616,-178.541,211.353
404.74,10.318,2.32756,11.4436,7.66321,30.6276,1.41616,-178.541,211.353
404.76,10.318,2.35187,11.4436,7.66321,30.6276,1.41616,-175.046,215.595
404.78,10.3185,2.23479,11.3519,7.61676,30.6276,1.41616,-175.041,220.381
404.8,10.3199,2.26237,11.3519,7.61676,30.5693,1.41616,-175.041,220.381
404.82,10.3208,2.26551,11.1231,7.61676,30.5692,1.41616,-175.041,220.381
404.84,10.3208,2.28269,11.1227,7.66321,30.5692,1.41423,-175.041,225.691
404.86,10.3208,2.17704,10.7107,7.70958,30.5692,1.41423,-175.041,233.114
404.88,10.3222,2.17646,10.7101,7.70965,30.5692,1.41355,-175.041,232.064
404.9,10.3222,2.17126,10.4808,7.61676,30.4526,1.41355,-175.041,237.374
404.92,10.3208,2.11471,10.2062,7.70951,30.6273,1.41355,-175.041,242.676
404.94,10.3222,2.16511,10.2057,7.70965,30.6276,1.41355,-178.788,247.464
404.96,10.3222,2.16636,10.0226,7.75602,30.6858,1.41355,-178.788,254.887
404.98,10.3227,2.23915,9.97658,7.66335,30.9189,1.41355,-178.788,256.489
405,10.3231,2.23312,9.97651,7.66321,30.9193,1.41355,-178.788,260.209
405.02,10.325,2.26122,9.88495,7.75595,30.9193,1.42127,-178.788,262.86
405.04,10.325,2.26959,10.0221,7.80247,30.9775,1.42129,-178.788,263.394
405.06,10.3259,2.24486,10.0224,7.84898,30.7442,1.4201,-178.788,263.395
405.08,10.325,2.19697,9.83924,7.84898,30.7442,1.4201,-178.788,270.818
405.1,10.3259,2.20889,10.0224,7.84898,30.2775,1.4201,-178.788,275.078
405.12,10.3259,2.24348,10.0224,7.94187,29.4025,1.4201,-175.123,279.326
405.14,10.3245,2.35524,10.1597,7.94187,29.4025,1.4201,-175.123,283.038
405.16,10.3264,2.28728,10.2057,7.94187,28.7024,1.4201,-175.123,284.636
405.18,10.3264,2.38699,10.2057,8.03461,28.1782,1.4201,-175.123,286.227
405.2,10.3254,2.3878,10.4804,8.03475,28.1774,1.41237,-175.123,282.518
405.22,10.3282,2.47797,10.7559,8.0812,27.769,1.4132,-175.123,280.919
405.24,10.3259,2.41857,11.0306,8.03483,27.6525,1.4132,-175.123,281.449
405.26,10.3259,2.28906,11.031,8.03475,27.6523,1.4132,-175.123,279.86
405.28,10.3236,2.29553,11.1686,8.0812,27.5356,1.4132,-175.123,278.795
405.3,10.3259,2.22365,11.3059,8.0812,27.4774,1.4132,-178.454,274.553
405.32,10.3259,2.20151,11.3061,8.0812,27.4773,1.4132,-178.459,270.305
405.34,10.3268,2.33758,11.4436,8.17409,27.419,1.4132,-178.459,269.236
405.36,10.3259,2.27943,11.3979,8.12771,27.2442,1.4132,-178.459,264.994
405.38,10.3282,2.29644,11.3978,8.12764,27.244,1.4074,-178.459,257.022
405.4,10.3282,2.23887,11.3978,8.22053,27.0689,1.4159,-178.459,254.898
405.42,10.3273,2.36071,11.4893,8.17416,26.9524,1.4159,-178.459,257.019
405.44,10.3259,2.45383,11.4895,8.17409,27.0689,1.4159,-178.459,256.491
405.46,10.3287,2.43981,11.581,8.17409,27.0689,1.4159,-178.459,250.129
405.48,10.3287,2.26534,11.5812,8.26683,27.0689,1.4159,-175.684,244.286
405.5,10.3292,2.38439,11.5812,8.22053,27.419,1.4159,-175.679,236.312
405.52,10.3287,2.40755,11.6727,8.22053,27.419,1.4159,-175.679,233.661
405.54,10.3287,2.43968,11.6729,8.2669,27.652,1.41206,-175.679,232.596
405.56,10.3296,2.41482,11.6729,8.31342,28.119,1.41206,-175.679,227.815
405.58,10.3306,2.6154,11.6729,8.31342,28.119,1.42954,-175.679,222.513
405.6,10.3296,2.62246,11.7187,8.31342,28.5857,1.42957,-175.679,222.505
405.62,10.3296,2.36174,11.7187,8.4063,28.9358,1.42957,-175.679,219.85
405.64,10.331,2.43165,11.7645,8.4063,28.9358,1.42957,-178.496,219.85
405.66,10.3315,2.52966,11.7187,8.49919,29.6358,1.42957,-178.5,221.974
405.68,10.3315,2.47174,11.7645,8.59194,29.8106,1.42957,-178.5,221.974
405.7,10.3296,2.56993,11.7646,8.59208,29.8108,1.42957,-178.5,219.323
405.72,10.3324,2.4332,11.7646,8.68497,29.9275,1.40489,-178.5,216.664
405.74,10.3315,2.40109,11.8561,8.68497,29.811,1.40489,-178.5,218.254
405.76,10.3315,2.30575,11.8563,8.68497,29.8108,1.43454,-178.5,216.666
405.78,10.3324,2.37224,11.8104,8.87074,29.5191,1.43459,-178.5,219.319
405.8,10.331,2.30961,11.8562,8.91711,28.9949,1.43459,-178.5,221.44
405.82,10.331,2.29973,11.8563,9.14905,28.9941,1.43459,-175.478,223.564
405.84,10.3315,2.30712,11.9021,9.1494,28.7607,1.43459,-175.473,216.664
405.86,10.331,2.34281,11.7648,9.1494,28.2365,1.43459,-175.473,217.724
405.88,10.331,2.37143,11.7646,9.42806,28.2357,1.43459,-175.473,220.381
405.9,10.331,2.38906,11.6729,9.42806,28.2357,1.41044,-175.473,222.505
405.92,10.3324,2.28463,11.6271,9.47444,28.0027,1.41044,-175.473,225.156
405.94,10.3319,2.31695,11.627,9.61384,27.944,1.44378,-175.473,226.753
405.96,10.3329,2.32462,11.5355,9.61384,27.944,1.44378,-175.473,226.753
405.98,10.3329,2.39745,11.3522,9.61384,28.0605,1.44378,-175.473,234.176
406,10.3343,2.39342,11.3519,9.75317,28.0607,1.44378,-177.985,235.781
406.02,10.3315,2.42576,11.3062,9.75317,28.0607,1.44378,-177.985,232.069
406.04,10.3315,2.44782,11.1688,9.79954,28.1189,1.44378,-177.985,238.426
406.06,10.3329,2.3178,11.1686,9.75317,27.8273,1.44378,-177.985,243.746
406.08,10.3329,2.30984,11.1686,9.75317,27.8273,1.41667,-177.985,244.807
406.1,10.3306,2.31388,11.1686,9.70673,27.8273,1.44,-177.985,247.995
406.12,10.3306,2.36928,11.2602,9.79961,27.6523,1.44,-177.985,252.774
406.14,10.3338,2.28989,11.2602,9.79961,27.6523,1.44,-177.985,260.728
406.16,10.3329,2.28245,11.2144,9.70673,27.5356,1.44,-177.985,265.519
406.18,10.3329,2.29265,11.1686,9.70673,27.5939,1.44,-175.601,263.398
406.2,10.3319,2.33889,11.1686,9.70673,27.594,1.44,-175.597,260.214
406.22,10.3319,2.38428,11.3519,9.52095,27.419,1.44,-175.597,260.209
406.24,10.3319,2.42115,11.3062,9.52095,27.5355,1.44,-175.597,257.027
406.26,10.3319,2.35295,11.3061,9.52095,27.5939,1.43112,-175.597,258.613
406.28,10.3319,2.33041,11.3061,9.33518,27.594,1.43735,-175.597,252.774
406.3,10.3333,2.34719,11.3977,9.19606,28.0017,1.43735,-175.597,252.774
406.32,10.3333,2.32286,11.3978,9.19585,28.5266,1.43735,-175.597,252.774
406.34,10.3315,2.38756,11.3978,9.1494,28.5274,1.43735,-176.565,250.119
406.36,10.3329,2.46215,11.5351,9.01028,29.2264,1.43735,-176.565,251.71
406.38,10.3333,2.43386,11.5353,9.01007,29.9275,1.43735,-176.565,253.305
406.4,10.3333,2.42681,11.4436,9.01007,29.9275,1.43735,-176.565,246.402
406.42,10.3329,2.33277,11.7183,8.9637,30.3353,1.47098,-176.565,254.355
406.44,10.3315,2.43996,11.6729,8.96363,30.6276,1.47103,-176.565,254.898
406.46,10.3315,2.40285,11.6729,8.96363,30.6276,1.45248,-176.565,250.656
406.48,10.3347,2.38072,11.856,8.77814,30.4528,1.45245,-176.565,252.241
406.5,10.3333,2.44852,11.9021,8.87074,30.2192,1.45245,-176.565,250.119
406.52,10.3319,2.44701,11.9021,8.87074,30.2192,1.45245,-175.372,247.998
406.54,10.3319,2.47759,12.0852,8.68525,29.7532,1.45245,-175.37,244.283
406.56,10.3338,2.37262,12.2231,8.63852,29.5191,1.45245,-175.37,243.215
406.58,10.3333,2.42048,12.2231,8.63852,29.5191,1.45245,-175.37,241.095
406.6,10.3329,2.44439,12.3148,8.54564,29.1691,1.46686,-175.37,245.34
406.62,10.3329,2.28176,12.4981,8.59208,29.0524,1.46686,-175.37,246.933
406.64,10.3315,2.39211,12.4981,8.45296,28.7029,1.45382,-175.37,245.872
406.66,10.3315,2.40085,12.5898,8.45275,28.7024,1.4538,-175.37,245.34
406.68,10.3315,2.31661,12.5898,8.36,28.7024,1.4538,-175.37,243.749
406.7,10.3319,2.36834,12.5898,8.35986,28.6442,1.4538,-176.111,241.626
406.72,10.3329,2.39302,12.6815,8.35986,28.6441,1.4538,-176.112,242.153
406.74,10.3333,2.36509,12.59,8.26711,28.6441,1.4538,-176.112,249.046
406.76,10.3333,2.27259,12.5898,8.31335,28.9353,1.4538,-176.112,253.829
406.78,10.3324,2.55165,12.4981,8.31342,28.9358,1.44653,-176.112,255.429
406.8,10.3324,2.3958,12.4524,8.22067,29.1105,1.46177,-176.112,256.49
406.82,10.3324,2.37055,12.4523,8.17416,29.5185,1.4618,-176.112,259.143
406.84,10.3352,2.35567,12.1772,8.17409,29.5191,1.4618,-176.112,252.774
406.86,10.3329,2.29982,11.9941,8.17409,29.8104,1.4618,-176.112,253.304
406.88,10.3333,2.33538,11.9938,8.17409,30.1025,1.4618,-175.865,254.367
406.9,10.3333,2.30851,11.627,8.17409,30.1025,1.4618,-175.865,250.65
406.92,10.3319,2.30127,11.4439,8.17409,29.986,1.4618,-175.865,251.18
406.94,10.3333,2.28348,11.4436,8.12764,29.8692,1.4618,-175.865,249.588
406.96,10.3315,2.25401,11.169,8.12764,29.8692,1.43132,-175.865,247.997
406.98,10.3315,2.36587,11.0312,8.31313,29.5779,1.46649,-175.865,250.116
407,10.3319,2.26304,10.8935,8.17409,29.1691,1.46654,-175.865,250.65
407.02,10.3329,2.23424,10.8935,8.22046,29.1691,1.46654,-175.865,251.71
407.04,10.3329,2.34629,10.8477,8.22053,28.9944,1.46654,-175.865,251.182
407.06,10.3329,2.36511,10.8476,8.22053,28.5274,1.46654,-175.556,252.774
407.08,10.3338,2.2836,10.8476,8.22053,28.5274,1.46654,-175.556,257.016
407.1,10.3329,2.29574,10.7559,8.22053,28.4691,1.46654,-175.556,263.926
407.12,10.3329,2.36139,10.8476,8.22053,28.4107,1.46654,-175.556,271.361
407.14,10.3333,2.26499,10.8476,8.2669,28.4107,1.43866,-175.556,276.663
407.16,10.3333,2.31136,10.8018,8.26697,28.8774,1.46048,-175.556,275.609
407.18,10.3333,2.30601,10.8018,8.17423,28.9357,1.46048,-175.556,270.307
407.2,10.3338,2.26899,10.8018,8.22046,29.227,1.46048,-175.556,265.526
407.22,10.3329,2.30559,11.0769,8.22053,29.2275,1.46048,-176.029,261.271
407.24,10.3329,2.32672,11.1226,8.2669,29.111,1.46048,-176.029,258.089
407.26,10.3329,2.23873,11.4889,8.35972,29.2855,1.46048,-176.029,257.554
407.28,10.3347,2.22051,11.4895,8.35986,29.2858,1.46048,-176.029,257.553
407.3,10.3329,2.23712,11.6726,8.22074,29.4605,1.44338,-176.029,255.433
407.32,10.3319,2.24764,12.0849,8.35965,29.8685,1.44336,-176.029,252.778
407.34,10.3319,2.26932,12.0855,8.35986,29.8692,1.47645,-176.029,249.588
407.36,10.3329,2.31277,12.1313,8.35986,30.4517,1.47645,-176.029,249.588
407.38,10.3329,2.33202,12.0397,8.35986,30.8026,1.47645,-176.029,251.712
407.4,10.3329,2.33045,12.0397,8.35986,30.8026,1.47645,-175.515,247.464
407.42,10.3347,2.33418,12.1312,8.31349,31.2686,1.47645,-175.515,243.752
407.44,10.3324,2.28359,12.1314,8.31342,31.5026,1.47645,-175.515,238.436
407.46,10.3333,2.35249,12.1314,8.31342,31.7356,1.47645,-175.515,237.376
407.48,10.3333,2.31946,11.9482,8.31342,31.736,1.44321,-175.515,240.555
407.5,10.3329,2.29535,11.948,8.31342,31.9693,1.44316,-175.515,238.436
407.52,10.3324,2.35924,11.948,8.31342,32.0276,1.49115,-175.515,234.725
407.54,10.3324,2.34633,11.8564,8.35979,32.0277,1.49122,-175.515,235.249
407.56,10.3329,2.29677,11.9938,8.31342,31.736,1.49122,-175.515,232.595
407.58,10.3315,2.30603,11.9938,8.31342,31.5612,1.49122,-176.316,227.292
407.6,10.3319,2.31285,11.9938,8.31342,31.561,1.49122,-176.318,227.284
407.62,10.3319,2.36041,12.1772,8.31342,31.1526,1.49122,-176.318,225.691
407.64,10.3315,2.36414,12.0857,8.26704,30.6866,1.49122,-176.318,227.812
407.66,10.3333,2.32472,12.0855,8.26697,30.6859,1.41676,-176.318,231.533
407.68,10.3333,2.32291,12.1313,8.2206,29.9869,1.48205,-176.318,234.184
407.7,10.3329,2.25971,12.1771,8.22053,29.1704,1.48215,-176.318,238.96
407.72,10.3319,2.3581,12.1772,8.22053,29.1691,1.48215,-176.318,245.34
407.74,10.331,2.3451,12.1314,8.2669,28.6449,1.48215,-176.318,245.87
407.76,10.331,2.33561,12.2687,8.17423,27.9451,1.48215,-174.899,246.931
407.78,10.3319,2.32815,12.2689,8.17409,27.944,1.48215,-174.897,246.933
407.8,10.3301,2.4211,12.1773,8.26683,27.8858,1.48215,-174.897,243.221
407.82,10.3301,2.40928,12.2688,8.31335,27.8274,1.48215,-174.897,242.155
407.84,10.3296,2.36144,12.2689,8.31342,27.8273,1.45836,-174.897,242.153
407.86,10.3301,2.28874,12.2689,8.40616,27.8273,1.48752,-174.897,245.865
407.88,10.3296,2.30883,12.2231,8.45275,27.6523,1.48757,-174.897,248.526
407.9,10.3296,2.34641,12.2231,8.59208,27.7107,1.48757,-174.897,244.809
407.92,10.3287,2.43693,12.3146,8.59208,27.7107,1.48757,-177.035,244.278
407.94,10.3273,2.42476,12.2231,8.54564,27.7107,1.48757,-177.038,246.933
407.96,10.3273,2.418,12.2231,8.63838,27.9437,1.48757,-177.038,244.812
407.98,10.3268,2.48909,12.1315,8.63852,27.944,1.48757,-177.038,249.05
408,10.3296,2.42977,12.1314,8.73141,28.1774,1.51235,-177.038,246.402
408.02,10.3268,2.36869,12.1314,8.68504,28.4104,1.51235,-177.038,251.704
408.04,10.3268,2.36237,12.0856,8.68497,28.4107,1.48985,-177.038,258.075
408.06,10.3264,2.45998,12.0855,8.73141,28.8191,1.48982,-177.038,257.022
408.08,10.3273,2.3446,12.0855,8.73141,29.1103,1.48982,-177.038,251.72
408.1,10.3264,2.33884,11.9021,8.73141,29.1108,1.48982,-175.082,244.809
408.12,10.3264,2.29951,11.9938,8.63852,29.3441,1.48982,-175.082,242.684
408.14,10.3259,2.43468,11.9938,8.73127,29.4024,1.48982,-175.082,236.852
408.16,10.3264,2.38773,11.8563,8.73141,29.4025,1.48982,-175.082,237.374
408.18,10.3264,2.50825,11.7647,8.73141,29.3442,1.50175,-175.082,237.374
408.2,10.325,2.25154,11.8104,8.82415,29.1694,1.50176,-175.082,237.904
408.22,10.3268,2.3726,11.8104,8.8243,29.1691,1.52538,-175.082,240.029
408.24,10.3245,2.38898,11.8104,8.8243,28.9944,1.52538,-175.082,241.09
408.26,10.3245,2.40093,11.6731,8.87067,28.8194,1.52538,-175.082,244.273
408.28,10.3245,2.40913,11.6729,8.96363,28.8191,1.52538,-176.606,245.34
408.3,10.3264,2.30139,11.6271,8.96363,28.4696,1.52538,-176.606,241.098
408.32,10.3236,2.26165,11.627,9.05637,28.4108,1.52538,-176.606,238.97
408.34,10.3236,2.32674,11.627,9.05652,28.4107,1.52538,-176.606,238.967
408.36,10.3236,2.23524,11.5355,9.05652,28.003,1.47165,-176.606,234.195
408.38,10.3222,2.23733,11.627,9.05652,27.8857,1.47156,-176.606,232.595
408.4,10.3222,2.36487,11.627,9.24229,27.8273,1.52884,-176.606,229.408
408.42,10.3213,2.20893,11.4897,9.24229,27.8273,1.52884,-176.606,235.771
408.44,10.3245,2.38824,11.3519,9.19585,27.769,1.52884,-176.606,231.002
408.46,10.3245,2.42761,11.3519,9.24222,27.8272,1.52884,-174.529,224.109
408.48,10.3245,2.27865,11.3062,9.24229,27.8273,1.52884,-174.526,220.917
408.5,10.3241,2.36466,11.3519,9.19585,27.6523,1.52884,-174.526,225.16
408.52,10.3217,2.4466,11.3062,9.24222,27.7106,1.52884,-174.526,228.342
408.54,10.3217,2.46622,11.3061,9.24229,27.7107,1.48004,-174.526,224.635
408.56,10.3199,2.33596,11.2602,9.19585,27.7107,1.52841,-174.526,226.753
408.58,10.3199,2.32371,11.2602,9.19585,27.6524,1.52841,-174.526,227.284
408.6,10.318,2.29983,11.2602,9.19585,27.6523,1.52841,-174.526,227.815
408.62,10.318,2.34787,11.3061,9.1494,27.6523,1.52841,-174.526,227.284
408.64,10.3166,2.28639,11.2603,9.05666,27.5358,1.52841,-176.891,229.405
408.66,10.3152,2.23109,11.2602,9.05652,27.5356,1.52841,-176.894,229.939
408.68,10.3138,2.2184,11.2602,9.10289,27.4774,1.52841,-176.894,225.698
408.7,10.3138,2.46488,11.2602,9.10296,27.5356,1.52841,-176.894,219.328
408.72,10.3129,2.35993,11.2602,9.1494,27.594,1.4978,-176.894,219.319
408.74,10.3115,2.36966,11.3518,9.1494,27.594,1.53791,-176.894,225.151
408.76,10.3115,2.34265,11.3519,8.96391,27.4775,1.53797,-176.894,224.1
408.78,10.3115,2.31679,11.3519,9.10296,27.6523,1.53797,-176.894,229.939
408.8,10.3115,2.38772,11.3062,9.10296,27.6523,1.53797,-174.057,232.591
408.82,10.3073,2.41081,11.4434,8.96384,27.7106,1.53797,-174.053,229.413
408.84,10.3073,2.45458,11.4436,9.01007,27.7107,1.53797,-174.053,232.064
408.86,10.3087,2.38058,11.581,9.01007,27.7107,1.53797,-174.053,237.896
408.88,10.3073,2.49847,11.5812,8.87074,27.769,1.50543,-174.053,241.622
408.9,10.3073,2.49947,11.6729,8.91718,27.769,1.50543,-174.053,242.684
408.92,10.3064,2.43111,11.6729,8.91718,27.769,1.53005,-174.053,240.564
408.94,10.305,2.41677,11.8104,8.96363,27.8273,1.53009,-174.053,238.967
408.96,10.3027,2.51112,11.902,8.91726,28.0021,1.53009,-174.053,236.316
408.98,10.3027,2.37408,11.9021,8.91718,28.0023,1.53009,-177.137,231.54
409,10.3022,2.45101,11.9021,8.8243,28.1774,1.53009,-177.141,233.657
409.02,10.3022,2.52027,12.1768,8.87067,28.1191,1.53009,-177.141,233.127
409.04,10.3022,2.50353,12.1772,8.87074,28.119,1.53009,-177.141,233.126
409.06,10.299,2.42477,12.1772,8.87074,28.4107,1.53359,-177.141,231.002
409.08,10.2994,2.3913,12.2688,8.87074,28.3525,1.53359,-177.141,228.35
409.1,10.2967,2.39856,12.2689,8.87074,28.7024,1.54909,-177.141,228.346
409.12,10.2967,2.44912,12.3148,8.8243,28.7024,1.54909,-177.141,233.126
409.14,10.2943,2.50018,12.3605,8.87067,28.6442,1.54909,-177.141,237.898
409.16,10.2962,2.48613,12.3606,8.8243,28.5274,1.54909,-173.888,234.719
409.18,10.2962,2.45715,12.3148,8.8243,28.5274,1.54909,-173.888,235.779
409.2,10.2934,2.34414,12.269,8.77792,28.5274,1.54909,-173.888,233.66
409.22,10.2883,2.24925,12.2689,8.77785,28.3524,1.54909,-173.888,228.877
409.24,10.2878,2.31386,12.2689,8.77785,28.3524,1.53646,-173.888,228.347
409.26,10.2878,2.43477,12.2689,8.8706,28.2941,1.55055,-173.888,221.984
409.28,10.2883,2.47159,12.2689,8.8243,28.4107,1.55057,-173.888,218.788
409.3,10.2864,2.2392,12.0858,8.8243,28.4107,1.55057,-173.888,219.848
409.32,10.2864,2.25145,12.1313,8.77792,28.3525,1.55057,-173.888,222.501
409.34,10.2846,2.27079,12.0855,8.87074,28.294,1.55057,-176.585,220.912
409.36,10.2823,2.38614,12.0855,8.87074,28.294,1.55057,-176.585,219.851
409.38,10.2799,2.38301,11.9938,8.87074,28.4107,1.55057,-176.585,228.877
409.4,10.2799,2.33979,11.8563,8.96363,28.294,1.55057,-176.585,226.753
409.42,10.2799,2.50882,11.8563,8.96363,28.294,1.52394,-176.585,219.33
409.44,10.2776,2.42366,11.948,8.91718,28.4107,1.5561,-176.585,220.912
409.46,10.2762,2.37931,11.8564,8.87081,28.3525,1.5561,-176.585,220.382
409.48,10.2762,2.36122,11.8563,8.87074,28.3524,1.5561,-176.585,219.32
409.5,10.2753,2.35747,11.8104,9.01007,28.3524,1.5561,-176.585,221.974
409.52,10.2748,2.34803,11.902,9.05645,28.5271,1.5561,-173.83,223.034
409.54,10.2748,2.25383,11.9021,9.19563,28.4109,1.5561,-173.826,222.506
409.56,10.2739,2.3846,11.8563,9.19585,28.4107,1.5561,-173.826,221.974
409.58,10.2725,2.35593,11.9021,9.01035,28.2942,1.5561,-173.826,220.383
409.6,10.2697,2.37147,11.9021,9.05645,28.294,1.53819,-173.826,223.562
409.62,10.2697,2.39549,11.948,9.05652,28.294,1.57103,-173.826,224.629
409.64,10.2725,2.34226,11.9022,9.10289,28.294,1.57103,-173.826,227.28
409.66,10.2716,2.3719,11.9021,9.01007,28.3524,1.57103,-173.826,226.222
409.68,10.2716,2.39194,11.9479,9.01007,28.3524,1.57103,-176.889,225.162
409.7,10.2706,2.45146,12.0395,8.87095,28.4106,1.57103,-176.894,221.449
409.72,10.2706,2.39792,12.0397,8.77785,28.3524,1.57103,-176.894,218.257
409.74,10.2693,2.38857,12.0854,8.77785,28.3524,1.57103,-176.894,216.136
409.76,10.2693,2.50643,12.1313,8.77785,28.3524,1.55499,-176.894,223.025
409.78,10.2683,2.48064,12.1314,8.63852,28.5274,1.55496,-176.894,226.753
409.8,10.2706,2.35678,12.1314,8.63852,28.5274,1.56997,-176.894,221.451
409.82,10.2697,2.37374,12.0856,8.45303,28.6439,1.56999,-176.894,230.987
409.84,10.2697,2.26764,12.1772,8.26697,28.9358,1.56999,-176.894,241.091
409.86,10.2725,2.33423,12.1772,8.26697,28.9358,1.56999,-173.481,244.803
409.88,10.2711,2.35409,12.1314,8.0812,28.7607,1.56999,-173.476,247.995
409.9,10.2711,2.36343,12.1772,8.03475,29.0524,1.56999,-173.476,248.526
409.92,10.2683,2.42953,12.1772,7.84926,29.0524,1.56999,-173.476,244.814
409.94,10.2693,2.39157,12.2689,7.84898,28.8774,1.58996,-173.476,242.684
409.96,10.2697,2.37405,12.1316,7.84898,29.0522,1.58996,-173.476,241.094
409.98,10.2697,2.36581,12.1314,7.84898,28.9942,1.55711,-173.476,236.319
410,10.2679,2.36955,12.2231,7.84898,28.9941,1.55706,-173.476,232.595
410.02,10.2679,2.37845,12.3146,7.80261,28.9359,1.55706,-173.476,229.413
410.04,10.2679,2.38363,12.3148,7.80254,28.994,1.55706,-177.033,226.757
410.06,10.2702,2.32779,12.3148,7.80254,28.9941,1.55706,-177.038,225.16
410.08,10.2679,2.2176,12.3148,7.70979,28.9359,1.55706,-177.038,229.932
410.1,10.2669,2.21963,12.3148,7.75602,28.761,1.55706,-177.038,233.121
410.12,10.2669,2.26362,12.3606,7.75609,28.7607,1.59767,-177.038,235.781
410.14,10.2679,2.39677,12.4522,7.75609,28.6442,1.55649,-177.038,235.251
410.16,10.2679,2.23954,12.4523,7.80254,28.4691,1.55643,-177.038,235.781
410.18,10.2679,2.23428,12.4523,7.80254,28.4691,1.55643,-177.038,231.539
410.2,10.2655,2.28072,12.4065,7.75616,28.2943,1.55643,-177.038,232.593
410.22,10.2679,2.22158,12.4981,7.89542,28.3524,1.55643,-173.538,228.877
410.24,10.2655,2.25134,12.4981,7.89542,28.3524,1.55643,-173.538,221.454
410.26,10.2655,2.32423,12.5439,7.9418,28.1776,1.55643,-173.538,219.852
410.28,10.266,2.28717,12.5898,7.89542,28.0023,1.55643,-173.538,214.539
410.3,10.2665,2.26363,12.5898,7.89542,28.0023,1.62924,-173.538,213.479
410.32,10.2665,2.29642,12.5441,7.9418,28.1188,1.5627,-173.538,215.068
410.34,10.2632,2.36271,12.4523,8.0812,28.0023,1.5626,-173.538,225.16
410.36,10.2646,2.3778,12.4523,8.0812,28.1188,1.5626,-173.538,227.281
410.38,10.2646,2.36848,12.3148,8.0812,28.119,1.5626,-175.947,227.815
410.4,10.2646,2.38007,12.1314,8.12764,28.119,1.5626,-175.947,228.877
410.42,10.259,2.33893,12.1314,8.12764,28.0608,1.5626,-175.947,230.998
410.44,10.2581,2.31735,11.8104,8.12764,28.0607,1.5626,-175.947,230.471
410.46,10.2581,2.35152,11.3526,8.22039,28.4684,1.59741,-175.947,234.182
410.48,10.2558,2.3288,11.3519,8.22053,28.4691,1.59747,-175.947,234.188
410.5,10.253,2.35495,11.1227,8.22053,28.4691,1.58323,-175.947,231.533
410.52,10.2544,2.34105,10.8938,8.35965,28.7021,1.58323,-175.947,229.942
410.54,10.2544,2.43996,10.8019,8.49898,28.7024,1.58323,-175.947,230.47
410.56,10.2498,2.33972,10.8018,8.49919,28.7024,1.58323,-173.703,233.657
410.58,10.2488,2.28896,10.6644,8.40645,28.7607,1.58323,-173.703,242.671
410.6,10.2446,2.22091,10.71,8.49905,28.6442,1.58323,-173.703,243.745
410.62,10.2446,2.43656,10.7101,8.49919,28.6441,1.58323,-173.703,242.684
410.64,10.2414,2.38276,10.6643,8.54556,28.5858,1.53152,-173.703,251.168
410.66,10.2419,2.39689,10.6642,8.68497,28.2357,1.53144,-173.703,253.836
410.68,10.2419,2.34867,10.6642,8.63859,28.2357,1.60136,-173.703,250.125
410.7,10.2405,2.42789,10.7558,8.63852,28.4687,1.60147,-173.703,249.589
410.72,10.2377,2.4444,10.9393,8.73141,28.7607,1.60147,-173.703,252.243
410.74,10.2386,2.45306,10.9393,8.63866,28.9937,1.60147,-175.45,249.062
410.76,10.2386,2.44411,11.0766,8.63852,28.9941,1.60147,-175.453,238.452
410.78,10.2358,2.27197,11.3519,8.73141,28.9941,1.60147,-175.453,238.436
410.8,10.2335,2.4187,11.3519,8.63866,28.8194,1.60147,-175.453,244.269
410.82,10.2335,2.42721,11.7182,8.63852,28.8191,1.51494,-175.453,252.761
410.84,10.233,2.33275,12.1314,8.68497,28.4107,1.59735,-175.453,253.305
410.86,10.2321,2.305,12.1314,8.59222,28.3525,1.59735,-175.453,257.547
410.88,10.2307,2.29289,12.4523,8.59208,28.3524,1.59735,-175.453,257.022
410.9,10.2307,2.31891,12.8191,8.4063,28.0607,1.59735,-175.453,259.678
410.92,10.2261,2.35584,12.8191,8.26719,27.7112,1.59735,-174.075,259.147
410.94,10.2214,2.44582,13.0483,8.26697,27.7107,1.59735,-174.073,259.147
410.96,10.2214,2.45222,13.0941,8.12785,27.7689,1.59735,-174.073,260.207
410.98,10.2182,2.39683,13.2315,8.0349,27.7107,1.59735,-174.073,256.497
411,10.2172,2.32113,13.2317,8.03475,27.7107,1.5335,-174.073,245.871
411.02,10.2154,2.33616,13.3233,7.89564,27.7107,1.61065,-174.073,250.112
411.04,10.2154,2.38014,13.3234,7.61719,27.5942,1.61077,-174.073,253.3
411.06,10.2149,2.39212,13.3234,7.57032,27.594,1.61077,-174.073,249.057
411.08,10.2098,2.34064,13.2318,7.57032,27.5357,1.61077,-175.327,250.648
411.1,10.2056,2.36558,13.1859,7.66306,27.8269,1.61077,-175.329,257.543
411.12,10.2056,2.43168,13.1859,7.3381,27.8273,1.61077,-175.329,259.147
411.14,10.2042,2.34567,13.1859,7.3381,28.1186,1.61077,-175.329,255.965
411.16,10.201,2.32108,13.0942,7.29166,28.119,1.61077,-175.329,263.926
411.18,10.201,2.39681,13.0942,7.24528,28.119,1.56848,-175.329,270.289
411.2,10.1959,2.32761,13.0942,7.24521,28.119,1.59327,-175.329,274.01
411.22,10.1936,2.27319,13.0025,7.15233,28.119,1.59331,-175.329,268.174
411.24,10.194,2.30038,13.0025,7.24507,28.0608,1.59331,-175.329,269.235
411.26,10.194,2.29492,12.9567,7.24521,28.0607,1.59331,-173.726,277.19
411.28,10.1912,2.27828,13.0025,7.24521,27.8273,1.59331,-173.723,281.981
411.3,10.1875,2.33431,12.9109,7.29159,27.6526,1.59331,-173.723,278.8
411.32,10.1875,2.34377,12.9108,7.29166,27.6523,1.59331,-173.723,276.144
411.34,10.1871,2.39367,12.8191,7.24521,27.3606,1.55943,-173.723,279.857
411.36,10.1834,2.25504,12.8649,7.38433,27.4189,1.55943,-173.723,283.569
411.38,10.1833,2.23394,12.8649,7.38454,27.419,1.59588,-173.723,284.105
411.4,10.1833,2.22481,12.8649,7.47743,27.5356,1.59588,-173.723,293.664
411.42,10.1796,2.25497,12.7734,7.47743,27.4774,1.59588,-173.723,298.966
411.44,10.1796,2.11548,12.7732,7.57032,27.4773,1.59588,-173.929,300.037
411.46,10.1796,2.1345,12.5901,7.57032,27.5938,1.59588,-173.929,302.157
411.48,10.1792,2.26117,12.4067,7.61669,27.827,1.59588,-173.929,300.04
411.5,10.1806,2.34268,12.4064,7.75609,27.8857,1.59588,-173.929,300.568
411.52,10.1778,2.32672,12.1318,7.75609,27.8857,1.56302,-173.929,295.796
411.54,10.1778,2.35677,11.8567,7.80247,27.9439,1.56297,-173.929,297.379
411.56,10.1768,2.28062,11.8563,7.66321,28.119,1.59655,-173.929,293.664
411.58,10.1778,2.33443,11.6274,7.66321,28.119,1.59655,-173.929,284.65
411.6,10.1759,2.33406,11.3981,7.80232,28.2355,1.59655,-173.929,280.395
411.62,10.1759,2.49116,11.3978,7.84898,28.6441,1.59655,-174.32,275.078
411.64,10.1745,2.57884,10.9858,7.84898,28.6441,1.59655,-174.32,273.487
411.66,10.1727,2.53926,10.6642,7.80254,28.7607,1.59655,-174.32,266.581
411.68,10.1727,2.55168,10.2522,7.70979,28.8772,1.59655,-174.32,261.279
411.7,10.169,2.48343,10.2516,7.70965,28.8774,1.57094,-174.32,255.438
411.72,10.1634,2.49741,9.88481,7.80254,28.9358,1.60697,-174.32,254.898
411.74,10.1624,2.52534,9.65592,7.75616,29.2853,1.60697,-174.32,256.489
411.76,10.1624,2.56622,9.65557,7.75609,29.2858,1.60697,-174.32,254.901
411.78,10.162,2.57148,9.42633,7.75609,29.6358,1.60697,-173.661,255.96
411.8,10.1597,2.42739,9.38055,7.66335,29.6941,1.60697,-173.661,257.551
411.82,10.1597,2.37246,9.38048,7.66321,29.6942,1.60697,-173.661,254.902
411.84,10.1592,2.51928,9.28879,7.70965,29.5775,1.60697,-173.661,253.305
411.86,10.1606,2.43074,9.38034,7.66328,28.8785,1.60697,-173.661,250.124
411.88,10.1601,2.42857,9.38048,7.61676,28.0023,1.59266,-173.661,246.933
411.9,10.1601,2.41314,9.60972,7.61676,28.0023,1.56583,-173.661,243.746
411.92,10.1575,2.3895,9.83861,7.61676,27.2451,1.56583,-173.661,242.686
411.94,10.1575,2.28895,9.83896,7.52387,26.7772,1.56583,-173.661,241.622
411.96,10.1575,2.36304,10.0679,7.52387,26.7772,1.56583,-174.052,240.562
411.98,10.158,2.41274,10.2971,7.61662,26.253,1.56583,-174.053,243.211
412,10.1553,2.46748,10.2974,7.47743,25.9022,1.56583,-174.053,245.871
412.02,10.1575,2.45769,10.6179,7.47743,25.9022,1.56583,-174.053,245.34
412.04,10.1575,2.43519,10.8015,7.43106,25.3779,1.57917,-174.053,243.749
412.06,10.1587,2.49891,11.031,7.3381,24.9104,1.57919,-174.053,242.153
412.08,10.1569,2.43649,11.031,7.3381,24.9104,1.59437,-174.053,240.563
412.1,10.1569,2.45823,11.1683,7.43085,24.9687,1.59439,-174.053,234.197
412.12,10.1553,2.43757,11.2144,7.43099,25.2021,1.59439,-174.053,227.815
412.14,10.1553,2.65906,11.2144,7.43099,25.2021,1.59439,-174.32,228.876
412.16,10.1553,2.65885,11.3061,7.3381,25.3188,1.59439,-174.32,227.815
412.18,10.1553,2.39348,11.2603,7.29173,25.843,1.59439,-174.32,226.755
412.2,10.1532,2.40532,11.2602,7.29166,25.8438,1.59439,-174.32,223.042
412.22,10.1527,2.47953,11.2144,7.29166,25.9022,1.62084,-174.32,218.788
412.24,10.1527,2.51435,11.0771,7.29166,26.4847,1.62084,-174.32,214.546
412.26,10.15,2.46235,11.0769,7.29166,26.4856,1.58727,-174.32,210.828
412.28,10.1521,2.36579,11.0769,7.29166,26.4856,1.58722,-174.32,208.698
412.3,10.1479,2.41239,10.848,7.19891,26.6021,1.58722,-174.32,206.577
412.32,10.1479,2.40599,10.8476,7.19877,26.6605,1.58722,-174.279,209.755
412.34,10.15,2.35305,10.8476,7.19877,26.6606,1.58722,-174.279,210.822
412.36,10.1489,2.35355,10.8476,7.1524,26.5441,1.58722,-174.279,211.883
412.38,10.1489,2.37169,10.8476,7.29166,26.4856,1.58722,-174.279,219.85
412.4,10.1489,2.36718,10.9393,7.29166,26.4856,1.60954,-174.279,220.912
412.42,10.1447,2.45031,10.8935,7.3844,26.4273,1.58017,-174.279,225.154
412.44,10.1479,2.43973,10.8935,7.38454,26.7189,1.58013,-174.279,229.408
412.46,10.1479,2.4126,10.9392,7.38454,26.7189,1.58013,-174.279,235.771
412.48,10.1447,2.41255,10.9393,7.38454,26.6024,1.58013,-174.279,240.023
412.5,10.1436,2.43647,10.9393,7.52387,26.3105,1.58013,-173.641,242.684
412.52,10.1446,2.43158,10.9393,7.52387,26.3105,1.58013,-173.641,244.805
412.54,10.1446,2.45601,10.8478,7.61662,26.1358,1.58013,-173.641,251.171
412.56,10.142,2.33595,10.9393,7.61676,26.2522,1.58013,-173.641,252.774
412.58,10.1393,2.34198,10.9393,7.80225,26.2522,1.55528,-173.641,252.244
412.6,10.1393,2.35933,10.802,7.80254,26.4852,1.58693,-173.641,253.834
412.62,10.1414,2.42377,10.8935,7.89542,26.5439,1.58698,-173.641,255.429
412.64,10.1409,2.50743,10.8935,8.12729,26.5439,1.58698,-173.641,263.383
412.66,10.1404,2.50756,10.7559,8.12764,26.7189,1.58698,-173.641,267.643
412.68,10.1404,2.43021,10.8017,8.08127,26.6607,1.58698,-174.874,274.536
412.7,10.1398,2.40531,10.8018,8.35944,26.7771,1.58698,-174.876,278.258
412.72,10.1377,2.41095,10.7559,8.35986,26.7772,1.58698,-174.876,277.202
412.74,10.1356,2.36002,10.7101,8.35986,26.4277,1.58698,-174.876,277.732
412.76,10.1356,2.43014,10.7101,8.35986,26.6602,1.55357,-174.876,275.612
412.78,10.134,2.36594,10.6184,8.35986,26.6606,1.59172,-174.876,272.954
412.8,10.1356,2.36641,10.5268,8.49898,26.6023,1.59172,-174.876,262.879
412.82,10.1356,2.37851,10.5725,8.40645,26.6605,1.59172,-174.876,261.803
412.84,10.1345,2.27609,10.5725,8.4063,26.6606,1.59172,-174.876,256.491
412.86,10.1324,2.4093,10.3894,8.4063,26.7188,1.59172,-172.944,251.189
412.88,10.1334,2.3609,10.3433,8.31342,26.7772,1.59172,-172.941,250.65
412.9,10.1334,2.24924,10.3433,8.31342,26.7772,1.59172,-172.941,251.181
412.92,10.1297,2.28414,10.1602,8.26704,26.8937,1.57243,-172.941,251.711
412.94,10.1308,2.35523,10.0682,8.22053,26.8356,1.5724,-172.941,255.96
412.96,10.1308,2.33648,10.0682,8.22053,26.8356,1.58785,-172.941,256.491
412.98,10.1302,2.31444,9.97665,8.22053,26.6026,1.58788,-172.941,257.022
413,10.1313,2.31671,9.88481,8.0812,26.4856,1.58788,-172.941,255.429
413.02,10.1313,2.29772,9.88481,8.0812,26.0196,1.58788,-172.941,252.778
413.04,10.1313,2.34557,9.97637,8.12757,26.0188,1.58788,-174.688,250.123
413.06,10.1308,2.32725,9.79311,8.0812,25.6688,1.58788,-174.691,242.153
413.08,10.1302,2.35705,9.79311,8.0812,25.2028,1.58788,-174.691,238.442
413.1,10.1302,2.37803,9.83889,8.03483,25.2021,1.58318,-174.691,234.725
413.12,10.1329,2.30673,9.88481,7.98831,24.7937,1.58511,-174.691,227.815
413.14,10.1313,2.30002,9.88481,7.98831,24.386,1.58511,-174.691,230.997
413.16,10.1302,2.28786,9.83896,7.94187,24.3854,1.58511,-174.691,234.188
413.18,10.1302,2.47086,9.9763,7.89549,23.9194,1.58511,-174.691,236.839
413.2,10.1297,2.45006,9.88495,7.89542,23.8604,1.58511,-174.691,234.722
413.22,10.1318,2.57402,9.88481,7.89542,23.8603,1.58511,-172.776,232.595
413.24,10.1318,2.5873,10.1137,7.84905,23.5691,1.58511,-172.776,230.474
413.26,10.1292,2.55298,10.1141,7.84898,23.6851,1.58511,-172.776,229.94
413.28,10.1243,2.46483,10.1141,7.84898,23.6853,1.58742,-172.776,229.408
413.3,10.1222,2.45319,10.2056,7.80261,23.8601,1.56614,-172.776,228.878
413.32,10.1222,2.48345,10.1142,7.80254,24.3263,1.56611,-172.776,225.166
413.34,10.1238,2.48815,10.1141,7.75609,24.327,1.56611,-172.776,221.443
413.36,10.1201,2.54379,10.2056,7.75609,24.6765,1.56611,-172.776,215.61
413.38,10.1201,2.50578,10.2057,7.75609,24.9688,1.56611,-172.776,204.981
413.4,10.1153,2.49057,10.2057,7.75609,25.0854,1.56611,-173.929,194.36
413.42,10.1153,2.53113,10.2057,7.70972,25.0854,1.56611,-173.929,195.951
413.44,10.1088,2.49425,10.2516,7.70965,25.0854,1.56611,-173.929,195.422
413.46,10.1088,2.50907,10.2516,7.66328,25.2019,1.58856,-173.929,194.892
413.48,10.1056,2.4841,10.2516,7.80232,25.2021,1.56189,-173.929,192.77
413.5,10.1051,2.3682,10.2057,7.80254,25.0854,1.56185,-173.929,202.857
413.52,10.1051,2.35142,10.2057,7.66342,25.0272,1.56185,-173.929,212.931
413.54,10.1056,2.34895,10.1142,7.80232,25.0271,1.56185,-173.929,213.477
413.56,10.1062,2.31727,10.0682,7.66321,25.0854,1.56185,-173.929,216.132
413.58,10.1051,2.32745,10.0682,7.66321,25.0272,1.56185,-172.202,218.784
413.6,10.1051,2.33852,10.0224,7.75595,25.0271,1.56185,-172.199,218.788
413.62,10.104,2.37481,9.88481,7.80254,25.0854,1.58939,-172.199,223.036
413.64,10.1035,2.35225,9.88481,7.80254,24.9107,1.58939,-172.199,227.278
413.66,10.1019,2.40146,9.79311,7.70965,24.9104,1.55751,-172.199,231.002
413.68,10.1019,2.31612,9.70156,7.80239,25.0852,1.55751,-172.199,236.304
413.7,10.1008,2.29056,9.70142,7.80254,24.7942,1.55751,-172.199,241.614
413.72,10.0992,2.31665,9.74727,7.80254,24.7937,1.55751,-172.199,243.215
413.74,10.0992,2.25157,9.60993,7.80254,24.7937,1.55751,-172.199,245.336
413.76,10.0982,2.36751,9.60972,7.80254,24.7355,1.55751,-174.502,247.46
413.78,10.0971,2.30656,9.65557,7.89542,24.7354,1.55751,-174.506,251.712
413.8,10.0976,2.30979,9.70135,7.80268,24.6189,1.58866,-174.506,261.256
413.82,10.0976,2.3162,9.70142,7.80254,24.7935,1.58871,-174.506,270.815
413.84,10.0949,2.35315,9.70142,7.80254,24.7937,1.55385,-174.506,275.078
413.86,10.0949,2.44799,9.7472,7.80254,24.852,1.55385,-174.506,280.38
413.88,10.0949,2.4661,9.74727,7.80254,25.0854,1.55385,-174.506,285.698
413.9,10.0966,2.38029,9.83896,7.80254,25.0854,1.55385,-174.506,286.761
413.92,10.0939,2.52296,9.9763,7.80254,25.2019,1.55385,-174.506,273.505
413.94,10.0933,2.46789,9.97651,7.80254,25.2021,1.55385,-171.335,260.209
413.96,10.0933,2.52176,9.93073,7.70979,25.2021,1.55385,-171.335,260.209
413.98,10.0933,2.47098,10.068,7.70965,25.4934,1.5747,-171.335,252.785
414,10.0907,2.46513,10.0682,7.70965,25.7855,1.57473,-171.335,251.181
414.02,10.0907,2.50526,10.2971,7.70965,25.7855,1.54768,-171.335,252.772
414.04,10.0923,2.44951,10.3432,7.66328,26.1932,1.54764,-171.335,248.532
414.06,10.0901,2.47475,10.3433,7.66321,26.6022,1.54764,-171.335,250.65
414.08,10.0896,2.40249,10.4348,7.61683,26.6022,1.54764,-171.335,252.771
414.1,10.0896,2.45839,10.5265,7.70951,26.8352,1.54764,-171.335,249.593
414.12,10.0885,2.49538,10.5267,7.70965,27.0106,1.54764,-174.32,245.871
414.14,10.0917,2.45368,10.6182,7.6169,27.0106,1.54764,-174.32,238.447
414.16,10.0896,2.48429,10.7101,7.57032,27.1856,1.56548,-174.32,234.719
414.18,10.0896,2.5416,10.7101,7.57032,27.3604,1.56548,-174.32,235.779
414.2,10.0891,2.39506,10.7101,7.57032,27.3606,1.54947,-174.32,236.841
414.22,10.088,2.3644,10.9852,7.43099,27.594,1.54945,-174.32,236.843
414.24,10.088,2.44432,10.9394,7.43099,27.7105,1.54945,-174.32,235.252
414.26,10.0885,2.52543,10.9393,7.43099,27.7107,1.54945,-174.32,233.129
414.28,10.0837,2.4145,10.9852,7.47743,27.594,1.54945,-171.582,231.002
414.3,10.0853,2.40906,11.0309,7.47743,27.594,1.54945,-171.582,228.35
414.32,10.0853,2.53123,11.031,7.43106,27.594,1.54945,-171.582,235.239
414.34,10.0885,2.53142,11.0769,7.24521,27.4773,1.56454,-171.582,243.746
414.36,10.0853,2.58971,10.9853,7.24521,27.2443,1.56454,-171.582,246.398
414.38,10.0853,2.58496,10.9852,7.3381,27.244,1.53991,-171.582,249.057
414.4,10.0864,2.43509,10.9852,7.24521,27.244,1.53991,-171.582,251.712
414.42,10.0848,2.38952,10.9394,7.24521,27.1275,1.53991,-171.582,251.182
414.44,10.0848,2.3914,10.9393,7.29166,26.9523,1.53991,-171.582,255.96
414.46,10.0848,2.28997,10.9393,7.33803,26.9523,1.53991,-173.699,267.625
414.48,10.0859,2.31139,10.802,7.3381,26.7775,1.53991,-173.703,264.992
414.5,10.0864,2.49106,10.8018,7.29166,26.4272,1.53991,-173.703,259.678
414.52,10.0864,2.48551,10.7102,7.3844,26.4272,1.55081,-173.703,262.859
414.54,10.0875,2.3158,10.6185,7.38454,26.2525,1.52997,-173.703,266.575
414.56,10.0875,2.25779,10.6184,7.38454,25.9605,1.52993,-173.703,272.954
414.58,10.088,2.2837,10.481,7.19905,25.9605,1.52993,-173.703,274.544
414.6,10.088,2.4288,10.3893,7.19877,25.9023,1.52993,-173.703,271.365
414.62,10.0837,2.42484,10.3891,7.3381,25.6688,1.52993,-173.703,268.705
414.64,10.0869,2.41857,10.2976,7.29173,25.6688,1.52993,-170.824,268.705
414.66,10.0869,2.40852,10.2057,7.29166,25.7272,1.52993,-170.82,270.298
414.68,10.0853,2.3273,10.2057,7.33803,25.3194,1.52993,-170.82,267.117
414.7,10.0848,2.37178,10.0684,7.38447,25.3188,1.54577,-170.82,264.461
414.72,10.0848,2.38449,10.0682,7.38454,25.2605,1.50808,-170.82,262.333
414.74,10.0848,2.29915,10.0682,7.2918,25.0857,1.50808,-170.82,256.5
414.76,10.0864,2.42542,10.0682,7.33803,25.0854,1.50808,-170.82,253.31
414.78,10.0853,2.29721,9.97651,7.3381,24.8521,1.50808,-170.82,255.96
414.8,10.0853,2.26737,9.97651,7.38447,25.0268,1.50808,-170.82,255.96
414.82,10.088,2.30146,9.88495,7.38454,25.0271,1.50808,-173.595,255.96
414.84,10.0853,2.31246,9.88481,7.38454,24.9688,1.50808,-173.6,253.305
414.86,10.0859,2.3371,9.88481,7.2918,25.0853,1.50808,-173.6,250.124
414.88,10.0859,2.4096,9.88481,7.38454,25.0854,1.54048,-173.6,241.622
414.9,10.0864,2.31731,9.93066,7.38454,25.2021,1.4906,-173.6,241.091
414.92,10.0853,2.37302,9.93066,7.33817,25.2021,1.4906,-173.6,247.454
414.94,10.0864,2.35634,9.79311,7.43099,25.2021,1.4906,-173.6,242.684
414.96,10.0864,2.28653,9.97623,7.43099,25.2021,1.4906,-173.6,241.094
414.98,10.0885,2.27311,9.97651,7.29187,24.9109,1.4906,-169.776,239.501
415,10.0848,2.29898,9.93066,7.38454,24.9104,1.4906,-169.77,242.153
415.02,10.0848,2.1795,9.93066,7.38454,24.8522,1.4906,-169.77,239.502
415.04,10.0859,2.39051,9.93066,7.38454,24.7938,1.4906,-169.77,236.317
415.06,10.0816,2.39367,10.1141,7.43099,24.7937,1.58443,-169.77,237.905
415.08,10.0848,2.41271,10.1141,7.47736,24.9685,1.4884,-169.77,236.314
415.1,10.0848,2.45982,10.1141,7.47743,25.2018,1.48826,-169.77,237.372
415.12,10.0885,2.41795,10.1599,7.38454,25.2021,1.48826,-169.77,239.498
415.14,10.0864,2.35894,10.1599,7.52366,25.0856,1.48826,-169.77,240.559
415.16,10.0848,2.35839,10.1599,7.52387,25.4938,1.48826,-173.97,235.25
415.18,10.0848,2.40543,10.2515,7.57025,25.4938,1.48826,-173.97,227.296
415.2,10.0864,2.43255,10.2516,7.4312,25.5521,1.48826,-173.97,227.284
415.22,10.0859,2.42582,10.2516,7.43099,25.8438,1.48826,-173.97,227.815
415.24,10.0859,2.46193,10.2974,7.43099,25.8438,1.58338,-173.97,228.346
415.26,10.0864,2.46661,10.389,7.47736,26.1351,1.4961,-173.97,227.286
415.28,10.0864,2.40107,10.3891,7.38454,26.3689,1.49597,-173.97,221.974
415.3,10.0864,2.40634,10.4807,7.38454,26.3689,1.49597,-173.97,221.974
415.32,10.0864,2.39478,10.4808,7.43092,26.6601,1.49597,-173.97,223.565
415.34,10.0864,2.44928,10.4808,7.29166,26.8356,1.49597,-170.161,218.257
415.36,10.0864,2.62601,10.4808,7.29166,26.8356,1.49597,-170.161,218.787
415.38,10.0864,2.58551,10.6642,7.29166,26.9523,1.49597,-170.161,222.505
415.4,10.0864,2.5066,10.6642,7.47743,26.8939,1.49597,-170.161,219.85
415.42,10.0864,2.44084,10.6642,7.47743,26.8939,1.55773,-170.161,217.729
415.44,10.0864,2.42836,10.6642,7.3381,26.8939,1.49347,-170.161,219.319
415.46,10.0864,2.45773,10.6642,7.29173,26.7192,1.49347,-170.161,228.863
415.48,10.0864,2.45778,10.6184,7.29166,26.7189,1.49347,-170.161,230.998
415.5,10.0864,2.50732,10.7559,7.3381,26.5439,1.49347,-172.467,231.533
415.52,10.0864,2.50887,10.7559,7.3381,26.3109,1.49347,-172.467,230.472
415.54,10.0864,2.54105,10.7101,7.3381,26.3105,1.49347,-172.467,228.35
415.56,10.0864,2.5411,10.7101,7.38454,26.0772,1.49347,-172.467,227.284
415.58,10.0864,2.51972,10.7101,7.43092,25.9024,1.49347,-172.467,235.238
415.6,10.0864,2.53337,10.7101,7.43099,25.9022,1.5241,-172.467,240.552
415.62,10.0864,2.53339,10.6642,7.47743,25.7272,1.4885,-172.467,237.905
415.64,10.0864,2.54109,10.6642,7.47743,25.9019,1.4885,-172.467,239.496
415.66,10.0864,2.5411,10.6642,7.61676,25.9022,1.4885,-172.467,237.374
415.68,10.0864,2.5411,10.5269,7.61676,26.0187,1.4885,-170,236.844
415.7,10.0864,2.5411,10.5267,7.57039,25.9606,1.4885,-169.996,236.313
415.72,10.0864,2.5411,10.5267,7.47743,25.9605,1.4885,-169.996,236.843
415.74,10.0864,2.5411,10.4351,7.47743,26.0188,1.4885,-169.996,235.783
415.76,10.0864,2.5411,10.3892,7.61655,25.7859,1.4885,-169.996,239.493
415.78,10.0864,2.5411,10.3891,7.66321,25.7855,1.50593,-169.996,243.746
415.8,10.0864,2.5411,10.3434,7.66321,25.7855,1.47872,-169.996,241.626
415.82,10.0864,2.5411,10.2517,7.57046,25.4942,1.47868,-169.996,246.925
415.84,10.0864,2.5411,10.2516,7.66321,25.4938,1.47868,-169.996,250.65
415.86,10.0864,2.5411,10.2974,7.66321,25.4356,1.47868,-171.333,255.952
415.88,10.0864,2.5411,10.0682,7.52387,25.3771,1.47868,-171.335,247.995
415.9,10.0853,2.5411,10.1599,7.61676,24.9104,1.47868,-171.335,243.215
415.92,10.0864,2.5411,10.1599,7.61676,24.9104,1.47868,-171.335,235.792
415.94,10.0864,2.5411,10.0224,7.52387,24.9104,1.47868,-171.335,229.939
415.96,10.0843,2.5411,9.97658,7.52387,24.7357,1.49488,-171.335,229.409
415.98,10.0853,2.5411,9.97651,7.52387,24.7354,1.47213,-171.335,229.939
416,10.0885,2.54111,9.88481,7.43099,24.5604,1.47209,-171.335,226.753
416.02,10.0848,2.5411,9.83903,7.33824,24.2691,1.47209,-171.335,225.693
416.04,10.0848,2.2726,9.83896,7.3381,24.2687,1.47209,-168.888,226.752
416.06,10.0869,2.27219,9.79311,7.3381,24.327,1.47209,-168.884,225.691
416.08,10.0875,2.2722,9.65578,7.24535,24.2105,1.47209,-168.884,223.57
416.1,10.0869,2.32897,9.65557,7.05972,24.0356,1.47209,-168.884,226.218
416.12,10.0869,2.32537,9.74727,7.05944,24.0353,1.50525,-168.884,228.346
416.14,10.0885,2.32537,9.60993,7.19856,24.0936,1.50525,-168.884,227.816
416.16,10.088,2.2923,9.60972,7.24521,24.0937,1.48669,-168.884,228.877
416.18,10.088,2.30695,9.6555,7.24521,24.0937,1.48669,-168.884,225.166
416.2,10.0848,2.3819,9.60979,7.33796,23.8024,1.48669,-168.884,220.918
416.22,10.0848,2.52984,9.60972,7.3381,24.2104,1.48669,-170.099,218.257
416.24,10.0869,2.52985,9.60972,7.3381,24.2104,1.48669,-170.099,215.075
416.26,10.0869,2.41355,9.70128,7.3381,24.2104,1.48669,-170.099,213.48
416.28,10.088,2.3968,9.60972,7.43099,24.5604,1.48669,-170.099,211.353
416.3,10.0859,2.43851,9.60972,7.52373,24.5604,1.50017,-170.099,212.414
416.32,10.0859,2.43858,9.70128,7.52387,24.5604,1.48526,-170.099,210.294
416.34,10.0832,2.45943,9.74727,7.66321,24.7354,1.48524,-170.099,217.195
416.36,10.0848,2.49304,9.74727,7.66321,24.7354,1.48524,-170.099,229.92
416.38,10.0848,2.49309,9.83896,7.66321,24.6771,1.48524,-168.967,236.843
416.4,10.0859,2.38732,9.70142,7.70965,24.3854,1.48524,-168.967,240.56
416.42,10.0821,2.41605,9.70142,7.84877,24.3854,1.48524,-168.967,241.09
416.44,10.0827,2.33016,9.79311,7.84898,24.5604,1.48524,-168.967,243.746
416.46,10.0827,2.3283,9.70156,7.89535,24.0944,1.48524,-168.967,244.277
416.48,10.0853,2.35374,9.70142,7.89542,24.0354,1.49718,-168.967,245.338
416.5,10.0864,2.32437,9.74727,7.89542,24.0353,1.48908,-168.967,250.119
416.52,10.0864,2.28924,9.60993,7.84905,23.9771,1.48908,-168.967,250.119
416.54,10.0848,2.38419,9.60972,7.84898,23.9188,1.48908,-168.967,247.998
416.56,10.0843,2.29735,9.56388,7.84898,23.9187,1.48908,-168.411,247.464
416.58,10.0891,2.27596,9.5181,7.89535,23.8022,1.48908,-168.411,245.343
416.6,10.0891,2.49929,9.51803,7.70993,23.7437,1.48908,-168.411,250.112
416.62,10.0832,2.27789,9.28879,7.70965,23.7437,1.48908,-168.411,247.995
416.64,10.0869,2.38913,9.33457,7.6169,23.6854,1.47707,-168.411,244.283
416.66,10.0869,2.40889,9.33464,7.47743,23.627,1.47705,-168.411,240.56
416.68,10.0832,2.35594,9.1973,7.43106,23.627,1.47615,-168.411,240.03
416.7,10.0853,2.35586,9.19709,7.43099,23.6852,1.47615,-168.411,240.029
416.72,10.0869,2.31247,9.0137,7.47743,23.7437,1.47615,-168.411,242.153
416.74,10.0869,2.38633,9.0137,7.38469,23.7437,1.47615,-168.596,242.153
416.76,10.0832,2.33766,9.10526,7.38454,23.8019,1.47615,-168.596,246.395
416.78,10.088,2.30746,9.1054,7.43099,23.8603,1.47615,-168.596,244.809
416.8,10.0859,2.33113,9.1054,7.43099,23.8603,1.47615,-168.596,235.264
416.82,10.0859,2.32775,9.15117,7.43099,24.0933,1.47272,-168.596,232.599
416.84,10.0843,2.3924,9.33464,7.3381,24.2687,1.47272,-168.596,233.126
416.86,10.0843,2.39907,9.33464,7.19898,24.2687,1.46824,-168.596,234.716
416.88,10.0843,2.4617,9.38048,7.19877,24.6771,1.46824,-168.596,237.374
416.9,10.0864,2.48722,9.70142,7.29166,25.0854,1.46824,-167.155,239.498
416.92,10.0848,2.50057,9.83875,7.10616,25.4349,1.46824,-167.155,238.968
416.94,10.0859,2.48165,9.83896,7.10588,25.4355,1.46824,-167.155,235.781
416.96,10.0859,2.66067,10.0221,7.33775,25.9015,1.46824,-167.155,234.72
416.98,10.0853,2.66658,10.3886,7.43085,26.6012,1.46824,-167.155,232.598
417,10.0875,2.50541,10.3891,7.43099,26.6022,1.49412,-167.155,233.657
417.02,10.0853,2.47386,10.5265,7.57011,26.8935,1.49587,-167.155,230.475
417.04,10.0853,2.62241,10.8013,7.89493,27.0104,1.49587,-167.155,231.531
417.06,10.0843,2.56248,10.8018,7.98831,27.0106,1.49587,-167.155,238.967
417.08,10.0848,2.55109,11.0764,7.98831,27.0106,1.49587,-167.381,245.86
417.1,10.0848,2.35203,11.3057,8.1738,26.7194,1.49587,-167.381,248.522
417.12,10.0864,2.43264,11.3061,8.22053,26.5439,1.49587,-167.381,248.526
417.14,10.0853,2.52709,11.3061,8.22053,26.5439,1.49587,-167.381,250.647
417.16,10.0853,2.51905,11.1227,8.35986,26.2522,1.49587,-167.381,254.898
417.18,10.0848,2.3356,11.1227,8.26711,25.961,1.48898,-167.381,247.475
417.2,10.0864,2.33139,10.848,8.26697,25.9605,1.48458,-167.381,246.403
417.22,10.0853,2.3439,10.3433,8.26697,25.4938,1.48457,-167.381,253.305
417.24,10.0853,2.36278,10.3433,8.17423,25.4938,1.48457,-167.381,252.245
417.26,10.0837,2.43233,10.0228,8.17409,25.4938,1.48457,-165.593,251.713
417.28,10.0853,2.35526,9.65557,7.98831,25.2021,1.48457,-165.59,251.181
417.3,10.0837,2.37374,9.56402,7.52458,24.7944,1.48457,-165.59,249.59
417.32,10.0837,2.30053,9.56388,7.06015,24.7937,1.48457,-165.59,245.346
417.34,10.0843,2.261,9.38048,7.05944,24.5021,1.48284,-165.59,245.871
417.36,10.0821,2.33273,9.33471,6.59571,24.1526,1.48284,-165.59,249.052
417.38,10.0821,2.39981,9.33464,5.99123,24.152,1.47763,-165.59,252.243
417.4,10.0848,2.46355,9.33464,5.99123,23.6853,1.47763,-165.59,252.774
417.42,10.0837,2.42978,9.38041,5.5275,23.7436,1.47763,-165.59,250.123
417.44,10.0859,2.40531,9.38048,5.15525,23.7437,1.47763,-168.081,247.464
417.46,10.0859,2.41114,9.51782,5.15525,23.7437,1.47763,-168.081,249.054
417.48,10.0848,2.44852,9.51803,5.15525,23.8602,1.47763,-168.081,244.285
417.5,10.0843,2.417,9.51803,5.01592,24.327,1.47763,-168.081,234.188
417.52,10.0843,2.42627,9.7927,5.01592,24.327,1.49325,-168.081,226.234
417.54,10.0832,2.55283,9.79311,5.01592,24.9095,1.49327,-168.081,220.92
417.56,10.0837,2.82335,9.79311,5.01592,25.4938,1.48484,-168.081,213.477
417.58,10.0848,2.76913,9.97623,4.96954,25.4938,1.48484,-168.081,206.584
417.6,10.0848,2.69182,10.2512,4.96947,26.484,1.48484,-165.121,205.513
417.62,10.0848,2.9308,10.2516,5.15525,28.0023,1.48484,-165.116,198.077
417.64,10.0811,2.7759,10.572,5.0625,28.0023,1.48484,-165.116,192.775
417.66,10.0859,2.68824,10.6642,5.06236,29.9858,1.48484,-165.116,190.643
417.68,10.0859,2.71843,10.6184,5.01599,32.3158,1.48484,-165.116,189.582
417.7,10.0864,2.96159,10.6184,5.01592,32.3194,1.46739,-165.116,186.929
417.72,10.0843,2.8993,10.8935,5.01592,34.3612,1.46318,-165.116,184.27
417.74,10.0843,2.58518,10.9392,5.15504,34.769,1.46318,-165.116,186.921
417.76,10.0896,2.7095,10.9393,5.0625,34.7696,1.46318,-165.116,185.865
417.78,10.0869,2.56379,11.2602,5.06236,33.7195,1.46318,-168.349,184.801
417.8,10.0901,2.51598,11.5807,5.20148,31.7973,1.46318,-168.349,184.271
417.82,10.0901,2.38303,11.5812,5.20169,31.7943,1.46318,-168.349,186.391
417.84,10.0928,2.4295,11.9938,5.20169,29.7525,1.46318,-168.349,188.519
417.86,10.0933,2.42979,12.3143,5.24806,27.8303,1.46318,-168.349,191.7
417.88,10.0987,2.48426,12.3148,5.24813,26.1939,1.48948,-168.349,193.829
417.9,10.0987,2.40702,12.6815,5.34102,26.1939,1.49112,-168.349,195.953
417.92,10.104,2.34425,12.8646,5.34102,25.1454,1.49112,-168.349,199.665
417.94,10.1072,2.38827,12.6815,5.24813,24.7937,1.49112,-168.349,202.857
417.96,10.1094,2.66875,12.6815,5.34088,24.7937,1.49112,-164.484,206.038
417.98,10.1094,2.59396,11.766,5.34102,24.7937,1.49112,-164.478,209.224
418,10.1083,2.8085,10.2057,5.24813,24.7937,1.49112,-164.478,212.946
418.02,10.1078,2.80213,10.2057,5.29451,24.7937,1.49112,-164.478,218.249
418.04,10.1078,2.69655,8.69508,5.29458,25.318,1.48587,-164.478,223.559
418.06,10.1072,2.85184,7.50072,5.20169,25.9605,1.48586,-164.478,226.753
418.08,10.1099,2.78822,7.50072,5.20169,25.9605,1.48177,-164.478,233.646
418.1,10.1136,2.74967,6.85983,5.20169,26.8925,1.48176,-164.478,238.959
418.12,10.1137,2.64436,6.30867,5.1088,28.0607,1.48176,-164.478,239.498
418.14,10.1158,2.55894,6.30867,5.24792,29.5752,1.48176,-168.734,236.847
418.16,10.1195,2.41571,6.03359,5.24813,29.5775,1.48176,-168.74,231.533
418.18,10.1195,2.36046,5.94203,5.10902,30.5095,1.48176,-168.74,233.123
418.2,10.1259,2.63599,5.89611,5.06243,29.9284,1.48176,-168.74,236.837
418.22,10.1308,2.51614,5.89604,5.06236,29.9275,1.48352,-168.74,240.029
418.24,10.1308,2.48809,6.17071,5.29422,28.1218,1.48109,-168.74,242.15
418.26,10.1372,2.41765,6.4458,5.20183,26.3133,1.48109,-168.74,242.153
418.28,10.1393,2.45559,6.44622,5.24813,26.3105,1.48109,-168.74,241.091
418.3,10.1414,2.22608,7.04133,5.24813,25.3203,1.48109,-164.752,240.031
418.32,10.1414,2.27787,7.5458,5.20176,24.7945,1.48109,-164.746,237.378
418.34,10.1484,2.30938,7.54657,5.20169,24.7937,1.48109,-164.746,238.436
418.36,10.1569,2.35965,8.59946,5.20169,24.386,1.48109,-164.746,243.738
418.38,10.1569,2.41733,9.60972,5.24813,24.0353,1.48109,-164.746,247.995
418.4,10.1624,2.37956,9.60972,5.34102,24.0937,1.48109,-164.746,246.402
418.42,10.1666,2.36464,10.4795,5.38739,24.0937,1.4755,-164.746,243.751
418.44,10.168,2.39003,11.031,5.38747,23.9187,1.47549,-164.746,244.809
418.46,10.168,2.39129,11.031,5.38747,24.0934,1.47549,-164.746,246.399
418.48,10.1727,2.31506,11.1226,5.43384,24.0937,1.47549,-168.076,247.992
418.5,10.1768,2.45439,11.1227,5.43391,23.977,1.47549,-168.081,241.622
418.52,10.1768,2.43888,10.9396,5.57303,23.8605,1.47549,-168.081,236.85
418.54,10.1801,2.38019,10.9393,5.61961,23.8603,1.47549,-168.081,235.783
418.56,10.1815,2.48244,10.8476,5.61968,24.152,1.47903,-168.081,238.436
418.58,10.1815,2.47493,10.6645,5.61968,23.8608,1.47903,-168.081,237.376
418.6,10.1833,2.38435,10.6642,5.71243,23.8603,1.47903,-168.081,232.072
418.62,10.1857,2.32105,10.6642,5.71257,23.6853,1.47903,-168.081,234.188
418.64,10.1894,2.24029,10.3896,5.75894,23.4523,1.47903,-168.081,228.886
418.66,10.1894,2.23523,10.3891,5.8519,23.452,1.47903,-164.313,225.691
418.68,10.1963,2.47276,10.4349,5.8519,23.1025,1.47903,-164.313,223.57
418.7,10.1968,2.34053,10.435,5.75916,22.9272,1.47903,-164.313,222.507
418.72,10.1968,2.3003,10.435,5.8519,22.6936,1.47903,-164.313,220.912
418.74,10.2047,2.33757,10.3434,5.8519,22.6936,1.4702,-164.313,219.321
418.76,10.208,2.40441,10.4348,5.8519,22.6353,1.47019,-164.313,220.379
418.78,10.208,2.41959,10.435,5.89835,22.7519,1.47178,-164.313,216.663
418.8,10.2098,2.33516,10.435,5.89835,22.7519,1.47178,-164.313,217.724
418.82,10.2135,2.31888,10.4808,5.94472,22.8102,1.47178,-164.313,221.437
418.84,10.2159,2.44064,10.4808,6.13056,22.9853,1.47178,-168.04,225.16
418.86,10.2159,2.45427,10.5266,6.13056,22.9853,1.47178,-168.04,222.509
418.88,10.2131,2.40748,10.5725,6.22345,22.9853,1.47178,-168.04,214.008
418.9,10.2145,2.45768,10.7101,6.45567,23.1603,1.47178,-168.04,205.512
418.92,10.2168,2.46451,10.7101,6.45567,23.1603,1.4806,-168.04,204.451
418.94,10.2168,2.5578,10.7559,6.92011,23.3353,1.47667,-168.04,203.388
418.96,10.2163,2.6524,10.8017,7.38384,23.51,1.47667,-168.04,202.327
418.98,10.2172,2.6362,10.8018,7.38454,23.5103,1.47667,-168.04,194.902
419,10.2172,2.59293,10.8476,7.98831,24.0353,1.47667,-168.04,197.546
419.02,10.2163,2.74863,10.985,8.49841,24.6178,1.47667,-163.743,200.197
419.04,10.2172,2.56725,10.9394,8.49919,24.6187,1.47667,-163.737,190.127
419.06,10.2172,2.50024,10.9393,8.96363,25.5521,1.47667,-163.737,184.801
419.08,10.2168,2.77038,11.0309,8.96363,26.3094,1.47667,-163.737,179.499
419.1,10.2172,2.69238,11.031,9.14912,26.893,1.48729,-163.737,177.37
419.12,10.2177,2.72356,11.031,9.1494,26.8939,1.48115,-163.737,181.615
419.14,10.2177,2.726,11.1226,9.01028,27.4764,1.48115,-163.737,185.857
419.16,10.2177,2.5257,11.0769,9.05652,27.6523,1.48115,-163.737,189.05
419.18,10.2219,2.62857,11.0769,9.05652,27.6523,1.48115,-163.737,189.05
419.2,10.2219,2.60188,11.2142,9.01014,27.7106,1.48115,-167.807,190.11
419.22,10.2214,2.58822,11.2144,9.01007,27.3023,1.48115,-167.814,187.456
419.24,10.2219,2.43378,11.2144,9.01007,26.6033,1.48115,-167.814,187.456
419.26,10.2247,2.42818,11.1228,8.91733,26.6022,1.47403,-167.814,187.987
419.28,10.2247,2.52577,11.1686,8.87074,25.4355,1.47402,-167.814,189.581
419.3,10.2284,2.35742,11.1686,8.87074,24.62,1.47632,-167.814,198.594
419.32,10.2302,2.3138,11.1228,8.91711,24.6187,1.47633,-167.814,209.743
419.34,10.2302,2.34205,11.031,8.8243,23.627,1.47633,-167.814,217.726
419.36,10.233,2.40973,11.031,8.8243,23.3357,1.47633,-167.814,223.028
419.38,10.234,2.30821,10.9393,8.8243,23.3353,1.47633,-163.325,228.877
419.4,10.234,2.35155,10.9393,8.96363,23.277,1.47633,-163.325,240.56
419.42,10.2367,2.28467,10.9393,8.96363,23.4517,1.47633,-163.325,240.56
419.44,10.2354,2.29909,10.7559,8.77785,23.452,1.44793,-163.325,243.746
419.46,10.2395,2.38012,10.6644,8.77785,23.7432,1.45269,-163.325,250.109
419.48,10.2395,2.40617,10.6642,8.77785,23.8602,1.45269,-163.325,259.133
419.5,10.2377,2.412,10.5725,8.73141,23.8603,1.45269,-163.325,264.988
419.52,10.2391,2.30937,10.3894,8.77778,23.8603,1.45269,-163.325,268.7
419.54,10.2391,2.29924,10.3891,8.73148,23.9186,1.45269,-166.717,267.115
419.56,10.2381,2.37577,10.3433,8.73141,23.9187,1.45269,-166.722,267.643
419.58,10.2381,2.42514,10.1602,8.77778,23.7439,1.45269,-166.722,270.825
419.6,10.2381,2.38827,10.1599,8.68511,23.7437,1.45269,-166.722,276.132
419.62,10.2391,2.32641,10.2516,8.68497,23.7437,1.46153,-166.722,276.671
419.64,10.2377,2.33758,10.2058,8.59222,23.6854,1.45525,-166.722,277.201
419.66,10.2395,2.40845,10.2057,8.59208,23.5686,1.45524,-166.722,278.795
419.68,10.2395,2.37,10.2515,8.59208,23.5686,1.45524,-166.722,281.446
419.7,10.2381,2.26834,10.2516,8.63845,23.6269,1.45524,-166.722,284.101
419.72,10.2386,2.33035,10.3433,8.54564,23.627,1.45524,-163.778,287.292
419.74,10.2386,2.34181,10.3433,8.54564,23.627,1.45524,-163.778,288.352
419.76,10.2377,2.29072,10.2517,8.45289,23.86,1.45524,-163.778,289.414
419.78,10.24,2.27062,10.3433,8.49919,23.802,1.45524,-163.778,284.636
419.8,10.2386,2.28451,10.3433,8.49919,23.802,1.4641,-163.778,287.288
419.82,10.2386,2.40036,10.3433,8.40645,24.035,1.46644,-163.778,289.943
419.84,10.2391,2.43494,10.3433,8.35986,24.0937,1.46645,-163.778,293.133
419.86,10.2386,2.34674,10.3433,8.35986,24.0937,1.46645,-163.778,294.724
419.88,10.2386,2.32187,10.3433,8.22053,24.3854,1.46645,-163.778,296.319
419.9,10.2381,2.2596,10.3891,8.49919,24.4437,1.46645,-166.99,301.099
419.92,10.2386,2.41318,10.3891,8.49919,24.735,1.46645,-166.99,302.159
419.94,10.2391,2.40333,10.4808,8.26697,24.7354,1.46645,-166.99,306.409
419.96,10.2391,2.36192,10.4351,8.31335,25.0267,1.46645,-166.99,308.53
419.98,10.24,2.44349,10.435,8.31342,25.0853,1.46113,-166.99,308.003
420,10.2377,2.43951,10.5267,8.22053,25.0854,1.46427,-166.99,308.002
420.02,10.2377,2.4579,10.6182,8.35965,25.0272,1.46427,-166.99,306.411
420.04,10.2395,2.40764,10.6184,8.35986,24.9689,1.46427,-166.99,313.302
420.06,10.2386,2.30693,10.8018,8.26697,24.9688,1.46427,-166.99,315.437
420.08,10.2381,2.30284,10.8933,8.17423,24.7358,1.46427,-163.454,317.027
420.1,10.2381,2.39775,10.8935,8.17409,24.6189,1.46427,-163.448,313.318
420.12,10.2391,2.32389,11.031,8.22053,24.6187,1.46427,-163.448,310.126
420.14,10.24,2.28695,11.2141,8.22053,24.3857,1.4625,-163.448,304.294
420.16,10.24,2.30777,11.2602,8.22053,24.2687,1.4625,-163.448,304.285
420.18,10.2391,2.39954,11.2602,8.17416,24.2687,1.46488,-163.448,298.983
420.2,10.24,2.53678,11.4434,8.03497,24.5599,1.46489,-163.448,300.565
420.22,10.2381,2.55736,11.5353,8.03475,24.5021,1.46489,-163.448,296.85
420.24,10.2381,2.32392,11.5353,8.03475,24.5021,1.46489,-163.448,289.957
420.26,10.2395,2.40948,11.6269,7.98838,24.7351,1.46489,-167.252,287.826
420.28,10.2391,2.28163,11.5812,7.98831,24.7937,1.46489,-167.258,291.54
420.3,10.2391,2.27127,11.5812,8.03468,24.7937,1.46489,-167.258,293.131
420.32,10.2395,2.39782,11.5812,7.94201,25.2015,1.47194,-167.258,291.542
420.34,10.2372,2.35073,11.5812,7.98831,25.3771,1.47195,-167.258,293.664
420.36,10.2372,2.34745,11.5812,7.98831,25.6101,1.4688,-167.258,291.543
420.38,10.2381,2.4593,11.627,7.98831,25.6105,1.46879,-167.258,289.416
420.4,10.24,2.45087,11.4436,7.84898,25.8438,1.46879,-167.258,287.823
420.42,10.24,2.49902,11.4436,7.84898,26.1933,1.46879,-167.258,283.581
420.44,10.2395,2.48313,11.4895,7.98831,26.1939,1.46879,-164.437,279.326
420.46,10.24,2.38228,11.3979,7.94194,26.4269,1.46879,-164.437,271.903
420.48,10.2381,2.3012,11.3978,7.94187,26.602,1.46879,-164.437,271.892
420.5,10.2381,2.26767,11.1686,7.75609,26.6022,1.45817,-164.437,271.892
420.52,10.2386,2.25811,11.2601,7.89521,26.6022,1.46537,-164.437,277.724
420.54,10.2377,2.28497,11.2602,7.89542,26.7187,1.46538,-164.437,281.445
420.56,10.2377,2.3137,11.1227,7.84898,26.7189,1.46538,-164.437,288.354
420.58,10.2395,2.37314,11.0769,7.80261,26.8354,1.46538,-164.437,289.414
420.6,10.2405,2.22062,11.0769,7.80254,27.0103,1.46538,-164.437,292.597
420.62,10.24,2.22039,11.031,7.70965,27.0106,1.46538,-167.608,301.099
420.64,10.24,2.34697,11.1226,7.75602,26.7776,1.46538,-167.608,306.931
420.66,10.2381,2.31014,11.1227,7.75609,26.6022,1.46538,-167.608,306.94
420.68,10.2391,2.40227,11.0769,7.80247,26.6022,1.44958,-167.608,309.061
420.7,10.2391,2.45643,11.0311,7.80254,26.2527,1.4672,-167.608,303.762
420.72,10.2386,2.31473,11.031,7.80254,26.3105,1.46723,-167.608,298.974
420.74,10.2377,2.26791,11.031,7.66342,26.3105,1.46723,-167.608,297.914
420.76,10.2377,2.32025,10.9852,7.80232,26.3105,1.46723,-167.608,300.033
420.78,10.2386,2.36644,10.9852,7.80254,26.0188,1.46723,-167.608,309.595
420.8,10.2381,2.33319,10.9852,7.66342,26.0188,1.46723,-165.264,311.716
420.82,10.2381,2.27758,10.9394,7.61683,26.0188,1.46723,-165.26,313.84
420.84,10.2381,2.27384,10.9393,7.61676,25.6105,1.46723,-165.26,311.719
420.86,10.2391,2.42068,10.9851,7.66313,25.6105,1.46723,-165.26,318.082
420.88,10.2405,2.33179,10.9852,7.61676,25.3771,1.47245,-165.26,322.871
420.9,10.2405,2.32127,10.9852,7.61676,25.0854,1.47245,-165.26,321.278
420.92,10.2391,2.37179,10.9394,7.57039,25.0854,1.47245,-165.26,315.446
420.94,10.2395,2.32251,10.8935,7.47743,25.0271,1.47245,-165.26,307.471
420.96,10.2391,2.34108,10.8935,7.47743,24.7359,1.47245,-167.07,310.652
420.98,10.2391,2.3313,10.8935,7.47743,24.7354,1.47245,-167.072,309.067
421,10.2381,2.31551,10.8476,7.47743,24.5021,1.47245,-167.072,304.285
421.02,10.24,2.4273,10.8934,7.47743,24.5021,1.47245,-167.072,302.694
421.04,10.2405,2.41939,10.8935,7.57018,24.5021,1.47763,-167.072,296.859
421.06,10.2405,2.49938,10.8018,7.66321,24.4437,1.47676,-167.072,287.823
421.08,10.2391,2.41107,10.8018,7.61683,24.5602,1.47676,-167.072,287.823
421.1,10.2391,2.44527,10.8018,7.61676,24.5604,1.47676,-167.072,292.595
421.12,10.2391,2.34973,10.7559,7.57032,24.8521,1.47676,-167.072,292.602
421.14,10.24,2.41075,10.8017,7.75581,24.6773,1.47676,-165.51,294.193
421.16,10.2391,2.23827,10.8018,7.75609,24.9104,1.47676,-165.508,289.947
421.18,10.2405,2.27015,10.8018,7.80247,24.9104,1.47676,-165.508,289.417
421.2,10.2405,2.47864,10.6187,7.89528,24.9687,1.47676,-165.508,282.523
421.22,10.24,2.47895,10.6184,7.89542,25.2021,1.48196,-165.508,285.698
421.24,10.2405,2.4868,10.6184,7.80268,25.2021,1.48896,-165.508,278.806
421.26,10.2405,2.46913,10.6184,7.89528,25.4351,1.48897,-165.508,278.265
421.28,10.2391,2.26573,10.6184,7.89542,25.7272,1.48897,-165.508,277.202
421.3,10.2405,2.32563,10.6184,7.84905,25.7272,1.48897,-165.508,272.96
421.32,10.2405,2.33218,10.5726,7.75623,25.5524,1.48897,-166.803,275.605
421.34,10.2395,2.48413,10.5725,7.75609,25.8438,1.48897,-166.805,282.512
421.36,10.2391,2.27942,10.5268,7.75609,25.8438,1.48897,-166.805,290.996
421.38,10.2395,2.33026,10.6184,7.70965,25.7855,1.48724,-166.805,283.043
421.4,10.2395,2.37417,10.6184,7.70965,25.3771,1.48724,-166.805,276.671
421.42,10.24,2.40212,10.481,7.66328,25.3771,1.49258,-166.805,277.731
421.44,10.2391,2.24771,10.5267,7.61676,25.0854,1.49259,-166.805,279.326
421.46,10.2391,2.2874,10.5267,7.61676,24.5612,1.49259,-166.805,279.856
421.48,10.2386,2.38387,10.5267,7.52402,24.5604,1.49259,-166.805,285.159
421.5,10.2377,2.34141,10.4808,7.43099,24.2687,1.49259,-165.672,286.761
421.52,10.2386,2.31443,10.4808,7.43099,24.1522,1.49259,-165.672,281.458
421.54,10.2386,2.26924,10.3893,7.38461,24.152,1.49259,-165.672,282.511
421.56,10.2395,2.32611,10.3433,7.52387,23.977,1.47543,-165.672,286.761
421.58,10.24,2.29469,10.3433,7.52387,24.0935,1.47543,-165.672,285.7
421.6,10.24,2.29779,10.3891,7.38476,24.0937,1.47907,-165.672,280.926
421.62,10.2391,2.21444,10.2974,7.38454,23.9187,1.47907,-165.672,278.795
421.64,10.2391,2.27896,10.2974,7.38454,23.9769,1.47907,-165.672,276.674
421.66,10.2395,2.28262,10.2974,7.47743,23.977,1.47907,-165.528,284.636
421.68,10.2395,2.31077,10.4806,7.33831,24.2683,1.47907,-165.528,291.529
421.7,10.2409,2.33471,10.4351,7.47722,24.0357,1.47907,-165.528,287.828
421.72,10.2386,2.3596,10.435,7.47743,24.0353,1.47907,-165.528,287.292
421.74,10.2386,2.3554,10.5723,7.43106,24.0936,1.47396,-165.528,285.171
421.76,10.2395,2.2947,10.6641,7.61648,24.0937,1.47395,-165.528,283.047
421.78,10.2405,2.32852,10.6642,7.61676,24.0937,1.47579,-165.528,279.326
421.8,10.24,2.30964,10.71,7.66313,23.8607,1.47579,-165.528,277.735
421.82,10.24,2.31658,10.8932,7.57046,23.8603,1.47579,-165.528,281.975
421.84,10.2405,2.42836,10.8935,7.57032,23.8603,1.47579,-166.661,281.981
421.86,10.2386,2.31012,10.8477,7.52394,23.9768,1.47579,-166.661,277.209
421.88,10.2386,2.33125,11.0769,7.61676,24.3854,1.47579,-166.661,277.733
421.9,10.2414,2.31304,11.0769,7.61676,24.2104,1.47579,-166.661,276.671
421.92,10.2391,2.21655,11.1226,7.61676,24.2104,1.48772,-166.661,276.671
421.94,10.2395,2.20604,11.2602,7.57032,24.4437,1.48774,-166.661,273.485
421.96,10.2395,2.33597,11.2602,7.57032,24.3272,1.4725,-166.661,268.713
421.98,10.2386,2.29177,11.0771,7.61669,24.327,1.47247,-166.661,265.524
422,10.24,2.36395,11.0769,7.66321,24.2104,1.47247,-166.661,266.05
422.02,10.2395,2.38826,11.0769,7.66321,24.2104,1.47247,-165.509,269.231
422.04,10.2395,2.40055,10.9395,7.66321,24.2104,1.47247,-165.508,269.767
422.06,10.2405,2.43809,10.7559,7.70965,24.0937,1.47247,-165.508,268.705
422.08,10.24,2.44097,10.7559,7.70965,24.0937,1.47247,-165.508,263.403
422.1,10.2395,2.4061,10.8017,7.6169,24.0937,1.4742,-165.508,259.153
422.12,10.2395,2.3518,10.7101,7.70965,24.0937,1.46723,-165.508,261.271
422.14,10.2395,2.38332,10.7101,7.80239,24.0937,1.46723,-165.508,258.089
422.16,10.2372,2.36523,10.8018,7.80254,24.0937,1.46723,-165.508,253.305
422.18,10.2372,2.40928,10.756,7.66342,24.3267,1.46723,-165.508,250.654
422.2,10.2386,2.43852,10.7559,7.75595,24.2688,1.46723,-167.378,246.408
422.22,10.2377,2.40966,10.9393,7.75609,24.2687,1.46723,-167.381,246.933
422.24,10.2386,2.40821,11.0309,7.70972,24.5599,1.46723,-167.381,237.919
422.26,10.2386,2.3917,11.031,7.80239,24.8516,1.46723,-167.381,232.603
422.28,10.2381,2.67568,11.2144,7.80254,24.8521,1.44644,-167.381,231.533
422.3,10.2368,2.61432,11.1686,7.70979,25.2598,1.41873,-167.381,223.579
422.32,10.2367,2.62595,11.3974,7.84877,25.9594,1.41869,-167.381,221.446
422.34,10.2358,2.68448,11.3978,7.84898,25.9605,1.41869,-167.381,219.319
422.36,10.2326,2.7026,11.4436,7.66349,26.6595,1.41869,-165.387,220.379
422.38,10.234,2.67874,11.5353,7.75609,27.7107,1.41869,-165.384,216.132
422.4,10.234,2.61527,11.5353,7.75609,27.7107,1.41869,-165.384,215.07
422.42,10.2316,2.56874,11.7184,7.75609,28.4096,1.41869,-165.384,217.722
422.44,10.2335,2.69513,11.8563,7.75609,29.0524,1.41869,-165.384,217.195
422.46,10.2335,2.65028,11.8563,7.70972,29.0524,1.47524,-165.384,216.664
422.48,10.234,2.55449,11.9936,7.70965,29.2854,1.41594,-165.384,215.073
422.5,10.2321,2.51847,12.0397,7.75609,28.8774,1.41585,-165.384,216.132
422.52,10.2321,2.5623,12.0397,7.75609,28.5279,1.41585,-165.384,220.374
422.54,10.2326,2.40121,11.9939,7.75609,28.5274,1.41585,-167.029,221.971
422.56,10.2326,2.42559,11.948,7.80254,27.419,1.41585,-167.031,228.877
422.58,10.2321,2.42366,11.948,7.89528,26.7782,1.41585,-167.031,233.649
422.6,10.2321,2.43253,11.8564,7.89542,26.7772,1.41585,-167.031,235.247
422.62,10.2316,2.29509,11.7187,7.84898,26.0772,1.45477,-167.031,238.436
422.64,10.233,2.31841,11.7187,7.75623,25.5529,1.45477,-167.031,240.557
422.66,10.2335,2.39904,11.627,7.75609,25.5521,1.40978,-167.031,248.526
422.68,10.2335,2.31905,11.5813,7.75609,25.2026,1.40978,-167.031,252.768
422.7,10.2321,2.27126,11.5812,7.75609,25.0274,1.40978,-167.031,254.895
422.72,10.2335,2.29335,11.3978,7.66321,25.0271,1.40978,-163.943,261.271
422.74,10.2335,2.32585,11.3978,7.66321,24.7359,1.40978,-163.943,261.801
422.76,10.2326,2.40083,11.0773,7.57046,24.2112,1.40978,-163.943,260.741
422.78,10.2316,2.30141,11.0769,7.70965,24.2104,1.40978,-163.943,263.395
422.8,10.2316,2.29459,11.1226,7.70965,23.9774,1.41552,-163.943,271.348
422.82,10.2316,2.27351,11.0311,7.6169,23.744,1.41553,-163.943,270.83
422.84,10.233,2.25374,11.031,7.57032,23.7437,1.4003,-163.943,268.174
422.86,10.234,2.32607,10.8937,7.57032,23.6854,1.4003,-163.943,270.825
422.88,10.234,2.36428,10.8476,7.70965,23.7437,1.4003,-167.628,273.485
422.9,10.2316,2.36802,10.8476,7.61676,23.7437,1.4003,-167.628,271.892
422.92,10.2321,2.32734,10.8476,7.61676,23.8019,1.4003,-167.628,271.361
422.94,10.2321,2.34189,10.8018,7.61676,23.9187,1.4003,-167.628,267.643
422.96,10.2321,2.36426,10.8018,7.75588,24.1517,1.4003,-167.628,266.052
422.98,10.2312,2.34937,10.8933,7.75609,24.152,1.38484,-167.628,263.929
423,10.2326,2.45971,10.6642,7.57032,24.3854,1.38482,-167.628,263.926
423.02,10.2321,2.44598,10.6642,7.89493,24.5019,1.38429,-167.628,270.289
423.04,10.2321,2.39158,10.8016,7.89542,24.5021,1.38429,-167.628,269.768
423.06,10.2307,2.37271,10.7559,7.89542,24.6187,1.38429,-163.222,270.298
423.08,10.2326,2.37085,10.7559,7.98817,25.0265,1.38429,-163.222,267.117
423.1,10.2326,2.31069,10.7559,7.98831,25.0271,1.38429,-163.222,273.475
423.12,10.233,2.32891,10.8018,8.03475,25.0854,1.38429,-163.222,281.981
423.14,10.2326,2.28376,10.8018,7.98838,25.4349,1.38429,-163.222,283.572
423.16,10.2344,2.30096,10.8018,8.0812,25.4355,1.37268,-163.222,282.512
423.18,10.2344,2.22936,10.8933,8.0812,25.4355,1.37574,-163.222,285.694
423.2,10.2349,2.42087,10.7561,8.0812,25.6685,1.37574,-163.222,288.35
423.22,10.2381,2.42409,10.7559,8.0812,25.6688,1.37574,-163.222,288.354
423.24,10.2391,2.44386,10.939,8.0812,25.6106,1.37574,-167.108,288.884
423.26,10.2391,2.36508,10.8478,8.03483,25.5522,1.37574,-167.114,289.945
423.28,10.2395,2.32755,10.8476,8.0812,25.6105,1.37574,-167.114,289.947
423.3,10.2409,2.36105,10.8934,8.0812,25.6105,1.37574,-167.114,289.947
423.32,10.2409,2.30741,10.8935,8.03483,25.261,1.37574,-167.114,295.249
423.34,10.2442,2.44325,10.8935,8.0812,25.2605,1.36029,-167.114,300.036
423.36,10.2451,2.436,10.8935,8.0812,25.2605,1.36649,-167.114,298.976
423.38,10.2465,2.43986,10.8476,7.98831,25.3188,1.3665,-167.114,294.726
423.4,10.2465,2.42451,10.8018,8.0812,25.2605,1.3665,-167.114,296.85
423.42,10.2451,2.34593,10.8018,8.0812,25.2605,1.3665,-163.125,292.078
423.44,10.2493,2.30689,10.8018,8.0812,25.3771,1.3665,-163.119,281.981
423.46,10.2484,2.30197,10.756,8.03483,25.3771,1.3665,-163.119,281.451
423.48,10.2484,2.21623,10.7559,8.03475,25.3771,1.3665,-163.119,278.799
423.5,10.2525,2.3143,10.8018,8.03475,25.6105,1.35497,-163.119,277.733
423.52,10.2544,2.34339,10.756,7.98838,25.5522,1.35497,-163.119,271.9
423.54,10.2544,2.42588,10.7559,8.03468,25.5521,1.36355,-163.119,267.119
423.56,10.253,2.34095,10.7559,8.03475,25.5521,1.36356,-163.119,266.581
423.58,10.2553,2.43477,10.8475,8.03475,25.4939,1.36356,-163.119,260.749
423.6,10.2535,2.44068,10.8476,7.98838,25.4356,1.36356,-166.45,258.619
423.62,10.2535,2.41847,10.7559,7.98831,25.4355,1.36356,-166.455,253.305
423.64,10.2562,2.41433,10.8933,7.94194,25.4355,1.36356,-166.455,252.245
423.66,10.2581,2.34194,10.8935,7.94187,25.2021,1.36356,-166.455,252.243
423.68,10.2581,2.37696,10.985,7.84912,25.2021,1.31782,-166.455,251.713
423.7,10.26,2.48337,10.9852,7.84898,25.2021,1.33766,-166.455,247.47
423.72,10.2609,2.51023,10.9852,7.89542,25.1438,1.33769,-166.455,240.029
423.74,10.259,2.51319,11.2141,7.80268,25.1438,1.33769,-166.455,233.136
423.76,10.259,2.5464,11.2144,7.80254,25.0855,1.33769,-163.001,227.293
423.78,10.2632,2.42993,11.3519,7.80254,24.9688,1.33769,-162.995,228.877
423.8,10.2646,2.42974,11.3519,7.84891,24.9688,1.33769,-162.995,235.77
423.82,10.2655,2.40753,11.3062,7.84898,24.8523,1.33769,-162.995,236.841
423.84,10.2655,2.46683,11.3061,7.89542,25.1438,1.33769,-162.995,239.498
423.86,10.2688,2.40819,11.3061,7.70993,25.1438,1.32456,-162.995,244.27
423.88,10.2716,2.42331,11.3978,7.70965,25.2021,1.34899,-162.995,246.402
423.9,10.2716,2.4105,11.2602,7.75609,25.4938,1.34899,-162.995,250.119
423.92,10.2744,2.45114,11.2602,7.80247,25.4938,1.34899,-162.995,250.119
423.94,10.2758,2.4743,11.3061,7.80254,25.4355,1.34899,-167.114,245.34
423.96,10.2758,2.42859,11.2603,7.75616,25.6102,1.34899,-167.114,242.158
423.98,10.2758,2.44207,11.2602,7.75609,25.8435,1.34899,-167.114,237.912
424,10.2776,2.43308,11.2602,7.70965,25.8438,1.34899,-167.114,241.622
424.02,10.2776,2.33056,11.1687,7.70965,25.4361,1.34899,-167.114,241.622
424.04,10.2799,2.36051,11.1686,7.94151,25.6102,1.33059,-167.114,243.743
424.06,10.2799,2.34036,11.2144,7.84898,25.6105,1.34175,-167.114,244.278
424.08,10.2781,2.29256,11.0771,7.84898,25.3775,1.34175,-167.114,241.626
424.1,10.2804,2.35481,11.1226,7.89535,25.0859,1.34175,-167.114,245.864
424.12,10.2827,2.45876,11.1227,7.89542,25.0854,1.34175,-162.645,246.933
424.14,10.2827,2.31735,10.9854,7.89542,24.9107,1.34175,-162.645,251.175
424.16,10.2841,2.34384,10.9393,7.94187,24.7354,1.34175,-162.645,251.181
424.18,10.2869,2.35322,10.9393,7.98824,24.7354,1.34175,-162.645,257.014
424.2,10.2869,2.27346,10.8935,7.98831,24.8519,1.36548,-162.645,261.264
424.22,10.2883,2.32684,10.8935,8.03475,24.7937,1.36552,-162.645,258.085
424.24,10.2874,2.41516,10.8935,8.08113,24.7937,1.37797,-162.645,257.024
424.26,10.286,2.35983,10.8477,8.0812,25.0267,1.37799,-162.645,261.264
424.28,10.286,2.25556,10.8476,8.17409,24.9688,1.37799,-162.645,259.147
424.3,10.2878,2.30917,10.8476,8.12771,25.26,1.37799,-166.716,259.677
424.32,10.2892,2.44995,10.8476,8.12764,25.2605,1.37799,-166.722,260.738
424.34,10.2888,2.41958,10.8018,8.31342,25.0271,1.37799,-166.722,262.864
424.36,10.2888,2.46694,10.756,8.26704,24.7359,1.37799,-166.722,266.575
424.38,10.292,2.36868,10.7559,8.26697,24.7354,1.39977,-166.722,267.643
424.4,10.2897,2.39264,10.8018,8.26697,24.5021,1.39646,-166.722,267.643
424.42,10.2897,2.38043,10.8933,8.2206,24.3273,1.39646,-166.722,267.643
424.44,10.2911,2.38795,10.8935,8.22053,24.327,1.39646,-166.722,267.643
424.46,10.2934,2.33571,10.8477,8.31328,24.4435,1.39646,-163.022,261.28
424.48,10.2943,2.40984,10.985,8.1743,24.3855,1.39646,-163.016,264.982
424.5,10.2943,2.37997,10.9852,8.22053,24.5021,1.39646,-163.016,270.829
424.52,10.2971,2.39188,10.9394,8.22053,24.5021,1.39646,-163.016,268.708
424.54,10.2967,2.36207,11.0766,8.2669,24.5603,1.39646,-163.016,263.403
424.56,10.2967,2.4022,11.0769,8.26697,24.7937,1.39463,-163.016,258.085
424.58,10.2971,2.42643,11.1226,8.26697,24.7937,1.38693,-163.016,258.615
424.6,10.298,2.50578,11.2143,8.12785,25.1432,1.38691,-163.016,253.313
424.62,10.2971,2.52032,11.1686,8.22053,25.4355,1.38691,-163.016,247.995
424.64,10.2971,2.42936,11.1686,8.22053,25.4355,1.38691,-165.997,244.813
424.66,10.2999,2.47489,11.3978,8.22053,25.7855,1.38691,-166.002,241.091
424.68,10.2999,2.4663,11.3978,8.17416,25.9602,1.38691,-166.002,235.259
424.7,10.3027,2.45685,11.3978,8.17409,25.9605,1.38691,-166.002,233.659
424.72,10.3027,2.64489,11.4895,8.22053,26.0188,1.354,-166.002,231.533
424.74,10.3013,2.64489,11.7184,8.17416,26.0771,1.354,-166.002,229.412
424.76,10.3013,2.58901,11.7187,8.17409,26.0772,1.34223,-166.002,229.939
424.78,10.3013,2.4869,11.6729,8.22053,26.3105,1.34221,-166.002,231.002
424.8,10.3027,2.4088,11.856,8.22053,26.6018,1.34221,-166.002,229.411
424.82,10.3027,2.5893,11.8563,8.22053,26.7187,1.34221,-163.206,229.939
424.84,10.3045,2.56436,11.948,8.22053,26.7189,1.34221,-163.201,237.905
424.86,10.3045,2.46671,11.9937,8.22053,26.8937,1.34221,-163.201,242.147
424.88,10.3036,2.4391,11.9938,8.22053,26.8356,1.34221,-163.201,250.65
424.9,10.3045,2.47939,12.0855,8.22053,26.8356,1.40314,-163.201,247.464
424.92,10.3045,2.4883,12.1771,8.22053,26.3696,1.41135,-163.201,249.585
424.94,10.3032,2.48831,12.1772,8.22053,26.2522,1.41136,-163.201,253.305
424.96,10.3041,2.3747,12.1314,8.22053,26.2522,1.41136,-163.201,263.38
424.98,10.3045,2.37752,12.1771,8.22053,25.8445,1.41136,-163.201,270.818
425,10.3045,2.35893,12.1772,8.12764,25.4938,1.41136,-165.693,271.361
425.02,10.305,2.44918,12.1314,8.12764,25.4938,1.41136,-165.693,271.891
425.04,10.3059,2.43811,12.0856,8.22039,25.4356,1.41136,-165.693,277.194
425.06,10.3059,2.4982,12.0855,8.17409,25.2021,1.41136,-165.693,280.388
425.08,10.305,2.43257,12.0397,8.17409,25.2021,1.39118,-165.693,281.979
425.1,10.3036,2.33702,11.9939,8.12771,25.1439,1.38223,-165.693,288.344
425.12,10.305,2.36248,11.9021,8.12764,25.0854,1.38222,-165.693,288.885
425.14,10.305,2.50586,11.9021,8.12764,25.0854,1.38222,-165.693,287.294
425.16,10.3045,2.38325,11.7646,8.12764,25.0271,1.38222,-165.693,286.761
425.18,10.305,2.36317,11.7646,8.12764,25.0271,1.38222,-162.671,285.17
425.2,10.305,2.3636,11.7646,8.12764,25.0271,1.38222,-162.666,281.456
425.22,10.305,2.37107,11.5812,8.17409,25.0271,1.38222,-162.666,280.919
425.24,10.3055,2.30497,11.6727,8.08134,24.9689,1.38222,-162.666,280.919
425.26,10.305,2.28686,11.6729,8.17394,24.9688,1.39884,-162.666,273.496
425.28,10.305,2.41616,11.5812,8.17409,25.0854,1.39549,-162.666,267.112
425.3,10.3041,2.44553,11.5812,8.08134,25.0854,1.39549,-162.666,264.991
425.32,10.3041,2.35303,11.5812,8.0812,24.9689,1.39549,-162.666,262.867
425.34,10.3045,2.3937,11.5812,8.0812,24.9688,1.39549,-165.219,255.429
425.36,10.3045,2.37531,11.6727,7.98845,25.2018,1.39549,-165.219,248.536
425.38,10.305,2.42732,11.6729,8.03475,25.2605,1.39549,-165.219,238.436
425.4,10.3064,2.37012,11.6729,8.03475,25.2605,1.39549,-165.219,231.002
425.42,10.3064,2.31725,11.6729,7.98838,25.5517,1.40476,-165.219,233.653
425.44,10.3041,2.33179,11.6729,8.03475,25.7855,1.40477,-165.219,233.126
425.46,10.3036,2.45101,11.6729,8.03475,25.7855,1.40367,-165.219,227.823
425.48,10.3055,2.42723,11.7644,7.94201,25.9602,1.40367,-165.219,223.574
425.5,10.3055,2.38041,11.7187,7.94187,26.2522,1.40367,-165.219,220.381
425.52,10.3055,2.37222,11.7187,7.94187,26.2522,1.40367,-162.876,214.548
425.54,10.3008,2.36981,11.7187,7.89549,26.3104,1.40367,-162.872,218.781
425.56,10.299,2.38926,11.8563,7.84898,26.3689,1.40367,-162.872,220.381
425.58,10.299,2.35044,11.8563,7.84898,26.3689,1.40367,-162.872,220.911
425.6,10.3018,2.43924,11.8563,7.9881,26.4854,1.39811,-162.872,226.214
425.62,10.2999,2.43497,11.8563,7.89542,26.1939,1.3981,-162.872,227.815
425.64,10.2999,2.2819,11.8563,7.89542,26.4269,1.39755,-162.872,228.876
425.66,10.3022,2.34743,11.8563,7.84898,26.4272,1.39755,-162.872,229.408
425.68,10.3032,2.35233,11.9021,7.89535,26.1942,1.39755,-162.872,232.59
425.7,10.3032,2.33972,11.9021,7.89542,26.1356,1.39755,-163.735,238.427
425.72,10.3036,2.41693,11.8104,7.84898,26.1355,1.39755,-163.737,244.278
425.74,10.3013,2.34322,11.902,7.94173,26.0773,1.39755,-163.737,248.519
425.76,10.3008,2.37992,11.9021,7.94187,26.2519,1.39755,-163.737,252.768
425.78,10.3008,2.37235,11.9021,7.94187,26.2522,1.42917,-163.737,253.836
425.8,10.3018,2.32371,11.9021,7.84912,26.0775,1.42758,-163.737,262.32
425.82,10.3018,2.29759,11.9021,7.84898,25.9607,1.42758,-163.737,270.816
425.84,10.3027,2.33791,11.8563,7.84898,25.9605,1.42758,-163.737,273.485
425.86,10.3027,2.34431,11.8105,7.84898,26.077,1.42758,-163.737,278.257
425.88,10.3027,2.3149,11.8563,7.80254,25.8438,1.42758,-162.707,280.919
425.9,10.3027,2.32135,11.8563,7.80254,25.8438,1.42758,-162.707,284.636
425.92,10.3027,2.23358,11.7647,7.80254,26.0768,1.42758,-162.707,288.878
425.94,10.3036,2.32224,11.6729,7.89542,25.8438,1.42758,-162.707,287.292
425.96,10.3013,2.30033,11.6729,7.89542,25.8438,1.42944,-162.707,281.459
425.98,10.3008,2.33516,11.5813,7.70993,26.0768,1.42039,-162.707,279.329
426,10.3008,2.38004,11.5812,7.84898,25.9605,1.42037,-162.707,284.636
426.02,10.3004,2.23875,11.5812,7.84898,25.9605,1.42037,-162.707,286.227
426.04,10.3008,2.39322,11.4896,7.84898,25.9023,1.42037,-162.707,283.048
426.06,10.3008,2.39392,11.4895,7.89542,25.9022,1.42037,-163.572,284.636
426.08,10.2971,2.47045,11.4895,7.7563,26.0769,1.42037,-163.572,286.227
426.1,10.2948,2.27009,11.3522,7.75609,26.0772,1.42037,-163.572,281.988
426.12,10.2925,2.32052,11.3061,7.80254,25.9605,1.42037,-163.572,278.264
426.14,10.2925,2.39153,11.3061,7.84891,25.7858,1.42786,-163.572,270.311
426.16,10.2897,2.27466,11.2144,7.84898,25.7855,1.42981,-163.572,269.767
426.18,10.2892,2.28698,11.2602,7.84898,25.7272,1.42981,-163.572,264.995
426.2,10.2855,2.29012,11.2602,7.75623,25.7272,1.42981,-163.572,264.458
426.22,10.2855,2.26141,11.1227,7.75609,25.7272,1.42981,-162.79,261.802
426.24,10.286,2.42076,11.1685,7.80247,25.4359,1.42981,-162.79,253.848
426.26,10.2855,2.39365,11.1686,7.75616,25.552,1.42981,-162.79,248.004
426.28,10.2855,2.30526,11.0769,7.75609,25.5521,1.42981,-162.79,243.215
426.3,10.2827,2.29435,11.1684,7.80247,25.3774,1.46539,-162.79,242.685
426.32,10.2827,2.36034,11.1686,7.84891,25.3189,1.46544,-162.79,241.094
426.34,10.2804,2.34707,11.1227,7.84898,25.3188,1.45989,-162.79,237.905
426.36,10.2804,2.20676,11.1227,7.70986,25.144,1.45989,-162.79,241.086
426.38,10.2771,2.30959,11.3519,7.80254,25.0854,1.45989,-162.79,241.622
426.4,10.2753,2.45118,11.3519,7.80254,25.0854,1.45989,-163.098,241.091
426.42,10.2753,2.47484,11.3062,7.75616,24.9107,1.45989,-163.098,236.849
426.44,10.2711,2.46633,11.4895,7.75609,24.6771,1.45989,-163.098,226.222
426.46,10.2693,2.49849,11.4895,7.70972,24.6771,1.45989,-163.098,224.101
426.48,10.2688,2.53337,11.581,7.70965,24.6771,1.48247,-163.098,217.735
426.5,10.2688,2.40057,11.6729,7.89542,24.4437,1.48251,-163.098,214.539
426.52,10.266,2.42548,11.6729,7.80268,24.4437,1.48163,-163.098,214.539
426.54,10.2669,2.53952,11.6271,7.80254,24.5602,1.48163,-163.098,214.539
426.56,10.2669,2.54896,11.8104,7.75609,24.6771,1.48163,-163.098,214.539
426.58,10.2669,2.42315,11.8104,7.84884,25.0266,1.48163,-163.448,210.298
426.6,10.2669,2.57616,11.7189,7.84898,25.0271,1.48163,-163.448,210.291
426.62,10.2655,2.56469,11.8104,7.89542,25.1438,1.48163,-163.448,210.291
426.64,10.2655,2.55427,11.8104,8.03454,25.2603,1.48163,-163.448,209.231
426.66,10.2632,2.53365,11.7646,8.03475,25.2605,1.4722,-163.448,213.477
426.68,10.2623,2.41819,11.7646,7.94201,25.5517,1.4709,-163.448,216.128
426.7,10.2637,2.45896,11.7188,8.08099,25.4939,1.47089,-163.448,224.086
426.72,10.2637,2.50557,11.7187,8.0812,25.4938,1.47089,-163.448,229.939
426.74,10.2618,2.36001,11.8103,8.03483,25.6686,1.47089,-163.448,229.939
426.76,10.2614,2.45197,11.7189,8.1275,25.9018,1.47089,-162.606,234.181
426.78,10.2614,2.49599,11.7187,8.12764,25.9022,1.47089,-162.604,237.905
426.8,10.2618,2.39925,11.7187,8.17402,25.8439,1.47089,-162.604,241.086
426.82,10.2609,2.35441,11.5814,8.08134,26.0768,1.47089,-162.604,244.803
426.84,10.2641,2.37348,11.5812,8.0812,26.0772,1.48033,-162.604,244.809
426.86,10.2641,2.45685,11.627,7.89571,26.0772,1.47617,-162.604,256.474
426.88,10.2628,2.54371,11.5353,8.0812,26.3689,1.47617,-162.604,263.395
426.9,10.2632,2.32166,11.5353,8.0812,26.2522,1.47617,-162.604,269.767
426.92,10.2632,2.28703,11.4896,7.98845,26.2522,1.47617,-162.604,267.116
426.94,10.26,2.40346,11.4895,7.89542,26.1939,1.47617,-163.943,268.174
426.96,10.2614,2.32676,11.4895,7.89542,26.0774,1.47617,-163.943,268.704
426.98,10.26,2.36102,11.5353,7.9418,26.0772,1.47617,-163.943,272.417
427,10.26,2.30951,11.5353,7.98831,26.0188,1.49132,-163.943,274.016
427.02,10.2563,2.34259,11.5353,7.89557,26.0188,1.49132,-163.943,276.667
427.04,10.2558,2.38258,11.398,7.89542,26.0188,1.4946,-163.943,279.322
427.06,10.2558,2.41278,11.5812,7.98831,25.8438,1.4946,-163.943,283.043
427.08,10.2558,2.35706,11.4896,7.84919,25.6691,1.4946,-163.943,283.043
427.1,10.2535,2.34491,11.4895,7.84898,25.6688,1.4946,-161.846,281.983
427.12,10.2539,2.35055,11.4895,7.80254,25.5521,1.4946,-161.842,275.078
427.14,10.2539,2.48958,11.4437,7.89528,25.3774,1.4946,-161.842,274.017
427.16,10.2521,2.48512,11.4436,7.89542,25.3771,1.4946,-161.842,279.857
427.18,10.2516,2.28314,11.4894,7.80268,25.4354,1.50593,-161.842,281.978
427.2,10.2516,2.33465,11.3979,7.80254,25.319,1.50595,-161.842,276.679
427.22,10.2498,2.42132,11.3978,7.80254,25.3188,1.50678,-161.842,274.547
427.24,10.2465,2.35552,11.352,7.89528,25.4353,1.50678,-161.842,274.547
427.26,10.246,2.34343,11.3519,7.9418,25.552,1.50678,-161.842,271.896
427.28,10.246,2.40106,11.3519,7.94187,25.4355,1.50678,-163.819,263.926
427.3,10.2428,2.40105,11.3062,7.94187,25.4355,1.50678,-163.819,260.214
427.32,10.2391,2.35752,11.3519,7.94187,25.4355,1.50678,-163.819,261.269
427.34,10.2363,2.35222,11.3519,7.94187,25.2021,1.50678,-163.819,268.174
427.36,10.2363,2.38616,11.2604,7.75638,25.2021,1.52188,-163.819,268.704
427.38,10.2326,2.33216,11.2144,7.98831,25.0854,1.5262,-163.819,269.767
427.4,10.2307,2.31083,11.2144,7.84898,24.9688,1.5262,-163.819,267.643
427.42,10.2307,2.29506,11.306,7.84898,24.9688,1.5262,-163.819,272.415
427.44,10.2279,2.32799,11.0769,7.89542,24.9104,1.5262,-163.819,270.829
427.46,10.2251,2.34327,11.0769,7.84905,24.6774,1.5262,-161.578,267.118
427.48,10.2247,2.32708,11.26,7.84898,24.6771,1.5262,-161.575,261.28
427.5,10.2247,2.42304,11.2144,7.89542,24.6187,1.5262,-161.575,260.74
427.52,10.2242,2.34764,11.2144,7.7563,24.5605,1.5262,-161.575,261.8
427.54,10.2228,2.36731,11.2144,7.75609,24.5604,1.5262,-161.575,263.392
427.56,10.2214,2.40523,11.3061,7.70965,24.4437,1.52402,-161.575,257.553
427.58,10.2214,2.32287,11.3061,7.70965,24.269,1.52402,-161.575,252.251
427.6,10.2191,2.42923,11.5808,7.70965,24.2687,1.52402,-161.575,246.411
427.62,10.221,2.3816,11.6729,7.75609,24.3854,1.52402,-161.575,247.464
427.64,10.221,2.31753,11.6729,7.66335,24.2106,1.52402,-163.816,247.464
427.66,10.2177,2.42302,11.6729,7.66321,24.2104,1.52402,-163.819,244.809
427.68,10.2168,2.51322,11.9933,7.80232,24.3851,1.52402,-163.819,243.748
427.7,10.2177,2.47934,12.0396,7.61705,24.5019,1.52402,-163.819,244.277
427.72,10.2177,2.41667,12.0397,7.61676,24.5021,1.53158,-163.819,245.34
427.74,10.2149,2.51759,11.9481,7.70951,25.0263,1.52824,-163.819,237.916
427.76,10.2126,2.60955,11.9022,7.66328,25.6096,1.52824,-163.819,229.421
427.78,10.2126,2.55812,11.9021,7.84898,25.6105,1.52824,-163.819,223.567
427.8,10.208,2.6617,11.8106,7.84898,26.6007,1.52824,-161.311,220.386
427.82,10.201,2.77286,11.6731,7.66349,28.0002,1.52824,-161.307,218.79
427.84,10.1996,2.74222,11.6729,7.70965,29.6358,1.52824,-161.307,212.415
427.86,10.1996,2.60109,11.6729,7.70965,29.6358,1.52824,-161.307,210.825
427.88,10.1963,2.61789,11.7187,7.80254,31.4443,1.52824,-161.307,212.946
427.9,10.1954,2.74615,11.7187,7.70965,32.9028,1.53013,-161.307,215.601
427.92,10.1954,2.71745,11.6729,7.70965,32.9028,1.52773,-161.307,216.662
427.94,10.1912,2.66287,11.5812,7.84898,33.7195,1.52773,-161.307,214.008
427.96,10.1903,2.63142,11.5812,7.75623,33.137,1.52773,-161.307,213.478
427.98,10.1898,2.58251,11.7185,7.75609,33.1361,1.52773,-164.062,214.538
428,10.1898,2.49434,11.7187,7.89542,31.5026,1.52773,-164.066,213.477
428.02,10.1875,2.5271,11.8103,7.84905,29.4057,1.52773,-164.066,215.598
428.04,10.1885,2.52168,11.8104,7.84898,29.4025,1.52773,-164.066,218.253
428.06,10.1885,2.51575,11.8104,7.84898,27.8273,1.51635,-164.066,224.629
428.08,10.1861,2.31911,11.902,7.84898,26.4876,1.51635,-164.066,225.159
428.1,10.1861,2.41614,11.9021,7.84898,26.4856,1.52299,-164.066,226.751
428.12,10.1866,2.47611,11.9021,7.84898,25.7272,1.523,-164.066,225.691
428.14,10.1866,2.37542,11.9937,7.94173,25.1447,1.523,-164.066,230.463
428.16,10.1866,2.30744,11.9938,7.84898,25.1438,1.523,-161.307,238.967
428.18,10.1857,2.34678,11.8563,7.84898,24.6771,1.523,-161.307,248.526
428.2,10.1857,2.33383,11.6274,7.89535,24.5023,1.523,-161.307,252.768
428.22,10.1861,2.36773,11.627,7.84898,24.5021,1.523,-161.307,253.836
428.24,10.1852,2.28132,11.3524,7.84898,24.5021,1.53619,-161.307,258.608
428.26,10.1871,2.32243,11.1231,7.94173,24.4438,1.53621,-161.307,261.797
428.28,10.1871,2.28336,11.1227,7.89542,24.4437,1.53367,-161.307,265.519
428.3,10.1838,2.34788,10.9396,7.89542,24.4437,1.53367,-161.307,262.868
428.32,10.1857,2.43309,10.7562,7.98817,24.4437,1.53367,-161.307,265.515
428.34,10.1857,2.40926,10.7559,7.94187,24.5604,1.53367,-164.91,267.112
428.36,10.1838,2.30085,10.5728,7.94187,24.5604,1.53367,-164.91,270.824
428.38,10.1866,2.39391,10.6184,7.94187,24.4437,1.53367,-164.91,274.016
428.4,10.1861,2.42724,10.6184,7.89542,24.5604,1.53367,-164.91,275.609
428.42,10.1861,2.4093,10.6184,7.89542,24.5604,1.55067,-164.91,278.79
428.44,10.1871,2.3763,10.5725,7.84898,24.5021,1.54827,-164.91,280.388
428.46,10.1866,2.36024,10.6641,7.94173,24.4438,1.54827,-164.91,276.146
428.48,10.1866,2.38055,10.6642,7.94187,24.4437,1.54827,-164.91,269.247
428.5,10.1857,2.41219,10.6184,7.89542,24.5604,1.54827,-164.91,268.705
428.52,10.1871,2.476,10.7099,7.84905,24.5604,1.54827,-161.21,271.356
428.54,10.1861,2.49526,10.7101,7.84898,24.5604,1.54827,-161.204,275.072
428.56,10.1861,2.50587,10.6642,7.94187,24.6771,1.54827,-161.204,270.829
428.58,10.1866,2.43173,10.71,7.89549,24.6771,1.54827,-161.204,266.588
428.6,10.1857,2.50172,10.7101,8.03454,24.8518,1.53881,-161.204,262.339
428.62,10.1857,2.50083,10.6642,8.03475,24.8521,1.5396,-161.204,261.802
428.64,10.1857,2.5219,10.71,8.03475,24.9103,1.5396,-161.204,262.862
428.66,10.1866,2.49407,10.7101,8.0812,24.9688,1.5396,-161.204,258.616
428.68,10.1871,2.49207,10.6184,8.0812,24.9688,1.5396,-164.375,255.96
428.7,10.1871,2.38458,10.7557,8.12757,25.027,1.5396,-164.375,255.96
428.72,10.1852,2.356,10.7559,8.31342,24.5021,1.5396,-164.375,260.74
428.74,10.188,2.47684,10.527,8.31342,24.5021,1.5396,-164.375,255.437
428.76,10.1871,2.45936,10.6182,8.45253,24.5021,1.53204,-164.375,252.778
428.78,10.1871,2.31727,10.5725,8.4063,23.9187,1.53202,-164.375,250.119
428.8,10.1852,2.39928,10.5725,8.4063,23.9187,1.53002,-164.375,242.696
428.82,10.1875,2.44599,10.5725,8.54542,23.7439,1.53002,-164.375,240.563
428.84,10.1875,2.44953,10.5267,8.45275,23.5686,1.53002,-164.375,241.091
428.86,10.1861,2.37227,10.5267,8.45275,23.5686,1.53002,-160.839,240.031
428.88,10.1852,2.24175,10.5267,8.54564,23.3353,1.53002,-160.833,243.215
428.9,10.1857,2.2422,10.5725,8.49919,23.3936,1.53002,-160.833,250.65
428.92,10.1857,2.28432,10.5725,8.49919,23.3936,1.53002,-160.833,257.543
428.94,10.1871,2.27425,10.5725,8.54564,23.2186,1.52054,-160.833,261.271
428.96,10.1871,2.299,10.5268,8.49926,23.3934,1.52054,-160.833,264.982
428.98,10.1871,2.32062,10.5267,8.49919,23.3354,1.52134,-160.833,270.821
429,10.1861,2.45088,10.435,8.49919,23.3353,1.52134,-160.833,276.671
429.02,10.1847,2.34927,10.5723,8.45282,23.3935,1.52134,-160.833,281.973
429.04,10.1875,2.34865,10.5725,8.40637,23.2771,1.52134,-164.534,288.874
429.06,10.1875,2.2568,10.3891,8.4063,23.277,1.52134,-164.54,288.354
429.08,10.1838,2.41884,10.4807,8.4063,23.3935,1.52134,-164.54,293.126
429.1,10.1852,2.30972,10.4808,8.4063,23.3936,1.52134,-164.54,297.905
429.12,10.1857,2.2931,10.435,8.4063,23.3936,1.51755,-164.54,295.788
429.14,10.1857,2.31592,10.5265,8.45268,23.6849,1.52001,-164.54,293.667
429.16,10.1875,2.46471,10.5267,8.45275,23.802,1.52002,-164.54,296.319
429.18,10.1866,2.46669,10.4808,8.45275,23.802,1.52002,-164.54,297.381
429.2,10.1866,2.39854,10.5724,8.45275,24.035,1.52002,-164.54,293.67
429.22,10.1871,2.39844,10.6184,8.45275,24.0353,1.52002,-160.607,294.726
429.24,10.1861,2.39053,10.6184,8.45275,24.0353,1.52002,-160.607,292.075
429.26,10.1861,2.36011,10.6642,8.45275,24.2683,1.52002,-160.607,286.769
429.28,10.1885,2.46101,10.7101,8.4063,24.2687,1.52002,-160.607,283.574
429.3,10.1852,2.51986,10.7101,8.4063,24.2687,1.51058,-160.607,281.984
429.32,10.1875,2.4131,10.8474,8.4063,24.6182,1.514,-160.607,274.028
429.34,10.1875,2.44533,10.7559,8.4063,24.7354,1.514,-160.607,267.643
429.36,10.1875,2.47057,10.7559,8.4063,24.7354,1.514,-160.607,261.28
429.38,10.1885,2.43602,11.031,8.45275,24.8521,1.514,-160.607,255.429
429.4,10.188,2.40885,11.2144,8.31342,25.0854,1.514,-164.519,249.588
429.42,10.188,2.50456,11.2144,8.31342,25.2602,1.514,-164.519,243.755
429.44,10.1903,2.52415,11.3061,8.31342,25.2605,1.514,-164.519,241.091
429.46,10.1898,2.53325,11.3519,8.40616,25.0857,1.514,-164.519,240.031
429.48,10.1898,2.57198,11.3519,8.4063,25.0854,1.50082,-164.519,244.801
429.5,10.1922,2.47625,11.4436,8.4063,25.0854,1.50965,-164.519,242.153
429.52,10.1926,2.61276,11.4894,8.31356,24.7942,1.50965,-164.519,241.623
429.54,10.1931,2.60754,11.4895,8.31342,24.852,1.50965,-164.519,241.092
429.56,10.1931,2.37087,11.5353,8.31342,24.8521,1.50965,-160.833,240.56
429.58,10.194,2.35417,11.5811,8.26704,24.7938,1.50965,-160.833,241.09
429.6,10.1954,2.45975,11.5812,8.26697,25.085,1.50965,-160.833,245.333
429.62,10.1954,2.44038,11.6729,8.26697,25.0854,1.50965,-160.833,254.367
429.64,10.1959,2.23243,11.6271,8.17423,25.2602,1.48347,-160.833,255.958
429.66,10.1987,2.55348,11.4895,8.22053,25.3771,1.48343,-160.833,265.519
429.68,10.1987,2.53837,11.4895,8.22053,25.3771,1.49602,-160.833,275.078
429.7,10.1987,2.42046,11.4895,8.12778,25.4936,1.49602,-160.833,272.957
429.72,10.1991,2.39542,11.3519,8.0812,25.3188,1.49602,-160.833,277.733
429.74,10.2005,2.34639,11.3519,8.0812,25.3188,1.49602,-163.28,284.626
429.76,10.2005,2.37392,11.3062,7.98845,25.5518,1.49602,-163.284,283.046
429.78,10.2024,2.37285,11.2602,8.0812,25.3771,1.49602,-163.284,283.574
429.8,10.2019,2.38104,11.2602,8.0812,25.3771,1.49602,-163.284,283.574
429.82,10.2038,2.36741,11.306,7.89571,25.8431,1.47195,-163.284,284.635
429.84,10.2038,2.43565,11.2144,7.98831,25.7272,1.47191,-163.284,287.823
429.86,10.2061,2.46685,11.2144,7.98831,25.9019,1.49296,-163.284,288.353
429.88,10.2052,2.27855,11.2144,7.94187,25.9022,1.49299,-163.284,283.574
429.9,10.2052,2.28178,11.3061,7.84898,25.7855,1.49299,-163.284,279.326
429.92,10.207,2.39238,11.3061,7.84898,25.8437,1.49299,-160.673,277.205
429.94,10.2075,2.40495,11.3978,7.80254,25.8438,1.49299,-160.669,272.423
429.96,10.2089,2.38961,11.2147,7.75616,25.9021,1.49299,-160.669,274.013
429.98,10.2089,2.43564,11.2144,7.84884,25.6692,1.49299,-160.669,275.606
430,10.2107,2.50505,11.3061,7.84898,25.6688,1.46562,-160.669,276.671
430.02,10.2131,2.33613,11.3061,7.75623,25.7853,1.49502,-160.669,272.429
430.04,10.2131,2.31698,11.3061,7.75609,25.6107,1.49506,-160.669,268.181
430.06,10.214,2.30137,11.3519,7.75609,25.6105,1.49506,-160.669,269.767
430.08,10.2135,2.3723,11.3519,7.84884,25.6105,1.49506,-160.669,262.344
430.1,10.2158,2.39008,11.4435,7.84898,25.6105,1.49506,-162.642,255.44
430.12,10.2159,2.33714,11.4436,7.84898,25.6105,1.49506,-162.645,258.085
430.14,10.2154,2.25549,11.4436,7.80261,25.6687,1.49506,-162.645,257.554
430.16,10.2154,2.35324,11.4895,7.80254,25.6105,1.49506,-162.645,255.429
430.18,10.2154,2.3957,11.4895,7.80254,25.6105,1.44697,-162.645,260.209
430.2,10.2154,2.46953,11.4437,7.80254,25.6687,1.49435,-162.645,260.739
430.22,10.2172,2.35816,11.5353,7.75609,25.5521,1.49442,-162.645,267.643
430.24,10.2191,2.32496,11.5353,7.75609,25.5521,1.49442,-162.645,273.476
430.26,10.2191,2.4306,11.5353,7.75609,25.6104,1.49442,-162.645,268.713
430.28,10.2177,2.43913,11.627,7.80254,25.5521,1.49442,-160.463,269.767
430.3,10.2182,2.38405,11.627,7.61704,25.7269,1.49442,-160.463,274.539
430.32,10.22,2.34651,11.627,7.61676,25.7272,1.49442,-160.463,275.607
430.34,10.22,2.37274,11.7187,7.66321,25.7272,1.49442,-160.463,276.14
430.36,10.2177,2.41698,11.7187,7.70958,25.7854,1.43976,-160.463,277.2
430.38,10.2196,2.48674,11.627,7.70965,25.7855,1.46832,-160.463,276.14
430.4,10.2196,2.49759,11.6729,7.61676,26.1355,1.46832,-160.463,275.609
430.42,10.22,2.39943,11.6729,7.57039,26.0773,1.46832,-160.463,278.26
430.44,10.22,2.41985,11.6729,7.57032,26.0772,1.46832,-162.522,282.512
430.46,10.2191,2.44651,11.7644,7.75581,26.3102,1.46832,-162.522,283.042
430.48,10.2191,2.31487,11.7646,7.61697,26.5435,1.46832,-162.522,279.332
430.5,10.22,2.34405,11.5812,7.61676,26.5439,1.46832,-162.522,276.671
430.52,10.2219,2.47449,11.8559,7.61676,26.7186,1.44341,-162.522,275.08
430.54,10.2219,2.47867,11.8563,7.66313,26.7189,1.44338,-162.522,274.017
430.56,10.2186,2.47547,11.7187,7.66321,26.7189,1.46067,-162.522,269.236
430.58,10.2191,2.37197,11.7187,7.61683,26.8354,1.46067,-162.522,269.236
430.6,10.2205,2.3567,11.8103,7.57039,27.1268,1.46067,-162.522,269.236
430.62,10.2205,2.44015,11.8104,7.57032,27.1273,1.46067,-160.998,271.36
430.64,10.22,2.53005,11.8562,7.61669,27.069,1.46067,-160.998,269.77
430.66,10.2214,2.51022,11.8104,7.57032,27.419,1.46067,-160.998,264.988
430.68,10.22,2.5314,11.8104,7.57032,27.419,1.46067,-160.998,268.705
430.7,10.22,2.50021,11.8104,7.57032,27.3607,1.44434,-160.998,263.403
430.72,10.2196,2.42247,11.8104,7.57032,27.5356,1.44432,-160.998,263.926
430.74,10.221,2.44117,11.8104,7.57032,27.5356,1.45697,-160.998,267.638
430.76,10.221,2.4779,11.8562,7.57032,27.5939,1.45699,-160.998,271.355
430.78,10.221,2.46875,11.7187,7.66321,27.5356,1.45699,-160.998,276.14
430.8,10.2228,2.47415,11.7187,7.66321,27.3609,1.45699,-161.327,280.912
430.82,10.2219,2.47568,11.6729,7.66321,27.3606,1.45699,-161.328,279.859
430.84,10.2219,2.36185,11.627,7.29166,27.0689,1.45699,-161.328,277.202
430.86,10.2224,2.3578,11.627,7.80176,26.7194,1.45699,-161.328,274.551
430.88,10.2228,2.47057,11.5812,7.80254,26.7189,1.45053,-161.328,275.609
430.9,10.2228,2.47306,11.4436,7.84898,26.4856,1.45591,-161.328,283.043
430.92,10.2219,2.52401,11.3521,7.80261,26.0778,1.45591,-161.328,281.983
430.94,10.221,2.24506,11.3519,7.80254,26.0772,1.45591,-161.328,279.326
430.96,10.221,2.26413,11.2604,7.84891,25.6694,1.45591,-161.328,281.447
430.98,10.221,2.43299,11.1687,7.94173,25.6106,1.45591,-160.978,283.041
431,10.2237,2.36855,11.1686,7.94187,25.6105,1.45591,-160.978,281.45
431.02,10.2219,2.30691,11.077,7.94187,25.1445,1.45591,-160.978,281.45
431.04,10.2219,2.29728,10.9853,8.03461,25.0273,1.45591,-160.978,277.739
431.06,10.2233,2.36342,10.9852,8.03475,25.0271,1.4543,-160.978,271.361
431.08,10.2224,2.3006,10.9394,8.03475,24.7359,1.45863,-160.978,270.83
431.1,10.2224,2.3077,10.7104,8.03475,24.3277,1.45864,-160.978,268.709
431.12,10.2224,2.3378,10.7101,8.03475,24.152,1.45864,-160.978,269.767
431.14,10.2228,2.33101,10.7559,8.08113,24.152,1.45864,-160.978,262.344
431.16,10.221,2.32967,10.5725,8.12764,23.977,1.45864,-160.257,257.022
431.18,10.221,2.32828,10.5725,8.12764,23.977,1.45864,-160.257,252.243
431.2,10.2224,2.40931,10.5268,8.12764,23.977,1.45864,-160.257,244.82
431.22,10.2237,2.45845,10.435,8.22053,23.8603,1.45864,-160.257,242.153
431.24,10.2219,2.46278,10.435,8.31328,23.8021,1.45864,-160.257,246.395
431.26,10.2219,2.28351,10.435,8.31342,23.802,1.45539,-160.257,247.992
431.28,10.2228,2.42877,10.2974,8.31342,23.8603,1.45538,-160.257,243.215
431.3,10.2233,2.29812,10.3432,8.35979,23.6273,1.45538,-160.257,239.504
431.32,10.2233,2.27066,10.3433,8.35986,23.627,1.45538,-160.709,233.666
431.34,10.2214,2.3694,10.2974,8.45275,23.627,1.45538,-160.71,236.843
431.36,10.2224,2.36188,10.389,8.49912,23.627,1.45538,-160.71,241.615
431.38,10.2228,2.37332,10.3891,8.49919,23.627,1.45538,-160.71,241.091
431.4,10.2228,2.35163,10.3891,8.54564,23.7437,1.44576,-160.71,240.56
431.42,10.2224,2.32212,10.5265,8.54564,23.5107,1.44576,-160.71,236.849
431.44,10.2219,2.4676,10.5267,8.54564,23.5103,1.45565,-160.71,231.533
431.46,10.2219,2.50294,10.6182,8.63838,23.6268,1.45565,-160.71,234.714
431.48,10.2219,2.45046,10.8015,8.54578,23.5105,1.45565,-160.71,235.249
431.5,10.2219,2.51037,10.8018,8.54564,23.802,1.45565,-160.01,233.126
431.52,10.2228,2.51135,10.8933,8.54564,23.802,1.45565,-160.01,229.944
431.54,10.2228,2.49543,11.0766,8.49926,23.9185,1.45565,-160.01,227.288
431.56,10.2224,2.57657,11.0769,8.54564,24.327,1.45565,-160.01,227.284
431.58,10.2233,2.71732,11.1226,8.54564,24.327,1.43351,-160.01,225.694
431.6,10.2233,2.73727,11.2143,8.49926,24.9095,1.44821,-160.01,223.57
431.62,10.2233,2.70805,11.2144,8.4063,25.4355,1.44823,-160.01,223.036
431.64,10.2224,2.46799,11.306,8.4063,25.4355,1.44823,-160.01,223.036
431.66,10.2228,2.45942,11.3978,8.31342,26.0188,1.44823,-160.01,219.319
431.68,10.2228,2.54741,11.3978,8.17409,26.4856,1.44823,-160.978,217.195
431.7,10.2228,2.46344,11.4893,8.17409,26.4856,1.44823,-160.978,221.436
431.72,10.2228,2.41928,11.3978,8.0812,26.7772,1.44823,-160.978,221.974
431.74,10.2214,2.39827,11.3978,7.94208,26.719,1.44823,-160.978,223.034
431.76,10.2214,2.39261,11.4436,7.94187,26.7189,1.44044,-160.978,223.566
431.78,10.2219,2.54423,11.4895,7.75609,26.3105,1.45087,-160.978,224.098
431.8,10.2233,2.28239,11.4437,7.61697,25.8445,1.45087,-160.978,229.4
431.82,10.2233,2.32488,11.4436,7.61676,25.8438,1.45087,-160.978,235.241
431.84,10.2233,2.47024,11.4895,7.57032,25.2605,1.45087,-160.978,240.029
431.86,10.2219,2.30667,11.4895,7.47757,25.0857,1.45087,-158.531,242.68
431.88,10.2228,2.31606,11.4895,7.47743,25.0854,1.45087,-158.527,240.56
431.9,10.2228,2.4212,11.5353,7.43099,25.1438,1.45087,-158.527,242.684
431.92,10.2219,2.29076,11.398,7.43099,24.9108,1.45087,-158.527,241.624
431.94,10.2224,2.37323,11.3978,7.43099,24.9104,1.44932,-158.527,243.215
431.96,10.2228,2.36145,11.4893,7.47736,24.6774,1.44351,-158.527,249.578
431.98,10.2228,2.36377,11.3522,7.33831,24.7936,1.4435,-158.527,250.118
432,10.2247,2.41384,11.3519,7.38454,24.6187,1.4435,-158.527,250.119
432.02,10.2237,2.3664,11.3977,7.38454,24.6187,1.4435,-160.686,250.119
432.04,10.2237,2.3755,11.5809,7.24543,24.7352,1.4435,-160.689,255.951
432.06,10.2233,2.42789,11.5812,7.3381,24.7354,1.4435,-160.689,256.491
432.08,10.2242,2.30772,11.4438,7.3381,24.7354,1.4435,-160.689,261.263
432.1,10.2233,2.29271,11.6725,7.38447,24.6772,1.4497,-160.689,262.861
432.12,10.2233,2.34548,11.6729,7.38454,24.6771,1.44971,-160.689,259.678
432.14,10.2233,2.2797,11.6271,7.38454,24.6771,1.45202,-160.689,259.147
432.16,10.2247,2.29281,11.8104,7.24521,24.7354,1.45203,-160.689,259.147
432.18,10.2247,2.31459,11.8563,7.24521,24.7937,1.45203,-160.689,259.147
432.2,10.2228,2.3651,11.8563,7.24521,24.7937,1.45203,-157.852,257.556
432.22,10.2228,2.41418,11.9938,7.3381,25.0854,1.45203,-157.848,246.402
432.24,10.2242,2.45927,12.0854,7.3381,25.2019,1.45203,-157.848,234.737
432.26,10.2242,2.38317,12.0855,7.3381,25.2021,1.45203,-157.848,227.296
432.28,10.2237,2.43496,12.2689,7.3381,25.3771,1.44583,-157.848,225.691
432.3,10.2247,2.41077,12.1316,7.24535,25.7266,1.44583,-157.848,226.221
432.32,10.2247,2.43041,12.1314,7.24521,25.7272,1.45283,-157.848,225.162
432.34,10.2237,2.52478,12.2231,7.19877,26.0772,1.45284,-157.848,224.098
432.36,10.2251,2.58865,11.9484,7.38426,26.4849,1.45284,-157.848,225.159
432.38,10.2237,2.59917,11.948,7.29166,27.0106,1.45284,-160.772,220.912
432.4,10.2237,2.60444,11.7187,7.29166,27.0106,1.45284,-160.772,226.222
432.42,10.2228,2.68547,11.4898,7.29166,27.7678,1.45284,-160.772,226.752
432.44,10.2237,2.52511,11.4895,7.24521,28.7607,1.45284,-160.772,227.815
432.46,10.2237,2.52308,11.4895,7.24521,28.7607,1.43444,-160.772,227.815
432.48,10.2247,2.58816,11.3064,7.38433,29.9257,1.44877,-160.772,223.043
432.5,10.2219,2.62253,11.3061,7.3381,30.9776,1.44879,-160.772,222.505
432.52,10.2233,2.53611,11.2603,7.3381,30.9776,1.44879,-160.772,223.565
432.54,10.2233,2.57631,11.306,7.29173,31.5601,1.44879,-160.772,229.93
432.56,10.2242,2.55807,11.3061,7.29166,31.211,1.44879,-157.93,229.94
432.58,10.2251,2.44773,11.3977,7.29166,31.211,1.44879,-157.93,228.879
432.6,10.2251,2.44285,11.4436,7.33803,30.046,1.44879,-157.93,229.408
432.62,10.2228,2.47652,11.4895,7.29166,28.5274,1.44879,-157.93,231.002
432.64,10.2237,2.57727,11.4895,7.29166,28.5274,1.44124,-157.93,237.364
432.66,10.2242,2.56917,11.6729,7.38454,27.3606,1.4388,-157.93,249.057
432.68,10.2242,2.41093,11.948,7.15233,26.3105,1.4388,-157.93,257.022
432.7,10.2242,2.4558,11.948,7.15233,26.3105,1.4388,-157.93,261.264
432.72,10.2237,2.37296,12.0397,7.38454,25.9605,1.4388,-157.93,261.802
432.74,10.2219,2.39817,12.3143,7.24542,25.7858,1.4388,-160.294,269.755
432.76,10.2219,2.53012,12.3148,7.24521,25.7855,1.4388,-160.298,280.902
432.78,10.2237,2.37953,12.4064,7.38454,25.6105,1.4388,-160.298,286.761
432.8,10.2242,2.41818,12.4064,7.2918,25.494,1.4388,-160.298,294.184
432.82,10.2242,2.43764,12.4064,7.29166,25.3191,1.44637,-160.298,297.907
432.84,10.2242,2.33387,12.3606,7.29166,25.3188,1.44638,-160.298,303.223
432.86,10.2242,2.40939,12.3606,7.3844,25.3188,1.44638,-160.298,309.055
432.88,10.2237,2.43623,12.3606,7.29166,25.3188,1.44638,-160.298,310.126
432.9,10.2237,2.33262,12.2231,7.29166,25.3188,1.44638,-157.333,317.03
432.92,10.2237,2.41399,12.0857,7.33803,25.2605,1.44638,-157.333,313.848
432.94,10.2242,2.41913,12.0855,7.3381,25.2021,1.44638,-157.333,310.657
432.96,10.2242,2.47638,12.0397,7.3381,25.2021,1.44638,-157.333,309.067
432.98,10.2247,2.45468,12.0397,7.38447,25.0856,1.44184,-157.333,308.534
433,10.2237,2.382,11.948,7.38454,25.1438,1.44183,-157.333,311.719
433.02,10.2247,2.38977,11.948,7.38454,25.1438,1.4491,-157.333,313.31
433.04,10.2247,2.43273,12.0395,7.43092,25.0855,1.44911,-157.333,310.661
433.06,10.2242,2.46399,11.9021,7.43099,25.1438,1.44911,-157.333,311.719
433.08,10.2237,2.55807,11.9021,7.43099,25.1438,1.44911,-160.849,308.008
433.1,10.2251,2.54676,11.9479,7.57011,25.435,1.44911,-160.854,312.774
433.12,10.2251,2.46189,11.8563,7.47743,25.2021,1.44911,-160.854,312.781
433.14,10.2233,2.40532,11.8563,7.47743,25.2021,1.44911,-160.854,314.372
433.16,10.2247,2.39541,11.9021,7.66321,25.7272,1.42812,-160.854,307.471
433.18,10.2247,2.58777,11.8104,7.75609,25.6105,1.42812,-160.854,297.912
433.2,10.2247,2.53092,11.8104,7.75609,25.96,1.44054,-160.854,291.55
433.22,10.2247,2.48745,11.7187,7.70965,25.9605,1.44056,-160.854,286.23
433.24,10.2233,2.52158,11.6729,7.84877,25.9605,1.44056,-160.854,284.109
433.26,10.2233,2.40149,11.6729,7.9881,26.1353,1.44056,-156.393,285.166
433.28,10.2233,2.47549,11.5812,7.98831,26.1355,1.44056,-156.386,287.292
433.3,10.2242,2.52417,11.3981,8.08106,26.1938,1.44056,-156.386,287.822
433.32,10.2242,2.52687,11.3978,8.12757,26.0191,1.44056,-156.386,285.702
433.34,10.2247,2.59777,11.3978,8.12764,26.0188,1.43761,-156.386,287.292
433.36,10.2224,2.37669,11.2605,8.40588,25.9606,1.44389,-156.386,286.231
433.38,10.2224,2.38219,11.2602,8.45275,25.8438,1.4439,-156.386,284.105
433.4,10.2224,2.44801,11.1686,8.45275,25.8438,1.4439,-156.386,287.292
433.42,10.2237,2.45297,11.2143,8.54549,25.4943,1.4439,-156.386,284.11
433.44,10.2247,2.44455,10.9852,8.59208,25.1438,1.4439,-160.257,286.761
433.46,10.2247,2.4324,10.9852,8.59208,25.1438,1.4439,-160.257,292.593
433.48,10.2233,2.47054,10.8478,8.59208,24.9108,1.4439,-160.257,293.132
433.5,10.2251,2.40376,10.7559,8.68497,24.7354,1.4439,-160.257,293.664
433.52,10.2242,2.40084,10.7559,8.68497,24.7354,1.44096,-160.257,289.422
433.54,10.2242,2.35976,10.6186,8.54585,24.6772,1.43844,-160.257,286.765
433.56,10.2242,2.36342,10.5725,8.59208,24.3854,1.43843,-160.257,286.23
433.58,10.2237,2.42519,10.5725,8.59208,24.3854,1.43843,-160.257,286.76
433.6,10.2237,2.38322,10.5268,8.68482,24.2689,1.43843,-160.257,289.412
433.62,10.2237,2.35033,10.3433,8.54564,24.2687,1.43843,-156.736,287.292
433.64,10.2233,2.42491,10.3433,8.54564,24.094,1.43843,-156.736,282.52
433.66,10.2233,2.42742,10.3891,8.54564,24.0937,1.43843,-156.736,274.547
433.68,10.2233,2.40198,10.3433,8.54564,23.9187,1.43843,-156.736,270.298
433.7,10.2237,2.38688,10.3433,8.49926,23.8604,1.4355,-156.736,264.466
433.72,10.2233,2.33789,10.3891,8.49919,23.8603,1.43676,-156.736,258.616
433.74,10.2237,2.35581,10.3434,8.54556,23.7438,1.43676,-156.736,250.132
433.76,10.2237,2.36426,10.3433,8.59201,23.8602,1.43676,-156.736,245.877
433.78,10.2219,2.52478,10.435,8.59208,23.8603,1.43676,-159.68,244.278
433.8,10.2228,2.39358,10.435,8.54571,23.8603,1.43676,-159.68,250.64
433.82,10.2228,2.3779,10.435,8.68475,23.9186,1.43676,-159.68,253.301
433.84,10.22,2.61049,10.3433,8.68497,23.9187,1.43676,-159.68,258.616
433.86,10.2219,2.39684,10.5264,8.59222,24.1517,1.42071,-159.68,253.313
433.88,10.221,2.36495,10.435,8.59208,24.2104,1.42069,-159.68,249.588
433.9,10.221,2.48542,10.435,8.59208,24.2104,1.41813,-159.68,247.464
433.92,10.2224,2.39583,10.5265,8.49933,24.3851,1.41813,-159.68,249.054
433.94,10.22,2.45138,10.3891,8.35986,24.327,1.41813,-159.68,245.34
433.96,10.22,2.42242,10.3891,8.35986,24.327,1.41813,-155.959,244.809
433.98,10.2196,2.46507,10.4349,8.40623,24.5018,1.41813,-155.953,243.748
434,10.2191,2.51958,10.4808,8.22053,24.4437,1.41813,-155.953,242.684
434.02,10.2196,2.52276,10.4808,8.22053,24.4437,1.41813,-155.953,242.154
434.04,10.2196,2.43793,10.4351,8.22053,24.3272,1.41232,-155.953,247.986
434.06,10.2186,2.4653,10.3891,8.0812,24.6771,1.41231,-155.953,250.119
434.08,10.2191,2.53097,10.3891,8.0812,24.5023,1.43038,-155.953,252.24
434.1,10.2191,2.55356,10.4349,8.0812,24.5021,1.4304,-155.953,255.424
434.12,10.2182,2.3299,10.3891,8.17409,24.7937,1.4304,-155.953,254.898
434.14,10.2172,2.4163,10.3891,8.12771,24.7355,1.4304,-158.914,255.959
434.16,10.2172,2.4262,10.3433,8.12764,24.7354,1.4304,-158.919,267.112
434.18,10.2172,2.29548,10.2974,8.03475,24.7354,1.4304,-158.919,275.078
434.2,10.2177,2.33769,10.2974,7.98838,24.7354,1.4304,-158.919,283.031
434.22,10.2159,2.45938,10.2974,7.98831,24.7354,1.45205,-158.919,281.45
434.24,10.2159,2.4614,10.2059,7.98831,24.7354,1.44439,-158.919,280.39
434.26,10.2131,2.47102,10.2515,7.98831,24.5607,1.44438,-158.919,273.495
434.28,10.2131,2.38471,10.2516,7.98831,24.5604,1.44438,-158.919,271.36
434.3,10.2112,2.36349,10.16,7.94194,24.5021,1.44438,-158.919,269.24
434.32,10.2112,2.33455,10.2057,7.89549,24.4438,1.44438,-155.136,272.948
434.34,10.2094,2.42104,10.2057,7.89542,24.4437,1.44438,-155.13,272.954
434.36,10.2089,2.3309,10.0226,7.9418,24.3855,1.44438,-155.13,272.954
434.38,10.2098,2.31053,10.2057,7.98831,24.3854,1.44438,-155.13,274.016
434.4,10.2098,2.29329,10.2057,7.98831,24.3854,1.45315,-155.13,273.485
434.42,10.207,2.33747,10.1142,7.98831,24.2689,1.44434,-155.13,272.424
434.44,10.2047,2.38257,10.1141,8.03475,24.327,1.44432,-155.13,277.733
434.46,10.2015,2.29094,10.1141,8.03475,24.3853,1.44432,-155.13,281.445
434.48,10.2015,2.25873,10.0225,8.03475,24.3854,1.44432,-155.13,285.692
434.5,10.2005,2.23921,10.0224,8.0812,24.2104,1.44432,-158.671,288.885
434.52,10.1973,2.27024,10.0224,8.0812,24.2686,1.44432,-158.671,287.294
434.54,10.1973,2.27472,10.0681,8.0812,24.2687,1.44432,-158.671,288.882
434.56,10.2001,2.36376,9.93066,8.0812,24.152,1.44728,-158.671,287.292
434.58,10.1982,2.41849,9.93066,8.03483,24.0355,1.44728,-158.671,279.868
434.6,10.2001,2.38962,10.068,8.03475,24.0353,1.44602,-158.671,271.373
434.62,10.2001,2.46485,10.0682,8.0812,23.9187,1.44602,-158.671,265.519
434.64,10.2001,2.37819,10.0682,7.98845,23.8022,1.44602,-158.671,263.398
434.66,10.1987,2.38575,10.2057,7.98831,23.802,1.44602,-155.912,264.457
434.68,10.1987,2.43269,10.3891,7.98831,23.6853,1.44602,-155.912,263.926
434.7,10.1982,2.4619,10.3891,8.08106,23.6271,1.44602,-155.912,265.517
434.72,10.201,2.44409,10.5267,8.0812,23.627,1.44602,-155.912,265.519
434.74,10.1968,2.44262,10.9387,7.98845,23.627,1.44013,-155.912,258.626
434.76,10.1968,2.46991,10.8935,8.03468,23.8017,1.44012,-155.912,249.071
434.78,10.1963,2.41124,10.8935,8.03475,23.802,1.4439,-155.912,244.809
434.8,10.195,2.48584,11.2597,7.84926,23.9185,1.4439,-155.912,242.688
434.82,10.195,2.48545,11.306,7.9881,24.2682,1.4439,-155.912,241.094
434.84,10.194,2.45947,11.3061,7.98831,24.2687,1.4439,-157.663,240.029
434.86,10.1917,2.48717,11.4434,7.98831,25.0842,1.4439,-157.663,229.955
434.88,10.1898,2.49733,11.3061,7.94187,26.0772,1.4439,-157.663,220.381
434.9,10.1898,2.64309,11.3061,7.84898,26.0772,1.4439,-157.663,214.008
434.92,10.1894,2.7805,11.3977,7.84898,27.4752,1.4395,-157.663,209.767
434.94,10.1885,2.71819,11.2602,7.80254,29.4608,1.43949,-157.663,203.388
434.96,10.1885,2.69514,11.2602,7.98803,31.5578,1.44583,-157.663,201.797
434.98,10.1861,2.69635,11.3518,7.98831,31.561,1.44584,-157.663,203.385
435,10.181,2.73502,11.3519,7.94187,33.8945,1.44584,-157.663,204.981
435.02,10.1801,2.67737,11.3519,7.84912,35.7002,1.44584,-156.388,207.102
435.04,10.1801,2.66839,11.4435,7.84898,35.703,1.44584,-156.386,206.575
435.06,10.181,2.60911,11.4895,7.98831,36.228,1.44584,-156.386,207.105
435.08,10.182,2.61574,11.6726,7.94194,35.1796,1.44584,-156.386,206.044
435.1,10.182,2.65574,11.6729,7.94187,35.178,1.44584,-156.386,212.406
435.12,10.1787,2.52212,11.6729,8.03475,33.0194,1.44456,-156.386,210.822
435.14,10.1801,2.44243,11.856,8.08113,30.573,1.44456,-156.386,210.822
435.16,10.1806,2.44821,11.8563,8.0812,30.5692,1.44456,-156.386,211.884
435.18,10.1806,2.47956,11.9938,8.0812,28.6441,1.44456,-156.386,218.788
435.2,10.1801,2.41107,12.1311,8.17394,27.1878,1.44456,-157.126,224.62
435.22,10.1815,2.29935,12.1314,8.17409,27.1856,1.44456,-157.127,227.284
435.24,10.1792,2.30082,12.2229,8.17409,26.4866,1.44456,-157.127,228.345
435.26,10.1792,2.36188,12.3146,8.22046,26.0196,1.44456,-157.127,229.937
435.28,10.1787,2.41328,12.3148,8.22053,26.0188,1.44456,-157.127,234.188
435.3,10.181,2.42836,12.0401,8.08141,26.0188,1.4433,-157.127,235.779
435.32,10.181,2.27791,11.9939,8.17394,25.7276,1.44329,-157.127,239.493
435.34,10.1787,2.40385,11.9938,8.17409,25.7855,1.44329,-157.127,242.153
435.36,10.1787,2.30653,11.7191,8.08134,25.7855,1.44329,-155.38,246.925
435.38,10.1792,2.382,11.4895,7.94187,25.9022,1.44329,-155.377,253.836
435.4,10.1792,2.35925,11.4895,7.89542,25.7272,1.44329,-155.377,256.491
435.42,10.1801,2.30776,11.3064,7.89542,25.7272,1.44329,-155.377,259.143
435.44,10.1815,2.3091,11.1686,7.70965,25.9022,1.45062,-155.377,257.022
435.46,10.1815,2.34141,11.1686,7.57053,25.6109,1.45062,-155.377,254.371
435.48,10.1801,2.32295,11.077,7.57032,25.6105,1.44684,-155.377,247.474
435.5,10.181,2.37636,11.0769,7.52387,25.7855,1.44684,-155.377,244.809
435.52,10.1787,2.36788,11.0311,7.29201,25.6107,1.44684,-155.377,240.036
435.54,10.1787,2.39854,11.031,7.29166,25.6105,1.44684,-155.973,241.09
435.56,10.181,2.44031,11.0769,7.19877,25.6688,1.44684,-155.974,243.746
435.58,10.1801,2.30048,10.9853,7.1524,25.5523,1.44684,-155.974,249.049
435.6,10.1801,2.28913,10.9852,7.15233,25.5521,1.44684,-155.974,251.178
435.62,10.1801,2.28535,11.1686,7.05944,25.6105,1.45865,-155.974,252.243
435.64,10.181,2.36402,11.1686,7.10581,25.5522,1.45865,-155.974,258.076
435.66,10.182,2.36368,11.1686,7.10588,25.5521,1.44378,-155.974,264.988
435.68,10.182,2.28371,11.2602,6.96655,25.6105,1.44378,-155.974,263.395
435.7,10.1815,2.35614,11.3518,7.0593,25.727,1.44378,-155.974,262.334
435.72,10.1787,2.3847,11.3519,7.05944,25.8438,1.44378,-155.83,263.395
435.74,10.1787,2.4276,11.5808,7.05944,25.8438,1.44378,-155.83,263.395
435.76,10.1815,2.45125,11.5354,6.92032,26.0186,1.44378,-155.83,265.516
435.78,10.1806,2.46387,11.5353,6.92011,26.3105,1.44378,-155.83,267.643
435.8,10.181,2.48149,11.6269,6.92011,26.3105,1.47538,-155.83,265.522
435.82,10.181,2.43623,11.7644,7.01285,26.3688,1.43091,-155.83,264.459
435.84,10.181,2.55546,11.7646,6.96655,26.7772,1.43084,-155.83,260.209
435.86,10.1806,2.45957,11.8561,6.96655,26.7772,1.43084,-155.83,260.209
435.88,10.1806,2.46188,11.7187,7.05944,26.8356,1.43084,-155.83,266.581
435.9,10.1806,2.45854,11.7187,7.10588,27.0689,1.43084,-154.739,266.581
435.92,10.1796,2.35743,11.9476,7.10588,27.0689,1.43084,-154.739,263.93
435.94,10.1792,2.30677,11.8104,7.05944,27.419,1.43084,-154.739,268.705
435.96,10.1792,2.54107,11.8104,7.05944,27.419,1.43084,-154.739,274.008
435.98,10.1792,2.4438,11.902,7.05944,27.419,1.48129,-154.739,276.137
436,10.1824,2.50881,11.6729,7.01299,27.4773,1.43972,-154.739,272.423
436.02,10.1829,2.51661,11.7187,7.05937,27.3608,1.43972,-154.739,272.423
436.04,10.1829,2.30972,11.7187,7.05944,27.3606,1.43972,-154.739,274.543
436.06,10.1843,2.26971,11.5353,7.01299,27.0106,1.43972,-154.739,270.829
436.08,10.1843,2.2912,11.1691,7.05937,26.7194,1.43972,-155.911,268.178
436.1,10.1843,2.30541,11.1686,6.96669,26.7189,1.43972,-155.912,273.477
436.12,10.1866,2.38809,10.9852,6.96655,26.6606,1.43972,-155.912,274.547
436.14,10.1871,2.22904,10.6647,7.0593,26.4276,1.43972,-155.912,277.198
436.16,10.1866,2.22307,10.6642,6.96655,26.4272,1.47761,-155.912,278.795
436.18,10.1866,2.17907,10.3433,6.96655,26.5439,1.44545,-155.912,279.857
436.2,10.1908,2.15546,9.97707,7.0593,26.6021,1.44545,-155.912,277.206
436.22,10.195,2.24743,9.97651,7.05944,26.8356,1.44545,-155.912,268.174
436.24,10.195,2.29199,9.88495,7.05944,26.8356,1.44545,-154.268,262.342
436.26,10.1982,2.2399,9.83903,7.10581,27.0103,1.44545,-154.265,265.514
436.28,10.1982,2.31359,9.83896,7.15233,27.0106,1.44545,-154.265,264.457
436.3,10.2038,2.36994,9.74741,7.15233,27.0106,1.44545,-154.265,257.564
436.32,10.2038,2.38804,9.83882,7.1987,27.1853,1.47086,-154.265,262.326
436.34,10.2075,2.37755,9.83896,7.29166,26.7189,1.4709,-154.265,263.926
436.36,10.2135,2.40811,9.83896,7.29166,26.7189,1.44235,-154.265,260.214
436.38,10.2135,2.40816,9.93066,7.29166,26.5439,1.4423,-154.265,257.022
436.4,10.2126,2.36297,9.97651,7.3381,26.1939,1.4423,-154.265,252.243
436.42,10.2163,2.34793,9.97651,7.3381,26.1939,1.4423,-155.828,250.652
436.44,10.2172,2.34518,10.2974,7.29166,26.1355,1.4423,-155.83,244.278
436.46,10.2172,2.40226,10.5263,7.3844,26.252,1.4423,-155.83,244.278
436.48,10.2182,2.34233,10.5267,7.38454,26.2522,1.4423,-155.83,245.338
436.5,10.221,2.47994,10.8018,7.47743,26.0772,1.47885,-155.83,237.905
436.52,10.2233,2.44456,11.3053,7.57018,26.1354,1.47885,-155.83,236.314
436.54,10.2233,2.41869,11.3061,7.57032,25.786,1.44928,-155.83,238.433
436.56,10.2251,2.37737,11.4436,7.57032,25.7855,1.44924,-155.83,231.533
436.58,10.2261,2.39051,11.7183,7.52394,25.3778,1.44924,-155.83,231.533
436.6,10.2261,2.54505,11.7187,7.70937,25.0859,1.44924,-153.897,225.17
436.62,10.2275,2.37461,11.6729,7.70965,25.0854,1.44924,-153.894,222.505
436.64,10.2298,2.30784,11.8102,7.66328,24.8524,1.44924,-153.894,228.337
436.66,10.2326,2.30007,11.8104,7.80254,24.9688,1.44924,-153.894,236.312
436.68,10.2326,2.42422,11.6729,7.80254,24.9688,1.47064,-153.894,238.436
436.7,10.2372,2.31288,11.5355,7.75616,25.26,1.44648,-153.894,245.329
436.72,10.2386,2.61029,11.3978,7.75609,25.6688,1.44644,-153.894,250.119
436.74,10.2386,2.5439,11.3978,7.75609,25.6688,1.44644,-153.894,249.589
436.76,10.2386,2.41485,11.3062,7.84884,26.0766,1.44644,-153.894,249.588
436.78,10.2423,2.40489,11.2144,7.80254,26.3689,1.44644,-156.201,255.96
436.8,10.2442,2.41747,11.2144,7.80254,26.3689,1.44644,-156.201,261.263
436.82,10.2442,2.3615,11.1686,7.84891,26.8931,1.44644,-156.201,258.089
436.84,10.2488,2.36142,11.1227,7.94187,27.0106,1.44644,-156.201,262.864
436.86,10.2516,2.33348,11.1227,7.94187,27.0106,1.43376,-156.201,268.696
436.88,10.2516,2.35999,11.2602,7.98831,27.0106,1.43239,-156.201,264.457
436.9,10.2535,2.47302,11.2144,7.89542,26.5439,1.43239,-156.201,260.209
436.92,10.2549,2.46841,11.2144,7.89542,25.8449,1.43239,-156.201,263.39
436.94,10.2572,2.4224,11.3519,7.98831,25.8438,1.43239,-153.153,261.802
436.96,10.2572,2.33154,11.3977,8.12743,24.7953,1.43239,-153.153,261.272
436.98,10.2586,2.33541,11.3978,8.12764,24.3278,1.43239,-153.153,268.164
437,10.26,2.33458,11.5353,8.12764,24.327,1.43239,-153.153,268.705
437.02,10.26,2.32088,11.5353,8.31313,23.9775,1.37456,-153.153,272.947
437.04,10.2627,2.41393,11.5353,8.40616,23.6858,1.37447,-153.153,277.195
437.06,10.2646,2.56747,11.7187,8.4063,23.6853,1.42419,-153.153,274.547
437.08,10.2655,2.569,11.8103,8.4063,23.8601,1.42419,-153.153,274.017
437.1,10.2655,2.3773,11.8104,8.54542,24.1516,1.42419,-153.153,274.546
437.12,10.2697,2.58174,11.8563,8.54564,24.152,1.42419,-156.551,274.547
437.14,10.2702,2.55994,11.9478,8.73113,24.2685,1.42419,-156.551,274.547
437.16,10.2748,2.54375,11.8563,8.8243,24.5604,1.42419,-156.551,272.954
437.18,10.2748,2.55273,11.8563,8.8243,24.5604,1.42419,-156.551,274.016
437.2,10.2758,2.5682,11.9021,8.87067,24.8516,1.32427,-156.551,269.774
437.22,10.2785,2.53045,11.8104,9.01007,25.0271,1.32412,-156.551,266.05
437.24,10.2785,2.47736,11.8104,9.01007,25.0271,1.38361,-156.551,272.413
437.26,10.2781,2.56977,11.8562,9.01007,25.4348,1.3837,-156.551,270.832
437.28,10.2799,2.4859,11.8563,8.91718,25.6688,1.3837,-156.551,279.857
437.3,10.2795,2.49413,11.8563,8.91718,25.6688,1.3837,-153.282,292.583
437.32,10.2795,2.52837,11.9021,8.96356,25.6106,1.3837,-153.277,291.011
437.34,10.2823,2.44505,11.9938,8.96363,25.5521,1.3837,-153.277,291.54
437.36,10.2832,2.46824,11.9938,8.82451,25.7269,1.3837,-153.277,291.01
437.38,10.2832,2.49084,12.0855,8.8243,25.7272,1.28872,-153.277,293.133
437.4,10.2841,2.52116,11.948,8.91718,25.7272,1.28872,-153.277,296.85
437.42,10.2864,2.34976,11.948,8.96356,25.9602,1.35401,-153.277,300.032
437.44,10.2869,2.38624,12.1772,8.96363,25.9605,1.35411,-153.277,296.85
437.46,10.2869,2.54295,12.1314,8.87088,26.077,1.35411,-153.277,289.957
437.48,10.2869,2.49255,12.1314,8.96349,26.4849,1.35411,-156.176,294.189
437.5,10.2888,2.47164,12.1314,8.96363,26.4856,1.35411,-156.18,294.195
437.52,10.2888,2.47113,12.0856,8.96363,26.5438,1.35411,-156.18,292.604
437.54,10.2911,2.40899,12.0855,8.91726,26.7186,1.35411,-156.18,285.179
437.56,10.2897,2.32794,12.1772,8.91718,26.7189,1.25865,-156.18,279.857
437.58,10.2906,2.33735,12.0857,9.0563,27.0102,1.33848,-156.18,276.145
437.6,10.2906,2.37428,12.1771,9.19563,26.8359,1.3386,-156.18,280.382
437.62,10.2925,2.37026,12.1772,9.19585,26.8356,1.3386,-156.18,283.574
437.64,10.2934,2.4312,12.2688,9.05673,27.1851,1.3386,-156.18,279.863
437.66,10.2948,2.40055,12.2689,9.01007,27.3606,1.3386,-152.906,283.574
437.68,10.2948,2.43676,12.2689,9.01007,27.3606,1.3386,-152.906,287.292
437.7,10.2953,2.47787,12.2231,9.14919,27.5354,1.3386,-152.906,281.459
437.72,10.2957,2.48757,12.3148,9.10296,27.6523,1.3386,-152.906,268.705
437.74,10.2957,2.41288,12.3148,9.19571,27.6523,1.25478,-152.906,270.296
437.76,10.298,2.42521,12.4063,9.19585,27.7688,1.33674,-152.906,273.48
437.78,10.3004,2.43497,12.4064,9.10296,27.8857,1.33687,-152.906,275.609
437.8,10.2994,2.43497,12.4064,9.05659,27.8857,1.33687,-152.906,274.018
437.82,10.2994,2.42596,12.4064,9.05652,27.8857,1.33687,-156.401,266.592
437.84,10.3008,2.45124,12.4981,9.05652,27.8857,1.33687,-156.406,260.74
437.86,10.3004,2.44527,12.4981,9.10289,28.0022,1.33687,-156.406,260.74
437.88,10.3004,2.42734,12.4981,9.10296,28.0023,1.33687,-156.406,264.457
437.9,10.3027,2.38931,12.4981,8.87074,28.0607,1.2919,-156.406,263.926
437.92,10.3022,2.39563,12.4981,8.87074,28.0607,1.2919,-156.406,260.745
437.94,10.3045,2.3588,12.5898,8.87074,28.0607,1.33722,-156.406,258.085
437.96,10.3045,2.33803,12.7272,8.96349,28.1189,1.33722,-156.406,262.326
437.98,10.3022,2.47611,12.4985,8.91726,27.886,1.33722,-156.406,269.226
438,10.3027,2.38194,12.4981,8.91718,27.8857,1.33722,-152.721,276.14
438.02,10.3027,2.36708,12.6813,8.82444,27.7692,1.33722,-152.721,270.837
438.04,10.3032,2.35941,12.6815,8.87067,27.7107,1.33722,-152.721,264.467
438.06,10.3032,2.47743,12.6815,8.87074,27.7107,1.33722,-152.721,264.457
438.08,10.3041,2.40862,12.7273,8.87074,27.3612,1.31768,-152.721,259.685
438.1,10.3041,2.44016,12.6816,8.91711,27.2441,1.31765,-152.721,253.315
438.12,10.305,2.44936,12.6815,8.91718,27.244,1.3359,-152.721,245.871
438.14,10.3059,2.39122,12.7731,8.87081,27.4769,1.3359,-152.721,248.522
438.16,10.3055,2.41328,12.7274,8.96363,27.6523,1.3359,-152.721,250.119
438.18,10.3055,2.51183,12.7274,8.96363,27.5356,1.3359,-156.365,247.995
438.2,10.3073,2.53048,12.8647,8.96363,27.5356,1.3359,-156.365,249.585
438.22,10.3059,2.53462,12.9108,8.96363,27.769,1.3359,-156.365,244.809
438.24,10.3059,2.40021,12.9108,8.96363,28.002,1.3359,-156.365,244.278
438.26,10.3083,2.52932,13.0023,8.96363,28.0023,1.31547,-156.365,245.868
438.28,10.3064,2.42183,13.0025,9.10296,27.7107,1.34765,-156.365,243.746
438.3,10.3069,2.44407,13.0025,9.10296,27.6524,1.34765,-156.365,241.626
438.32,10.3069,2.51548,13.0482,9.10296,27.6523,1.34765,-156.365,243.213
438.34,10.3059,2.44958,13.14,9.05652,27.3606,1.34765,-156.365,243.215
438.36,10.3045,2.48556,13.1858,9.19563,27.2441,1.34765,-151.924,243.215
438.38,10.3045,2.50696,13.1859,9.19585,27.244,1.34765,-151.918,243.215
438.4,10.3073,2.42965,13.2776,9.28873,27.0689,1.34765,-151.918,241.091
438.42,10.3055,2.64492,13.2776,9.28873,27.1854,1.34765,-151.918,237.91
438.44,10.3064,2.62539,13.2776,9.28873,27.1856,1.33665,-151.918,238.967
438.46,10.3064,2.3484,13.3691,9.38148,27.2439,1.3521,-151.918,246.921
438.48,10.3078,2.35196,13.2777,9.38162,27.244,1.35212,-151.918,247.463
438.5,10.3064,2.33019,13.2776,9.38162,27.244,1.35212,-151.918,245.34
438.52,10.3064,2.36178,13.3691,9.38162,27.4187,1.35212,-151.918,245.34
438.54,10.3083,2.47886,13.3235,9.52074,27.419,1.35212,-155.803,251.172
438.56,10.3069,2.27376,13.3234,9.52095,27.5356,1.35212,-155.809,253.836
438.58,10.3078,2.27793,13.2318,9.66007,27.5356,1.35212,-155.809,253.306
438.6,10.3078,2.51075,13.2775,9.47479,27.4191,1.35212,-155.809,252.245
438.62,10.3078,2.43744,13.2776,9.61384,27.5356,1.34768,-155.809,248.526
438.64,10.3073,2.43899,13.3233,9.61384,27.5356,1.33391,-155.809,252.237
438.66,10.3087,2.45403,13.3234,9.66028,27.594,1.33389,-155.809,258.085
438.68,10.3087,2.41458,13.3234,9.70673,27.6523,1.33389,-155.809,260.209
438.7,10.3087,2.45303,13.415,9.70673,27.6523,1.33389,-155.809,264.981
438.72,10.3064,2.46096,13.5068,9.5674,27.769,1.33389,-152.268,266.05
438.74,10.3064,2.35192,13.5068,9.70651,28.002,1.33389,-152.268,258.627
438.76,10.3083,2.42854,13.6899,9.70673,28.0023,1.33389,-152.268,255.434
438.78,10.3078,2.27983,13.736,9.70673,28.0607,1.333,-152.268,258.616
438.8,10.3097,2.27799,13.736,9.7531,28.0024,1.333,-152.268,256.495
438.82,10.3097,2.53123,13.8734,9.75317,28.0023,1.33816,-152.268,253.84
438.84,10.3083,2.52136,14.0111,9.66028,28.2357,1.33817,-152.268,253.836
438.86,10.3078,2.3552,14.1485,9.75303,28.4104,1.33817,-152.268,252.776
438.88,10.3078,2.34056,14.1487,9.75317,28.4107,1.33817,-155.109,245.871
438.9,10.3083,2.32456,14.2862,9.70673,28.5274,1.33817,-155.109,253.305
438.92,10.3073,2.43769,14.4693,9.7531,28.6439,1.33817,-155.109,252.245
438.94,10.3078,2.41423,14.4696,9.75317,28.6441,1.33817,-155.109,250.65
438.96,10.3078,2.39289,14.5612,9.7068,28.7606,1.34894,-155.109,246.938
438.98,10.3083,2.42855,14.7444,9.61398,28.9355,1.34895,-155.109,243.221
439,10.3083,2.46903,14.7447,9.5674,28.9358,1.3661,-155.109,243.747
439.02,10.3083,2.45671,14.9278,9.5674,28.8775,1.3661,-155.109,242.686
439.04,10.3083,2.47257,15.0654,9.61377,28.7609,1.3661,-155.109,244.275
439.06,10.3087,2.52263,15.0656,9.5674,28.7607,1.3661,-152.803,244.809
439.08,10.3083,2.54794,15.1572,9.5674,28.7607,1.3661,-152.803,240.036
439.1,10.3083,2.42135,15.2947,9.42828,28.6442,1.3661,-152.803,237.378
439.12,10.3078,2.56919,15.2949,9.5674,28.6441,1.3661,-152.803,236.312
439.14,10.3073,2.41875,15.2949,9.5674,28.6441,1.37611,-152.803,238.963
439.16,10.3106,2.41221,15.4783,9.47451,28.5857,1.3915,-152.803,242.684
439.18,10.3106,2.45883,15.4783,9.33518,28.6441,1.3915,-152.803,244.809
439.2,10.3087,2.55722,15.4783,9.33518,28.6441,1.3915,-152.803,240.567
439.22,10.3097,2.57903,15.3866,9.42806,28.5857,1.3915,-152.803,245.34
439.24,10.3097,2.47362,15.4323,9.38169,28.7605,1.3915,-155.311,247.46
439.26,10.3083,2.37343,15.4324,9.38162,28.7607,1.3915,-155.315,247.994
439.28,10.3092,2.3365,15.3407,9.28873,28.9358,1.3915,-155.315,251.181
439.3,10.3064,2.3753,15.3865,9.24236,29.1105,1.3915,-155.315,250.651
439.32,10.3064,2.38686,15.3866,9.24229,29.1108,1.4073,-155.315,243.227
439.34,10.3078,2.44509,15.249,9.24229,29.2275,1.42427,-155.315,246.933
439.36,10.3073,2.37124,15.2948,9.33504,29.6352,1.42427,-155.315,249.584
439.38,10.3073,2.33178,15.2949,9.33518,29.6358,1.42427,-155.315,248.526
439.4,10.3083,2.35992,15.2032,9.24229,29.6358,1.42427,-155.315,250.119
439.42,10.3087,2.44661,15.2489,9.19592,29.5193,1.42427,-152.827,247.998
439.44,10.3083,2.45456,15.249,9.19585,29.5775,1.42427,-152.824,247.995
439.46,10.3083,2.31544,15.0659,9.28859,29.5775,1.42427,-152.824,250.646
439.48,10.3078,2.37842,15.203,9.19599,29.694,1.42427,-152.824,249.059
439.5,10.3087,2.46011,15.2032,9.19585,29.8108,1.45029,-152.824,250.65
439.52,10.3087,2.42312,15.1574,9.1031,29.8108,1.41715,-152.824,248.529
439.54,10.3083,2.49971,15.2947,9.05659,29.6943,1.41709,-152.824,247.465
439.56,10.3078,2.37924,15.2949,9.19585,29.8108,1.41709,-152.824,246.402
439.58,10.3078,2.38357,15.2033,9.19585,29.8108,1.41709,-154.695,246.932
439.6,10.3078,2.37934,15.2489,9.01035,29.7526,1.41709,-154.697,249.584
439.62,10.3087,2.34119,15.1115,9.05652,29.6942,1.41709,-154.697,255.429
439.64,10.3087,2.32205,15.1115,9.05652,29.6942,1.41709,-154.697,256.49
439.66,10.3087,2.37816,15.249,8.96363,29.6942,1.44834,-154.697,257.553
439.68,10.3069,2.44525,15.249,8.87074,29.8692,1.44834,-154.697,257.022
439.7,10.3083,2.42455,15.249,8.87074,29.8692,1.40187,-154.697,254.902
439.72,10.3101,2.42647,15.249,8.96363,30.1025,1.4018,-154.697,258.616
439.74,10.3101,2.28083,15.0659,8.87088,30.3938,1.4018,-154.697,261.797
439.76,10.3083,2.32415,15.0656,8.87074,30.3942,1.4018,-153.752,262.332
439.78,10.3083,2.43731,15.1573,8.77785,30.5109,1.4018,-153.75,260.74
439.8,10.3078,2.41914,14.9742,8.82423,30.5109,1.4018,-153.75,263.391
439.82,10.3078,2.32153,14.9739,8.8243,30.6274,1.4018,-153.75,263.395
439.84,10.3078,2.38584,15.0198,8.87074,30.6276,1.43342,-153.75,266.581
439.86,10.3064,2.37255,14.9282,8.77799,30.5111,1.43342,-153.75,270.823
439.88,10.3064,2.37963,14.9281,8.63852,30.8026,1.41635,-153.75,269.767
439.9,10.3073,2.34381,14.8822,8.63852,30.8026,1.41635,-153.75,269.236
439.92,10.3059,2.34429,14.8365,8.73127,30.6278,1.41635,-153.75,266.055
439.94,10.3064,2.34013,14.8364,8.73141,30.6276,1.41635,-154.903,264.457
439.96,10.3064,2.46425,14.7906,8.73141,30.6276,1.41635,-154.903,260.745
439.98,10.3022,2.3423,14.9279,8.63866,30.3946,1.41635,-154.903,269.223
440,10.3004,2.29752,14.9281,8.59208,30.1609,1.41635,-154.903,268.705
440.02,10.3004,2.31308,14.7907,8.59208,30.1609,1.44239,-154.903,267.645
440.04,10.2957,2.31309,14.8363,8.63845,29.9861,1.40931,-154.903,269.764
440.06,10.2962,2.43033,14.8364,8.73141,29.6942,1.40926,-154.903,270.298
440.08,10.2948,2.40646,14.7906,8.73141,29.6942,1.40926,-154.903,273.48
440.1,10.2948,2.31755,14.8821,8.63866,29.3447,1.40926,-154.903,272.424
440.12,10.2939,2.44598,14.8822,8.68497,29.1691,1.40926,-155.109,271.891
440.14,10.2892,2.41957,14.6991,8.68497,29.1691,1.40926,-155.109,269.24
440.16,10.286,2.40593,14.7447,8.59208,28.9358,1.40926,-155.109,266.581
440.18,10.286,2.31623,14.6071,8.73141,28.7607,1.40926,-155.109,264.988
440.2,10.2846,2.2339,14.6071,8.73141,28.7607,1.41791,-155.109,266.579
440.22,10.2809,2.19981,14.5613,8.73141,28.6441,1.39869,-155.109,266.581
440.24,10.2809,2.3645,14.4697,8.73141,28.4693,1.39869,-155.109,267.111
440.26,10.2804,2.29844,14.4696,8.73141,28.4691,1.39869,-155.109,268.173
440.28,10.279,2.24334,14.3321,8.73141,28.5857,1.39869,-155.109,263.926
440.3,10.2776,2.25831,14.1947,8.82416,28.5857,1.39869,-154.842,262.335
440.32,10.2776,2.37835,14.1945,8.8243,28.5857,1.39869,-154.842,264.454
440.34,10.2767,2.40287,14.1945,8.8243,28.5857,1.39869,-154.842,271.892
440.36,10.2762,2.29598,13.9656,8.91704,28.4692,1.39869,-154.842,274.012
440.38,10.2762,2.33296,13.9653,8.8243,28.4691,1.43979,-154.842,281.45
440.4,10.2758,2.38873,13.8277,8.8243,28.4691,1.47445,-154.842,276.671
440.42,10.2748,2.35182,13.782,8.87067,28.4691,1.47445,-154.842,278.262
440.44,10.2771,2.35971,13.7819,8.96363,28.294,1.47445,-154.842,279.857
440.46,10.2771,2.41406,13.6446,8.96363,28.294,1.47445,-155.643,275.085
440.48,10.2734,2.34575,13.5528,8.91726,28.3523,1.47445,-155.645,273.487
440.5,10.2748,2.34284,13.4151,8.87074,28.1774,1.47445,-155.645,267.112
440.52,10.273,2.35662,13.4151,8.87074,28.1774,1.47445,-155.645,266.582
440.54,10.273,2.315,13.5067,8.91711,28.1191,1.49373,-155.645,267.111
440.56,10.272,2.3183,13.2317,9.01007,27.944,1.49376,-155.645,267.112
440.58,10.2693,2.32979,13.2317,9.01007,27.944,1.47945,-155.645,267.642
440.6,10.2693,2.38993,13.2317,9.05645,27.7693,1.47943,-155.645,265.522
440.62,10.2683,2.38243,13.14,8.91718,27.6523,1.47943,-155.645,269.236
440.64,10.2637,2.48813,13.14,8.91718,27.6523,1.47943,-154.74,270.297
440.66,10.2623,2.47462,13.14,9.05652,27.4773,1.47943,-154.739,264.457
440.68,10.2623,2.40356,13.0942,9.10296,27.1856,1.47943,-154.739,263.926
440.7,10.2577,2.28164,13.0942,9.10296,26.9526,1.47943,-154.739,267.638
440.72,10.2539,2.39485,13.0942,9.01007,26.9523,1.4926,-154.739,266.581
440.74,10.2539,2.41582,13.0484,9.14919,27.0105,1.4926,-154.739,267.111
440.76,10.2502,2.39311,13.0483,9.1494,26.6611,1.48696,-154.739,259.689
440.78,10.2414,2.51303,13.0942,9.1494,26.6606,1.48695,-154.739,257.553
440.8,10.2317,2.52283,13.0484,9.1494,26.2528,1.48695,-154.739,255.963
440.82,10.2316,2.35233,13.0483,9.1494,26.1357,1.48695,-156.178,251.719
440.84,10.233,2.44113,13.0942,9.1494,26.1355,1.48695,-156.18,247.995
440.86,10.2312,2.41091,13.0484,9.24215,26.252,1.48695,-156.18,245.344
440.88,10.2312,2.41373,13.14,9.19585,26.3689,1.48695,-156.18,241.622
440.9,10.2307,2.50402,13.14,9.19585,26.3689,1.50031,-156.18,236.312
440.92,10.2284,2.52746,13.0485,9.19585,26.4271,1.49613,-156.18,236.312
440.94,10.2247,2.50277,13.0942,9.05652,26.6606,1.49612,-156.18,236.843
440.96,10.2247,2.44576,13.0942,9.05652,26.6606,1.49612,-156.18,235.783
440.98,10.2256,2.49143,12.9568,9.10289,26.7188,1.49612,-156.18,235.781
441,10.2242,2.4801,13.0483,9.10296,26.9523,1.49612,-153.936,231.533
441.02,10.2242,2.46957,13.0483,9.10296,26.9523,1.49612,-153.936,228.881
441.04,10.2219,2.57047,13.0025,9.10296,27.127,1.49612,-153.936,222.515
441.06,10.2196,2.5191,12.8649,9.1494,27.3023,1.49612,-153.936,217.195
441.08,10.22,2.49305,12.8649,9.1494,27.4188,1.50691,-153.936,218.255
441.1,10.22,2.55049,12.8649,9.05666,27.419,1.49592,-153.936,215.075
441.12,10.2172,2.49452,12.6815,9.1494,27.419,1.4959,-153.936,214.539
441.14,10.2172,2.44599,12.6815,9.10303,27.419,1.4959,-153.936,216.13
441.16,10.2172,2.44237,12.7274,9.10296,27.419,1.4959,-156.901,212.415
441.18,10.2168,2.42157,12.5898,9.19585,27.419,1.4959,-156.901,218.257
441.2,10.2168,2.36785,12.5898,9.19585,27.186,1.4959,-156.901,224.089
441.22,10.2149,2.33279,12.6357,9.19585,27.1856,1.4959,-156.901,226.222
441.24,10.2149,2.41227,12.4526,9.14947,27.0691,1.49863,-156.901,226.752
441.26,10.2126,2.41686,12.4523,9.10303,27.0107,1.49863,-156.901,227.814
441.28,10.208,2.50139,12.5898,9.10296,27.0106,1.4755,-156.901,227.815
441.3,10.2112,2.50296,12.4525,9.14933,26.9524,1.4755,-156.901,229.406
441.32,10.2112,2.46172,12.4523,9.10303,26.661,1.4755,-156.901,236.301
441.34,10.207,2.42091,12.4523,9.10296,26.6606,1.4755,-154.08,242.684
441.36,10.2042,2.43511,12.4065,9.10296,26.7188,1.4755,-154.08,243.745
441.38,10.2042,2.39518,12.4981,9.05652,26.5439,1.4755,-154.08,242.684
441.4,10.2047,2.35442,12.4981,9.05652,26.5439,1.4755,-154.08,241.091
441.42,10.2005,2.34264,12.4524,9.14926,26.4856,1.50069,-154.08,245.863
441.44,10.2001,2.35103,12.4064,9.05652,26.4272,1.50073,-154.08,258.085
441.46,10.2001,2.39665,12.4064,9.05652,26.4272,1.49148,-154.08,268.159
441.48,10.1945,2.48308,12.4522,9.01014,26.7185,1.49147,-154.08,270.295
441.5,10.1945,2.3306,12.4523,9.01007,26.7772,1.49147,-154.08,275.078
441.52,10.1954,2.35317,12.4523,9.01007,26.7772,1.49147,-156.979,278.789
441.54,10.1954,2.45717,12.4065,9.01007,26.8355,1.49147,-156.983,278.265
441.56,10.1936,2.37015,12.4064,9.01007,27.1856,1.49147,-156.983,275.078
441.58,10.1903,2.35323,12.4064,9.24194,27.3021,1.49147,-156.983,275.608
441.6,10.1903,2.46866,12.3149,9.24229,27.3023,1.52151,-156.983,272.958
441.62,10.1885,2.42927,12.1772,9.10296,27.5356,1.52156,-156.983,271.361
441.64,10.1885,2.41855,12.1772,9.10296,27.3609,1.49984,-156.983,270.3
441.66,10.1871,2.38228,12.1314,9.10296,27.3606,1.49981,-156.983,273.485
441.68,10.1871,2.39219,12.0855,9.10296,27.4773,1.49981,-156.983,274.016
441.7,10.1861,2.39219,12.0855,9.19571,27.4773,1.49981,-153.961,275.606
441.72,10.1838,2.46863,12.0397,9.19585,27.4773,1.49981,-153.956,276.671
441.74,10.1838,2.40766,11.8566,9.28859,27.5938,1.49981,-153.956,269.778
441.76,10.182,2.30581,11.9021,9.19599,27.594,1.49981,-153.956,264.465
441.78,10.1792,2.36634,11.9021,9.19585,27.594,1.55774,-153.956,263.926
441.8,10.1782,2.3767,11.8106,9.19585,27.4775,1.52657,-153.956,269.758
441.82,10.1782,2.43453,11.7646,9.28859,27.1861,1.52652,-153.956,274.539
441.84,10.1778,2.40164,11.7646,9.28873,27.1856,1.52652,-153.956,277.202
441.86,10.1741,2.42459,11.5815,9.28873,26.8944,1.52652,-153.956,267.658
441.88,10.1741,2.35367,11.5812,9.38162,26.6606,1.52652,-156.983,260.74
441.9,10.1727,2.39575,11.5812,9.24229,26.6606,1.52652,-156.983,260.74
441.92,10.1699,2.35508,11.4438,9.24229,26.2528,1.52652,-156.983,259.149
441.94,10.169,2.38783,11.3978,9.33518,26.0772,1.52652,-156.983,251.181
441.96,10.169,2.40226,11.3978,9.33518,25.9607,1.58073,-156.983,244.818
441.98,10.1629,2.33159,11.2605,9.33518,25.9605,1.5387,-156.983,245.339
442,10.1643,2.28532,11.2602,9.19585,25.7855,1.53863,-156.983,243.746
442.02,10.1587,2.28485,11.2602,9.05673,25.669,1.53863,-156.983,244.807
442.04,10.1587,2.40142,11.1687,9.05652,25.6688,1.53863,-153.426,244.809
442.06,10.1575,2.33361,10.9852,9.05652,25.4938,1.53863,-153.421,244.278
442.08,10.1559,2.35976,10.9852,8.77828,25.3773,1.53863,-153.421,240.566
442.1,10.1559,2.38603,10.9394,8.77785,25.3771,1.53863,-153.421,238.97
442.12,10.1543,2.18645,10.7101,8.63852,25.2605,1.57746,-153.421,237.374
442.14,10.1511,2.38296,10.7101,8.59215,24.911,1.57746,-153.421,236.844
442.16,10.1521,2.3325,10.7101,8.59208,24.9104,1.54071,-153.421,238.967
442.18,10.1521,2.40414,10.6642,8.54564,24.6187,1.54071,-153.421,244.278
442.2,10.1495,2.40825,10.71,8.63838,24.3857,1.54071,-153.421,246.398
442.22,10.1479,2.28656,10.7101,8.63852,24.3854,1.54071,-157.642,244.278
442.24,10.1479,2.33009,10.5727,8.4994,24.3271,1.54071,-157.642,238.975
442.26,10.1441,2.34869,10.5725,8.49919,24.0358,1.54071,-157.642,238.437
442.28,10.1452,2.38465,10.5725,8.49919,24.0353,1.54071,-157.642,242.684
442.3,10.143,2.32502,10.6183,8.49919,23.6859,1.60097,-157.642,239.503
442.32,10.143,2.48621,10.6642,8.36007,23.3941,1.60106,-157.642,235.256
442.34,10.143,2.46792,10.6642,8.35986,23.3936,1.57693,-157.642,229.94
442.36,10.1446,2.40315,10.6184,8.26711,23.3936,1.57693,-157.642,233.651
442.38,10.1446,2.42121,10.7101,8.22053,23.5686,1.57693,-157.642,237.374
442.4,10.1425,2.50622,10.7101,8.03475,23.3936,1.57693,-152.988,236.843
442.42,10.143,2.46983,10.7101,8.03475,23.3936,1.57693,-152.988,237.903
442.44,10.1409,2.41252,10.8018,8.03475,23.5103,1.57693,-152.988,238.436
442.46,10.1409,2.48583,10.8018,7.94201,23.5686,1.57693,-152.988,238.966
442.48,10.1409,2.46295,10.756,7.94187,23.5686,1.54453,-152.988,235.786
442.5,10.1388,2.42924,10.8476,7.98831,23.627,1.522,-152.988,238.967
442.52,10.1388,2.43872,10.985,7.94194,23.7435,1.522,-152.988,237.907
442.54,10.142,2.51999,10.9852,7.94187,23.7437,1.522,-152.988,235.784
442.56,10.1388,2.47598,10.8935,8.03475,23.6853,1.522,-152.988,233.657
442.58,10.1372,2.49889,11.0308,7.94201,23.6853,1.522,-157.039,235.247
442.6,10.1372,2.55264,11.031,7.94187,23.6853,1.522,-157.045,232.069
442.62,10.1361,2.59945,11.031,8.03475,23.6853,1.522,-157.045,227.815
442.64,10.1329,2.60609,11.031,7.98838,23.6853,1.522,-157.045,220.922
442.66,10.1324,2.55003,11.031,7.98831,23.6853,1.56013,-157.045,218.257
442.68,10.1324,2.59637,10.7101,7.98831,23.8603,1.55673,-157.045,216.133
442.7,10.1329,2.52564,10.4812,7.98831,24.1516,1.55673,-157.045,212.951
442.72,10.135,2.56122,10.4808,7.98831,24.5604,1.55673,-157.045,214.539
442.74,10.135,2.53488,10.1146,7.98831,24.5604,1.55673,-157.045,221.963
442.76,10.1334,2.6727,9.88516,7.98831,24.8516,1.55673,-153.406,226.216
442.78,10.1334,2.52968,9.88481,7.94187,25.4355,1.55673,-153.4,227.815
442.8,10.1324,2.52291,9.74748,7.94187,25.4355,1.55673,-153.4,226.755
442.82,10.1324,2.44957,9.70149,7.89549,26.1927,1.57764,-153.4,225.693
442.84,10.1329,2.48409,9.70142,7.94187,26.9523,1.57767,-153.4,225.16
442.86,10.1329,2.47805,9.7472,7.94187,26.9523,1.56539,-153.4,226.221
442.88,10.1329,2.47371,9.65557,7.98831,27.4773,1.56537,-153.4,226.753
442.9,10.1334,2.40844,9.65557,7.98831,27.3023,1.56537,-153.4,229.939
442.92,10.135,2.47632,9.7929,7.98831,27.3023,1.56537,-156.998,229.939
442.94,10.1329,2.49802,9.70142,7.98831,26.1355,1.56537,-157.004,228.877
442.96,10.1329,2.453,9.70142,8.08106,25.1453,1.56537,-157.004,234.71
442.98,10.134,2.4335,9.79297,8.0812,25.1438,1.56537,-157.004,239.491
443,10.134,2.31754,9.65557,7.98831,24.3854,1.57419,-157.004,235.25
443.02,10.134,2.404,9.70135,7.98831,24.2106,1.57419,-157.004,233.129
443.04,10.1334,2.4819,9.70142,7.98831,24.2104,1.5526,-157.004,235.247
443.06,10.134,2.3412,9.79311,7.94187,24.2687,1.55256,-157.004,240.029
443.08,10.1324,2.35856,10.022,7.94187,24.9677,1.55256,-157.004,243.211
443.1,10.1324,2.48048,10.0224,7.94187,24.9688,1.55256,-153.611,241.095
443.12,10.1356,2.47604,10.2057,7.98831,25.2605,1.55256,-153.606,242.153
443.14,10.1313,2.46839,10.3889,7.80282,25.7847,1.55256,-153.606,246.395
443.16,10.1313,2.43977,10.3891,7.89542,25.7855,1.55256,-153.606,245.871
443.18,10.1329,2.50042,10.2974,7.89542,26.2522,1.57584,-153.606,249.588
443.2,10.1318,2.48663,10.2974,7.84905,26.4269,1.57584,-153.606,252.769
443.22,10.1345,2.48406,10.2974,7.89542,26.1939,1.56649,-153.606,257.553
443.24,10.1345,2.36625,10.2974,7.89542,26.1939,1.56649,-153.606,262.326
443.26,10.135,2.5973,10.389,7.66356,25.7279,1.56649,-153.606,266.575
443.28,10.1329,2.34002,10.3891,7.70965,25.3188,1.56649,-157.498,268.705
443.3,10.1334,2.34142,10.5265,7.70965,25.3188,1.56649,-157.498,271.356
443.32,10.1334,2.36679,10.6182,7.57053,25.0858,1.56649,-157.498,272.951
443.34,10.135,2.2873,10.6184,7.66321,25.1438,1.56649,-157.498,276.14
443.36,10.135,2.30165,10.893,7.66321,25.1438,1.56289,-157.498,284.624
443.38,10.135,2.45987,11.031,7.52387,25.2605,1.56147,-157.498,285.168
443.4,10.135,2.41796,11.3061,7.52387,25.3188,1.56147,-157.498,283.574
443.42,10.1366,2.49096,11.3061,7.52387,25.3188,1.56147,-157.498,287.286
443.44,10.1388,2.46768,11.4895,7.43099,25.4355,1.56147,-157.498,289.416
443.46,10.1388,2.47191,11.6268,7.52373,25.6685,1.56147,-153.941,289.416
443.48,10.1361,2.46728,11.627,7.52387,25.6688,1.56147,-153.936,289.416
443.5,10.1372,2.42725,11.4895,7.52387,25.7855,1.56147,-153.936,293.133
443.52,10.1372,2.44452,11.581,7.43113,25.9602,1.56147,-153.936,301.086
443.54,10.1372,2.56446,11.5812,7.43099,25.9605,1.56688,-153.936,306.931
443.56,10.134,2.51569,11.4895,7.47743,25.9605,1.56066,-153.936,307.471
443.58,10.1372,2.50539,11.4437,7.47743,26.2518,1.56066,-153.936,303.759
443.6,10.1372,2.37981,11.4436,7.47743,26.2522,1.56066,-153.936,298.982
443.62,10.1366,2.35138,11.3978,7.52387,26.2522,1.56066,-156.942,290.478
443.64,10.1366,2.3188,11.3062,7.52387,26.3687,1.56066,-156.942,289.948
443.66,10.1366,2.30843,11.3061,7.70965,26.2522,1.56066,-156.942,289.416
443.68,10.1356,2.44582,11.3061,7.70965,26.2522,1.56066,-156.942,294.195
443.7,10.1372,2.37136,11.123,7.84877,26.1357,1.55343,-156.942,292.074
443.72,10.1356,2.35422,11.1227,7.84898,26.0188,1.55342,-156.942,291.54
443.74,10.1356,2.28896,11.1227,7.84898,26.0188,1.55479,-156.942,293.131
443.76,10.1334,2.34563,11.0311,7.84898,25.6694,1.55479,-156.942,292.073
443.78,10.1356,2.47521,11.1227,7.89542,25.6105,1.55479,-156.942,287.292
443.8,10.1356,2.44362,11.1227,7.89542,25.6105,1.55479,-154.578,283.58
443.82,10.1334,2.38445,10.9396,7.9418,25.3192,1.55479,-154.574,282.514
443.84,10.1372,2.33103,10.9393,7.94187,25.2605,1.55479,-154.574,284.105
443.86,10.1372,2.31629,10.9393,7.94187,25.2605,1.55479,-154.574,285.166
443.88,10.1372,2.36915,10.7559,7.89542,25.0271,1.55479,-154.574,291.009
443.9,10.1388,2.48775,10.7101,7.84898,24.7937,1.55479,-154.574,295.788
443.92,10.1404,2.27118,10.7101,7.84898,24.7937,1.55138,-154.574,298.439
443.94,10.1404,2.26723,10.6184,7.89542,24.6187,1.55137,-154.574,294.726
443.96,10.1404,2.39093,10.6184,7.98817,24.444,1.55137,-154.574,288.894
443.98,10.1398,2.42006,10.6184,7.98831,24.502,1.55137,-156.363,285.173
444,10.1425,2.4206,10.5267,7.98831,24.5021,1.55137,-156.365,287.823
444.02,10.1425,2.40185,10.3893,8.03468,24.3273,1.55137,-156.365,289.944
444.04,10.1425,2.35486,10.3891,8.08113,24.2688,1.55137,-156.365,296.31
444.06,10.1446,2.40361,10.3433,8.0812,24.2687,1.53687,-156.365,297.381
444.08,10.1425,2.37105,10.2975,8.17394,24.2105,1.55098,-156.365,295.791
444.1,10.1425,2.38884,10.2974,8.12771,24.2686,1.551,-156.365,289.426
444.12,10.1446,2.3589,10.2516,8.12764,24.2687,1.551,-156.365,287.292
444.14,10.1436,2.38137,10.2058,8.0349,24.6182,1.551,-156.365,287.822
444.16,10.1436,2.32409,10.2057,8.17409,24.7354,1.551,-155.377,287.823
444.18,10.1452,2.36875,10.2516,8.17409,24.7354,1.551,-155.377,288.885
444.2,10.1468,2.35543,10.1143,8.03497,24.9684,1.551,-155.377,293.657
444.22,10.1457,2.35213,10.1141,8.03475,25.0854,1.551,-155.377,296.85
444.24,10.1457,2.37289,10.2056,8.03475,25.0854,1.50631,-155.377,299.501
444.26,10.1489,2.4033,10.1142,8.08113,25.0854,1.54116,-155.377,301.096
444.28,10.1473,2.34758,10.1599,8.03475,24.9688,1.54121,-155.377,304.816
444.3,10.1473,2.38036,10.1599,8.03475,24.9688,1.54121,-155.377,305.876
444.32,10.1473,2.43394,10.2057,8.08113,24.6775,1.54121,-155.377,302.697
444.34,10.1479,2.32592,10.2974,7.98831,24.6187,1.54121,-156.633,297.912
444.36,10.1521,2.3158,10.2974,7.98831,24.6187,1.54121,-156.633,295.261
444.38,10.1521,2.2713,10.3433,7.98831,24.4437,1.54121,-156.633,297.381
444.4,10.1495,2.31959,10.3891,8.03475,24.3854,1.54121,-156.633,297.912
444.42,10.1473,2.36595,10.3891,7.98838,24.3854,1.48224,-156.633,296.322
444.44,10.1489,2.39132,10.3433,7.98831,24.2104,1.52536,-156.633,296.85
444.46,10.1489,2.43207,10.3891,8.08106,24.2104,1.52536,-156.633,298.971
444.48,10.1511,2.47838,10.3891,8.03483,24.0939,1.52536,-156.633,293.672
444.5,10.1495,2.46135,10.435,8.03475,24.0937,1.52536,-155.953,291.009
444.52,10.1495,2.36451,10.435,7.98838,24.1519,1.52536,-155.953,289.418
444.54,10.1484,2.47352,10.435,8.03468,24.0938,1.52536,-155.953,293.127
444.56,10.1489,2.47694,10.435,8.03475,24.0937,1.52536,-155.953,292.602
444.58,10.1484,2.46671,10.435,8.03475,24.1519,1.49195,-155.953,291.542
444.6,10.1484,2.42777,10.435,8.1275,24.0355,1.49189,-155.953,286.768
444.62,10.15,2.45051,10.5725,8.12764,24.0353,1.51816,-155.953,281.981
444.64,10.1489,2.37601,10.3894,7.98852,24.2101,1.51816,-155.953,272.437
444.66,10.1489,2.4201,10.3891,8.03475,24.2104,1.51816,-155.953,271.36
444.68,10.1468,2.45807,10.3891,8.03475,24.2104,1.51816,-156.283,268.705
444.7,10.1495,2.39275,10.3434,8.08113,24.4434,1.51816,-156.283,257.57
444.72,10.1516,2.35068,10.3891,8.03475,24.327,1.51816,-156.283,253.305
444.74,10.1516,2.46087,10.3891,8.03475,24.327,1.51816,-156.283,254.366
444.76,10.1495,2.34519,10.206,8.03475,24.56,1.51162,-156.283,253.837
444.78,10.1505,2.43399,10.2057,8.0812,24.7354,1.51161,-156.283,252.243
444.8,10.1495,2.41022,10.2057,8.0812,24.7354,1.51161,-156.283,248.001
444.82,10.1495,2.42551,10.2057,8.12757,24.7937,1.51161,-156.283,249.585
444.84,10.1489,2.34651,10.1599,8.17409,24.9688,1.51161,-156.283,247.464
444.86,10.1511,2.32047,10.1599,8.22046,24.8523,1.51161,-156.365,245.873
444.88,10.1511,2.31991,10.1141,8.22053,24.8521,1.51161,-156.365,242.684
444.9,10.1489,2.39436,10.0682,8.17409,24.8521,1.51161,-156.365,243.747
444.92,10.1479,2.4099,10.0682,8.26683,24.4443,1.51161,-156.365,251.7
444.94,10.1479,2.42842,10.1141,8.26697,24.4437,1.49692,-156.365,258.616
444.96,10.1479,2.38206,9.97672,8.35972,23.9195,1.50218,-156.365,252.783
444.98,10.1495,2.40659,9.97651,8.35986,23.6274,1.50218,-156.365,246.942
445,10.1484,2.39197,9.97651,8.35986,23.627,1.50218,-156.365,242.153
445.02,10.1484,2.38626,10.0681,8.31349,23.161,1.50218,-156.365,244.274
445.04,10.15,2.32465,9.93087,8.40616,23.2768,1.50218,-155.008,245.868
445.06,10.15,2.39747,9.93066,8.4063,23.277,1.50218,-155.006,253.836
445.08,10.1495,2.37558,10.0222,8.4063,23.277,1.50218,-155.006,248.004
445.1,10.1495,2.43076,9.97658,8.49905,23.1605,1.50218,-155.006,250.116
445.12,10.15,2.49496,9.97651,8.49919,23.1603,1.48761,-155.006,258.616
445.14,10.1479,2.35178,9.97651,8.73106,23.1603,1.50379,-155.006,252.253
445.16,10.1479,2.32226,9.83896,8.54564,23.0436,1.50382,-155.006,247.995
445.18,10.1511,2.40964,9.83896,8.54564,22.9853,1.50382,-155.006,246.933
445.2,10.1495,2.36184,9.88474,8.49926,22.9853,1.50382,-156.528,253.826
445.22,10.1505,2.38847,9.83896,8.35986,23.1603,1.50382,-156.53,257.553
445.24,10.1505,2.3946,9.83896,8.26711,23.102,1.50382,-156.53,257.023
445.26,10.1479,2.40279,9.93052,8.26697,23.1019,1.50382,-156.53,259.674
445.28,10.1468,2.52831,9.79311,8.22053,23.2186,1.48628,-156.53,266.05
445.3,10.1468,2.5318,9.79311,8.22053,23.1604,1.48628,-156.53,269.762
445.32,10.1484,2.33267,9.88467,8.22053,23.1603,1.50757,-156.53,275.07
445.34,10.1511,2.41706,9.88481,8.22053,23.277,1.5076,-156.53,267.643
445.36,10.1527,2.42954,9.88481,8.17416,23.2187,1.5076,-156.53,261.811
445.38,10.1527,2.39562,9.79311,8.17409,23.2186,1.5076,-155.192,263.395
445.4,10.1511,2.35177,9.79311,8.0812,23.3936,1.5076,-155.192,264.988
445.42,10.1489,2.32094,9.79311,8.12757,23.5684,1.5076,-155.192,274.002
445.44,10.1495,2.30531,9.83896,8.12764,23.5686,1.5076,-155.192,279.857
445.46,10.1495,2.34819,9.88474,8.0349,23.5686,1.50917,-155.192,279.327
445.48,10.1484,2.45279,9.83903,7.94201,23.8016,1.50917,-155.192,282.507
445.5,10.1473,2.44799,9.83896,7.94187,23.802,1.51488,-155.192,291.009
445.52,10.1473,2.33295,9.93052,7.89549,23.7437,1.51488,-155.192,288.888
445.54,10.1484,2.46482,9.93066,7.89542,23.7437,1.51488,-155.192,285.173
445.56,10.1489,2.29397,9.93066,7.89542,23.7437,1.51488,-156.777,289.416
445.58,10.1505,2.28288,10.068,7.7563,23.7437,1.51488,-156.777,298.96
445.6,10.1505,2.32174,10.0682,7.75609,23.6272,1.51488,-156.777,305.867
445.62,10.1479,2.33648,10.0682,7.61676,23.627,1.51488,-156.777,302.161
445.64,10.1489,2.36314,10.114,7.61676,23.5687,1.52112,-156.777,301.63
445.66,10.1489,2.35995,10.2516,7.66321,23.627,1.52113,-156.777,296.85
445.68,10.15,2.32284,10.2516,7.61676,23.627,1.47685,-156.777,298.974
445.7,10.1489,2.27587,10.3432,7.61676,23.627,1.47685,-156.777,295.263
445.72,10.1479,2.29626,10.435,7.70965,23.627,1.47685,-156.777,286.761
445.74,10.1479,2.34626,10.435,7.66328,23.627,1.47685,-154.783,284.64
445.76,10.1479,2.30269,10.5723,7.66321,23.627,1.47685,-154.78,288.348
445.78,10.1489,2.47741,10.7559,7.66321,23.7437,1.47685,-154.78,286.23
445.8,10.15,2.46609,10.7559,7.66321,23.9184,1.47685,-154.78,288.881
445.82,10.15,2.49335,10.7559,7.66321,23.9187,1.47685,-154.78,291.536
445.84,10.1484,2.33765,10.8935,7.61676,24.2104,1.44143,-154.78,281.45
445.86,10.1484,2.38525,11.0766,7.52402,24.4434,1.44143,-154.78,268.194
445.88,10.1484,2.42403,11.0769,7.52387,24.4437,1.44143,-154.78,261.802
445.9,10.1489,2.43231,11.3061,7.66321,24.6187,1.44143,-154.78,255.429
445.92,10.1489,2.42358,11.4892,7.52409,25.0847,1.44143,-157.596,246.415
445.94,10.15,2.43268,11.4895,7.52387,25.0854,1.44143,-157.601,240.029
445.96,10.15,2.60842,11.7642,7.52387,25.3184,1.44143,-157.601,237.378
445.98,10.1484,2.60869,11.9935,7.4775,25.7848,1.44143,-157.601,236.314
446,10.1473,2.59848,11.9938,7.47743,25.7855,1.54684,-157.601,221.974
446.02,10.1473,2.62031,12.1769,7.47743,26.4262,1.52039,-157.601,210.309
446.04,10.15,2.69515,12.5892,7.43106,26.9515,1.52034,-157.601,207.11
446.06,10.1479,2.5734,12.5898,7.43099,27.7107,1.52034,-157.601,199.67
446.08,10.1495,2.55391,12.773,7.43099,27.7107,1.52034,-154.393,196.489
446.1,10.1495,2.58513,13.0937,7.47736,28.4096,1.52034,-154.389,189.591
446.12,10.1495,2.73202,13.0942,7.38454,29.2858,1.52034,-154.389,181.084
446.14,10.1511,2.84219,13.2315,7.38454,29.2858,1.52034,-154.389,180.024
446.16,10.1511,2.76583,13.2317,7.43099,30.1025,1.498,-154.389,174.18
446.18,10.1484,2.63153,13.2317,7.38454,30.9776,1.498,-154.389,167.277
446.2,10.1489,2.70006,13.1859,7.38454,30.9776,1.48563,-154.389,164.626
446.22,10.15,2.73404,13.0025,7.38454,31.736,1.48561,-154.389,157.187
446.24,10.15,2.76148,12.8651,7.2918,32.7262,1.48561,-154.389,156.127
446.26,10.1489,2.68106,12.8649,7.29166,32.7277,1.48561,-158.274,160.367
446.28,10.1479,2.64239,12.7732,7.38454,33.7195,1.48561,-158.28,164.091
446.3,10.1479,2.6236,12.6817,7.38454,34.9427,1.48561,-158.28,169.923
446.32,10.15,2.51157,12.6815,7.38454,34.9446,1.48561,-158.28,172.053
446.34,10.15,2.48446,12.7274,7.3381,35.5863,1.49426,-158.28,176.305
446.36,10.1505,2.48776,12.7732,7.43085,35.3533,1.49426,-158.28,178.426
446.38,10.1505,2.51634,12.7732,7.43099,35.353,1.48825,-158.28,182.146
446.4,10.1484,2.47616,12.6815,7.38454,33.5445,1.48825,-158.28,184.27
446.42,10.15,2.48912,12.8646,7.43092,31.1563,1.48825,-158.28,190.633
446.44,10.15,2.48744,12.8649,7.43099,28.8191,1.48825,-154.636,199.67
446.46,10.1489,2.53414,12.7734,7.43099,28.8191,1.48825,-154.636,203.912
446.48,10.15,2.43499,12.9106,7.47736,27.1299,1.48825,-154.636,208.691
446.5,10.15,2.46617,12.9108,7.38454,26.0188,1.48825,-154.636,217.726
446.52,10.15,2.34721,12.9108,7.38454,26.0188,1.47264,-154.636,224.088
446.54,10.15,2.35907,12.9108,7.52366,25.4946,1.48485,-154.636,230.991
446.56,10.1495,2.35397,12.9108,7.43099,25.4938,1.48487,-154.636,236.843
446.58,10.1495,2.35863,12.9108,7.43099,25.4938,1.48487,-154.636,241.085
446.6,10.1505,2.34949,12.7734,7.47736,25.5521,1.48487,-154.636,243.212
446.62,10.15,2.33103,12.544,7.47743,25.9022,1.48487,-157.374,249.057
446.64,10.1511,2.32872,12.544,7.47743,25.9022,1.48487,-157.374,254.889
446.66,10.1511,2.33433,12.2231,7.47743,25.9605,1.48487,-157.374,252.243
446.68,10.1495,2.3714,11.9938,7.52387,26.0188,1.48487,-157.374,259.147
446.7,10.1516,2.463,11.9938,7.52387,26.0188,1.4438,-157.374,269.751
446.72,10.1511,2.43551,11.7646,7.57032,26.0188,1.48689,-157.374,267.112
446.74,10.1511,2.50246,11.5815,7.61669,26.0771,1.48689,-157.374,269.763
446.76,10.1516,2.42888,11.5812,7.52402,26.0772,1.48689,-157.374,272.949
446.78,10.1495,2.40623,11.4895,7.52387,26.0772,1.48689,-154.615,279.857
446.8,10.1495,2.39625,11.2148,7.57025,25.9607,1.48689,-154.615,276.145
446.82,10.1521,2.29699,11.2144,7.52395,26.0188,1.48689,-154.615,274.019
446.84,10.1521,2.32878,11.2144,7.52387,26.0188,1.48689,-154.615,273.485
446.86,10.1516,2.34135,11.1228,7.57025,25.7859,1.48689,-154.615,273.485
446.88,10.1516,2.42886,11.1227,7.61676,25.6105,1.43748,-154.615,271.36
446.9,10.1511,2.42469,11.0769,7.61676,25.6105,1.48373,-154.615,272.954
446.92,10.1489,2.30734,11.0769,7.70951,25.6105,1.48373,-154.615,275.605
446.94,10.1489,2.3204,11.0769,7.57032,25.4938,1.48373,-154.615,277.733
446.96,10.1489,2.41632,10.9853,7.57032,25.4938,1.48373,-158.295,280.914
446.98,10.1505,2.33586,10.9394,7.70944,25.3773,1.48373,-158.301,281.449
447,10.1511,2.35519,10.9393,7.61676,25.1438,1.48373,-158.301,280.919
447.02,10.1511,2.25184,10.8478,7.61676,25.1438,1.48373,-158.301,283.57
447.04,10.1511,2.36885,10.985,7.75588,25.202,1.43042,-158.301,280.393
447.06,10.1505,2.41479,10.9852,7.75609,24.9688,1.43034,-158.301,278.264
447.08,10.1511,2.41194,10.9852,7.75609,24.9688,1.47293,-158.301,278.264
447.1,10.1511,2.36323,10.9852,7.80247,24.8523,1.473,-158.301,267.659
447.12,10.1457,2.38764,11.0769,7.94187,24.7354,1.473,-158.301,260.74
447.14,10.1468,2.54321,11.0769,7.94187,24.7354,1.473,-154.148,264.982
447.16,10.1468,2.5491,11.1227,7.94187,24.2687,1.473,-154.141,264.457
447.18,10.1441,2.54391,11.2144,8.03475,24.152,1.473,-154.141,257.022
447.2,10.1436,2.62485,11.2144,8.1275,24.152,1.473,-154.141,257.022
447.22,10.143,2.60201,11.2602,8.12764,23.977,1.42521,-154.141,263.926
447.24,10.143,2.51661,11.306,8.12764,24.0353,1.42521,-154.141,264.456
447.26,10.1425,2.59217,11.3061,8.17402,24.3848,1.47126,-154.141,261.276
447.28,10.1414,2.5742,11.3978,8.17409,24.3854,1.47133,-154.141,254.898
447.3,10.1414,2.58168,11.3062,8.17409,24.7349,1.47133,-154.141,253.838
447.32,10.1414,2.43212,11.3061,8.12771,25.1432,1.47133,-158.644,250.125
447.34,10.1382,2.49121,11.3061,8.12764,25.1438,1.47133,-158.651,241.091
447.36,10.1388,2.46637,11.3519,8.08127,25.4933,1.47133,-158.651,236.319
447.38,10.1388,2.44553,11.2602,8.03475,25.9022,1.47133,-158.651,232.595
447.4,10.1366,2.45002,11.2602,8.03475,25.9022,1.42758,-158.651,232.595
447.42,10.1345,2.48835,11.1687,8.1275,26.1934,1.46854,-158.651,237.367
447.44,10.1345,2.4781,11.1227,8.12764,26.2522,1.4686,-158.651,241.622
447.46,10.1313,2.40082,11.1227,8.12764,26.2522,1.4686,-158.651,247.985
447.48,10.1281,2.44275,11.1685,8.12764,26.194,1.4686,-158.651,249.585
447.5,10.1292,2.48541,11.0769,8.0812,26.1355,1.4686,-155.006,247.995
447.52,10.1292,2.56222,11.0769,8.17394,26.1355,1.4686,-155.006,253.297
447.54,10.1313,2.59612,11.1226,8.17409,26.019,1.4686,-155.006,254.896
447.56,10.1292,2.39153,11.1227,8.17409,25.9605,1.4686,-155.006,255.96
447.58,10.1302,2.36115,11.1227,8.26683,25.9605,1.47266,-155.006,255.96
447.6,10.1302,2.36185,10.9396,8.26697,25.9605,1.4644,-155.006,262.853
447.62,10.1286,2.30878,10.9393,8.22053,25.9022,1.46439,-155.006,260.74
447.64,10.1275,2.34498,10.9393,8.31328,25.8439,1.46439,-155.006,255.437
447.66,10.1275,2.46632,10.8476,8.31342,25.8438,1.46439,-158.383,254.898
447.68,10.1292,2.37976,10.8476,8.22053,26.0188,1.46439,-158.383,259.678
447.7,10.127,2.28341,10.8476,8.2669,25.9023,1.46439,-158.383,269.752
447.72,10.1238,2.28736,10.5725,8.26697,25.9022,1.46439,-158.383,276.671
447.74,10.1238,2.43082,10.6183,8.31335,25.9604,1.49746,-158.383,283.564
447.76,10.1243,2.34052,10.481,8.26704,25.7858,1.49751,-158.383,288.877
447.78,10.1233,2.36443,10.4808,8.26697,25.7855,1.45517,-158.383,290.478
447.8,10.1233,2.38395,10.4808,8.26697,25.669,1.45517,-158.383,291.538
447.82,10.1238,2.41708,10.2977,8.26697,25.4941,1.45517,-158.383,292.07
447.84,10.1217,2.35182,10.2974,8.26697,25.4938,1.45517,-155.068,288.885
447.86,10.1233,2.35833,10.2059,8.31335,25.2608,1.45517,-155.068,288.885
447.88,10.1233,2.30716,10.1599,8.12764,25.0854,1.45517,-155.068,281.981
447.9,10.1217,2.52461,10.1599,8.12764,25.0854,1.45517,-155.068,278.795
447.92,10.1195,2.33967,10.0226,8.26676,24.6194,1.48261,-155.068,284.097
447.94,10.1195,2.30392,10.0224,8.26697,24.4437,1.48265,-155.068,275.609
447.96,10.1185,2.32933,10.0224,8.26697,24.0942,1.44876,-155.068,267.125
447.98,10.1211,2.38546,9.9308,8.26697,24.0937,1.44871,-155.068,263.401
448,10.1195,2.36917,10.0682,8.22053,23.5686,1.44871,-155.068,259.147
448.02,10.1195,2.40632,10.0682,8.2669,23.2774,1.44871,-157.761,254.905
448.04,10.1206,2.32937,10.0682,8.26697,23.277,1.44871,-157.765,249.066
448.06,10.1158,2.43614,10.0224,8.26697,22.8102,1.44871,-157.765,249.588
448.08,10.1147,2.43662,10.0224,8.26697,22.519,1.44871,-157.765,244.816
448.1,10.1147,2.50564,10.0681,8.26697,22.5186,1.51214,-157.765,238.446
448.12,10.1142,2.449,9.97651,8.22053,22.2269,1.50633,-157.765,231.002
448.14,10.1089,2.46504,10.1596,8.31328,21.9939,1.50633,-157.765,225.699
448.16,10.1088,2.40394,10.1599,8.31342,21.9935,1.50633,-157.765,223.036
448.18,10.1046,2.46331,10.1599,8.26697,22.0518,1.50633,-157.765,219.85
448.2,10.1019,2.44527,10.2057,8.31335,22.2266,1.50633,-155.422,214.547
448.22,10.0992,2.42024,10.2057,8.31342,22.2269,1.50633,-155.418,208.698
448.24,10.0992,2.43615,10.0684,8.26704,22.6929,1.50633,-155.418,207.637
448.26,10.0976,2.4964,10.2513,8.26697,22.9848,1.50633,-155.418,207.106
448.28,10.0971,2.56248,10.2516,8.26697,22.9853,1.52022,-155.418,203.919
448.3,10.0971,2.51763,10.2058,8.40609,23.2765,1.48268,-155.418,207.63
448.32,10.0966,2.56882,10.2057,8.35993,23.5099,1.48262,-155.418,208.696
448.34,10.0971,2.62606,10.2057,8.31342,23.6853,1.48262,-155.418,204.45
448.36,10.0971,2.55895,10.16,8.31342,23.6853,1.48262,-155.418,206.04
448.38,10.0971,2.48508,10.2057,8.4063,23.9187,1.48262,-158.074,207.636
448.4,10.096,2.44251,10.2057,8.35986,23.977,1.48262,-158.074,207.636
448.42,10.0965,2.48539,10.2973,8.35986,23.977,1.48262,-158.074,208.696
448.44,10.0966,2.47117,10.1599,8.4063,23.977,1.4858,-158.074,210.822
448.46,10.0966,2.44923,10.1599,8.26719,24.0353,1.4858,-158.074,215.594
448.48,10.0966,2.52931,10.2972,8.26697,24.0353,1.49136,-158.074,217.192
448.5,10.0949,2.52834,10.2057,8.31342,23.9187,1.49136,-158.074,220.912
448.52,10.0949,2.38357,10.2057,8.31342,23.9769,1.49136,-158.074,226.744
448.54,10.0976,2.42774,10.2515,8.31342,23.977,1.49136,-156.039,228.344
448.56,10.096,2.46821,10.1599,8.26697,23.9187,1.49136,-156.036,222.505
448.58,10.096,2.49387,10.1599,8.31335,23.8604,1.49136,-156.036,221.444
448.6,10.096,2.47953,10.1599,8.31342,23.8603,1.49136,-156.036,222.503
448.62,10.096,2.49457,10.2516,8.26697,23.802,1.4882,-156.036,223.036
448.64,10.0976,2.43145,10.1143,8.31335,23.802,1.4882,-156.036,226.748
448.66,10.0976,2.44729,10.1141,8.26697,23.802,1.48708,-156.036,226.222
448.68,10.0955,2.51712,10.2057,8.26697,23.802,1.48708,-156.036,224.629
448.7,10.0976,2.53039,10.2057,8.26697,23.802,1.48708,-156.036,223.569
448.72,10.0976,2.52832,10.2057,8.22053,23.802,1.48708,-157.457,222.505
448.74,10.0976,2.40783,10.2973,8.22053,23.6855,1.48708,-157.457,224.096
448.76,10.0966,2.47065,10.2517,8.35965,23.8018,1.48708,-157.457,225.689
448.78,10.0976,2.4814,10.2516,8.35986,23.977,1.48708,-157.457,234.719
448.8,10.0976,2.52752,10.2516,8.35986,23.977,1.47605,-157.457,243.733
448.82,10.0971,2.44181,10.3889,8.35986,24.2683,1.47603,-157.457,242.686
448.84,10.0949,2.60998,10.3891,8.31342,24.3854,1.48396,-157.457,241.622
448.86,10.0965,2.5864,10.4807,8.31342,24.3854,1.48396,-157.457,239.501
448.88,10.0966,2.45955,10.5267,8.31342,24.4437,1.48396,-157.457,241.622
448.9,10.0982,2.53956,10.5267,8.22053,24.327,1.48396,-157.065,240.029
448.92,10.096,2.40997,10.6182,8.22053,24.327,1.48396,-157.065,241.62
448.94,10.096,2.36034,10.8476,8.31342,24.0937,1.48396,-157.065,244.809
448.96,10.0976,2.48959,10.8018,8.1743,23.9772,1.48396,-157.065,244.278
448.98,10.0971,2.49708,10.8018,8.17409,23.977,1.41448,-157.065,249.05
449,10.0982,2.47761,10.9393,8.17409,23.8603,1.49664,-157.065,246.402
449.02,10.0982,2.56691,11.1224,8.12771,24.0351,1.49664,-157.065,241.63
449.04,10.0976,2.53125,11.1227,8.12764,24.0353,1.49664,-157.065,239.501
449.06,10.0982,2.50238,11.031,8.22053,24.2687,1.49664,-157.065,244.278
449.08,10.0982,2.48958,11.1226,8.17416,24.5017,1.49664,-157.189,246.398
449.1,10.0992,2.50322,11.1227,8.17409,24.5021,1.49664,-157.189,249.053
449.12,10.104,2.52366,11.0769,8.17409,25.0271,1.49664,-157.189,249.057
449.14,10.103,2.50111,11.1226,8.12771,25.4348,1.49664,-157.189,252.238
449.16,10.103,2.47467,11.1227,8.12764,25.8438,1.35349,-157.189,255.429
449.18,10.1008,2.44709,11.0769,8.17409,25.8438,1.50091,-157.189,257.553
449.2,10.104,2.46532,11.2142,8.17409,26.0186,1.50091,-157.189,250.13
449.22,10.104,2.47609,11.2144,8.0812,26.1355,1.50091,-157.189,247.464
449.24,10.104,2.57349,11.2602,8.0812,26.1355,1.50091,-156.839,252.236
449.26,10.1046,2.49528,11.2602,8.22032,26.0773,1.50091,-156.839,257.015
449.28,10.1019,2.5387,11.3519,8.12764,25.9605,1.50091,-156.839,261.271
449.3,10.1019,2.4505,11.3519,8.12764,25.9605,1.50091,-156.839,260.21
449.32,10.1056,2.46407,11.4893,8.12764,26.0188,1.35639,-156.839,263.39
449.34,10.1051,2.37391,11.627,8.0812,26.2522,1.35617,-156.839,261.802
449.36,10.1051,2.40224,11.627,8.0812,26.2522,1.46979,-156.839,256.5
449.38,10.1051,2.40469,11.7187,8.22053,26.1939,1.46997,-156.839,258.085
449.4,10.1062,2.51542,11.9021,8.12764,26.3105,1.46997,-156.839,264.457
449.42,10.104,2.49161,11.9021,8.12764,26.3105,1.46997,-156.243,273.471
449.44,10.104,2.45202,11.948,8.17409,26.3689,1.46997,-156.242,280.919
449.46,10.1035,2.50314,12.0395,8.08134,26.5436,1.46997,-156.242,286.752
449.48,10.1035,2.4083,12.0397,8.0812,26.6021,1.46997,-156.242,282.519
449.5,10.1051,2.43463,12.1314,8.12764,26.6022,1.39378,-156.242,276.14
449.52,10.1051,2.3799,12.2229,8.12764,26.7187,1.39378,-156.242,272.958
449.54,10.1051,2.48634,12.2231,8.12764,26.7189,1.45263,-156.242,271.893
449.56,10.1046,2.50841,12.3606,8.12764,26.7189,1.45272,-156.242,267.112
449.58,10.1046,2.42116,12.269,8.08127,26.8937,1.45272,-156.242,266.582
449.6,10.1056,2.42232,12.2689,7.98845,26.9522,1.45272,-157.023,267.111
449.62,10.104,2.41327,12.4064,7.98831,26.9523,1.45272,-157.024,269.767
449.64,10.1056,2.37607,12.3607,7.98831,26.894,1.45272,-157.024,271.888
449.66,10.1056,2.49257,12.3606,7.94187,26.8939,1.45272,-157.024,270.829
449.68,10.1062,2.45069,12.3606,7.94187,26.8939,1.42448,-157.024,269.767
449.7,10.1046,2.41019,12.4064,7.98824,26.7192,1.4527,-157.024,273.479
449.72,10.1046,2.43618,12.4064,7.80254,26.8356,1.45274,-157.024,272.954
449.74,10.1035,2.49563,12.3607,7.80254,26.8356,1.45274,-157.024,271.893
449.76,10.1035,2.39306,12.3606,7.84891,26.6608,1.45274,-157.024,275.603
449.78,10.1024,2.3858,12.3606,7.80254,26.7772,1.45274,-155.809,274.547
449.8,10.1024,2.37435,12.2233,7.80254,26.7772,1.45274,-155.809,270.305
449.82,10.1008,2.41201,12.2231,7.84891,26.719,1.45274,-155.809,267.647
449.84,10.1046,2.37855,12.2689,7.66321,26.7189,1.45274,-155.809,265.519
449.86,10.1046,2.35513,12.2689,7.66321,26.7189,1.4371,-155.809,267.11
449.88,10.1046,2.47418,12.0855,7.70965,26.7772,1.45041,-155.809,268.174
449.9,10.103,2.46956,12.0397,7.75609,26.6022,1.45041,-155.809,268.174
449.92,10.1019,2.42701,12.0397,7.75609,26.6022,1.45041,-155.809,272.946
449.94,10.1019,2.39059,12.0855,7.75609,26.7189,1.45041,-155.809,269.767
449.96,10.1024,2.3947,11.994,7.75609,26.5442,1.45041,-157.187,272.949
449.98,10.1035,2.33829,11.9938,7.75609,26.5439,1.45041,-157.189,275.605
450,10.103,2.31251,11.948,7.75609,26.3689,1.45041,-157.189,274.016
450.02,10.103,2.39974,11.9937,7.84884,26.1359,1.45041,-157.189,270.834
450.04,10.1051,2.37937,11.9938,7.89535,25.786,1.43851,-157.189,269.769
450.06,10.1035,2.39978,11.9021,7.89542,25.7855,1.45387,-157.189,264.457
450.08,10.1035,2.36148,11.9021,7.89542,25.4942,1.45387,-157.189,264.457
450.1,10.1035,2.36142,11.9021,7.98817,25.2026,1.45387,-157.189,262.866
450.12,10.1014,2.4855,11.9021,7.98831,25.2021,1.45387,-154.409,257.022
450.14,10.1019,2.50004,11.9021,7.94194,25.0856,1.45387,-154.409,253.841
450.16,10.1019,2.43027,11.7187,7.98831,25.0854,1.45387,-154.409,251.181
450.18,10.1024,2.40535,11.7187,7.98831,25.0854,1.45387,-154.409,248.526
450.2,10.103,2.44101,11.7187,7.98831,25.3184,1.44573,-154.409,255.949
450.22,10.103,2.40281,11.7187,7.98831,25.3771,1.44572,-154.409,261.271
450.24,10.1024,2.3915,11.7187,7.98831,25.3771,1.4573,-154.409,260.21
450.26,10.1003,2.47167,11.4441,8.03468,25.4936,1.45732,-154.409,262.33
450.28,10.1019,2.48956,11.4436,8.0812,25.8438,1.45732,-154.409,260.209
450.3,10.1019,2.48343,11.4436,8.0812,25.8438,1.45732,-157.329,260.209
450.32,10.1008,2.36063,11.3063,7.98845,25.9603,1.45732,-157.333,258.618
450.34,10.0998,2.4771,11.2602,7.94187,26.3105,1.45732,-157.333,259.147
450.36,10.1003,2.40117,11.2602,8.03461,26.427,1.45732,-157.333,264.449
450.38,10.1003,2.37241,11.2144,8.03475,26.4272,1.45382,-157.333,261.802
450.4,10.1008,2.36098,11.2144,8.03475,26.5439,1.45382,-157.333,260.74
450.42,10.1003,2.34555,11.2144,7.94201,26.4856,1.46349,-157.333,257.558
450.44,10.1003,2.35076,11.2144,7.94187,26.4856,1.46351,-157.333,255.96
450.46,10.1014,2.34673,11.1686,7.89549,26.1361,1.46351,-157.333,253.839
450.48,10.1019,2.36434,11.1686,7.9418,25.9608,1.46351,-154.27,253.306
450.5,10.1003,2.35176,11.3061,7.94187,25.9605,1.46351,-154.265,250.65
450.52,10.1003,2.46377,11.3061,7.89549,25.844,1.46351,-154.265,253.301
450.54,10.1014,2.38783,11.3977,7.84905,25.9021,1.46351,-154.265,253.835
450.56,10.1008,2.38867,11.3978,7.84898,25.9022,1.46262,-154.265,255.96
450.58,10.1008,2.39828,11.352,7.70986,25.9022,1.47424,-154.265,256.491
450.6,10.1014,2.35883,11.3519,7.75602,26.1934,1.47426,-154.265,262.854
450.62,10.1003,2.35756,11.3519,7.75609,26.1939,1.47426,-154.265,263.926
450.64,10.0992,2.37553,11.4893,7.75609,26.2521,1.47426,-154.265,260.745
450.66,10.0992,2.31772,11.3519,7.57032,26.1939,1.47426,-156.839,262.864
450.68,10.1003,2.31048,11.3519,7.57032,26.1939,1.47426,-156.839,261.271
450.7,10.0982,2.31617,11.4893,7.61669,26.3686,1.47426,-156.839,261.271
450.72,10.0982,2.30791,11.3978,7.43099,26.2522,1.47426,-156.839,261.271
450.74,10.0998,2.38208,11.3978,7.43099,26.1357,1.47373,-156.839,263.922
450.76,10.0987,2.42036,11.4893,7.57011,26.1355,1.46404,-156.839,262.866
450.78,10.0987,2.33556,11.4436,7.52387,25.9022,1.46403,-156.839,260.74
450.8,10.0987,2.30017,11.4436,7.4775,25.6692,1.46403,-156.839,260.21
450.82,10.1003,2.30012,11.5352,7.47743,25.6688,1.46403,-153.899,260.739
450.84,10.0987,2.25816,11.5353,7.52387,25.3771,1.46403,-153.894,262.333
450.86,10.0987,2.28728,11.5353,7.52387,25.1441,1.46403,-153.894,263.923
450.88,10.0992,2.38081,11.4895,7.52387,25.1438,1.46403,-153.894,269.767
450.9,10.0998,2.25616,11.627,7.61676,25.2021,1.46399,-153.894,273.485
450.92,10.0982,2.27287,11.627,7.52402,25.1439,1.46399,-153.894,275.075
450.94,10.0982,2.29883,11.4895,7.52387,25.1438,1.46981,-153.894,272.954
450.96,10.0987,2.35207,11.5353,7.4775,25.202,1.46981,-153.894,275.074
450.98,10.0998,2.39489,11.4438,7.47743,25.3186,1.46981,-153.894,273.487
451,10.0998,2.3761,11.4436,7.47743,25.3188,1.46981,-157.086,272.954
451.02,10.0982,2.34797,11.3979,7.57018,25.3188,1.46981,-157.086,266.061
451.04,10.0982,2.33299,11.2605,7.52395,25.377,1.46981,-157.086,258.627
451.06,10.0982,2.34077,11.2602,7.52387,25.3771,1.46981,-157.086,257.553
451.08,10.0982,2.32085,11.2145,7.66299,25.2606,1.47026,-157.086,255.963
451.1,10.0982,2.3245,11.1686,7.52409,25.4352,1.47026,-157.086,252.779
451.12,10.0987,2.25669,11.1686,7.70965,25.4355,1.48965,-157.086,252.243
451.14,10.0998,2.26514,11.0312,7.70965,25.2607,1.48965,-157.086,252.243
451.16,10.0998,2.33857,11.0769,7.66321,25.4355,1.48965,-157.086,251.712
451.18,10.0992,2.40635,11.0769,7.75609,25.4938,1.48965,-153.606,252.774
451.2,10.0987,2.40539,10.8937,7.75609,25.4938,1.48965,-153.606,254.365
451.22,10.0987,2.35074,10.8935,7.66321,25.4355,1.48965,-153.606,258.616
451.24,10.0992,2.27131,10.8935,7.8487,25.4355,1.48965,-153.606,261.267
451.26,10.0971,2.31988,10.8019,7.84898,25.4355,1.48949,-153.606,261.271
451.28,10.0992,2.31325,10.6642,7.80254,25.4938,1.48949,-153.606,259.147
451.3,10.0992,2.39501,10.6642,7.84891,25.4938,1.48949,-153.606,257.026
451.32,10.0982,2.37237,10.6642,7.84898,25.4938,1.48949,-153.606,255.432
451.34,10.0982,2.38464,10.6184,7.84898,25.4355,1.48949,-153.606,253.305
451.36,10.0982,2.37859,10.6184,7.84898,25.4937,1.48949,-157.204,256.487
451.38,10.0992,2.33106,10.5267,7.84898,25.4938,1.48949,-157.21,257.553
451.4,10.0982,2.39538,10.435,7.80254,25.4355,1.48949,-157.21,259.147
451.42,10.0982,2.38313,10.4808,7.84891,25.2607,1.48949,-157.21,261.798
451.44,10.0982,2.42234,10.4808,7.84898,25.2605,1.48894,-157.21,264.988
451.46,10.0987,2.36537,10.5724,7.75623,25.2605,1.49088,-157.21,268.7
451.48,10.0998,2.41297,10.481,7.80247,25.2022,1.49088,-157.21,269.766
451.5,10.0998,2.3977,10.4808,7.80254,25.2021,1.49088,-157.21,266.05
451.52,10.0971,2.39678,10.6639,7.80254,25.0856,1.49088,-157.21,266.05
451.54,10.0976,2.34026,10.71,7.84891,24.9689,1.49088,-153.159,267.641
451.56,10.0987,2.30423,10.7101,7.80254,24.9688,1.49088,-153.153,268.705
451.58,10.0987,2.43485,10.8016,7.80254,24.794,1.49088,-153.153,268.705
451.6,10.0992,2.42667,10.8475,7.75616,24.5607,1.49088,-153.153,266.584
451.62,10.0976,2.39224,10.8476,7.89542,24.3854,1.49113,-153.153,263.395
451.64,10.0992,2.45687,10.9392,7.89542,24.3854,1.4795,-153.153,257.562
451.66,10.0992,2.29647,11.1686,7.80254,24.4437,1.47949,-153.153,251.712
451.68,10.0976,2.45883,11.1686,7.80254,24.327,1.47949,-153.153,252.243
451.7,10.0971,2.48606,11.1228,7.80254,24.327,1.47949,-156.587,254.894
451.72,10.0971,2.38698,11.4436,7.70965,24.4437,1.47949,-156.592,252.774
451.74,10.0976,2.29759,11.4436,7.84877,24.502,1.47949,-156.592,251.183
451.76,10.0987,2.3978,11.4436,7.84898,24.5021,1.47949,-156.592,252.241
451.78,10.0987,2.35723,11.4895,7.80254,24.4437,1.47945,-156.592,246.402
451.8,10.0976,2.46196,11.5353,7.94166,24.5602,1.47945,-156.592,244.281
451.82,10.0987,2.36939,11.5353,7.94187,24.5604,1.49108,-156.592,245.338
451.84,10.0987,2.51519,11.4895,7.84898,24.5604,1.49109,-156.592,240.56
451.86,10.0987,2.52022,11.581,7.94173,24.7351,1.49109,-156.592,237.379
451.88,10.0998,2.41663,11.5812,7.94187,24.7354,1.49109,-153.38,234.188
451.9,10.0982,2.5954,11.4895,7.94187,24.7354,1.49109,-153.38,240.029
451.92,10.1056,2.5838,11.5353,7.98824,24.7354,1.49109,-153.38,240.029
451.94,10.1056,2.38675,11.5353,7.98831,24.9688,1.49109,-153.38,237.905
451.96,10.103,2.5145,11.5353,8.03468,24.9688,1.49096,-153.38,241.617
451.98,10.111,2.50343,11.398,8.03475,24.9105,1.49096,-153.38,240.562
452,10.111,2.49512,11.3978,8.03475,24.9688,1.4929,-153.38,241.091
452.02,10.1163,2.43977,11.3978,8.03475,24.9688,1.4929,-153.38,241.091
452.04,10.1169,2.32271,11.352,8.08113,25.1435,1.4929,-153.38,249.045
452.06,10.1169,2.35181,11.3519,8.22053,25.2021,1.4929,-156.221,254.898
452.08,10.1185,2.3867,11.3977,8.22053,25.2021,1.4929,-156.221,260.731
452.1,10.1211,2.33487,11.2147,8.17416,25.2604,1.4929,-156.221,261.8
452.12,10.1211,2.35607,11.2144,8.22053,25.0854,1.4929,-156.221,263.395
452.14,10.1211,2.33321,11.2144,8.22053,25.0854,1.49374,-156.221,266.046
452.16,10.1217,2.33318,11.1227,8.31342,25.0271,1.48598,-156.221,266.05
452.18,10.1275,2.41542,11.031,8.31342,24.9104,1.48598,-156.221,265.519
452.2,10.1313,2.41544,11.031,8.31342,24.9104,1.48598,-156.221,266.579
452.22,10.1313,2.34773,10.9852,8.35986,24.7354,1.48598,-156.221,266.05
452.24,10.1324,2.40657,10.9394,8.45261,24.6772,1.48598,-152.274,267.111
452.26,10.1361,2.41442,10.9393,8.45275,24.6771,1.48598,-152.268,272.945
452.28,10.1361,2.32789,10.8476,8.49919,24.6187,1.48598,-152.268,274.547
452.3,10.1356,2.50217,10.7103,8.49919,24.5605,1.48598,-152.268,279.319
452.32,10.135,2.36748,10.7101,8.49919,24.5604,1.48689,-152.268,277.735
452.34,10.1372,2.34406,10.8018,8.59208,24.3854,1.47914,-152.268,279.857
452.36,10.1372,2.44537,10.8018,8.59208,24.3854,1.47914,-152.268,279.327
452.38,10.1372,2.42465,10.8018,8.59208,24.2687,1.47914,-152.268,271.36
452.4,10.1361,2.30122,10.8476,8.68497,24.2687,1.47914,-155.603,274.016
452.42,10.1361,2.3325,10.8476,8.68497,24.094,1.47914,-155.603,269.244
452.44,10.1366,2.39736,10.8476,8.59208,23.977,1.47914,-155.603,267.112
452.46,10.1398,2.40815,10.8476,8.59208,23.977,1.47914,-155.603,262.34
452.48,10.1489,2.41645,10.9392,8.63845,23.5693,1.47987,-155.603,259.151
452.5,10.1489,2.3133,10.9393,8.59208,23.3353,1.47987,-155.603,253.836
452.52,10.1527,2.38333,10.8478,8.59208,23.3353,1.49148,-155.603,250.655
452.54,10.1537,2.36669,10.8934,8.63845,23.044,1.4915,-155.603,250.65
452.56,10.1537,2.35631,10.8935,8.49919,22.9853,1.4915,-155.603,253.305
452.58,10.1559,2.43758,10.8935,8.49919,22.9853,1.4915,-152.129,258.077
452.6,10.1592,2.37597,10.8477,8.49919,22.8688,1.4915,-152.124,259.145
452.62,10.1587,2.38828,10.8476,8.45275,22.8102,1.4915,-152.124,257.553
452.64,10.1587,2.30959,10.8476,8.45275,22.8102,1.4915,-152.124,253.842
452.66,10.1601,2.34248,10.8476,8.45275,22.9269,1.49348,-152.124,250.65
452.68,10.1615,2.30086,10.8935,8.4063,22.6936,1.49348,-152.124,250.119
452.7,10.1634,2.30596,10.8935,8.4063,22.6936,1.47996,-152.124,252.24
452.72,10.1634,2.30307,10.8018,8.45275,22.7519,1.47994,-152.124,252.243
452.74,10.1745,2.3031,10.8018,8.40637,22.5189,1.47994,-152.124,248.531
452.76,10.1819,2.28667,10.8018,8.45268,22.5186,1.47994,-154.406,246.935
452.78,10.182,2.39095,10.7559,8.45275,22.2269,1.47994,-154.409,247.995
452.8,10.133,2.36449,10.5728,8.40637,22.2269,1.47994,-154.409,249.055
452.82,10.1393,2.29932,10.5725,8.4063,22.2269,1.47994,-154.409,245.345
452.84,10.1366,2.29241,10.7101,8.4063,22.1102,1.48177,-154.409,249.057
452.86,10.1366,2.28176,10.7559,8.45268,21.9937,1.48177,-154.409,250.648
452.88,10.1388,2.34998,10.7559,8.45275,21.9935,1.46244,-154.409,248.526
452.9,10.1361,2.41699,10.7101,8.45275,21.9935,1.46244,-154.409,246.933
452.92,10.1361,2.46367,10.8474,8.40637,22.0518,1.46244,-154.409,249.584
452.94,10.1409,2.41298,10.8476,8.35986,22.0518,1.46244,-152.803,251.712
452.96,10.142,2.40105,10.8476,8.35986,22.0518,1.46244,-152.803,250.121
452.98,10.1404,2.45635,10.985,8.45261,22.1683,1.46244,-152.803,244.286
453,10.1404,2.33144,10.9852,8.4063,22.1685,1.46244,-152.803,240.56
453.02,10.1414,2.41091,10.9394,8.4063,22.1685,1.46014,-152.803,241.09
453.04,10.1388,2.50535,11.0309,8.35993,22.6345,1.46593,-152.803,247.454
453.06,10.1388,2.49811,11.0769,8.35986,22.8686,1.46594,-152.803,251.181
453.08,10.1404,2.34203,11.0769,8.35986,22.8686,1.46594,-152.803,252.772
453.1,10.1436,2.48051,11.1684,8.31349,23.2181,1.46594,-152.803,251.714
453.12,10.142,2.47831,11.1686,8.45275,23.627,1.46594,-153.915,249.057
453.14,10.142,2.41148,11.1686,8.45275,23.627,1.46594,-153.915,245.345
453.16,10.142,2.49227,11.2602,8.49919,23.8603,1.46594,-153.915,249.057
453.18,10.1409,2.53398,11.2602,8.4063,24.0353,1.46594,-153.915,251.181
453.2,10.1409,2.51505,11.2602,8.49905,24.0353,1.46335,-153.915,254.362
453.22,10.1409,2.53826,11.3519,8.49919,24.3854,1.45365,-153.915,257.553
453.24,10.1398,2.52291,11.2146,8.59194,24.7349,1.45365,-153.915,258.614
453.26,10.1436,2.50149,11.2144,8.54571,25.0849,1.45365,-153.915,262.327
453.28,10.1436,2.41139,11.3061,8.54564,25.0854,1.45365,-152.618,268.174
453.3,10.1409,2.40728,11.3519,8.59201,25.3767,1.45365,-152.618,269.765
453.32,10.1425,2.55096,11.3519,8.59208,25.6101,1.45365,-152.618,272.418
453.34,10.1436,2.56708,11.2602,8.59208,25.6105,1.45365,-152.618,272.954
453.36,10.1436,2.32679,11.2602,8.54571,25.7852,1.45308,-152.618,275.605
453.38,10.1425,2.50541,11.3978,8.63852,26.0188,1.45308,-152.618,276.14
453.4,10.143,2.57438,11.3978,8.63852,26.0188,1.45502,-152.618,278.264
453.42,10.143,2.51866,11.4436,8.4994,25.8441,1.45502,-152.618,279.855
453.44,10.142,2.51858,11.3061,8.59208,26.0188,1.45502,-152.618,274.547
453.46,10.1404,2.4979,11.3061,8.59208,26.0188,1.45502,-153.152,266.063
453.48,10.1393,2.54397,11.3977,8.59208,25.7276,1.45502,-153.153,263.399
453.5,10.1393,2.34761,11.3978,8.49919,25.6105,1.45502,-153.153,261.802
453.52,10.143,2.38392,11.3978,8.49919,25.6105,1.45502,-153.153,260.211
453.54,10.1425,2.38659,11.352,8.45282,25.5522,1.45495,-153.153,263.92
453.56,10.1425,2.36672,11.3519,8.54564,25.3771,1.45495,-153.153,264.988
453.58,10.1425,2.4525,11.3519,8.54564,25.2606,1.45689,-153.153,262.337
453.6,10.142,2.36905,11.2604,8.49926,25.2605,1.45689,-153.153,261.272
453.62,10.1425,2.44657,11.2602,8.45275,25.0271,1.45689,-153.153,260.74
453.64,10.1425,2.37827,11.2602,8.40637,24.9689,1.45689,-152.043,257.028
453.66,10.143,2.35782,11.0769,8.4063,24.9688,1.45689,-152.041,254.367
453.68,10.1441,2.43938,11.1686,8.31342,24.7354,1.45689,-152.041,254.367
453.7,10.1441,2.45422,11.1686,8.35979,24.5607,1.45689,-152.041,249.595
453.72,10.1436,2.36853,11.031,8.35986,24.5604,1.45675,-152.041,249.057
453.74,10.142,2.40544,11.0768,8.31349,24.2691,1.45482,-152.041,246.406
453.76,10.1436,2.41327,11.0769,8.31342,23.9775,1.45481,-152.041,251.704
453.78,10.1436,2.41502,11.1227,8.31342,23.977,1.45481,-152.041,255.429
453.8,10.1452,2.38237,11.1685,8.26704,23.8023,1.45481,-152.041,258.08
453.82,10.1457,2.48598,11.3059,8.31335,23.569,1.45481,-152.062,257.024
453.84,10.1463,2.44427,11.3061,8.31342,23.5686,1.45481,-152.062,254.367
453.86,10.1463,2.41846,11.2603,8.22067,23.1609,1.45481,-152.062,258.079
453.88,10.1457,2.40183,11.4436,8.22053,23.2186,1.45481,-152.062,258.085
453.9,10.1452,2.41704,11.4436,8.22053,23.2186,1.45541,-152.062,254.898
453.92,10.1452,2.51517,11.581,8.17416,22.9856,1.45929,-152.062,253.308
453.94,10.1473,2.5681,11.5353,8.22053,22.9853,1.45929,-152.062,254.367
453.96,10.1473,2.418,11.5353,8.22053,22.9853,1.45929,-152.062,251.716
453.98,10.1468,2.40672,11.7184,8.22053,23.2765,1.45929,-153.069,251.712
454,10.1468,2.55116,11.7187,8.22053,23.7437,1.45929,-153.071,254.367
454.02,10.1473,2.53572,11.7187,8.08141,24.2679,1.45929,-153.071,258.609
454.04,10.1463,2.44445,11.7645,8.0812,24.2687,1.45929,-153.071,261.267
454.06,10.1463,2.45081,11.8104,8.22053,24.7937,1.45929,-153.071,263.395
454.08,10.1473,2.52302,11.8104,8.22053,25.318,1.45965,-153.071,264.455
454.1,10.1468,2.52691,11.7646,8.22053,25.3188,1.47127,-153.071,260.215
454.12,10.1489,2.47082,11.9021,8.35986,25.5521,1.47129,-153.071,264.988
454.14,10.1489,2.5401,11.9021,8.40623,25.8434,1.47129,-153.071,266.048
454.16,10.1468,2.47867,11.7646,8.4063,25.8438,1.47129,-151.321,268.174
454.18,10.1473,2.45147,12.0397,8.49919,25.9605,1.47129,-151.321,262.333
454.2,10.1473,2.43865,12.0397,8.63831,25.9605,1.47129,-151.321,255.44
454.22,10.1457,2.47429,11.9021,8.63852,25.9605,1.47129,-151.321,251.712
454.24,10.1473,2.42426,11.9021,8.63852,25.9605,1.47248,-151.321,251.182
454.26,10.1447,2.44458,12.0395,8.73127,25.9023,1.47248,-151.321,258.604
454.28,10.1446,2.44627,12.0397,8.73141,25.9022,1.47442,-151.321,266.581
454.3,10.1479,2.47351,11.9023,8.77778,26.0769,1.47442,-151.321,277.186
454.32,10.1473,2.33538,11.9937,8.68511,26.0772,1.47442,-151.321,285.155
454.34,10.1473,2.32316,11.9938,8.68497,26.0772,1.47442,-153.38,289.416
454.36,10.1457,2.42487,11.948,8.68497,26.1937,1.47442,-153.38,291.006
454.38,10.1452,2.44653,11.9938,8.68497,26.2522,1.47442,-153.38,287.823
454.4,10.1495,2.4407,11.9938,8.63852,26.2522,1.47442,-153.38,285.698
454.42,10.1495,2.3995,12.0854,8.63852,26.194,1.47703,-153.38,280.926
454.44,10.1489,2.39534,12.0397,8.63852,26.1939,1.47703,-153.38,283.043
454.46,10.1479,2.43057,12.0397,8.63852,26.0774,1.47896,-153.38,280.922
454.48,10.1484,2.4026,12.177,8.63852,26.0772,1.47896,-153.38,282.51
454.5,10.1484,2.46006,12.2231,8.49919,25.9605,1.47896,-153.38,284.105
454.52,10.1463,2.45586,12.2231,8.45282,25.844,1.47896,-151.056,283.045
454.54,10.1473,2.45153,12.3146,8.45275,25.8438,1.47896,-151.053,277.741
454.56,10.1473,2.32322,12.3148,8.45275,25.9605,1.47896,-151.053,275.078
454.58,10.1452,2.40854,12.4979,8.26726,25.9023,1.47896,-151.053,273.487
454.6,10.1462,2.33959,12.4981,8.26697,25.9022,1.47661,-151.053,271.894
454.62,10.1473,2.34461,12.544,8.17409,26.0772,1.44949,-151.053,274.547
454.64,10.1473,2.45506,12.4524,8.03497,26.3102,1.44949,-151.053,278.258
454.66,10.1489,2.43017,12.4523,8.03475,26.3105,1.44949,-151.053,282.512
454.68,10.1473,2.45067,12.5898,7.98831,26.5439,1.44949,-152.885,277.733
454.7,10.1473,2.44037,12.4983,7.89557,26.8351,1.44949,-152.885,268.189
454.72,10.1468,2.4238,12.4981,7.89542,26.8356,1.44949,-152.885,259.678
454.74,10.1468,2.37167,12.4524,7.98817,27.0103,1.44949,-152.885,259.678
454.76,10.1457,2.33283,12.5438,7.89557,27.0688,1.44949,-152.885,258.617
454.78,10.1457,2.35822,12.544,8.03475,27.3606,1.44802,-152.885,261.802
454.8,10.1484,2.45785,12.544,8.03475,27.3606,1.47319,-152.885,269.755
454.82,10.1479,2.34571,12.4067,8.03475,27.5354,1.47322,-152.885,270.298
454.84,10.1479,2.36381,12.4064,7.94187,27.419,1.47322,-152.885,275.078
454.86,10.15,2.39604,12.498,7.94187,27.419,1.47322,-149.966,271.366
454.88,10.1495,2.34116,12.4981,7.98831,27.244,1.47322,-149.962,273.485
454.9,10.1479,2.35054,12.4981,8.03475,27.0106,1.47322,-149.962,273.485
454.92,10.1479,2.31591,12.4066,8.03475,27.0106,1.47322,-149.962,274.545
454.94,10.1473,2.32322,12.4523,8.03475,26.5439,1.4743,-149.962,281.981
454.96,10.1441,2.29641,12.4523,7.98838,26.3691,1.4743,-149.962,283.042
454.98,10.1441,2.32037,12.4523,7.98831,26.3689,1.4859,-149.962,285.164
455,10.1441,2.25173,12.4981,7.94187,25.9605,1.48592,-149.962,283.043
455.02,10.1473,2.23523,12.6355,8.03461,25.4363,1.48592,-149.962,283.043
455.04,10.1463,2.22182,12.6357,8.03475,25.4355,1.48592,-153.498,279.862
455.06,10.1463,2.33787,12.7732,8.03475,25.0854,1.48592,-153.503,276.14
455.08,10.1463,2.40181,13.0479,8.1275,24.4447,1.48592,-153.503,272.428
455.1,10.1479,2.38361,13.0483,8.12764,24.4437,1.48592,-153.503,269.771
455.12,10.1479,2.3967,13.1859,8.12764,24.152,1.49203,-153.503,271.36
455.14,10.1473,2.38469,13.3232,8.08127,23.919,1.49203,-153.503,272.421
455.16,10.1463,2.47619,13.3234,8.12764,23.8603,1.47274,-153.503,261.802
455.18,10.1468,2.42683,13.5068,8.12764,23.8603,1.47274,-153.503,253.305
455.2,10.1468,2.48012,13.461,8.22039,24.0933,1.47274,-153.503,243.231
455.22,10.1468,2.60502,13.4609,8.22053,24.5021,1.47274,-149.879,232.064
455.24,10.1447,2.57829,13.3236,8.22053,24.5021,1.47274,-149.879,227.292
455.26,10.1473,2.55202,13.2318,8.22053,25.201,1.47274,-149.879,219.331
455.28,10.1473,2.83659,13.2317,8.22053,26.6606,1.47274,-149.879,212.946
455.3,10.1468,2.84337,12.8655,8.22053,26.6606,1.47054,-149.879,204.993
455.32,10.1473,2.73343,12.5903,8.40602,28.5828,1.4879,-149.879,196.497
455.34,10.1473,2.77384,12.5898,8.22053,31.1526,1.48793,-149.879,190.112
455.36,10.1457,2.79542,12.4525,8.22053,31.1526,1.48793,-149.879,180.037
455.38,10.1473,2.69432,12.3606,8.17409,33.7778,1.48793,-149.879,177.898
455.4,10.1457,2.67542,12.3606,8.17409,35.878,1.48793,-154.203,180.553
455.42,10.1457,2.66465,12.3606,8.17409,35.878,1.48793,-154.203,186.385
455.44,10.1468,2.76122,12.3606,8.26697,36.228,1.48793,-154.203,190.643
455.46,10.1447,2.47076,12.4522,8.2206,35.1213,1.48793,-154.203,197.536
455.48,10.1446,2.47814,12.4523,8.08141,35.1196,1.4867,-154.203,203.909
455.5,10.1473,2.63653,12.5898,8.0812,32.9028,1.49057,-154.203,208.167
455.52,10.1473,2.55193,12.8645,8.17394,30.2233,1.49057,-154.203,210.818
455.54,10.1495,2.55705,12.8649,8.12771,30.2192,1.49057,-154.203,216.655
455.56,10.1495,2.55815,13.0942,8.12764,28.294,1.49057,-150.312,223.036
455.58,10.1473,2.54603,13.4146,8.17402,27.0126,1.49057,-150.312,228.869
455.6,10.1489,2.42044,13.4151,8.17409,26.1369,1.49057,-150.312,241.603
455.62,10.1463,2.45855,13.5985,8.17409,26.1355,1.49057,-150.312,251.712
455.64,10.1463,2.37238,13.69,8.17409,25.9025,1.49057,-150.312,254.893
455.66,10.1473,2.37225,13.6902,8.22053,25.5521,1.49235,-150.312,268.174
455.68,10.1473,2.36833,13.6902,8.22053,25.5521,1.48656,-150.312,280.388
455.7,10.1473,2.28309,13.4613,8.22053,25.4939,1.48656,-150.312,287.281
455.72,10.1473,2.34523,13.2317,8.12764,25.3771,1.48656,-150.312,292.071
455.74,10.1457,2.35733,13.2317,8.12764,25.3771,1.48656,-153.971,299.494
455.76,10.1463,2.35069,13.0944,8.0349,25.0859,1.48656,-153.977,309.58
455.78,10.1463,2.43914,12.6815,8.22053,24.9104,1.48656,-153.977,318.623
455.8,10.1463,2.33897,12.6815,8.22053,24.9104,1.48656,-153.977,326.046
455.82,10.1436,2.35824,12.6358,8.08141,24.7939,1.48308,-153.977,329.239
455.84,10.1436,2.38794,12.544,8.0812,24.9688,1.48308,-153.977,329.244
455.86,10.1468,2.48367,12.544,8.0812,24.9688,1.49661,-153.977,328.713
455.88,10.1441,2.38234,12.3148,8.12764,25.0854,1.49663,-153.977,327.65
455.9,10.1452,2.35722,12.3606,8.26697,25.0854,1.49663,-153.977,326.057
455.92,10.1452,2.37665,12.3606,8.17423,25.3184,1.49663,-150.502,325.527
455.94,10.1463,2.46655,12.2689,8.17409,25.3188,1.49663,-150.497,326.588
455.96,10.1468,2.38954,12.2689,8.17409,25.377,1.49663,-150.497,324.468
455.98,10.1468,2.3803,12.2689,8.17409,25.4936,1.49663,-150.497,319.692
456,10.1457,2.41288,12.0855,8.17409,25.4938,1.49549,-150.497,321.278
456.02,10.1436,2.34006,11.9482,8.12771,25.4356,1.49162,-150.497,318.627
456.04,10.1462,2.36763,11.948,8.08127,25.3772,1.49161,-150.497,312.79
456.06,10.1463,2.36389,11.948,8.0812,25.3771,1.49161,-150.497,314.906
456.08,10.1457,2.37613,11.8106,8.12757,25.4936,1.49161,-150.497,308.543
456.1,10.1457,2.43204,11.902,8.17402,25.3191,1.49161,-154.342,295.808
456.12,10.1457,2.35496,11.9021,8.17409,25.3188,1.49161,-154.347,286.761
456.14,10.1436,2.38963,11.8563,8.22046,25.4935,1.49161,-154.347,283.049
456.16,10.1452,2.35471,11.9021,8.22053,25.3771,1.49161,-154.347,283.043
456.18,10.1452,2.34999,11.9021,8.22053,25.3771,1.49262,-154.347,278.264
456.2,10.1452,2.40419,11.9021,8.31328,25.4936,1.49262,-154.347,271.901
456.22,10.1468,2.42085,11.9938,8.4063,25.3771,1.49262,-154.347,262.864
456.24,10.1463,2.43088,11.9938,8.4063,25.3771,1.49262,-154.347,253.32
456.26,10.1463,2.43671,12.0396,8.54542,25.3189,1.49262,-149.845,251.714
456.28,10.1441,2.50785,11.9938,8.59208,25.2605,1.49262,-149.838,247.464
456.3,10.1468,2.39386,11.9938,8.68482,25.3187,1.49262,-149.838,241.101
456.32,10.1436,2.41204,11.948,8.68497,25.3188,1.49262,-149.838,233.138
456.34,10.1436,2.44555,11.9938,8.8243,25.6105,1.49262,-149.838,232.595
456.36,10.1462,2.39942,11.9938,8.73155,25.96,1.49304,-149.838,232.595
456.38,10.1425,2.53089,11.948,8.73141,25.9605,1.51433,-149.838,233.126
456.4,10.1452,2.54609,11.948,8.96363,26.5439,1.51433,-149.838,233.126
456.42,10.1452,2.49031,11.948,8.96363,26.7769,1.51433,-149.838,235.777
456.44,10.1446,2.48103,11.948,8.96363,26.7772,1.51433,-154.389,235.781
456.46,10.1441,2.50519,11.948,9.01,26.952,1.51433,-154.389,239.493
456.48,10.1441,2.42,11.948,8.9637,27.0105,1.51433,-154.389,242.149
456.5,10.1436,2.39457,11.948,8.96363,27.0106,1.51433,-154.389,243.215
456.52,10.1436,2.38469,11.948,8.96363,26.4281,1.51784,-154.389,248.518
456.54,10.1425,2.36701,11.948,9.10275,26.136,1.51785,-154.389,254.889
456.56,10.1425,2.4363,11.948,9.10296,26.1355,1.48116,-154.389,258.085
456.58,10.1436,2.45909,11.9022,9.05659,25.6695,1.48116,-154.389,258.615
456.6,10.1446,2.42562,11.9021,8.9174,25.4358,1.48116,-154.389,258.085
456.62,10.1452,2.39228,11.9021,8.91718,25.4355,1.48116,-150.435,260.209
456.64,10.1452,2.37611,11.9937,8.96356,25.3772,1.48116,-150.435,273.995
456.66,10.143,2.31536,11.8104,8.96363,25.0854,1.48116,-150.435,284.105
456.68,10.142,2.28903,11.8104,8.91718,25.0854,1.48116,-150.435,286.23
456.7,10.142,2.46118,11.8104,8.91718,25.0854,1.48002,-150.435,291.002
456.72,10.143,2.38153,11.7187,8.8243,24.8521,1.48001,-150.435,292.602
456.74,10.1441,2.34388,11.7187,8.87067,24.8521,1.50703,-150.435,294.723
456.76,10.1446,2.34987,11.6729,8.87074,24.8521,1.50707,-150.435,290.484
456.78,10.1446,2.4406,11.5353,8.8243,24.5021,1.50707,-150.435,289.947
456.8,10.143,2.2927,11.5353,8.77792,24.4438,1.50707,-152.943,287.296
456.82,10.1414,2.34105,11.5353,8.77785,24.4437,1.50707,-152.947,287.822
456.84,10.1414,2.36242,11.5812,8.77785,24.2687,1.50707,-152.947,286.23
456.86,10.1425,2.45702,11.5812,8.73148,23.9775,1.50707,-152.947,287.29
456.88,10.1441,2.34529,11.4895,8.73141,23.977,1.50654,-152.947,287.823
456.9,10.1441,2.32006,11.5353,8.73141,23.977,1.50461,-152.947,283.574
456.92,10.1441,2.3904,11.5811,8.73141,23.977,1.50461,-152.947,280.923
456.94,10.1441,2.38637,11.5812,8.73141,23.977,1.50461,-152.947,280.388
456.96,10.1446,2.38213,11.6727,8.63866,24.0935,1.50461,-152.947,275.616
456.98,10.1446,2.36358,11.8102,8.6849,24.1519,1.50461,-150.254,274.018
457,10.1452,2.42647,11.8104,8.68497,24.152,1.50461,-150.25,271.36
457.02,10.143,2.47786,11.9935,8.63859,24.2103,1.50461,-150.25,267.119
457.04,10.1404,2.47042,12.0854,8.6849,24.4434,1.50461,-150.25,266.052
457.06,10.1404,2.56415,12.0855,8.54564,24.4437,1.50665,-150.25,254.898
457.08,10.142,2.64961,12.1771,8.54564,24.7932,1.5028,-150.25,247.475
457.1,10.1414,2.60812,12.3145,8.59201,25.1432,1.50279,-150.25,241.101
457.12,10.1414,2.56932,12.3148,8.54564,25.4355,1.50279,-150.25,238.967
457.14,10.1409,2.5569,12.4063,8.54564,25.4355,1.50279,-152.758,240.028
457.16,10.1409,2.71648,12.4981,8.59208,25.9605,1.50279,-152.762,238.436
457.18,10.1409,2.6775,12.4981,8.68497,26.4856,1.50279,-152.762,238.967
457.2,10.1409,2.50285,12.4981,8.68497,26.4856,1.50279,-152.762,235.255
457.22,10.1398,2.54886,12.5898,8.54564,26.7772,1.50074,-152.762,234.719
457.24,10.1388,2.43403,12.5898,8.73113,27.0102,1.50074,-152.762,236.84
457.26,10.1398,2.45438,12.6356,8.73141,27.0106,1.51426,-152.762,238.434
457.28,10.1398,2.42064,12.7274,8.63852,26.7772,1.51428,-152.762,240.029
457.3,10.1409,2.40735,12.8189,8.6849,26.5442,1.51428,-152.762,236.848
457.32,10.1388,2.39485,12.8191,8.68497,26.5439,1.51428,-149.945,239.494
457.34,10.1388,2.39334,12.8649,8.63852,26.2522,1.51428,-149.941,239.498
457.36,10.142,2.35564,12.9107,8.77764,25.961,1.51428,-149.941,238.438
457.38,10.1393,2.38433,12.9108,8.77785,25.9605,1.51428,-149.941,240.56
457.4,10.1409,2.38187,12.9566,8.73141,25.7855,1.5124,-149.941,240.56
457.42,10.1409,2.33873,13.0024,8.73141,25.669,1.5124,-149.941,241.09
457.44,10.1404,2.3167,13.0025,8.73141,25.6688,1.51433,-149.941,243.746
457.46,10.1414,2.44848,12.9109,8.77778,25.7271,1.51433,-149.941,243.216
457.48,10.1414,2.4561,12.8192,8.82423,25.9019,1.51433,-149.941,247.457
457.5,10.1398,2.36956,12.8191,8.68497,26.2522,1.51433,-151.877,250.119
457.52,10.1382,2.4919,12.8191,8.68497,26.2522,1.51433,-151.877,254.891
457.54,10.1393,2.5012,12.7275,8.82408,26.7182,1.51433,-151.877,254.368
457.56,10.1393,2.43326,12.7274,8.8243,27.0106,1.51433,-151.877,253.836
457.58,10.1404,2.48247,12.5443,8.8243,27.0106,1.51604,-151.877,257.548
457.6,10.1388,2.45571,12.5898,8.77792,27.4183,1.51218,-151.877,259.674
457.62,10.1388,2.4402,12.5898,8.77785,27.769,1.51217,-151.877,260.74
457.64,10.1382,2.36619,12.4983,8.77785,27.769,1.51217,-151.877,260.74
457.66,10.1382,2.4634,12.3606,8.77785,28.119,1.51217,-151.877,257.553
457.68,10.1404,2.46095,12.3606,8.73141,28.3524,1.51217,-149.9,255.429
457.7,10.1404,2.38644,12.3606,8.73141,28.3524,1.51217,-149.9,250.657
457.72,10.1388,2.4232,12.4064,8.77785,28.3524,1.51217,-149.9,252.243
457.74,10.1414,2.397,12.3607,8.77785,28.2941,1.51217,-149.9,251.183
457.76,10.1414,2.37424,12.3606,8.77785,28.294,1.51437,-149.9,251.181
457.78,10.1404,2.37147,12.4064,8.87074,28.0023,1.52403,-149.9,260.209
457.8,10.1393,2.2849,12.5896,8.91711,27.6529,1.52403,-149.9,260.209
457.82,10.1409,2.26738,12.5898,8.87081,27.6523,1.52403,-149.9,259.148
457.84,10.1409,2.3484,12.4981,8.87074,27.1856,1.52403,-150.662,260.74
457.86,10.1414,2.36826,12.6813,8.91711,26.5449,1.52403,-150.662,257.028
457.88,10.1409,2.27025,12.6815,9.01007,25.9022,1.52403,-150.662,262.864
457.9,10.1409,2.26713,12.7732,9.01007,25.9022,1.52403,-150.662,264.988
457.92,10.1409,2.40323,12.7275,8.9637,25.4362,1.52403,-150.662,265.518
457.94,10.1377,2.4323,12.7274,8.8243,25.2605,1.52972,-150.662,263.395
457.96,10.1388,2.46854,12.8647,8.8243,25.2605,1.51051,-150.662,262.334
457.98,10.1388,2.52105,12.9107,8.96342,25.4934,1.51048,-150.662,264.984
458,10.1414,2.54474,12.9108,8.96363,25.6688,1.51048,-150.662,265.519
458.02,10.1398,2.52781,12.8192,8.96363,25.6688,1.51048,-150.785,265.519
458.04,10.1388,2.53327,12.9564,8.91726,25.8436,1.51048,-150.785,268.7
458.06,10.1388,2.46317,12.9566,8.91718,25.9022,1.51048,-150.785,271.892
458.08,10.1382,2.51926,12.8651,8.91718,25.9022,1.51048,-150.785,275.603
458.1,10.1404,2.43549,12.8649,8.91718,26.0769,1.51182,-150.785,275.079
458.12,10.1404,2.4309,12.8191,8.8243,25.9605,1.51182,-150.785,273.485
458.14,10.1393,2.40878,12.8191,8.8243,25.9605,1.51374,-150.785,270.303
458.16,10.1404,2.34492,12.7732,8.73141,26.1355,1.51374,-150.785,271.36
458.18,10.1388,2.31183,12.8649,8.73141,26.0772,1.51374,-150.785,272.423
458.2,10.1388,2.44284,12.8649,8.82416,26.0772,1.51374,-150.477,264.999
458.22,10.1388,2.34774,12.7732,8.8243,26.0188,1.51374,-150.476,266.581
458.24,10.1388,2.45575,12.8648,8.73155,26.0188,1.51374,-150.476,269.762
458.26,10.1398,2.43964,12.8649,8.82415,26.0188,1.51374,-150.476,266.056
458.28,10.1398,2.45161,12.8191,8.8243,25.7855,1.51347,-150.476,268.174
458.3,10.1414,2.34009,12.7733,8.87067,25.6107,1.51347,-150.476,262.342
458.32,10.1404,2.35197,12.7732,8.96349,25.3775,1.51347,-150.476,257.031
458.34,10.1404,2.29794,12.8191,8.96363,25.3771,1.51347,-150.476,254.898
458.36,10.142,2.39248,12.7275,8.82451,25.2606,1.51347,-150.476,255.429
458.38,10.1393,2.29395,12.7274,9.05652,25.2021,1.51347,-150.806,257.553
458.4,10.1398,2.303,12.8649,9.05652,25.2021,1.51347,-150.806,255.96
458.42,10.1398,2.30483,12.9565,8.9174,25.1439,1.51347,-150.806,254.37
458.44,10.1393,2.34152,12.8649,9.1494,25.2021,1.51347,-150.806,257.553
458.46,10.1409,2.35943,12.8649,9.1494,25.2021,1.51374,-150.806,258.614
458.48,10.1409,2.40858,12.9107,8.91754,25.2021,1.50415,-150.806,257.025
458.5,10.1382,2.44881,12.9108,9.01007,25.1438,1.50413,-150.806,254.367
458.52,10.1409,2.43207,12.9108,9.01007,25.1438,1.50413,-150.806,254.897
458.54,10.1393,2.44471,12.865,9.05645,25.2603,1.50413,-150.292,258.61
458.56,10.1393,2.36684,12.8649,9.19585,25.3771,1.50413,-150.291,263.926
458.58,10.1425,2.45639,12.8649,9.19585,25.3771,1.50413,-150.291,263.396
458.6,10.1409,2.44966,12.9107,9.19585,25.3189,1.50413,-150.291,262.865
458.62,10.1409,2.43387,12.9566,9.19585,25.3771,1.50413,-150.291,266.581
458.64,10.1398,2.39963,12.9566,9.14947,25.4354,1.50126,-150.291,266.051
458.66,10.1393,2.40719,12.9108,9.1494,25.4355,1.50896,-150.291,263.926
458.68,10.1388,2.37057,12.9566,9.19585,25.4355,1.50896,-150.291,262.333
458.7,10.1388,2.43588,12.9566,9.24222,25.3772,1.50896,-150.291,264.984
458.72,10.1404,2.41084,13.0483,9.24229,25.3771,1.50896,-151.918,266.05
458.74,10.1382,2.37163,13.0025,9.14954,25.3189,1.50896,-151.918,263.399
458.76,10.1361,2.42665,13.0025,9.1494,25.2605,1.50896,-151.918,262.865
458.78,10.1361,2.32508,13.0942,9.1494,25.2605,1.50896,-151.918,262.333
458.8,10.1366,2.41848,13.0942,9.01028,25.144,1.50619,-151.918,260.742
458.82,10.1361,2.41182,13.0484,9.14919,25.2603,1.50618,-151.918,263.921
458.84,10.1361,2.42112,13.0483,9.1494,25.2605,1.50039,-151.918,269.236
458.86,10.1361,2.28527,13.1857,9.10303,25.377,1.50039,-151.918,266.585
458.88,10.135,2.17335,13.1859,9.24229,25.4938,1.50039,-151.918,263.395
458.9,10.134,2.19249,13.1859,9.24229,25.4938,1.50039,-150.353,262.864
458.92,10.134,2.33504,13.4148,9.0568,25.7851,1.50039,-150.353,260.213
458.94,10.1334,2.29542,13.4151,9.19585,25.9605,1.50039,-150.353,257.022
458.96,10.1324,2.42898,13.4151,9.19585,25.9605,1.50039,-150.353,255.962
458.98,10.1324,2.44351,13.5524,9.1031,26.1353,1.49873,-150.353,253.309
459,10.1313,2.51678,13.6443,9.10296,26.5439,1.49873,-150.353,253.305
459.02,10.134,2.53498,13.6443,9.14933,26.8934,1.49295,-150.353,251.184
459.04,10.1313,2.54402,13.7817,9.1494,26.8939,1.49294,-150.353,245.348
459.06,10.1313,2.57372,13.7819,8.96363,26.8356,1.49294,-150.353,244.809
459.08,10.1313,2.53556,13.7819,9.05637,27.3016,1.49294,-152.84,243.748
459.1,10.1308,2.60674,13.8734,9.05652,27.3023,1.49294,-152.844,245.867
459.12,10.1308,2.55996,13.9653,9.01007,27.6523,1.49294,-152.844,247.464
459.14,10.1313,2.48111,13.9653,9.01007,27.8853,1.49294,-152.844,247.464
459.16,10.1308,2.36854,14.1028,9.01007,27.8857,1.49294,-152.844,250.65
459.18,10.1318,2.37144,14.1945,9.01007,28.0607,1.51804,-152.844,250.65
459.2,10.1318,2.41407,14.2861,9.14919,28.4102,1.51804,-152.844,251.18
459.22,10.1286,2.51328,14.2862,9.1494,28.4107,1.51804,-152.844,251.181
459.24,10.1286,2.47861,14.4235,9.05666,28.2942,1.51804,-152.844,248.53
459.26,10.1286,2.47406,14.378,9.10289,28.1775,1.51804,-149.987,250.117
459.28,10.1286,2.35951,14.3779,9.10296,28.1774,1.51804,-149.982,254.898
459.3,10.1302,2.57019,14.6526,8.91747,27.7696,1.51804,-149.982,253.838
459.32,10.1276,2.58118,14.5614,9.0563,27.7107,1.51804,-149.982,258.608
459.34,10.1275,2.35114,14.5613,9.1494,27.7107,1.51884,-149.982,263.395
459.36,10.1307,2.47182,14.5155,9.1494,27.5359,1.51884,-149.982,268.697
459.38,10.1318,2.44128,14.5155,9.10296,27.6523,1.51884,-149.982,268.705
459.4,10.1281,2.41409,14.5155,9.1494,27.594,1.51884,-149.982,268.174
459.42,10.1281,2.43008,14.4239,9.1494,27.594,1.51884,-153.148,269.235
459.44,10.1292,2.40516,14.3321,9.19585,27.6523,1.51884,-153.153,273.485
459.46,10.1308,2.38974,14.3321,9.24222,27.5941,1.51884,-153.153,275.075
459.48,10.1308,2.39864,14.3778,9.24229,27.594,1.51884,-153.153,275.608
459.5,10.1292,2.39045,14.1487,9.1494,27.594,1.5222,-153.153,278.795
459.52,10.1297,2.50685,14.1487,9.1494,27.6522,1.5222,-153.153,280.386
459.54,10.1308,2.52115,14.0571,9.1494,27.6523,1.51258,-153.153,278.267
459.56,10.1308,2.31163,13.9653,9.24229,27.7107,1.51257,-153.153,279.857
459.58,10.1206,2.47846,13.9653,9.19592,27.7689,1.51257,-153.153,277.736
459.6,10.1185,2.46516,13.9195,9.19585,27.769,1.51257,-149.864,276.672
459.62,10.1185,2.45552,13.7819,9.10296,27.6523,1.51257,-149.859,274.547
459.64,10.1174,2.27267,13.6903,9.33482,27.7106,1.51257,-149.859,277.198
459.66,10.1179,2.36321,13.6902,9.33518,27.7107,1.51257,-149.859,275.078
459.68,10.1169,2.38568,13.5985,9.33518,27.4773,1.51792,-149.859,268.705
459.7,10.1169,2.34601,13.4612,9.38155,27.3608,1.51792,-149.859,266.584
459.72,10.1169,2.42911,13.4609,9.24229,27.3606,1.51984,-149.859,268.705
459.74,10.1169,2.4711,13.5067,9.24229,27.1276,1.51984,-149.859,264.994
459.76,10.1195,2.47462,13.5984,9.42778,27.1273,1.51984,-149.859,268.169
459.78,10.1195,2.24226,13.5985,9.38162,27.1273,1.51984,-152.803,267.112
459.8,10.1185,2.28916,13.4612,9.38162,26.9525,1.51984,-152.803,267.112
459.82,10.1121,2.32108,13.7356,9.52074,26.8358,1.51984,-152.803,270.294
459.84,10.112,2.39228,13.736,9.38162,26.4856,1.51984,-152.803,272.423
459.86,10.1153,2.2893,13.7818,9.38162,26.4856,1.52132,-152.803,273.483
459.88,10.1131,2.35792,13.8736,9.42806,26.3105,1.52133,-152.803,279.326
459.9,10.1115,2.3733,13.8736,9.47451,26.2522,1.53475,-152.803,276.14
459.92,10.1115,2.32145,14.0109,9.47451,26.2522,1.53475,-152.803,270.838
459.94,10.111,2.35474,14.1028,9.42806,26.0772,1.53475,-152.803,271.36
459.96,10.111,2.37933,14.1028,9.38169,26.2519,1.53475,-149.76,269.77
459.98,10.111,2.34547,14.1028,9.38162,26.2522,1.53475,-149.756,266.056
460,10.112,2.44079,14.2862,9.42806,26.4272,1.53475,-149.756,268.174
460.02,10.1126,2.42067,14.3778,9.52081,27.068,1.53475,-149.756,273.477
460.04,10.1153,2.41305,14.3779,9.52095,27.0689,1.53597,-149.756,279.317
460.06,10.1153,2.50222,14.4696,9.42806,27.6523,1.52256,-149.756,275.078
460.08,10.1126,2.56187,14.378,9.42806,28.4096,1.52256,-149.756,277.729
460.1,10.1137,2.44141,14.3779,9.42806,28.4107,1.52256,-149.756,272.431
460.12,10.1137,2.43471,14.3321,9.42806,28.8774,1.52256,-153.689,262.864
460.14,10.1131,2.46623,14.4694,9.61356,29.4599,1.52256,-153.689,261.273
460.16,10.1147,2.45262,14.4696,9.42806,29.7525,1.52256,-153.689,257.553
460.18,10.1142,2.40254,14.4238,9.42806,29.7525,1.52256,-153.689,250.119
460.2,10.1142,2.53677,14.4238,9.56718,30.4515,1.52256,-153.689,246.938
460.22,10.1126,2.4765,14.4238,9.52095,30.6276,1.51869,-153.689,249.057
460.24,10.1137,2.49342,14.4695,9.52095,30.6276,1.53787,-153.689,248.527
460.26,10.1137,2.50185,14.4696,9.42821,30.5693,1.5379,-153.689,250.647
460.28,10.1142,2.53624,14.4696,9.42806,30.1609,1.5379,-153.689,246.933
460.3,10.1126,2.51593,14.4238,9.42806,30.1609,1.5379,-149.433,241.1
460.32,10.1142,2.48737,14.378,9.56718,29.8114,1.5379,-149.426,245.333
460.34,10.1142,2.43461,14.2862,9.52095,29.5775,1.5379,-149.426,249.588
460.36,10.1126,2.40766,14.2862,9.52095,29.5775,1.5379,-149.426,249.588
460.38,10.1131,2.5356,14.1487,9.47451,29.4025,1.53932,-149.426,249.588
460.4,10.1131,2.54877,14.057,9.47451,29.1108,1.53932,-149.426,258.085
460.42,10.1131,2.34852,14.057,9.47451,29.1108,1.49143,-149.426,264.447
460.44,10.1142,2.34016,13.9653,9.38162,28.7024,1.49136,-149.426,262.864
460.46,10.1121,2.34438,13.7364,9.47437,28.4694,1.49136,-149.426,258.092
460.48,10.112,2.45722,13.736,9.38176,28.4691,1.49136,-153.415,258.615
460.5,10.112,2.42295,13.5068,9.38162,28.1774,1.49136,-153.421,260.74
460.52,10.1142,2.46541,13.3695,9.52074,28.0026,1.49136,-153.421,266.572
460.54,10.1142,2.47998,13.3693,9.47458,27.7694,1.49136,-153.421,274.535
460.56,10.1131,2.41979,13.2317,9.47451,27.769,1.49579,-153.421,276.671
460.58,10.1142,2.36366,13.0486,9.47451,27.536,1.49579,-153.421,277.731
460.6,10.1126,2.34799,13.0483,9.38176,27.3026,1.50916,-153.421,279.324
460.62,10.1126,2.46949,12.9566,9.38162,27.3023,1.50918,-153.421,280.919
460.64,10.1142,2.43597,12.8193,9.52074,27.244,1.50918,-153.421,276.677
460.66,10.1131,2.40729,12.8191,9.5674,27.0689,1.50918,-149.653,275.609
460.68,10.112,2.41349,12.9108,9.5674,27.0689,1.50918,-149.653,272.954
460.7,10.112,2.46574,12.8192,9.52102,27.0689,1.50918,-149.653,274.014
460.72,10.1142,2.41051,12.6357,9.52095,26.8356,1.50918,-149.653,272.954
460.74,10.1126,2.40761,12.6357,9.52095,26.8356,1.5126,-149.653,270.833
460.76,10.1126,2.38366,12.7272,9.52095,26.8356,1.52976,-149.653,272.42
460.78,10.1131,2.42059,12.6357,9.5674,26.8356,1.52978,-149.653,271.892
460.8,10.1137,2.43731,12.6357,9.61377,26.8356,1.52978,-149.653,274.012
460.82,10.1147,2.4187,12.5441,9.61384,26.9521,1.52978,-149.653,267.653
460.84,10.1147,2.44834,12.4981,9.61384,27.3023,1.52978,-153.112,264.988
460.86,10.1121,2.51581,12.4981,9.61384,27.3023,1.52978,-153.112,262.337
460.88,10.1137,2.44771,12.3148,9.61384,27.5356,1.52978,-153.112,262.864
460.9,10.1142,2.43458,12.2689,9.61384,27.8857,1.52978,-153.112,263.395
460.92,10.1142,2.48954,12.2689,9.52109,27.9439,1.52417,-153.112,257.562
460.94,10.1131,2.40492,12.2231,9.52095,27.944,1.53183,-153.112,255.96
460.96,10.1126,2.38055,12.0399,9.66007,28.0605,1.53183,-153.112,252.249
460.98,10.1126,2.41388,12.0397,9.66028,27.8277,1.53183,-153.112,250.652
461,10.1163,2.39743,11.948,9.66028,27.8273,1.53183,-149.22,252.243
461.02,10.1137,2.3522,11.8564,9.61391,27.7108,1.53183,-149.22,247.471
461.04,10.1137,2.34747,11.8563,9.66021,27.2447,1.53183,-149.22,252.236
461.06,10.1137,2.32312,11.8104,9.66028,27.244,1.53183,-149.22,257.553
461.08,10.1142,2.4002,11.8104,9.61391,26.8362,1.5334,-149.22,254.902
461.1,10.1131,2.4116,11.5815,9.66021,26.4861,1.5334,-149.22,248.536
461.12,10.1131,2.36704,11.5812,9.66028,26.4856,1.50661,-149.22,244.278
461.14,10.1137,2.39145,11.7185,9.70666,26.3691,1.50661,-149.22,247.459
461.16,10.1158,2.47638,11.6729,9.5674,26.0188,1.50661,-149.22,247.464
461.18,10.1131,2.44511,11.6729,9.5674,26.0188,1.50661,-152.432,249.057
461.2,10.1131,2.43012,11.6271,9.61377,25.8441,1.50661,-152.432,252.768
461.22,10.1137,2.4301,11.6729,9.61384,25.7855,1.50661,-152.432,252.774
461.24,10.1131,2.48583,11.6729,9.61384,25.7855,1.50661,-152.432,250.123
461.26,10.1131,2.45285,11.7187,9.61384,25.669,1.50501,-152.432,243.756
461.28,10.1131,2.52004,11.8104,9.61384,25.8438,1.50501,-152.432,244.278
461.3,10.1137,2.40294,11.8104,9.56747,25.5526,1.51648,-152.432,247.989
461.32,10.1142,2.40945,11.8104,9.5674,25.5521,1.5165,-152.432,251.706
461.34,10.1142,2.532,11.8104,9.70673,25.7855,1.5165,-152.432,252.774
461.36,10.1147,2.57331,11.8104,9.70673,25.7855,1.5165,-149.225,251.714
461.38,10.1142,2.44448,11.948,9.70673,25.7855,1.5165,-149.22,250.65
461.4,10.1126,2.4144,11.8563,9.61384,26.1939,1.5165,-149.22,251.712
461.42,10.1126,2.46967,11.8563,9.70659,26.3686,1.5165,-149.22,253.833
461.44,10.1131,2.55338,11.8563,9.70673,26.3689,1.50753,-149.22,261.802
461.46,10.1121,2.57283,12.0394,9.7531,26.7184,1.52485,-149.22,257.56
461.48,10.112,2.55823,11.9939,9.66043,26.8354,1.52487,-149.22,251.191
461.5,10.1126,2.58578,11.9938,9.66028,26.8356,1.52487,-149.22,249.588
461.52,10.1142,2.38161,12.0854,9.70666,27.0103,1.52487,-152.263,254.89
461.54,10.1126,2.39364,12.0855,9.70673,26.7776,1.52487,-152.268,260.731
461.56,10.1126,2.35933,12.0855,9.70673,26.7772,1.52487,-152.268,262.333
461.58,10.1137,2.42942,12.0397,9.61398,26.719,1.52487,-152.268,267.105
461.6,10.1153,2.39026,12.1312,9.66021,26.3694,1.52487,-152.268,261.81
461.62,10.1153,2.38475,12.1314,9.66028,26.3105,1.52078,-152.268,258.616
461.64,10.1126,2.44703,12.1771,9.61391,26.3105,1.51692,-152.268,258.616
461.66,10.112,2.33429,12.0397,9.61384,26.3105,1.51691,-152.268,263.395
461.68,10.1142,2.34672,12.0397,9.52095,26.1939,1.51691,-152.268,269.236
461.7,10.1142,2.48584,12.1312,9.52095,26.1939,1.51691,-149.945,272.948
461.72,10.1131,2.41838,12.1314,9.5674,26.2522,1.51691,-149.941,268.174
461.74,10.1121,2.3457,12.1314,9.61377,26.194,1.51691,-149.941,264.463
461.76,10.112,2.39483,12.1314,9.61384,26.1939,1.51691,-149.941,263.927
461.78,10.1163,2.37334,12.1314,9.42806,26.4272,1.51905,-149.941,272.423
461.8,10.1217,2.38967,12.1314,9.42806,26.6602,1.51905,-149.941,277.725
461.82,10.1281,2.34875,11.994,9.42806,26.6606,1.50364,-149.941,278.793
461.84,10.1281,2.30113,12.1314,9.47451,27.0689,1.50361,-149.941,278.264
461.86,10.1329,2.37207,12.0398,9.47451,27.3019,1.50361,-149.941,281.445
461.88,10.1446,2.41181,12.0397,9.47451,27.3023,1.50361,-151.341,287.292
461.9,10.1446,2.41276,12.0397,9.42806,27.769,1.50361,-151.341,289.947
461.92,10.1479,2.44476,12.0854,9.38169,28.235,1.50361,-151.341,296.84
461.94,10.1468,2.41987,12.0855,9.47451,28.2357,1.50361,-151.341,300.568
461.96,10.1521,2.37695,12.0397,9.47451,28.4104,1.50058,-151.341,294.735
461.98,10.1521,2.35431,12.177,9.52088,28.4107,1.50057,-151.341,293.135
462,10.158,2.44647,12.1772,9.47451,28.4107,1.50831,-151.341,293.664
462.02,10.1689,2.3707,12.223,9.47451,28.1777,1.50831,-151.341,298.966
462.04,10.1652,2.36583,12.1773,9.52088,28.2939,1.50831,-151.341,301.626
462.06,10.1652,2.3129,12.1772,9.70673,28.3524,1.50831,-150.25,307.471
462.08,10.1564,2.25536,12.3603,9.70673,28.3524,1.50831,-150.25,311.183
462.1,10.1559,2.31402,12.4522,9.70673,28.2359,1.50831,-150.25,310.658
462.12,10.1559,2.29215,12.4523,9.70673,28.0607,1.50831,-150.25,306.94
462.14,10.1559,2.25412,12.3607,9.70673,28.0607,1.50496,-150.25,308.531
462.16,10.1564,2.33938,12.5898,9.79961,28.1774,1.52239,-150.25,305.878
462.18,10.1569,2.37698,12.5898,9.8925,28.119,1.52239,-150.25,307.471
462.2,10.1569,2.40646,12.5441,9.8925,28.119,1.52239,-150.25,302.169
462.22,10.1564,2.38999,12.544,9.79961,28.0607,1.52239,-150.25,300.036
462.24,10.1548,2.32566,12.544,9.75324,27.8859,1.52239,-150.867,293.674
462.26,10.1548,2.28673,12.6355,9.75317,27.8857,1.52239,-150.868,287.832
462.28,10.1569,2.35717,12.5898,9.70673,27.944,1.52239,-150.868,280.919
462.3,10.1597,2.3801,12.5898,9.66035,27.6528,1.52239,-150.868,276.677
462.32,10.1575,2.41171,12.5898,9.56754,27.6523,1.52297,-150.868,284.094
462.34,10.1575,2.37004,12.6357,9.5674,27.8857,1.52297,-150.868,287.292
462.36,10.1575,2.44004,12.6815,9.52102,27.6527,1.52297,-150.868,279.868
462.38,10.1564,2.30493,12.6815,9.52095,27.6523,1.52297,-150.868,283.043
462.4,10.1564,2.33516,12.5898,9.52095,27.7107,1.52297,-150.229,280.919
462.42,10.1575,2.33992,12.7272,9.56733,27.7689,1.52297,-150.229,281.98
462.44,10.1597,2.40212,12.7274,9.42806,27.769,1.52297,-150.229,279.857
462.46,10.158,2.43713,12.6816,9.42806,27.8272,1.52297,-150.229,278.266
462.48,10.158,2.36924,12.7273,9.42806,28.1186,1.52297,-150.229,274.552
462.5,10.1587,2.49266,12.7274,9.42806,28.1774,1.5249,-150.229,271.36
462.52,10.1569,2.35921,12.7274,9.42806,28.1774,1.51717,-150.229,271.36
462.54,10.1606,2.37671,12.7732,9.33532,28.6434,1.51716,-150.229,274.012
462.56,10.1606,2.44167,12.8191,9.33518,28.9941,1.51716,-150.229,274.547
462.58,10.1592,2.4818,12.8191,9.33518,28.9941,1.51716,-150.764,278.258
462.6,10.1592,2.46891,12.8191,9.38155,29.4601,1.51716,-150.765,280.915
462.62,10.1592,2.43854,13.0025,9.38162,29.8108,1.51716,-150.765,278.795
462.64,10.1587,2.45942,13.0025,9.38162,29.8108,1.51716,-150.765,276.674
462.66,10.1611,2.56113,12.9566,9.33518,30.1025,1.51849,-150.765,287.292
462.68,10.162,2.58244,13.0942,9.38162,30.3942,1.51849,-150.765,294.195
462.7,10.162,2.46749,13.0942,9.42799,30.3942,1.51849,-150.765,296.846
462.72,10.162,2.449,13.2317,9.42806,30.3942,1.51849,-150.765,296.85
462.74,10.1615,2.44965,13.2775,9.42806,30.0447,1.51849,-150.765,293.669
462.76,10.1615,2.49995,13.2776,9.47444,29.8694,1.51849,-151.279,287.832
462.78,10.1606,2.36532,13.3693,9.47451,29.8692,1.51849,-151.279,292.602
462.8,10.1638,2.41533,13.5066,9.38176,29.6944,1.51849,-151.279,293.132
462.82,10.1634,2.43073,13.5068,9.47437,29.4029,1.51849,-151.279,296.845
462.84,10.1634,2.33057,13.4609,9.47451,29.4025,1.51978,-151.279,295.257
462.86,10.1634,2.2313,13.5067,9.42813,28.9365,1.52942,-151.279,290.485
462.88,10.1615,2.27367,13.5068,9.38162,28.8191,1.52944,-151.279,287.292
462.9,10.1615,2.33217,13.5068,9.38162,28.8191,1.52944,-151.279,283.043
462.92,10.1638,2.33472,13.461,9.42799,28.5861,1.52944,-151.279,284.104
462.94,10.1634,2.29072,13.4151,9.52095,28.5857,1.52944,-150.003,283.043
462.96,10.1657,2.27399,13.4151,9.52095,28.5857,1.52944,-150.003,282.513
462.98,10.1657,2.4014,13.3235,9.47458,28.3527,1.52944,-150.003,282.512
463,10.1666,2.49197,13.4151,9.42806,28.3524,1.52944,-150.003,282.512
463.02,10.1662,2.34119,13.4151,9.42806,28.3524,1.53191,-150.003,279.331
463.04,10.1662,2.34643,13.3235,9.47444,28.1194,1.52999,-150.003,283.038
463.06,10.1648,2.38378,13.3234,9.47451,28.0607,1.52998,-150.003,280.919
463.08,10.1648,2.40705,13.3234,9.47451,28.0607,1.52998,-150.003,270.315
463.1,10.1657,2.3948,13.3692,9.47451,28.0607,1.52998,-152.12,266.587
463.12,10.1657,2.39087,13.4609,9.52095,27.8857,1.52998,-152.124,267.112
463.14,10.1643,2.50943,13.4609,9.47458,28.2934,1.52998,-152.124,262.34
463.16,10.1671,2.53894,13.4609,9.47451,28.294,1.52998,-152.124,254.367
463.18,10.1671,2.52375,13.6443,9.47451,28.5274,1.52998,-152.124,245.34
463.2,10.1643,2.51214,13.6443,9.38176,29.2264,1.53135,-152.124,241.628
463.22,10.1648,2.52628,13.6902,9.38162,29.2275,1.52557,-152.124,240.56
463.24,10.1657,2.4792,13.6444,9.61349,29.8099,1.52557,-152.124,233.667
463.26,10.1657,2.6015,13.6443,9.47472,30.8011,1.52557,-152.124,229.945
463.28,10.1662,2.54127,13.7819,9.47451,30.8026,1.52557,-150.229,232.595
463.3,10.1652,2.64997,13.6903,9.56726,31.9093,1.52557,-150.229,238.957
463.32,10.1662,2.60449,13.8733,9.47465,33.0177,1.52557,-150.229,245.86
463.34,10.1662,2.64172,13.8736,9.47451,33.0194,1.52557,-150.229,246.933
463.36,10.1666,2.55756,13.8736,9.47451,34.0097,1.51975,-150.229,241.1
463.38,10.1662,2.48735,13.8736,9.47451,35.1196,1.51974,-150.229,237.905
463.4,10.1662,2.48323,13.8736,9.47451,35.1196,1.52361,-150.229,236.312
463.42,10.1657,2.5437,14.0567,9.52088,35.1779,1.52361,-150.229,238.963
463.44,10.1676,2.61983,14.057,9.42806,34.4779,1.52361,-150.229,239.498
463.46,10.168,2.60183,14.057,9.42806,34.4779,1.52361,-152.861,237.907
463.48,10.168,2.45255,14.1027,9.42806,33.5459,1.52361,-152.865,246.389
463.5,10.1662,2.36513,14.2404,9.52095,32.7277,1.52361,-152.865,253.305
463.52,10.1708,2.47855,14.2404,9.42821,31.854,1.52361,-152.865,255.426
463.54,10.1708,2.52844,14.2404,9.42806,31.8527,1.52103,-152.865,254.899
463.56,10.1685,2.35561,14.2404,9.47451,31.0943,1.52103,-152.865,261.802
463.58,10.1713,2.39769,14.2404,9.52088,30.7448,1.53264,-152.865,264.983
463.6,10.1722,2.38081,14.2404,9.52095,30.7442,1.53265,-152.865,271.881
463.62,10.1722,2.37388,14.1028,9.52095,30.4526,1.53265,-152.865,272.423
463.64,10.1741,2.26677,14.1028,9.56733,30.1613,1.53265,-150.994,276.134
463.66,10.175,2.42656,14.0111,9.5674,30.1609,1.53265,-150.991,282.512
463.68,10.1768,2.41001,13.8736,9.61384,30.1609,1.53265,-150.991,284.636
463.7,10.1768,2.35857,13.8736,9.61384,29.8696,1.53265,-150.991,286.757
463.72,10.1768,2.36224,13.5985,9.61384,29.8692,1.53329,-150.991,283.574
463.74,10.1782,2.36364,13.5527,9.61384,29.8109,1.53135,-150.991,277.742
463.76,10.1782,2.35897,13.4611,9.56747,29.5778,1.53135,-150.991,277.733
463.78,10.1782,2.4211,13.4609,9.5674,29.5775,1.53135,-150.991,286.761
463.8,10.1787,2.42132,13.2778,9.75289,29.5775,1.53135,-150.991,290.472
463.82,10.1796,2.41609,13.2776,9.75317,29.461,1.53135,-153.705,293.659
463.84,10.1796,2.37217,13.2776,9.79961,29.4608,1.53135,-153.709,292.071
463.86,10.1801,2.37217,13.1402,9.79961,29.3443,1.53135,-153.709,292.601
463.88,10.1796,2.41064,13.0942,9.75317,29.2275,1.53135,-153.709,294.195
463.9,10.1796,2.41928,13.0942,9.8925,29.2275,1.53684,-153.709,288.885
463.92,10.1792,2.44903,13.0026,9.8925,29.2857,1.51564,-153.709,285.173
463.94,10.1801,2.40444,13.0025,9.93894,29.2275,1.51561,-153.709,280.388
463.96,10.1815,2.44593,13.0025,9.79983,29.2275,1.51561,-153.709,279.858
463.98,10.1815,2.34048,13.1398,9.79961,29.2275,1.51561,-150.954,277.206
464,10.1806,2.43401,13.0025,9.8925,28.9358,1.51561,-150.95,277.202
464.02,10.1815,2.3774,13.0025,9.98525,29.0523,1.51561,-150.95,279.323
464.04,10.182,2.36448,13.0025,9.98539,29.0524,1.51561,-150.95,282.507
464.06,10.182,2.37658,13.0942,9.93894,29.1108,1.51787,-150.95,280.388
464.08,10.1801,2.36439,13.0484,9.93894,28.8778,1.51787,-150.95,274.556
464.1,10.1843,2.34233,13.0483,9.93894,28.8774,1.50632,-150.95,269.775
464.12,10.1843,2.48431,13.1859,9.93894,28.7024,1.50631,-150.95,269.767
464.14,10.1824,2.44749,13.3232,10.0781,28.8772,1.50631,-150.95,271.888
464.16,10.1824,2.44193,13.3234,10.0783,28.8774,1.50631,-154.656,276.14
464.18,10.1833,2.42732,13.2776,9.98539,28.7607,1.50631,-154.656,268.705
464.2,10.1833,2.37508,13.5064,9.98539,29.052,1.50631,-154.656,262.873
464.22,10.1829,2.48321,13.5068,9.98539,29.0524,1.50631,-154.656,257.022
464.24,10.1843,2.59058,13.6899,10.0781,29.2854,1.50514,-154.656,251.72
464.26,10.1843,2.61494,13.6902,10.0319,29.577,1.50514,-154.656,249.061
464.28,10.1838,2.6843,13.6902,9.93894,29.8692,1.509,-154.656,245.34
464.3,10.1843,2.56395,13.8733,9.93894,29.8692,1.509,-154.656,240.568
464.32,10.1824,2.55177,13.8736,9.98532,30.3352,1.509,-154.656,237.379
464.34,10.1824,2.61249,13.8736,9.93894,30.9193,1.509,-151.012,236.843
464.36,10.1838,2.58417,13.8736,9.93894,30.9193,1.509,-151.012,238.964
464.38,10.1852,2.75753,14.0109,10.0317,31.56,1.509,-151.012,244.8
464.4,10.1852,2.71884,14.0111,9.8925,31.8527,1.509,-151.012,243.746
464.42,10.1843,2.56943,14.0569,9.8925,31.8527,1.50877,-151.012,243.746
464.44,10.1838,2.57479,13.9194,10.0783,32.086,1.50492,-151.012,244.809
464.46,10.1833,2.59834,14.0568,10.0783,32.0278,1.50492,-151.012,245.869
464.48,10.1833,2.34518,14.057,10.0783,32.0277,1.50492,-151.012,249.052
464.5,10.1833,2.42925,14.057,9.8925,31.911,1.50492,-151.012,247.464
464.52,10.1843,2.43082,13.9654,9.93887,31.445,1.50492,-154.548,255.947
464.54,10.1843,2.46484,13.9653,9.93894,31.4443,1.50492,-154.553,259.672
464.56,10.1847,2.39741,13.9194,9.98539,31.0359,1.50492,-154.553,260.209
464.58,10.1833,2.41962,13.7821,9.98539,30.5117,1.50492,-154.553,262.33
464.6,10.1833,2.40496,13.7819,9.98539,30.5109,1.50583,-154.553,270.286
464.62,10.1833,2.40724,13.6902,9.8925,29.9858,1.50391,-154.553,270.298
464.64,10.1847,2.36656,13.5986,9.98525,29.5781,1.50391,-154.553,273.48
464.66,10.1833,2.24898,13.5985,9.93894,29.5775,1.50391,-154.553,277.733
464.68,10.1833,2.26891,13.3693,9.93894,29.5775,1.50391,-151.403,279.857
464.7,10.1852,2.39672,13.2319,10.0781,29.1697,1.50391,-151.403,280.387
464.72,10.1833,2.27138,13.2317,10.0318,28.9941,1.50391,-151.403,282.512
464.74,10.1838,2.31159,13.1859,10.0318,28.9941,1.50391,-151.403,285.694
464.76,10.1838,2.42577,13.0027,10.0318,28.9359,1.50663,-151.403,287.819
464.78,10.1852,2.33745,13.0025,10.1247,28.5857,1.50664,-151.403,288.885
464.8,10.1857,2.40135,12.7736,10.1247,28.5857,1.49127,-151.403,281.992
464.82,10.1861,2.36359,12.7732,10.2175,28.5857,1.49125,-151.403,283.042
464.84,10.1861,2.37168,12.7732,10.2176,28.4107,1.49125,-151.403,282.512
464.86,10.1861,2.38289,12.6359,10.2176,28.4107,1.49125,-155.042,278.801
464.88,10.1852,2.36781,12.4526,10.2176,28.5272,1.49125,-155.047,275.083
464.9,10.1852,2.31997,12.4981,10.2641,28.4107,1.49125,-155.047,267.643
464.92,10.1866,2.35712,12.4981,10.2641,28.4107,1.49125,-155.047,268.704
464.94,10.1847,2.40954,12.4523,10.3105,28.8191,1.48946,-155.047,263.926
464.96,10.1857,2.38256,12.4981,10.4032,29.0521,1.48946,-155.047,263.926
464.98,10.1857,2.32873,12.4981,10.357,29.0524,1.49523,-155.047,257.563
465,10.1852,2.53543,12.4523,10.3569,29.3441,1.49524,-155.047,249.588
465.02,10.1843,2.41276,12.5896,10.2642,29.5771,1.49524,-155.047,247.467
465.04,10.1843,2.4329,12.5898,10.1713,29.5775,1.49524,-151.799,250.115
465.06,10.1866,2.59979,12.6357,10.1712,29.8108,1.49524,-151.794,252.243
465.08,10.1852,2.38151,12.6815,10.2175,29.9273,1.49524,-151.794,253.304
465.1,10.1847,2.34324,12.6815,10.264,29.9858,1.49524,-151.794,251.184
465.12,10.1847,2.30999,12.8649,10.2641,29.9858,1.49203,-151.794,251.712
465.14,10.1847,2.40351,12.9107,10.2177,30.0441,1.49203,-151.794,249.061
465.16,10.1861,2.53028,12.9108,10.2641,30.2775,1.49203,-151.794,255.96
465.18,10.1847,2.54302,13.0025,10.2641,30.2775,1.49203,-151.794,261.271
465.2,10.1847,2.41907,13.2314,10.1713,30.5105,1.49203,-151.794,263.922
465.22,10.1857,2.41068,13.2317,10.1247,30.8609,1.49203,-155.768,263.395
465.24,10.1843,2.3956,13.2317,10.1247,30.8609,1.49203,-155.768,261.804
465.26,10.1843,2.41167,13.4148,10.0783,31.3852,1.49203,-155.768,261.272
465.28,10.1847,2.52987,13.5985,10.1247,31.5026,1.49203,-155.768,267.643
465.3,10.1847,2.44746,13.5985,10.1247,31.5026,1.49121,-155.768,274.006
465.32,10.1857,2.40193,13.5985,10.0783,31.3861,1.49506,-155.768,280.909
465.34,10.1857,2.46467,13.7819,9.98539,31.561,1.49507,-155.768,282.512
465.36,10.1866,2.37127,13.7819,9.98539,31.561,1.49507,-155.768,285.163
465.38,10.1843,2.49936,13.8734,9.98539,31.6192,1.49507,-151.697,283.047
465.4,10.1843,2.47216,13.8277,9.98539,31.4443,1.49507,-151.691,287.292
465.42,10.1861,2.4495,13.8277,9.84627,31.4443,1.49507,-151.691,294.185
465.44,10.1866,2.45526,14.057,9.84606,31.3276,1.49507,-151.691,295.257
465.46,10.1847,2.40042,14.057,9.89243,31.3276,1.49507,-151.691,303.211
465.48,10.1847,2.45289,14.057,9.70701,31.3859,1.49448,-151.691,308.525
465.5,10.1847,2.39888,14.057,9.70673,31.386,1.49062,-151.691,313.844
465.52,10.1852,2.46426,14.1943,9.70673,31.5607,1.49062,-151.691,315.964
465.54,10.1852,2.46335,14.1945,9.7531,31.5027,1.49062,-151.691,318.089
465.56,10.1852,2.32117,14.1487,9.75317,31.5026,1.49062,-155.192,321.809
465.58,10.1852,2.37985,14.1029,9.66042,31.3279,1.49062,-155.192,318.628
465.6,10.1843,2.34925,14.2402,9.66028,30.8616,1.49062,-155.192,313.851
465.62,10.1843,2.39772,14.2404,9.66028,30.8609,1.49062,-155.192,312.781
465.64,10.1847,2.4786,14.2861,9.61391,30.6862,1.49246,-155.192,312.781
465.66,10.1847,2.36889,14.1487,9.70673,30.5109,1.49246,-155.192,320.216
465.68,10.1857,2.34981,14.1487,9.70673,30.5109,1.49053,-155.192,328.182
465.7,10.1857,2.32878,14.286,9.61398,30.3361,1.49053,-155.192,322.349
465.72,10.1866,2.40825,14.3779,9.61384,30.4526,1.49053,-155.192,319.685
465.74,10.1857,2.34145,14.3779,9.61384,30.4526,1.49053,-152.025,317.564
465.76,10.1857,2.34942,14.3321,9.56747,30.6273,1.49053,-152.021,320.742
465.78,10.1866,2.33107,14.5613,9.5674,30.5109,1.49053,-152.021,315.437
465.8,10.1852,2.49544,14.5613,9.70651,30.8604,1.49053,-152.021,314.906
465.82,10.1866,2.50273,14.6529,9.70673,30.8609,1.49562,-152.021,315.436
465.84,10.1866,2.41853,14.7447,9.66028,31.0943,1.49563,-152.021,314.375
465.86,10.1847,2.45626,14.7447,9.70666,31.2108,1.50715,-152.021,307.482
465.88,10.1833,2.40982,14.9278,9.70673,31.211,1.50716,-152.021,295.276
465.9,10.1833,2.43195,14.9739,9.70673,31.5026,1.50716,-152.021,287.823
465.92,10.1833,2.59757,14.9739,9.79947,32.0269,1.50716,-154.406,278.279
465.94,10.1852,2.48023,15.0198,9.79961,32.0277,1.50716,-154.409,275.078
465.96,10.1838,2.44355,15.1113,9.84599,32.4937,1.50716,-154.409,273.487
465.98,10.1838,2.45788,15.1115,9.75331,33.5429,1.50716,-154.409,274.015
466,10.1852,2.52654,15.1115,9.75317,33.5445,1.51113,-154.409,271.892
466.02,10.1852,2.53676,15.1115,9.7068,34.2435,1.50156,-154.409,273.482
466.04,10.1852,2.45003,15.1573,9.79947,35.3513,1.50155,-154.409,275.606
466.06,10.1843,2.46648,15.1573,9.79961,35.353,1.50155,-154.409,279.857
466.08,10.1861,2.50613,15.1115,9.89236,36.285,1.50155,-152.456,273.494
466.1,10.188,2.47044,15.0657,9.8925,37.1019,1.50155,-152.453,266.061
466.12,10.188,2.50659,15.0656,9.79961,37.1031,1.50155,-152.453,265.519
466.14,10.1871,2.52668,15.0656,9.79961,37.3361,1.50155,-152.453,270.291
466.16,10.1843,2.39843,14.9739,9.93894,37.0448,1.50155,-152.453,271.891
466.18,10.1838,2.43718,14.9739,9.75317,36.5197,1.50185,-152.453,272.954
466.2,10.1838,2.44959,14.9739,9.75317,36.5197,1.49802,-152.453,277.195
466.22,10.1829,2.44468,14.9739,9.84606,35.878,1.49802,-152.453,286.23
466.24,10.1847,2.44981,14.9739,9.9388,35.179,1.49802,-152.453,285.169
466.26,10.1847,2.48405,14.9282,9.93894,35.178,1.49802,-154.55,283.047
466.28,10.1866,2.39738,14.9739,9.93894,34.7696,1.49802,-154.553,289.416
466.3,10.1861,2.4883,14.9739,9.8462,34.1871,1.49802,-154.553,296.839
466.32,10.1852,2.45887,14.9282,9.84606,34.1862,1.49802,-154.553,302.153
466.34,10.1852,2.32196,14.8822,9.8925,33.6028,1.49652,-154.553,310.126
466.36,10.1861,2.35148,14.8822,9.8925,33.2533,1.49652,-154.553,314.898
466.38,10.1838,2.35862,14.8822,9.8925,33.2528,1.5061,-154.553,318.087
466.4,10.1838,2.34036,14.7447,9.75317,32.8444,1.50611,-154.553,315.968
466.42,10.1852,2.34406,14.6989,9.84592,32.4367,1.50611,-154.553,314.907
466.44,10.1861,2.48467,14.6988,9.84606,32.4361,1.50611,-152.638,311.719
466.46,10.1852,2.49104,14.7446,9.70694,32.0866,1.50611,-152.638,304.296
466.48,10.1852,2.41693,14.6531,9.79947,31.7948,1.50611,-152.638,302.164
466.5,10.1852,2.38788,14.653,9.84606,31.7943,1.50611,-152.638,305.878
466.52,10.1861,2.31869,14.6988,9.84606,31.5613,1.507,-152.638,310.65
466.54,10.1866,2.33987,14.7446,9.75331,31.561,1.507,-152.638,307.476
466.56,10.1866,2.45501,14.7447,9.93894,31.561,1.50892,-152.638,298.974
466.58,10.1857,2.43413,14.6989,9.93894,31.5027,1.50892,-152.638,296.323
466.6,10.1829,2.41128,14.6531,9.89257,31.3861,1.50892,-152.638,295.789
466.62,10.1829,2.51574,14.653,9.93894,31.386,1.50892,-154.368,294.726
466.64,10.1838,2.38356,14.7445,9.93894,31.386,1.50892,-154.368,284.122
466.66,10.1847,2.50967,14.6988,9.98539,31.6193,1.50892,-154.368,279.857
466.68,10.1833,2.48538,14.6988,9.98539,31.561,1.50892,-154.368,280.388
466.7,10.1833,2.43083,14.6988,9.98539,31.561,1.50982,-154.368,278.267
466.72,10.1847,2.39337,14.6988,10.0318,31.9693,1.50024,-154.368,277.202
466.74,10.182,2.63545,14.6073,10.0782,32.0858,1.50024,-154.368,274.551
466.76,10.182,2.58408,14.6071,10.0783,32.086,1.50024,-154.368,271.365
466.78,10.1833,2.46755,14.6071,10.0318,32.3777,1.50024,-154.368,266.05
466.8,10.1843,2.47911,14.5614,10.1246,32.436,1.50024,-153.957,263.929
466.82,10.1843,2.47812,14.5613,10.1247,32.4361,1.50024,-153.956,267.107
466.84,10.1843,2.42779,14.6988,10.2641,32.4944,1.50024,-153.956,269.236
466.86,10.1847,2.36342,14.6531,10.2177,31.9119,1.50024,-153.956,275.069
466.88,10.1852,2.46623,14.653,10.264,31.911,1.49933,-153.956,278.259
466.9,10.1852,2.45722,14.653,10.2641,31.7943,1.50508,-153.956,276.14
466.92,10.1847,2.43674,14.6072,10.4495,31.5613,1.50508,-153.956,275.079
466.94,10.182,2.36226,14.6071,10.4034,31.4443,1.50508,-153.956,271.36
466.96,10.1829,2.38907,14.6071,10.4034,31.4443,1.50508,-153.627,275.602
466.98,10.1829,2.52826,14.4698,10.5425,31.6191,1.50508,-153.627,275.609
467,10.1838,2.36836,14.4696,10.6356,31.736,1.50508,-153.627,276.14
467.02,10.1824,2.45306,14.5154,10.6356,31.736,1.50508,-153.627,275.079
467.04,10.1824,2.4581,14.3781,10.6356,32.0272,1.50305,-153.627,274.017
467.06,10.1824,2.49069,14.3779,10.682,32.5527,1.50305,-153.627,271.892
467.08,10.1806,2.51843,14.2864,10.682,32.5527,1.48962,-153.627,273.482
467.1,10.1806,2.48133,14.2862,10.682,32.611,1.4896,-153.627,274.545
467.12,10.1806,2.47838,14.1487,10.8678,32.7861,1.4896,-153.627,275.078
467.14,10.1833,2.37958,14.1487,10.8678,32.7861,1.4896,-154.387,273.487
467.16,10.1824,2.45937,14.1487,10.8214,32.5527,1.4896,-154.389,270.829
467.18,10.1806,2.44943,14.1945,10.8214,32.1444,1.4896,-154.389,273.485
467.2,10.1806,2.31713,14.1945,10.8214,32.1444,1.4896,-154.389,272.954
467.22,10.1796,2.43903,14.2404,10.8678,31.6777,1.48989,-154.389,269.236
467.24,10.181,2.39785,14.1946,10.8678,31.3864,1.48989,-154.389,267.646
467.26,10.181,2.39633,14.1945,10.8678,31.386,1.49564,-154.389,267.643
467.28,10.1815,2.38819,14.3321,10.9143,31.0943,1.49565,-154.389,263.926
467.3,10.1806,2.37191,14.2405,10.9143,30.9195,1.49565,-154.389,264.986
467.32,10.1801,2.38317,14.2404,10.9143,30.861,1.49565,-153.32,264.988
467.34,10.1801,2.46092,14.3321,10.9143,30.8609,1.49565,-153.318,261.271
467.36,10.1819,2.40618,14.3321,10.9143,30.9774,1.49565,-153.318,253.317
467.38,10.1801,2.41,14.3321,10.9606,31.0941,1.49565,-153.318,252.245
467.4,10.1801,2.39659,14.2404,10.9607,31.0943,1.49239,-153.318,252.243
467.42,10.1801,2.56451,14.1946,10.868,31.4438,1.50008,-153.318,250.652
467.44,10.1801,2.45909,14.1945,10.9143,31.6777,1.50009,-153.318,249.057
467.46,10.1806,2.43895,14.103,10.9143,31.6777,1.50009,-153.318,247.996
467.48,10.1806,2.37068,14.057,10.8679,31.8524,1.50009,-153.318,245.874
467.5,10.181,2.56944,13.8736,10.8214,31.8527,1.50009,-154.306,247.995
467.52,10.1782,2.48792,13.8736,10.8214,31.8527,1.50009,-154.306,245.874
467.54,10.1782,2.453,13.8278,10.8677,31.8527,1.50009,-154.306,243.22
467.56,10.1782,2.38763,13.6902,10.7749,31.8527,1.50009,-154.306,242.153
467.58,10.1773,2.36994,13.6902,10.7749,31.8527,1.49676,-154.306,244.805
467.6,10.1759,2.39136,13.5986,10.8213,31.6197,1.49291,-154.306,242.157
467.62,10.1759,2.49162,13.5526,10.8214,31.386,1.4929,-154.306,252.774
467.64,10.1759,2.30072,13.5526,10.8214,31.386,1.4929,-154.306,258.076
467.66,10.1768,2.44732,13.4151,10.8214,31.1526,1.4929,-152.783,259.147
467.68,10.1778,2.42822,13.3234,10.8214,30.5692,1.4929,-152.783,259.147
467.7,10.1778,2.3954,13.3234,10.6359,30.1615,1.4929,-152.783,253.844
467.72,10.1755,2.36693,13.2776,10.6356,30.1609,1.4929,-152.783,250.119
467.74,10.1736,2.37074,13.1402,10.7283,29.8114,1.4929,-152.783,254.891
467.76,10.1736,2.41658,13.14,10.7749,29.4613,1.49225,-152.783,254.368
467.78,10.1778,2.40416,13.0942,10.7749,29.4608,1.48839,-152.783,260.74
467.8,10.1731,2.37016,13.0484,10.5894,29.2861,1.48839,-152.783,261.8
467.82,10.1759,2.38441,13.0483,10.6355,29.2275,1.48839,-152.783,263.392
467.84,10.1759,2.39179,13.0483,10.6356,29.2275,1.48839,-155.068,266.05
467.86,10.175,2.39998,12.9568,10.682,28.8197,1.48839,-155.068,267.641
467.88,10.1731,2.43531,12.9566,10.682,29.0521,1.48839,-155.068,268.704
467.9,10.1731,2.40765,13.0025,10.682,29.0524,1.48839,-155.068,276.14
467.92,10.1745,2.37487,12.9567,10.6357,28.8194,1.48995,-155.068,279.321
467.94,10.1736,2.35054,13.0483,10.6356,28.8774,1.48995,-155.068,275.609
467.96,10.1745,2.39954,13.0483,10.682,28.8774,1.48995,-155.068,284.623
467.98,10.1745,2.37155,13.0941,10.682,29.1687,1.48995,-155.068,292.06
468,10.1731,2.36341,13.0025,10.682,29.1108,1.48995,-155.068,292.602
468.02,10.1731,2.45466,13.0025,10.5893,29.1108,1.48995,-151.902,293.132
468.04,10.1708,2.41806,13.1856,10.5892,29.3438,1.48995,-151.897,288.891
468.06,10.1708,2.43533,13.2776,10.5892,29.6358,1.48995,-151.897,284.636
468.08,10.1708,2.36091,13.2776,10.5892,29.6358,1.48995,-151.897,286.757
468.1,10.1694,2.36883,13.2318,10.5892,29.9271,1.48839,-151.897,282.519
468.12,10.1694,2.35459,13.4609,10.5892,30.2775,1.48839,-151.897,283.574
468.14,10.1671,2.36678,13.4609,10.5428,30.627,1.49802,-151.897,288.877
468.16,10.169,2.46793,13.5985,10.5427,30.6276,1.49803,-151.897,281.45
468.18,10.1676,2.45761,13.5526,10.5892,30.7442,1.49803,-151.897,279.326
468.2,10.1676,2.47365,13.5526,10.5892,30.9772,1.49803,-155.783,281.447
468.22,10.1657,2.49213,13.7819,10.5892,30.9776,1.49803,-155.789,281.981
468.24,10.1643,2.42765,13.8734,10.4964,31.0358,1.49803,-155.789,281.981
468.26,10.1643,2.42803,13.9651,10.4963,31.2689,1.49803,-155.789,283.572
468.28,10.1634,2.47334,13.9653,10.4963,31.2693,1.49494,-155.789,284.105
468.3,10.1652,2.49619,14.1484,10.4963,31.5023,1.49301,-155.789,283.045
468.32,10.1662,2.53403,14.2402,10.3572,31.8521,1.49301,-155.789,277.741
468.34,10.1662,2.50721,14.2404,10.4498,31.8527,1.49301,-155.789,271.361
468.36,10.1638,2.51222,14.3319,10.4498,32.4352,1.49301,-152.458,271.891
468.38,10.1638,2.45985,14.4236,10.4035,32.7855,1.49301,-152.453,260.757
468.4,10.1638,2.48041,14.4238,10.3105,32.7861,1.49301,-152.453,255.429
468.42,10.1611,2.59142,14.4695,10.3105,33.1356,1.49301,-152.453,251.718
468.44,10.1615,2.42264,14.4238,10.2641,33.5445,1.49301,-152.453,253.305
468.46,10.1615,2.38248,14.4238,10.3104,33.7192,1.49097,-152.453,254.896
468.48,10.1615,2.48884,14.6069,10.3105,33.7195,1.50449,-152.453,259.14
468.5,10.1606,2.44961,14.5613,10.3569,34.0112,1.50451,-152.453,258.616
468.52,10.1587,2.44179,14.5613,10.3569,34.0694,1.50451,-152.453,263.918
468.54,10.1587,2.46625,14.6071,10.3569,34.0695,1.50451,-155.681,263.396
468.56,10.1575,2.38882,14.6988,10.3105,34.1862,1.50451,-155.686,262.333
468.58,10.158,2.34036,14.6988,10.2641,34.0697,1.50451,-155.686,266.575
468.6,10.1527,2.34686,14.6988,10.2641,34.0695,1.50451,-155.686,272.414
468.62,10.1527,2.43625,14.8364,10.3105,33.8945,1.50212,-155.686,271.892
468.64,10.1537,2.30176,14.8364,10.3569,33.778,1.50212,-155.686,271.361
468.66,10.1537,2.3948,14.8364,10.3569,33.7778,1.49631,-155.686,271.892
468.68,10.1537,2.40846,14.9739,10.3105,33.7778,1.49631,-155.686,266.581
468.7,10.1564,2.44335,15.0197,10.2641,33.4866,1.49631,-152.17,268.702
468.72,10.1521,2.43427,15.0198,10.3105,33.4861,1.49631,-152.165,272.954
468.74,10.1553,2.46478,15.2029,10.3105,33.4861,1.49631,-152.165,271.893
468.76,10.1553,2.52495,15.2947,10.1714,33.2531,1.49631,-152.165,274.012
468.78,10.1548,2.41153,15.2949,10.3569,32.9611,1.49631,-152.165,276.14
468.8,10.1543,2.42253,15.478,10.3569,32.9611,1.49803,-152.165,274.549
468.82,10.1553,2.38334,15.7529,10.2642,33.0193,1.49804,-152.165,267.124
468.84,10.1553,2.41589,15.7533,10.1247,32.6111,1.50191,-152.165,263.926
468.86,10.1569,2.58343,15.9822,10.1247,32.6111,1.50191,-152.165,254.382
468.88,10.1532,2.56009,16.1199,10.3102,32.8441,1.50191,-156.379,248.535
468.9,10.1532,2.54806,16.1201,10.1712,32.7277,1.50191,-156.386,245.871
468.92,10.1516,2.62108,16.3948,10.1712,32.7277,1.50191,-156.386,241.629
468.94,10.1511,2.52539,16.2577,10.2176,33.1361,1.50191,-156.386,234.719
468.96,10.1505,2.51778,16.3492,10.2176,33.5439,1.50191,-156.386,236.31
468.98,10.1505,2.546,16.3494,10.2176,33.5445,1.50394,-156.386,234.191
469,10.1516,2.44383,16.3035,10.2641,34.5362,1.51168,-156.386,230.471
469.02,10.15,2.54354,16.212,10.2641,35.4682,1.51168,-156.386,226.229
469.04,10.15,2.51694,16.2118,10.1713,35.4696,1.51168,-152.665,224.632
469.06,10.1532,2.48683,16.0743,10.1712,36.4031,1.51168,-152.659,223.036
469.08,10.1521,2.5488,15.7538,10.1248,36.9273,1.51168,-152.659,225.157
469.1,10.1495,2.50436,15.7533,10.2175,36.9281,1.51168,-152.659,227.811
469.12,10.1495,2.72182,15.7075,10.2176,37.3948,1.51168,-152.659,225.16
469.14,10.1511,2.54205,15.4786,10.2176,37.5113,1.51168,-152.659,224.63
469.16,10.1553,2.52319,15.4783,10.2641,37.3948,1.51648,-152.659,228.346
469.18,10.1553,2.5488,15.4324,10.2641,37.3948,1.50492,-152.659,229.939
469.2,10.1601,2.50706,15.3409,10.1713,36.9288,1.50492,-152.659,227.288
469.22,10.168,2.39715,15.3407,10.2641,36.4031,1.50492,-156.324,232.064
469.24,10.1796,2.37929,15.1576,10.2177,36.4031,1.50492,-156.324,240.547
469.26,10.1796,2.52664,15.1115,10.2176,35.8788,1.50492,-156.324,249.044
469.28,10.182,2.42524,15.1115,10.2641,34.8279,1.50492,-156.324,257.553
469.3,10.1838,2.34656,15.1115,10.1713,34.8279,1.50492,-156.324,265.507
469.32,10.1815,2.39521,14.8826,10.1712,34.0124,1.50583,-156.324,272.942
469.34,10.1815,2.38304,14.9281,10.3105,33.1945,1.50583,-156.324,274.016
469.36,10.1815,2.4198,14.9281,10.2177,33.1945,1.50968,-156.324,278.258
469.38,10.1824,2.4047,15.0196,10.2176,32.9032,1.50969,-153.261,279.855
469.4,10.1824,2.45521,14.9281,10.2641,32.5527,1.50969,-153.256,279.326
469.42,10.1838,2.41074,14.9281,10.2177,32.5527,1.50969,-153.256,288.34
469.44,10.1833,2.4463,14.9739,10.3569,32.3777,1.50969,-153.256,293.664
469.46,10.1829,2.45026,14.9282,10.3569,31.9117,1.50969,-153.256,298.436
469.48,10.1829,2.4232,14.9281,10.3569,31.911,1.50969,-153.256,303.746
469.5,10.1824,2.46683,14.9739,10.4034,31.6777,1.51936,-153.256,301.63
469.52,10.1847,2.3849,14.7908,10.4034,31.2699,1.51936,-153.256,303.22
469.54,10.1847,2.35837,14.7905,10.4961,31.3275,1.49069,-153.256,304.813
469.56,10.1824,2.38242,14.6988,10.4498,31.3276,1.49065,-155.439,305.878
469.58,10.1829,2.29683,14.6073,10.4962,31.3276,1.49065,-155.439,303.757
469.6,10.1871,2.31189,14.6071,10.4963,31.6771,1.49065,-155.439,301.633
469.62,10.1871,2.38012,14.4696,10.7285,31.6777,1.49065,-155.439,309.595
469.64,10.1866,2.51815,14.3323,10.5894,31.9107,1.49065,-155.439,307.474
469.66,10.1843,2.38338,14.2404,10.5892,32.4361,1.49065,-155.439,301.63
469.68,10.1861,2.38912,14.2404,10.682,32.4361,1.4923,-155.439,296.319
469.7,10.1861,2.42029,14.0573,10.7748,32.9603,1.50566,-155.439,294.198
469.72,10.1861,2.40798,13.9653,10.7749,33.0194,1.50568,-155.439,288.885
469.74,10.1847,2.4056,13.9653,10.7286,33.0194,1.50568,-154.37,284.113
469.76,10.1857,2.39972,13.8279,10.7749,33.1359,1.50568,-154.368,281.984
469.78,10.1857,2.44706,13.736,10.7749,33.1361,1.50568,-154.368,283.574
469.8,10.1861,2.51907,13.736,10.9604,33.1361,1.50568,-154.368,285.165
469.82,10.1861,2.47063,13.6445,11.0998,32.9614,1.50568,-154.368,285.698
469.84,10.1857,2.38433,13.5985,11.1929,32.7861,1.50568,-154.368,280.388
469.86,10.1857,2.31821,13.5069,11.1929,32.4948,1.50125,-154.368,277.737
469.88,10.1875,2.43202,13.5068,11.2857,32.4944,1.49933,-154.368,275.082
469.9,10.1847,2.44938,13.5985,11.4716,32.3777,1.49933,-154.512,267.643
469.92,10.1852,2.40775,13.5069,11.4716,32.0282,1.49933,-154.512,262.871
469.94,10.1852,2.41794,13.5068,11.4716,32.0277,1.49933,-154.512,260.209
469.96,10.1857,2.29552,13.5068,11.4252,31.7364,1.49933,-154.512,255.967
469.98,10.1871,2.29624,13.5984,11.4251,31.4447,1.49933,-154.512,253.309
470,10.1871,2.40321,13.5985,11.3787,31.4443,1.49933,-154.512,254.898
470.02,10.1861,2.45897,13.5985,11.4714,31.0948,1.49757,-154.512,254.898
470.04,10.1847,2.41401,13.5527,11.3325,30.9195,1.49757,-154.512,246.945
470.06,10.1861,2.40967,13.6443,11.3323,30.7442,1.48797,-154.512,245.34
470.08,10.1861,2.46817,13.6443,11.2859,30.7442,1.48797,-154.718,240.568
470.1,10.1866,2.52665,13.6443,11.2858,30.686,1.48797,-154.718,237.909
470.12,10.1861,2.43787,13.7819,11.2858,30.6276,1.48797,-154.718,233.126
470.14,10.1866,2.44133,13.7819,11.1467,30.6276,1.48797,-154.718,231.005
470.16,10.1866,2.45388,13.8736,11.1465,30.6859,1.48797,-154.718,228.346
470.18,10.1857,2.56759,13.8277,11.0071,30.8026,1.48797,-154.718,229.408
470.2,10.1866,2.49192,13.9651,11.0071,30.8026,1.48445,-154.718,224.106
470.22,10.1861,2.51618,13.9653,10.8678,31.1526,1.49599,-154.718,219.85
470.24,10.1861,2.52549,14.1026,10.5432,31.5021,1.49599,-154.471,216.138
470.26,10.1875,2.64386,14.1486,10.5427,32.0269,1.49599,-154.471,210.3
470.28,10.1852,2.58466,14.1487,10.4034,32.0277,1.49599,-154.471,209.76
470.3,10.1871,2.47024,14.2402,10.2179,32.2607,1.49599,-154.471,204.458
470.32,10.1871,2.6437,14.3777,10.2176,32.5523,1.49599,-154.471,203.389
470.34,10.1861,2.68151,14.3779,10.0783,32.5527,1.49599,-154.471,207.105
470.36,10.1857,2.62705,14.3779,9.93916,32.6692,1.49948,-154.471,208.165
470.38,10.1857,2.46383,14.6068,9.79983,32.6694,1.49949,-154.471,212.939
470.4,10.1871,2.42027,14.6071,9.79961,32.5527,1.49181,-154.471,214.539
470.42,10.1852,2.54439,14.7445,9.84599,32.5527,1.49181,-156.033,215.07
470.44,10.1866,2.5376,14.7447,9.79961,32.3194,1.49181,-156.036,214.539
470.46,10.1866,2.50472,14.9736,9.79961,32.0864,1.49181,-156.036,216.13
470.48,10.1871,2.43935,14.9739,9.89236,32.086,1.49181,-156.036,223.025
470.5,10.188,2.46438,15.1115,9.84606,31.911,1.49181,-156.036,235.25
470.52,10.1898,2.48764,15.1573,9.84606,31.8528,1.49181,-156.036,244.794
470.54,10.1898,2.45328,15.1573,9.98518,31.8527,1.49298,-156.036,251.171
470.56,10.1898,2.47208,15.3407,9.93894,31.8527,1.48914,-156.036,256.491
470.58,10.1903,2.42981,15.2949,9.93894,32.2022,1.48914,-153.322,254.37
470.6,10.1917,2.38571,15.2949,9.93894,32.2027,1.48914,-153.318,252.246
470.62,10.1917,2.43015,15.1573,9.98539,32.4944,1.48914,-153.318,259.147
470.64,10.1926,2.28968,15.2489,10.0318,32.6691,1.48914,-153.318,261.798
470.66,10.194,2.28806,15.3866,10.0318,32.7277,1.48914,-153.318,267.112
470.68,10.195,2.48379,15.3866,10.0783,32.7277,1.48914,-153.318,267.643
470.7,10.195,2.50853,15.4323,10.1246,32.6695,1.48914,-153.318,266.583
470.72,10.1963,2.43947,15.7075,10.1712,32.6694,1.48768,-153.318,272.954
470.74,10.1963,2.43199,15.7075,10.1712,32.6694,1.48768,-153.318,279.316
470.76,10.1991,2.38171,16.0737,10.3103,32.9607,1.48768,-156.32,278.266
470.78,10.1991,2.36559,16.2577,10.1712,33.1361,1.48768,-156.324,273.485
470.8,10.1968,2.38759,16.7155,10.1712,33.1361,1.48768,-156.324,266.592
470.82,10.1996,2.37492,16.7162,10.1248,33.2526,1.48768,-156.324,260.218
470.84,10.1996,2.49482,16.8078,10.1247,33.3111,1.48768,-156.324,255.429
470.86,10.2015,2.49795,16.8994,10.1247,33.7771,1.48768,-156.324,253.308
470.88,10.1991,2.67907,16.8995,10.0783,33.7778,1.48974,-156.324,251.184
470.9,10.201,2.67882,16.6703,10.1247,34.6529,1.48974,-156.324,245.34
470.92,10.201,2.64361,16.4414,10.1247,35.9344,1.48974,-153.24,237.386
470.94,10.2015,2.76193,16.4411,10.1247,35.9363,1.48974,-153.236,226.222
470.96,10.201,2.87886,16.0291,10.0783,37.6838,1.48974,-153.236,219.86
470.98,10.2047,2.7545,15.7538,9.98553,40.5407,1.48974,-153.236,211.366
471,10.2047,2.6473,15.2949,9.98539,44.0454,1.48974,-153.236,210.291
471.02,10.2024,2.76109,15.2949,9.93902,44.0454,1.48974,-153.236,212.412
471.04,10.2052,2.7793,15.066,9.89257,47.8316,1.48974,-153.236,209.234
471.06,10.2028,2.748,14.9281,9.8925,51.0459,1.49035,-153.236,209.229
471.08,10.2028,2.71064,14.9281,9.75338,51.0459,1.48652,-153.236,210.289
471.1,10.2052,2.58592,14.8365,9.75317,52.3274,1.48652,-157.162,215.593
471.12,10.2028,2.51459,14.7905,9.61384,50.8709,1.48652,-157.168,216.132
471.14,10.201,2.64541,14.7905,9.61384,50.8709,1.48652,-157.168,214.012
471.16,10.201,2.43352,14.9281,9.70673,47.7207,1.48652,-157.168,209.76
471.18,10.2075,2.36274,15.0198,9.52095,43.5203,1.48652,-157.168,214.008
471.2,10.2131,2.42666,15.386,9.52095,39.4429,1.48652,-157.168,222.492
471.22,10.2131,2.45102,15.3866,9.66028,39.4366,1.48652,-157.168,229.408
471.24,10.214,2.39513,15.6155,9.66028,36.5242,1.48652,-157.168,230.999
471.26,10.2182,2.34644,15.982,9.66028,34.3645,1.48078,-157.168,232.062
471.28,10.2196,2.35358,15.9826,9.61384,34.3612,1.48077,-152.803,236.312
471.3,10.2196,2.27688,16.1657,9.66021,33.3127,1.48077,-152.803,238.433
471.32,10.22,2.34117,16.0744,9.66028,32.0296,1.48077,-152.803,238.966
471.34,10.2196,2.41642,15.9367,9.61384,32.0277,1.48077,-152.803,241.622
471.36,10.2237,2.44417,15.9367,9.66021,31.5617,1.48077,-152.803,247.455
471.38,10.2237,2.34793,15.6621,9.70666,31.0367,1.48077,-152.803,248.524
471.4,10.2224,2.42993,15.3407,9.70673,30.9193,1.47925,-152.803,250.119
471.42,10.2237,2.4063,15.3407,9.7531,30.9193,1.46585,-152.803,257.012
471.44,10.2247,2.38195,15.0656,9.66028,30.6859,1.46583,-156.098,256.491
471.46,10.2247,2.41908,14.7452,9.66028,30.3947,1.46583,-156.098,254.37
471.48,10.2256,2.38731,14.7447,9.70666,30.3942,1.46583,-156.098,252.246
471.5,10.2261,2.36238,14.3321,9.75317,30.2775,1.46583,-156.098,253.305
471.52,10.2261,2.35588,14.1947,9.61405,30.2775,1.46583,-156.098,254.896
471.54,10.2279,2.43903,14.0114,9.61384,30.161,1.46583,-156.098,257.549
471.56,10.2275,2.46565,14.0111,9.66028,30.1609,1.46351,-156.098,254.367
471.58,10.2293,2.47446,13.7822,9.61391,30.2191,1.46351,-156.098,251.716
471.6,10.2293,2.47448,13.6446,9.61384,30.2774,1.4731,-156.098,243.228
471.62,10.2284,2.42361,13.6443,9.66028,30.2775,1.47311,-152.577,238.436
471.64,10.2307,2.38273,13.6901,9.47479,30.2193,1.47311,-152.577,235.785
471.66,10.2289,2.35228,13.4609,9.47451,30.3942,1.47311,-152.577,237.905
471.68,10.2289,2.33001,13.4609,9.61384,30.3942,1.47311,-152.577,242.153
471.7,10.2307,2.51174,13.5983,9.52109,30.4525,1.47311,-152.577,241.093
471.72,10.2312,2.48407,13.5526,9.70673,30.6276,1.47311,-152.577,241.091
471.74,10.2335,2.42876,13.4611,9.70673,30.7441,1.46948,-152.577,241.091
471.76,10.2335,2.43696,13.4609,9.66035,30.7442,1.47332,-152.577,245.863
471.78,10.2344,2.44049,13.6902,9.79961,30.9193,1.47332,-156.509,241.091
471.8,10.2344,2.39764,13.6902,9.79961,31.2105,1.47332,-156.509,239.501
471.82,10.233,2.35432,13.6902,9.84599,31.211,1.47332,-156.509,238.438
471.84,10.233,2.43599,13.9653,10.0318,31.561,1.47332,-156.509,235.25
471.86,10.2354,2.38595,14.0568,10.171,31.9105,1.47332,-156.509,236.31
471.88,10.2344,2.37827,14.057,10.1712,31.911,1.47332,-156.509,237.903
471.9,10.234,2.43196,14.1945,10.4498,32.4361,1.47284,-156.509,236.843
471.92,10.234,2.52566,14.3776,10.6353,32.902,1.47284,-156.509,236.313
471.94,10.2335,2.5603,14.3779,10.6356,33.3695,1.47284,-156.509,235.781
471.96,10.233,2.5639,14.561,10.7747,33.3695,1.47284,-153.014,231.009
471.98,10.2358,2.48572,14.7902,10.7749,34.0102,1.47284,-153.009,228.881
472,10.2358,2.47387,14.7905,10.7749,34.4779,1.47284,-153.009,228.346
472.02,10.234,2.53716,14.7905,10.914,34.4779,1.47284,-153.009,234.709
472.04,10.2316,2.51965,15.0194,10.8679,35.1769,1.47284,-153.009,235.249
472.06,10.233,2.54503,15.1115,10.8678,35.528,1.47284,-153.009,235.25
472.08,10.233,2.47813,15.1115,10.8214,35.528,1.46938,-153.009,235.25
472.1,10.234,2.49698,15.1573,10.775,35.8192,1.47516,-153.009,232.069
472.12,10.2344,2.50286,15.2949,10.8214,35.8197,1.47517,-155.624,229.94
472.14,10.2344,2.53377,15.3406,10.8214,35.8197,1.47517,-155.624,228.879
472.16,10.234,2.41694,15.3407,10.6356,35.703,1.47517,-155.624,232.595
472.18,10.2316,2.42837,15.3866,10.6356,35.2363,1.47517,-155.624,227.815
472.2,10.2344,2.42788,15.3866,10.6356,34.8868,1.47517,-155.624,232.587
472.22,10.2344,2.5516,15.3866,10.6356,34.8863,1.47517,-155.624,235.25
472.24,10.2354,2.4122,15.4323,10.5892,34.1873,1.47517,-155.624,241.082
472.26,10.2358,2.28548,15.3409,10.5428,33.5455,1.47386,-155.624,243.742
472.28,10.2381,2.34878,15.3407,10.5427,33.5445,1.47192,-155.624,246.402
472.3,10.2381,2.34878,15.3865,10.4963,32.7872,1.47192,-153.712,245.871
472.32,10.2377,2.45246,15.295,10.5426,32.3783,1.47192,-153.709,246.401
472.34,10.2386,2.5106,15.3866,10.5427,31.911,1.47192,-153.709,242.153
472.36,10.2391,2.4337,15.3866,10.4963,31.911,1.47192,-153.709,241.093
472.38,10.2391,2.32268,15.3408,10.4963,31.7945,1.47192,-153.709,244.273
472.4,10.2395,2.39212,15.2949,10.4963,31.7943,1.47192,-153.709,250.65
472.42,10.2405,2.38345,15.2949,10.4499,31.7943,1.47577,-153.709,250.12
472.44,10.2419,2.45455,15.3407,10.4498,32.086,1.46613,-153.709,244.278
472.46,10.2419,2.37995,15.3407,10.4498,32.4355,1.46613,-154.593,240.566
472.48,10.2419,2.46198,15.2949,10.3107,32.4361,1.46613,-154.594,241.09
472.5,10.2414,2.47945,15.2949,10.4498,32.9611,1.46613,-154.594,240.029
472.52,10.2414,2.54965,15.3864,10.4498,33.2523,1.46613,-154.594,240.559
472.54,10.2419,2.6739,15.5239,10.4498,33.777,1.46613,-154.594,242.151
472.56,10.2432,2.48047,15.5241,10.4498,33.7778,1.46613,-154.594,244.809
472.58,10.2423,2.46505,15.341,10.3107,33.9526,1.46613,-154.594,242.688
472.6,10.2423,2.49,15.478,10.3105,34.4771,1.4614,-154.594,242.154
472.62,10.2419,2.46573,15.4783,10.4963,34.4779,1.48847,-154.594,241.091
472.64,10.2432,2.61681,15.4783,10.4035,34.7691,1.48847,-154.348,240.561
472.66,10.2442,2.61974,15.4783,10.4498,34.8863,1.48847,-154.347,236.312
472.68,10.2442,2.63699,15.4783,10.4498,35.2946,1.48847,-154.347,234.188
472.7,10.2433,2.37304,15.5698,10.3107,35.2946,1.48847,-154.347,235.779
472.72,10.2442,2.34242,15.6158,10.4034,34.7696,1.48847,-154.347,235.25
472.74,10.2428,2.45079,15.4785,10.4034,34.7696,1.48847,-154.347,236.31
472.76,10.2428,2.41885,15.4783,10.2643,34.7696,1.48949,-154.347,234.721
472.78,10.2423,2.59563,15.57,10.2176,33.7778,1.4663,-154.347,237.905
472.8,10.246,2.56204,15.5242,10.2176,33.2536,1.4663,-154.347,241.086
472.82,10.2451,2.39335,15.5241,10.264,33.2528,1.4663,-153.504,242.152
472.84,10.2451,2.50515,15.3866,10.2641,32.5527,1.4663,-153.503,247.995
472.86,10.2428,2.38845,15.295,10.1713,32.2032,1.4663,-153.503,252.237
472.88,10.2446,2.40995,15.1575,10.1712,32.2027,1.4663,-153.503,254.894
472.9,10.2446,2.47064,15.1573,10.2176,32.0277,1.4663,-153.503,258.085
472.92,10.2437,2.41104,15.02,10.2176,32.0859,1.4663,-153.503,259.675
472.94,10.2442,2.39352,14.9281,10.2176,32.0277,1.46686,-153.503,260.74
472.96,10.2456,2.39645,14.9281,10.4031,32.0277,1.48615,-153.503,261.27
472.98,10.2456,2.47562,14.6992,10.2643,32.2607,1.48618,-154.326,262.331
473,10.2446,2.42555,14.5155,10.2641,32.2027,1.48618,-154.327,263.395
473.02,10.2368,2.42819,14.5155,10.4032,32.2027,1.48618,-154.327,268.697
473.04,10.2242,2.3937,14.4697,10.4034,32.261,1.48618,-154.327,266.584
473.06,10.2242,2.36517,14.1945,10.4034,31.911,1.48618,-154.327,269.236
473.08,10.2177,2.38826,14.1945,10.4034,31.9693,1.48618,-154.327,271.887
473.1,10.221,2.43102,14.1487,10.357,31.9693,1.48904,-154.327,273.482
473.12,10.2196,2.42247,14.0111,10.4498,31.6777,1.48904,-154.327,269.767
473.14,10.2196,2.3186,13.8738,10.4498,31.6194,1.46594,-154.327,270.828
473.16,10.2182,2.46793,13.8736,10.4034,31.6193,1.46591,-152,269.236
473.18,10.1996,2.45829,13.8736,10.4498,31.6193,1.46591,-152,273.485
473.2,10.1894,2.51658,13.6905,10.4498,31.6776,1.46591,-152,269.773
473.22,10.1894,2.37918,13.6902,10.4034,31.6777,1.46591,-152,267.112
473.24,10.1898,2.31928,13.7817,10.357,31.5029,1.46591,-152,262.34
473.26,10.1898,2.32482,13.5988,10.4497,31.3861,1.46591,-152,261.272
473.28,10.1903,2.45725,13.5068,10.4498,31.386,1.46502,-152,260.209
473.3,10.1903,2.37614,13.5068,10.3107,30.9782,1.50355,-152,260.209
473.32,10.1898,2.41349,13.461,10.4032,30.7446,1.50361,-154.035,256.497
473.34,10.1889,2.44905,13.3693,10.4034,30.2775,1.50361,-154.039,255.96
473.36,10.188,2.43651,13.3693,10.3106,30.2775,1.50361,-154.039,253.309
473.38,10.188,2.36855,13.3235,10.3105,30.1028,1.50361,-154.039,251.714
473.4,10.1875,2.33711,13.2776,10.3105,29.6942,1.50361,-154.039,248.526
473.42,10.1903,2.37676,13.2776,10.3569,29.6942,1.50361,-154.039,244.284
473.44,10.1866,2.38434,13.2776,10.3569,29.9858,1.50537,-154.039,235.781
473.46,10.1866,2.33581,13.186,10.3569,29.8111,1.50537,-154.039,236.311
473.48,10.1866,2.39882,13.1401,10.3569,30.1603,1.50537,-154.039,233.661
473.5,10.1829,2.39269,13.14,10.2641,30.1609,1.50537,-150.662,226.222
473.52,10.1829,2.35402,13.1858,10.2641,30.2191,1.50537,-150.662,219.859
473.54,10.1824,2.45943,13.0943,10.2641,30.3357,1.50537,-150.662,215.078
473.56,10.1806,2.40844,13.0942,10.3105,30.3359,1.50537,-150.662,217.726
473.58,10.1806,2.38995,13.1857,10.3105,30.3941,1.50537,-150.662,217.726
473.6,10.1806,2.41885,13.1859,10.3105,30.569,1.50537,-150.662,214.544
473.62,10.1796,2.41561,13.1859,10.2641,30.5692,1.50753,-150.662,214.008
473.64,10.1796,2.54188,13.369,10.3104,30.4527,1.48832,-150.662,211.887
473.66,10.1787,2.51155,13.2317,10.1712,30.7442,1.48829,-154.368,212.946
473.68,10.1787,2.53701,13.3693,10.1712,30.6859,1.48829,-154.368,212.415
473.7,10.1782,2.55798,13.3693,10.1248,30.6859,1.48829,-154.368,211.885
473.72,10.1787,2.53078,13.4609,10.0318,31.0943,1.48829,-154.368,206.043
473.74,10.1787,2.57924,13.4609,10.0318,31.1525,1.48829,-154.368,199.15
473.76,10.1787,2.68011,13.4609,10.1246,31.1526,1.48829,-154.368,200.2
473.78,10.1778,2.55335,13.4609,10.1712,31.7943,1.48564,-154.368,199.67
473.8,10.1745,2.50097,13.5067,10.1712,31.7943,1.48564,-154.368,198.61
473.82,10.1764,2.5053,13.5068,9.98567,31.7943,1.50681,-154.368,198.078
473.84,10.1764,2.4615,13.5068,10.0318,32.261,1.50684,-149.92,200.732
473.86,10.1722,2.56699,13.5068,9.98546,32.494,1.50684,-149.92,202.323
473.88,10.1754,2.52271,13.5984,9.98539,32.6109,1.50684,-149.92,202.856
473.9,10.1717,2.53363,13.5985,9.93894,32.6111,1.50684,-149.92,202.857
473.92,10.1717,2.45279,13.5985,9.93894,31.8538,1.50684,-149.92,208.159
473.94,10.169,2.55664,13.5526,9.93894,30.9776,1.50684,-149.92,211.353
473.96,10.168,2.53497,13.5526,9.8462,30.9776,1.50618,-149.92,217.716
473.98,10.168,2.51454,13.69,9.9388,29.9874,1.52544,-149.92,210.302
474,10.1699,2.35351,13.6902,9.93894,29.5775,1.52547,-153.256,208.167
474.02,10.1708,2.38991,13.6902,9.8462,29.5775,1.52547,-153.256,209.227
474.04,10.169,2.41855,13.6902,9.79968,29.5775,1.52547,-153.256,208.169
474.06,10.169,2.39698,13.7819,9.84606,29.6358,1.52547,-153.256,208.698
474.08,10.1671,2.48662,13.6903,9.84606,30.2183,1.52547,-153.256,210.289
474.1,10.1657,2.39448,13.6902,9.79968,30.2192,1.52547,-153.256,215.063
474.12,10.1638,2.40679,13.736,9.70673,30.5692,1.52547,-153.256,216.664
474.14,10.1638,2.3821,13.5987,9.70673,31.21,1.52345,-153.256,224.087
474.16,10.1629,2.5383,13.5985,9.75317,31.211,1.51959,-153.256,227.284
474.18,10.1615,2.54747,13.5068,9.79961,31.6777,1.51959,-149.776,224.098
474.2,10.1606,2.40194,13.5526,9.75324,32.4931,1.51959,-149.776,224.628
474.22,10.1606,2.52877,13.5526,9.75317,32.4944,1.51959,-149.776,228.346
474.24,10.1553,2.59003,13.5984,9.79954,32.9604,1.51959,-149.776,227.286
474.26,10.1516,2.55153,13.5527,9.84599,33.4271,1.51959,-149.776,230.996
474.28,10.142,2.53329,13.5526,9.84606,33.4278,1.51959,-149.776,235.781
474.3,10.142,2.46297,13.5526,9.9388,33.4278,1.52161,-149.776,237.902
474.32,10.1409,2.46293,13.5526,9.89257,33.3113,1.52161,-149.776,240.556
474.34,10.1388,2.43419,13.5068,9.8925,33.3111,1.50618,-149.776,242.684
474.36,10.1366,2.4391,13.5068,10.0316,33.3111,1.50618,-153.354,244.275
474.38,10.1366,2.47175,13.5068,10.0318,33.1946,1.50618,-153.359,243.217
474.4,10.1345,2.38266,13.4151,10.1247,32.9028,1.50618,-153.359,248.526
474.42,10.1308,2.41906,13.4151,10.1247,32.9028,1.50618,-153.359,253.828
474.44,10.1302,2.42808,13.2317,10.1247,32.7277,1.50618,-153.359,254.898
474.46,10.1302,2.38335,13.2317,10.1711,32.4365,1.50618,-153.359,255.428
474.48,10.1302,2.34703,13.0486,10.1712,32.2613,1.50707,-153.359,254.899
474.5,10.127,2.37135,13.0483,10.3105,32.261,1.51671,-153.359,258.615
474.52,10.127,2.31323,12.8652,10.3569,32.3193,1.51671,-149.946,257.555
474.54,10.1281,2.25396,12.7734,10.3569,31.9116,1.51671,-149.941,259.674
474.56,10.1254,2.41871,12.7732,10.3569,31.911,1.51671,-149.941,260.74
474.58,10.1233,2.39571,12.6359,10.4497,31.6198,1.51671,-149.941,263.391
474.6,10.1233,2.36729,12.5441,10.4498,31.2698,1.51671,-149.941,263.925
474.62,10.1206,2.46873,12.544,10.4498,31.2693,1.51671,-149.941,264.457
474.64,10.1163,2.46856,12.4982,10.3571,30.978,1.51604,-149.941,258.624
474.66,10.1158,2.44527,12.4523,10.2641,30.6276,1.51604,-149.941,260.74
474.68,10.1158,2.40355,12.4523,10.2641,30.3359,1.5334,-149.941,255.96
474.7,10.1126,2.35115,12.4523,10.1713,30.3359,1.5334,-153.045,246.946
474.72,10.1131,2.38597,12.4523,10.1247,29.9275,1.5334,-153.05,246.402
474.74,10.1072,2.40477,12.5438,10.1247,30.044,1.5334,-153.05,245.871
474.76,10.1072,2.41727,12.544,9.9856,30.0442,1.5334,-153.05,243.75
474.78,10.1051,2.53146,12.544,9.93894,29.6358,1.5334,-153.05,243.215
474.8,10.103,2.54271,12.544,9.8462,29.8106,1.5334,-153.05,242.685
474.82,10.1019,2.60584,12.6813,9.84606,29.8108,1.5334,-153.05,242.154
474.84,10.1019,2.43515,12.6815,9.8925,29.7525,1.53726,-153.05,237.905
474.86,10.0992,2.56384,12.7731,9.98525,29.9855,1.53726,-150.891,234.724
474.88,10.1008,2.55829,12.6817,9.98539,30.3353,1.53726,-150.888,231.537
474.9,10.0976,2.4956,12.6815,9.98539,30.3359,1.53726,-150.888,232.064
474.92,10.0976,2.44955,13.002,9.98539,30.6271,1.53726,-150.888,226.761
474.94,10.0955,2.65801,13.14,9.98539,30.8609,1.53726,-150.888,223.036
474.96,10.0933,2.63025,13.14,9.98539,30.8609,1.53726,-150.888,224.096
474.98,10.0933,2.58953,13.0942,9.98539,30.9774,1.53906,-150.888,221.977
475,10.0875,2.53312,13.2776,10.0318,30.9776,1.53906,-150.888,219.85
475.02,10.0853,2.7389,13.3233,10.0318,30.8611,1.53906,-150.888,218.259
475.04,10.0821,2.78268,13.3234,10.0318,30.8609,1.53906,-152.697,219.317
475.06,10.0821,2.484,13.3693,10.0783,31.0359,1.53906,-152.7,225.691
475.08,10.0805,2.6609,13.3693,10.0783,31.1524,1.53906,-152.7,228.342
475.1,10.08,2.49178,13.3693,10.171,31.1526,1.53906,-152.7,231.528
475.12,10.0832,2.48678,13.3693,10.1247,31.736,1.53906,-152.7,234.188
475.14,10.0832,2.59251,13.3693,10.1247,32.1437,1.53906,-152.7,231.006
475.16,10.0805,2.58837,13.3693,10.2641,32.1444,1.53642,-152.7,235.781
475.18,10.0811,2.53109,13.3234,10.1712,32.7861,1.54607,-152.7,240.029
475.2,10.0821,2.47377,13.2318,10.2639,32.9608,1.54607,-152.186,240.029
475.22,10.0821,2.58311,13.1859,10.2641,32.9028,1.54607,-152.185,239.498
475.24,10.0789,2.43434,13.1859,10.2177,32.9028,1.54607,-152.185,237.907
475.26,10.0827,2.42634,12.957,10.2176,32.2038,1.54607,-152.185,246.919
475.28,10.0784,2.46405,12.8649,10.2176,31.3276,1.54607,-152.185,255.96
475.3,10.0784,2.44922,12.8649,10.3567,31.3276,1.54607,-152.185,264.444
475.32,10.0794,2.39138,12.636,10.2642,30.4539,1.54691,-152.185,266.578
475.34,10.0789,2.42304,12.4064,10.2641,30.1025,1.54691,-152.185,270.298
475.36,10.0789,2.34802,12.4064,10.3104,30.1025,1.55654,-152.185,279.312
475.38,10.0837,2.37762,12.3607,10.3569,29.986,1.55655,-151.425,277.735
475.4,10.0805,2.38877,12.1314,10.4498,29.8692,1.55655,-151.424,276.671
475.42,10.0805,2.3917,12.1314,10.4498,29.9274,1.55655,-151.424,278.262
475.44,10.0805,2.33563,12.1314,10.4498,29.9275,1.55655,-151.424,280.388
475.46,10.0816,2.37182,12.0398,10.4498,29.9275,1.55655,-151.424,278.267
475.48,10.0704,2.36436,12.1312,10.4498,29.811,1.55655,-151.424,274.022
475.5,10.0575,2.39377,12.1314,10.4963,29.8108,1.55787,-151.424,270.298
475.52,10.0575,2.38552,12.1314,10.4963,29.7526,1.57135,-151.424,262.875
475.54,10.0394,2.49195,12.3145,10.4963,29.5777,1.57137,-153.007,260.213
475.56,10.034,2.48665,12.3148,10.4963,29.5775,1.57137,-153.009,258.616
475.58,10.0298,2.49202,12.4521,10.3572,29.461,1.57137,-153.009,251.192
475.6,10.0297,2.63184,12.4523,10.4033,29.4608,1.57137,-153.009,248
475.62,10.0281,2.6156,12.5898,10.4034,30.2775,1.57137,-153.009,247.995
475.64,10.0287,2.61349,12.5898,10.2643,30.2775,1.57137,-153.009,244.813
475.66,10.026,2.72105,12.6357,10.2176,31.0943,1.57137,-153.009,242.684
475.68,10.026,2.66585,12.6815,10.2176,33.1361,1.578,-153.009,233.657
475.7,10.0265,2.71641,12.6815,9.98574,33.1361,1.55117,-153.009,227.294
475.72,10.0223,2.68148,12.8649,10.1247,35.178,1.55113,-151.897,223.567
475.74,10.0207,2.6498,12.9107,10.032,37.5662,1.55113,-151.897,223.037
475.76,10.0207,2.83715,12.9108,10.0318,37.5698,1.55113,-151.897,222.506
475.78,10.018,2.76641,12.9566,9.8925,39.6117,1.55113,-151.897,216.132
475.8,10.0196,2.73414,13.0482,9.93887,40.2524,1.55113,-151.897,215.072
475.82,10.0153,2.76473,13.0483,9.93894,39.3214,1.55113,-151.897,218.782
475.84,10.0153,2.60623,13.0483,9.98539,39.32,1.55543,-151.897,222.505
475.86,10.0137,2.57414,13.0483,9.7999,36.8735,1.55543,-151.897,221.975
475.88,10.011,2.63047,13.0483,9.79961,34.365,1.5688,-151.897,226.746
475.9,10.011,2.56072,13.0483,9.75317,34.3612,1.56883,-153.441,231.533
475.92,10.0153,2.46335,13.0025,9.79954,32.2642,1.56883,-153.441,235.774
475.94,10.01,2.4685,12.8191,9.70673,31.386,1.56883,-153.441,244.278
475.96,10.0116,2.51534,12.8191,9.70673,31.386,1.56883,-153.441,245.868
475.98,10.0116,2.35379,12.8649,9.7531,31.0365,1.56883,-153.441,249.052
476,10.01,2.31209,12.7274,9.70673,31.386,1.56883,-153.441,251.712
476.02,10.0121,2.22965,12.4527,9.70673,31.619,1.56725,-153.441,252.242
476.04,10.0105,2.26164,12.4523,9.84585,31.6193,1.58639,-153.441,255.955
476.06,10.0105,2.31234,12.4064,9.79961,31.6193,1.58642,-150.188,266.05
476.08,10.01,2.34566,12.1776,9.79961,31.3281,1.58642,-150.188,272.413
476.1,10.0094,2.40072,12.1772,9.70687,31.3276,1.58642,-150.188,279.315
476.12,10.0094,2.30543,11.9021,9.75317,30.8609,1.58642,-150.188,283.574
476.14,10.0094,2.31279,11.7648,9.79954,30.2202,1.58642,-150.188,283.574
476.16,10.0068,2.37691,11.7646,9.79961,30.2192,1.58642,-150.188,281.45
476.18,10.0073,2.39439,11.7646,9.79961,29.6942,1.58672,-150.188,281.45
476.2,10.0041,2.3549,11.5815,9.79961,29.3447,1.58672,-150.188,285.162
476.22,10.0041,2.33254,11.5353,9.79961,29.2275,1.56756,-155.192,285.698
476.24,10.0062,2.35098,11.5353,9.75324,29.2275,1.56756,-155.192,284.638
476.26,10.0052,2.37063,11.6269,9.79954,28.9945,1.56756,-155.192,283.576
476.28,10.0025,2.2609,11.5353,9.79961,29.1691,1.56756,-155.192,283.043
476.3,10.0025,2.42053,11.5353,9.84599,29.1691,1.56756,-155.192,281.983
476.32,10.003,2.40989,11.398,9.75331,29.1109,1.56756,-155.192,281.451
476.34,10.0014,2.43135,11.5353,9.84606,29.2858,1.56756,-155.192,280.919
476.36,10.0014,2.39467,11.5811,9.84606,29.2858,1.56664,-155.192,282.51
476.38,10.002,2.3357,11.5812,9.84606,29.4605,1.57621,-151.964,286.224
476.4,10.0036,2.28409,11.4895,9.75317,29.2858,1.57622,-151.959,287.026
476.42,10.0014,2.27512,11.581,9.75317,29.344,1.57622,-151.959,289.147
476.44,10.0014,2.34439,11.5812,9.8925,29.3441,1.57622,-151.959,288.088
476.46,10.003,2.47446,11.8101,9.79976,29.2276,1.57622,-151.959,282.786
476.48,10.0014,2.58937,11.7646,9.79961,29.4022,1.57622,-151.959,272.703
476.5,10.002,2.59893,11.7646,9.93894,29.4025,1.57622,-151.959,265.253
476.52,10.002,2.68071,11.8561,9.8462,29.5772,1.57503,-152.021,259.951
476.54,10.0009,2.80262,11.9021,9.89243,30.1017,1.57503,-152.021,253.58
476.56,9.99982,2.76995,11.9938,9.8925,30.6859,1.57119,-152.021,250.915
476.58,10.0004,2.74517,11.9938,9.8925,30.6859,1.57119,-152.021,247.734
476.6,10.0004,2.80471,12.1311,9.8925,31.7926,1.57119,-152.021,242.427
476.62,9.99982,2.88147,12.2231,9.8925,33.1945,1.57119,-152.021,235.781
476.64,10.0025,2.79589,12.2231,9.84613,33.1945,1.57119,-152.021,232.6
476.66,10.003,2.6188,12.3606,9.84606,34.9446,1.57119,-156.489,233.657
476.68,10.003,2.76359,12.544,9.84606,36.5781,1.57119,-156.489,233.126
476.7,10.0004,2.9534,12.544,9.79968,36.5781,1.56654,-156.489,234.186
476.72,10.0014,2.91215,12.4981,9.61384,37.2781,1.56461,-156.489,234.188
476.74,10.0014,2.6581,12.6813,9.52109,36.8704,1.56461,-156.489,235.779
476.76,10.0009,2.74473,12.6815,9.52095,35.763,1.56461,-152.192,238.432
476.78,10.0004,2.56448,12.6815,9.42806,35.7613,1.56461,-152.185,235.781
476.8,9.99982,2.55156,12.8646,9.52081,34.4216,1.56461,-152.185,236.046
476.82,9.99982,2.50003,13.0023,9.52095,33.3711,1.56461,-152.185,235.251
476.84,10.0004,2.32133,13.0025,9.38162,33.3695,1.56461,-152.185,234.984
476.86,9.99876,2.35443,13.1856,9.47437,32.4375,1.56313,-152.185,240.817
476.88,9.99982,2.40373,13.2774,9.42813,31.9701,1.56313,-150.314,245.598
476.9,9.99982,2.39044,13.2776,9.42806,31.9693,1.56505,-150.312,247.198
476.92,9.99982,2.35663,13.4607,9.47444,31.5616,1.56505,-150.312,253.031
476.94,10.0014,2.34144,13.3693,9.28873,30.9776,1.56505,-150.312,254.898
476.96,10.0009,2.40341,13.3693,9.47423,30.6281,1.56505,-150.312,260.731
476.98,10.0009,2.29594,13.3693,9.47451,30.6276,1.56505,-154.752,267.633
477,10.0004,2.44069,13.14,9.33518,30.5109,1.56505,-154.759,272.423
477.02,10.0014,2.44513,12.9569,9.33518,30.5691,1.56505,-154.759,278.255
477.04,10.0004,2.3929,12.9566,9.19606,30.5692,1.56975,-154.759,276.938
477.06,10.0004,2.39696,12.8191,9.19585,30.6859,1.55439,-154.759,278.53
477.08,10.0014,2.43969,12.7275,9.24222,31.0354,1.55439,-154.327,279.855
477.1,10.0014,2.39301,12.7274,9.24229,31.0359,1.55439,-154.327,278.797
477.12,10.0014,2.38068,12.5898,9.19585,31.386,1.55439,-154.327,279.326
477.14,10.0014,2.42449,12.773,9.28859,31.386,1.55439,-154.327,286.219
477.16,10.0014,2.28936,12.7732,9.28873,31.5026,1.55439,-154.327,281.981
477.18,10.002,2.31178,12.7732,9.28873,31.5026,1.55439,-152.618,283.043
477.2,10.002,2.47454,12.7275,9.28873,31.3279,1.55439,-152.618,285.694
477.22,9.99982,2.36268,12.8649,9.33518,31.0943,1.55245,-152.618,285.433
477.24,9.99982,2.3458,12.8649,9.2888,31.0943,1.55629,-152.618,287.554
477.26,10.0004,2.38512,13.0023,9.28873,31.0943,1.5563,-150.212,286.762
477.28,10.0004,2.48419,12.9566,9.24229,30.8026,1.5563,-150.209,280.388
477.3,10.0009,2.47487,12.9566,9.28866,30.8026,1.5563,-150.209,277.207
477.32,10.0004,2.41246,13.2313,9.14962,30.8026,1.5563,-150.209,280.383
477.34,9.99929,2.41821,13.2776,9.28873,30.9776,1.5563,-152.494,280.388
477.36,9.99929,2.37294,13.5064,9.19599,31.2688,1.5563,-154.776,284.365
477.38,10.0025,2.54262,13.5068,9.24222,31.2693,1.55577,-154.78,278.008
477.4,10.0004,2.50095,13.6443,9.24229,31.736,1.55577,-154.78,270.033
477.42,10.0025,2.40404,13.919,9.24229,32.1437,1.51161,-154.78,265.791
477.44,10.0025,2.41215,13.9194,9.24229,32.1444,1.51155,-154.8,264.723
477.46,10.002,2.37823,14.1025,9.28866,32.8434,1.51155,-154.8,266.313
477.48,10.0009,2.3499,14.4233,9.33511,33.4852,1.51155,-154.8,265.255
477.5,10.0036,2.39476,14.5155,9.19585,33.4861,1.51155,-154.8,257.553
477.52,10.0036,2.40292,14.5155,9.38134,34.0686,1.51155,-154.8,255.963
477.54,9.99876,2.54173,14.8817,9.38162,34.7685,1.51155,-151.573,253.309
477.56,10.0009,2.54553,15.1573,9.47451,35.2946,1.50921,-151.568,245.871
477.58,9.99982,2.54553,15.2947,9.47451,35.2946,1.50344,-151.568,246.401
477.6,9.99982,2.59532,15.2949,9.56725,35.9354,1.50343,-151.568,240.569
477.62,10.0004,2.581,15.3866,9.5674,36.3447,1.50343,-151.568,234.188
477.64,10.0009,2.6013,15.5239,9.47465,36.3447,1.50343,-152.513,234.718
477.66,10.0009,2.58546,15.4783,9.5674,37.1031,1.50343,-153.462,233.126
477.68,10.002,2.50086,15.4783,9.52095,38.2115,1.50343,-153.462,226.753
477.7,9.99982,2.44921,15.3867,9.47458,39.3183,1.50343,-153.462,225.163
477.72,10.0004,2.48016,15.4324,9.5674,39.32,1.50061,-153.462,223.567
477.74,10.0004,2.5941,15.4782,9.5674,40.9509,1.50061,-153.462,221.976
477.76,9.99822,2.49793,15.4783,9.63695,42.4679,1.50639,-154.778,220.383
477.78,10.0004,2.5369,15.4783,9.66028,43.5203,1.5064,-154.78,217.726
477.8,10.0004,2.52538,15.4325,9.66028,43.5203,1.5064,-154.78,222.498
477.82,10.0004,2.47696,15.524,9.70666,43.6951,1.5064,-154.78,223.035
477.84,10.0014,2.55023,15.6616,9.66028,42.8203,1.5064,-154.78,225.691
477.86,9.99822,2.56617,15.6159,9.72984,41.0145,1.5064,-154.78,224.631
477.88,9.99875,2.35724,15.6158,9.70676,41.0118,1.50684,-151.819,223.038
477.9,9.99875,2.44052,15.7533,9.75317,38.7949,1.50684,-151.815,221.443
477.92,10.0004,2.41684,15.8907,9.7068,36.6397,1.52225,-151.815,227.806
477.94,10.0009,2.42444,16.0743,9.75317,35.1196,1.52227,-151.815,234.188
477.96,9.99982,2.39905,16.0285,9.75317,34.1294,1.52227,-151.815,242.141
477.98,9.99982,2.33427,16.2115,9.84592,34.1279,1.52227,-151.815,240.563
478,9.99982,2.3723,16.3494,9.84606,33.5445,1.52227,-151.815,241.622
478.02,9.99982,2.41463,16.3494,9.84606,33.3697,1.52227,-154.056,239.501
478.04,9.99982,2.38989,16.212,9.84606,33.253,1.52536,-154.059,238.438
478.06,9.99929,2.49249,16.3035,9.93894,33.4861,1.49265,-154.059,238.967
478.08,10.0009,2.38598,16.212,9.93894,33.4861,1.49265,-154.059,239.497
478.1,9.99982,2.37339,16.1203,9.93894,33.8939,1.49265,-154.059,243.74
478.12,9.99982,2.55171,16.0284,9.98539,34.2445,1.49265,-154.059,250.119
478.14,10.0014,2.40065,15.8911,9.9622,34.4775,1.49265,-154.059,253.3
478.16,10.0004,2.64673,15.7304,9.93894,34.7112,1.49265,-153.668,248.526
478.18,10.0004,2.61017,15.57,10.0783,34.5362,1.49265,-153.668,243.746
478.2,10.0004,2.54766,15.4784,9.93916,34.6527,1.4895,-153.668,242.156
478.22,9.99822,2.44842,15.4783,9.91572,34.6529,1.51263,-153.668,241.622
478.24,9.99928,2.46262,15.3867,9.98528,34.4199,1.51263,-153.668,249.576
478.26,10.0014,2.46387,15.3408,9.98539,34.5943,1.51263,-153.668,254.89
478.28,10.0014,2.50645,15.4324,9.93894,34.8279,1.51263,-153.668,255.96
478.3,9.99822,2.56149,15.2951,10.0317,35.1192,1.51263,-150.276,257.021
478.32,9.99982,2.55489,15.3406,10.0782,35.3526,1.51263,-150.27,258.083
478.34,9.99982,2.50602,15.3866,10.0783,35.703,1.51308,-150.27,255.429
478.36,9.99982,2.48266,15.3866,10.0783,35.8777,1.51885,-150.27,254.369
478.38,9.99875,2.49425,15.3637,10.171,35.8198,1.51886,-150.27,253.837
478.4,9.99982,2.49679,15.3407,10.1247,35.7613,1.51886,-150.27,259.147
478.42,9.99982,2.44994,15.4323,10.1711,35.7613,1.51886,-150.27,258.616
478.44,10.0009,2.38581,15.249,10.2408,35.4113,1.51886,-155.377,262.864
478.46,10.0014,2.3815,15.4321,10.264,35.2948,1.51763,-155.377,267.106
478.48,9.99982,2.41172,15.2951,10.3568,34.8286,1.51474,-155.377,266.052
478.5,9.99982,2.5211,15.3407,10.3569,34.4779,1.51474,-155.377,268.705
478.52,9.99982,2.42146,15.3407,10.4497,34.0119,1.51474,-155.377,272.417
478.54,10.0004,2.43213,15.2034,10.4498,33.5452,1.51474,-155.377,266.59
478.56,9.99982,2.38726,15.2261,10.5427,33.0778,1.51652,-155.377,267.643
478.58,9.99982,2.42933,15.1116,10.6355,32.8739,1.50499,-151.224,271.355
478.6,9.99982,2.52009,15.1344,10.6356,32.728,1.50498,-151.218,279.844
478.62,9.99768,2.55637,14.9739,10.8214,32.5527,1.50498,-151.218,283.574
478.64,9.99822,2.39914,14.9739,10.775,32.611,1.50498,-151.218,280.923
478.66,9.99822,2.48187,14.7905,10.8678,32.6694,1.50498,-151.218,274.016
478.68,10.0004,2.4077,14.6988,10.9143,32.6986,1.51075,-151.218,270.829
478.7,10.0004,2.40868,14.5157,10.9606,32.7859,1.51651,-151.218,269.239
478.72,9.99929,2.40868,14.4696,11.0071,32.7277,1.51652,-152.412,269.767
478.74,9.99929,2.34498,14.378,11.0071,32.6112,1.51652,-152.412,271.358
478.76,9.99875,2.49275,14.1948,10.9608,32.6111,1.51652,-152.412,271.891
478.78,10.0004,2.49902,14.057,11.0536,32.4361,1.51389,-152.412,270.829
478.8,9.99982,2.31067,14.0112,11.1,32.4361,1.51101,-152.412,270.829
478.82,9.99982,2.37378,13.9196,11.0537,32.4361,1.51101,-152.412,270.299
478.84,9.99982,2.40671,13.8507,11.1,32.4361,1.51101,-152.412,270.298
478.86,9.99982,2.42793,13.7362,11.1464,32.1739,1.51168,-153.748,269.238
478.88,9.99982,2.32203,13.6903,11.1001,32.2027,1.51812,-153.75,274.539
478.9,9.99768,2.31313,13.736,11.1,32.086,1.51813,-153.75,281.45
478.92,10.0009,2.49601,13.5758,11.1928,31.9695,1.51813,-153.75,276.678
478.94,9.99929,2.46422,13.6443,11.2394,32.086,1.51813,-153.75,276.14
478.96,9.99929,2.39735,13.5528,11.193,31.9695,1.5146,-153.75,279.851
478.98,10.0004,2.44264,13.5069,11.1929,31.8528,1.51267,-153.75,279.857
479,9.99929,2.42504,13.4151,11.2858,31.9693,1.51267,-150.003,283.043
479.02,9.99982,2.42309,13.4609,11.2394,31.9111,1.51267,-150.003,279.862
479.04,9.99982,2.43552,13.5067,11.2394,31.911,1.51064,-150.003,276.676
479.06,9.99875,2.40877,13.4839,11.3787,31.8527,1.52798,-150.003,271.892
479.08,9.99769,2.4397,13.5525,11.2396,31.8527,1.52798,-150.003,270.301
479.1,10.0009,2.36672,13.6442,11.3785,31.9692,1.52798,-150.003,269.238
479.12,10.0009,2.45477,13.5985,11.3787,31.8818,1.52798,-150.003,266.05
479.14,9.99982,2.42437,13.7816,11.3323,32.144,1.51986,-154.608,263.399
479.16,9.99875,2.42727,13.7819,11.2858,31.7943,1.51022,-154.615,257.553
479.18,10.0004,2.39949,13.9194,11.2858,31.7943,1.51022,-154.615,251.712
479.2,10.0004,2.47384,13.9194,11.4249,31.5613,1.51022,-154.615,251.712
479.22,10.0014,2.48608,14.057,11.1929,31.6777,1.51075,-154.615,250.119
479.24,9.99929,2.42416,14.1485,11.2857,31.5612,1.51704,-154.615,249.589
479.26,9.99929,2.43647,14.1029,11.1931,31.7357,1.51704,-154.615,253.83
479.28,9.99715,2.64198,14.2862,11.1929,31.9693,1.51704,-152.227,253.836
479.3,10.0009,2.53019,14.3778,11.1002,32.2606,1.51704,-152.227,246.943
479.32,9.99929,2.51177,14.3779,11.1,32.4358,1.51704,-152.227,240.04
479.34,9.99929,2.48862,14.4696,11.1465,32.4944,1.51841,-152.227,241.091
479.36,10.002,2.61936,14.4696,11.1001,32.7274,1.51458,-152.227,235.259
479.38,10.0009,2.55341,14.6069,11.1,32.4947,1.51457,-152.227,229.417
479.4,10.0009,2.49069,14.5613,11.0071,32.4361,1.51457,-152.227,225.691
479.42,10.0009,2.35221,14.6529,11.0999,32.3196,1.51457,-150.664,221.98
479.44,10.002,2.39156,14.7447,10.9607,32.4361,1.51968,-150.662,221.974
479.46,10.0046,2.38151,14.7905,10.9607,32.3778,1.51395,-150.662,221.974
479.48,10.0046,2.54148,14.8821,10.9143,32.7855,1.51394,-150.662,228.337
479.5,10.0046,2.44106,14.9281,10.9607,32.9028,1.51394,-150.662,227.284
479.52,10.0036,2.44404,14.9281,10.9607,33.1358,1.51394,-150.662,229.405
479.54,10.0068,2.42287,14.8823,10.9607,33.2526,1.51394,-150.662,236.832
479.56,10.0068,2.43029,14.9281,10.9607,33.2528,1.5194,-153.153,246.933
479.58,10.003,2.49595,14.9739,10.9143,33.4858,1.53464,-153.153,252.235
479.6,10.0062,2.42988,14.8824,10.9143,33.7191,1.53466,-153.153,257.545
479.62,10.0073,2.41329,14.9739,10.9607,33.7778,1.53466,-153.153,261.271
479.64,10.0073,2.37336,14.9282,10.868,33.9526,1.53466,-153.153,258.62
479.66,10.0041,2.44791,14.9281,10.8678,34.0112,1.53466,-153.153,262.864
479.68,10.0084,2.4689,14.9739,10.8678,34.1279,1.53466,-153.153,260.209
479.7,10.0073,2.4558,14.9282,10.7287,34.1861,1.53538,-149.946,261.269
479.72,10.0073,2.37195,15.0198,10.7749,34.1862,1.51632,-149.941,266.581
479.74,10.0084,2.44821,14.974,10.7749,33.895,1.51632,-149.941,271.883
479.76,10.0089,2.41732,15.1113,10.7749,33.7198,1.51632,-149.941,273.482
479.78,10.0084,2.47868,15.0198,10.6356,33.3111,1.51632,-149.941,275.078
479.8,10.0084,2.43784,15.0198,10.7283,32.9616,1.51632,-149.941,281.971
479.82,10.0089,2.41173,15.0198,10.6821,32.7864,1.51632,-149.941,285.693
479.84,10.0105,2.39782,15.0198,10.682,32.7277,1.51668,-151.547,288.354
479.86,10.01,2.38555,14.974,10.5429,32.7277,1.50907,-151.547,285.703
479.88,10.01,2.3506,14.8824,10.4963,32.786,1.50906,-151.547,286.229
479.9,10.0121,2.27992,14.9281,10.4963,32.6694,1.50906,-151.547,287.292
479.92,10.011,2.28715,14.8365,10.5426,32.7859,1.50906,-151.547,292.064
479.94,10.0121,2.34221,14.8364,10.5892,32.9028,1.50906,-151.547,291.54
479.96,10.0121,2.2646,14.7448,10.5428,33.0775,1.50906,-151.547,289.949
479.98,10.0121,2.35971,14.7447,10.5427,33.369,1.50653,-151.917,280.403
480,10.0116,2.37166,14.7447,10.682,33.3695,1.50843,-151.918,280.919
480.02,10.01,2.32341,14.7905,10.6357,33.5442,1.50843,-151.918,284.101
480.04,10.01,2.43588,14.7448,10.6356,33.7775,1.50843,-151.918,280.924
480.06,10.0126,2.35536,14.8364,10.6356,33.7195,1.50843,-151.918,276.14
480.08,10.0126,2.36231,14.8364,10.6356,33.8942,1.50843,-151.918,270.837
480.1,10.0126,2.38874,14.9279,10.6356,33.7198,1.50843,-151.918,269.769
480.12,10.0121,2.42194,15.0656,10.5892,33.6028,1.51097,-147.779,268.705
480.14,10.0121,2.28602,15.1114,10.5892,33.6028,1.49765,-147.779,263.933
480.16,10.011,2.3306,15.3407,10.5427,33.7778,1.49763,-147.779,259.678
480.18,10.011,2.39855,15.4783,10.5427,33.7778,1.49763,-147.779,260.209
480.2,10.011,2.41803,15.5698,10.45,34.0108,1.49763,-147.779,263.39
480.22,10.0121,2.59564,15.57,10.2641,34.3029,1.49763,-147.779,263.395
480.24,10.0126,2.58928,15.57,10.4032,34.7689,1.49763,-147.779,259.683
480.26,10.0126,2.41242,15.6615,10.3106,35.0608,1.49131,-153.659,260.208
480.28,10.0116,2.52158,15.7533,10.3105,35.0613,1.50469,-153.668,263.395
480.3,10.0121,2.48099,15.7076,10.2177,35.469,1.50469,-153.668,264.455
480.32,10.0137,2.47816,15.7533,10.2176,36.1686,1.50469,-153.668,265.517
480.34,10.0137,2.55541,15.7075,10.3569,36.6947,1.50469,-153.668,266.05
480.36,10.0132,2.43821,15.7991,10.2642,36.8695,1.50469,-153.668,263.929
480.38,10.0116,2.40093,15.7992,10.3104,36.928,1.50469,-153.668,261.805
480.4,10.011,2.50256,15.7992,10.2641,36.6947,1.50065,-149.488,264.457
480.42,10.011,2.408,15.7992,10.3104,36.6947,1.49873,-149.488,266.048
480.44,10.0126,2.45691,15.8909,10.3105,36.6364,1.49873,-149.488,269.767
480.46,10.0121,2.48441,15.7993,10.3105,36.4617,1.49873,-149.488,273.479
480.48,10.0121,2.45458,15.845,10.3105,36.5779,1.49873,-149.488,280.378
480.5,10.0126,2.38102,15.7075,10.3569,36.5197,1.49873,-149.488,279.326
480.52,10.011,2.40753,15.7075,10.4033,36.5197,1.49873,-149.488,280.386
480.54,10.0116,2.40758,15.7075,10.4034,36.4615,1.49432,-149.981,280.388
480.56,10.0116,2.30491,15.6158,10.3569,36.1114,1.50201,-149.982,276.14
480.58,10.0132,2.39502,15.4785,10.4961,36.1114,1.50201,-149.982,278.261
480.6,10.0132,2.47554,15.4325,10.4963,35.9949,1.50201,-149.982,280.385
480.62,10.0137,2.48628,15.4783,10.4498,35.878,1.50201,-149.982,278.795
480.64,10.0137,2.36426,15.3867,10.4962,35.878,1.50201,-149.982,276.674
480.66,10.0143,2.46554,15.3866,10.4498,35.6447,1.51109,-149.982,276.671
480.68,10.0116,2.51875,15.3407,10.5427,35.703,1.51109,-151.568,276.14
480.7,10.0137,2.45603,15.2949,10.5891,35.5865,1.4939,-151.568,277.2
480.72,10.0137,2.29579,15.2949,10.5427,35.5863,1.49388,-151.568,273.485
480.74,10.0121,2.47653,15.066,10.5427,35.6446,1.49388,-151.568,269.773
480.76,10.0121,2.44731,15.0198,10.6818,35.5282,1.49388,-151.568,271.888
480.78,10.0137,2.36349,14.8364,10.6356,35.528,1.49388,-151.568,269.236
480.8,10.0137,2.41233,14.8364,10.682,35.4115,1.49806,-151.568,268.706
480.82,10.0137,2.53333,14.7448,10.5893,35.2948,1.49806,-147.805,269.766
480.84,10.011,2.48965,14.6988,10.7749,35.0029,1.49806,-147.8,271.36
480.86,10.011,2.39356,14.5157,10.8213,35.0029,1.49806,-147.8,269.77
480.88,10.011,2.36086,14.4239,10.8214,34.8282,1.49806,-147.8,268.177
480.9,10.0126,2.33518,14.3779,10.7285,34.4779,1.49806,-147.8,267.112
480.92,10.011,2.3444,14.3321,10.914,34.0119,1.49806,-147.8,266.582
480.94,10.011,2.48445,14.3321,10.8678,33.6612,1.48914,-147.8,268.174
480.96,10.0121,2.35674,14.4236,10.9606,33.2534,1.48914,-151.192,267.644
480.98,10.011,2.3988,14.4695,10.9607,32.9033,1.51788,-151.197,270.825
481,10.0126,2.36483,14.5613,11.0536,32.9028,1.51792,-151.197,265.519
481.02,10.0126,2.35004,14.6986,11.1,32.262,1.51792,-151.197,260.217
481.04,10.0142,2.60925,14.7904,11.1,31.6785,1.51792,-151.197,261.269
481.06,10.0121,2.59718,14.8822,11.1,30.9776,1.51792,-151.197,257.553
481.08,10.0142,2.59144,14.8822,11.1464,30.3369,1.55936,-151.197,257.553
481.1,10.0143,2.64493,15.0196,11.2392,29.9281,1.55943,-149.778,254.372
481.12,10.0126,2.57662,15.0656,11.1465,30.3942,1.51651,-149.776,252.243
481.14,10.0137,2.59226,14.9741,11.1929,30.3942,1.51651,-149.776,251.183
481.16,10.0132,2.65459,15.0656,11.1929,31.211,1.51651,-149.776,253.836
481.18,10.0132,2.67947,15.1115,11.1929,32.3777,1.51651,-149.776,250.65
481.2,10.0137,2.72873,15.0657,11.1002,33.7174,1.51651,-149.776,251.71
481.22,10.0143,2.68974,15.0656,11.1465,35.178,1.64836,-149.776,255.96
481.24,10.0148,2.60732,15.0656,11.2392,36.2847,1.64836,-147.33,257.021
481.26,10.0148,2.5382,15.203,11.193,37.2184,1.48648,-147.326,252.781
481.28,10.0126,2.51656,15.2949,11.2858,37.2198,1.48624,-147.326,246.933
481.3,10.0052,2.49049,15.4322,11.2394,37.4528,1.48624,-147.326,247.463
481.32,10.0052,2.5016,15.4324,11.2394,37.2201,1.48624,-147.326,251.706
481.34,10.0036,2.47914,15.6158,11.2858,36.3447,1.48624,-147.326,252.243
481.36,10.0046,2.42044,15.6158,11.3322,35.238,1.58718,-147.326,255.424
481.38,10.0041,2.41106,15.8905,11.1468,34.2461,1.58733,-151.088,257.55
481.4,10.0041,2.46474,15.9367,11.2394,33.5445,1.50023,-151.094,258.084
481.42,10.0057,2.34888,16.0741,11.2857,33.5445,1.50023,-151.094,259.145
481.44,10.0046,2.37039,16.166,11.2394,33.0194,1.50023,-151.094,265.519
481.46,10.0025,2.39289,16.166,11.2394,32.8447,1.50023,-151.094,268.7
481.48,10.0025,2.29116,16.2118,11.2394,32.9609,1.50023,-151.094,273.477
481.5,10.0052,2.35144,16.2118,11.2858,32.9028,1.57526,-147.47,275.609
481.52,10.0041,2.37288,16.166,11.3786,33.0775,1.57526,-147.47,284.092
481.54,10.0041,2.34586,16.0744,11.286,33.0778,1.52045,-147.47,286.226
481.56,10.0041,2.49479,16.0743,11.3787,33.0778,1.52037,-147.47,290.478
481.58,10.0046,2.53253,15.8454,11.3787,33.136,1.52037,-147.47,289.417
481.6,10.003,2.47382,15.7077,11.3787,33.2526,1.52037,-147.47,288.355
481.62,10.0041,2.38427,15.6158,11.3787,33.1945,1.52037,-147.47,291.009
481.64,10.0041,2.45531,15.57,11.4251,33.1362,1.61105,-148.128,292.069
481.66,10.003,2.46423,15.57,11.518,33.2528,1.61118,-148.129,292.602
481.68,10.002,2.41395,15.3866,11.4716,33.2528,1.53643,-148.129,294.726
481.7,10.0041,2.41847,15.295,11.4716,33.2528,1.53643,-148.129,296.847
481.72,10.0041,2.42416,15.2032,11.518,33.3111,1.53643,-148.129,294.726
481.74,10.002,2.41367,15.2032,11.518,33.3111,1.53643,-148.129,292.605
481.76,10.0025,2.39041,15.0658,11.5644,33.2529,1.53643,-148.129,292.602
481.78,10.0025,2.3863,14.8364,11.518,32.7861,1.62826,-149.344,284.636
481.8,10.0046,2.50653,14.8364,11.518,32.4366,1.62826,-149.344,280.925
481.82,10.0004,2.38659,14.7906,11.518,32.0866,1.54194,-149.344,282.51
481.84,10.002,2.40995,14.7447,11.6109,31.9693,1.54181,-149.344,284.105
481.86,10.002,2.36886,14.6531,11.4718,31.9693,1.54181,-149.344,281.454
481.88,10.0014,2.33857,14.6072,11.4716,31.6199,1.54181,-149.344,278.799
481.9,10.0014,2.40174,14.5613,11.5645,31.4443,1.54181,-149.344,278.264
481.92,10.0036,2.35296,14.424,11.5645,31.1531,1.63639,-144.636,279.324
481.94,10.0036,2.38952,14.4238,11.6109,31.1526,1.55113,-144.629,275.078
481.96,9.99929,2.3964,14.4238,11.5182,30.9779,1.55113,-144.629,276.138
481.98,10.0014,2.40699,14.2864,11.5644,30.7446,1.55113,-144.629,276.14
482,10.0009,2.44077,14.1945,11.6109,30.7442,1.55113,-144.629,273.485
482.02,10.0009,2.34528,14.3318,11.6109,30.6277,1.55113,-144.629,270.833
482.04,10.0009,2.46152,14.2405,11.5182,30.6858,1.55113,-144.629,272.95
482.06,10.0014,2.45059,14.2404,11.6574,30.6859,1.63837,-149.344,270.298
482.08,10.0014,2.38808,14.2404,11.5646,30.7442,1.56343,-149.344,265.526
482.1,9.99929,2.42454,14.2404,11.5181,30.919,1.56331,-149.344,265.519
482.12,10.002,2.39982,14.3779,11.5645,31.0943,1.56331,-149.344,263.395
482.14,10.0014,2.34965,14.4237,11.5181,31.0943,1.56331,-149.344,260.744
482.16,10.0014,2.28714,14.4696,11.518,31.386,1.56331,-149.344,258.085
482.18,10.002,2.55364,14.6071,11.5645,31.4443,1.56331,-149.344,255.96
482.2,10.0014,2.53208,14.6529,11.5645,31.6191,1.61578,-145.314,256.491
482.22,9.99929,2.53922,14.653,11.5645,31.911,1.57592,-145.308,259.147
482.24,9.99929,2.45634,14.8819,11.5181,32.2023,1.57592,-145.308,255.435
482.26,10.0014,2.44291,14.928,11.4717,32.4357,1.57592,-145.308,254.899
482.28,10.0025,2.47451,15.1115,11.518,32.4361,1.57592,-145.308,251.712
482.3,10.0009,2.5967,15.3404,11.6108,32.8438,1.57592,-145.308,248.531
482.32,10.0009,2.42368,15.5238,11.6109,33.1939,1.57592,-145.308,247.465
482.34,10.0004,2.34592,15.5241,11.6109,33.3111,1.59325,-145.02,245.871
482.36,10.0025,2.35986,15.5241,11.5645,33.5441,1.58753,-145.02,245.871
482.38,10.002,2.42399,15.8446,11.6572,33.6027,1.58752,-145.02,246.931
482.4,10.002,2.57727,15.9367,11.6574,33.8362,1.58752,-145.02,250.65
482.42,10.0009,2.47756,16.1656,11.611,33.8362,1.58752,-145.02,254.892
482.44,9.99929,2.50282,16.2118,11.6574,33.9528,1.58752,-145.02,259.147
482.46,9.99929,2.51793,16.3949,11.6574,34.2441,1.58752,-145.02,256.495
482.48,10.002,2.52806,16.4868,11.7965,34.361,1.57015,-147.261,257.552
482.5,9.99929,2.65647,16.4869,11.7967,34.4196,1.60499,-147.264,259.147
482.52,9.99929,2.64802,16.67,11.7967,34.3613,1.60499,-147.264,254.905
482.54,9.99929,2.61045,16.533,11.8894,34.4195,1.60499,-147.264,252.247
482.56,10.0009,2.58927,16.7162,11.936,34.4196,1.60499,-147.264,251.712
482.58,9.99876,2.55598,16.6704,11.8433,34.1866,1.60499,-147.264,256.484
482.6,10.0014,2.56013,16.6245,11.8431,34.3609,1.60499,-147.264,262.854
482.62,10.0014,2.68053,16.4869,11.9825,34.3029,1.55588,-143.723,265.519
482.64,10.0009,2.64393,16.4869,11.9825,34.6524,1.60071,-143.723,262.868
482.66,10.0009,2.59024,16.5328,12.0754,34.9446,1.60078,-143.723,263.395
482.68,10.0014,2.53415,16.3952,12.0289,35.178,1.60078,-143.723,262.864
482.7,10.0014,2.41454,16.2579,12.168,35.178,1.60078,-143.723,267.106
482.72,10.002,2.627,16.1201,12.2147,35.4113,1.60078,-143.723,262.864
482.74,10.002,2.57574,16.1201,12.2147,35.4696,1.60078,-143.723,257.031
482.76,9.99982,2.49776,15.9828,12.1683,35.2949,1.5569,-145.964,257.022
482.78,9.99982,2.5543,15.9826,12.2147,35.0029,1.60587,-145.967,258.085
482.8,10.0004,2.23242,15.9368,12.3538,34.9447,1.60587,-145.967,255.964
482.82,10.0004,2.30783,15.9367,12.2613,34.6534,1.60587,-145.967,253.839
482.84,9.99875,2.31579,15.8909,12.354,34.6529,1.60587,-145.967,251.712
482.86,9.99875,2.26343,15.9367,12.4468,34.3617,1.60587,-145.967,251.182
482.88,10.0036,2.40609,16.0283,12.4469,34.07,1.60587,-145.967,251.181
482.9,10.002,2.41749,16.2118,12.4469,33.4861,1.56874,-145.329,241.622
482.92,10.002,2.47754,16.2118,12.4005,33.0201,1.61465,-145.329,241.622
482.94,9.99715,2.35937,16.2118,12.4469,32.5527,1.61472,-145.329,242.153
482.96,10.0014,2.3641,16.3952,12.6327,32.086,1.61472,-145.329,243.747
482.98,10.0004,2.41557,16.5325,12.4472,32.086,1.61472,-145.329,242.686
483,10.0004,2.43235,16.7162,12.6791,31.7943,1.61472,-145.329,238.967
483.02,10.002,2.54846,16.8077,12.6791,31.5613,1.61472,-145.329,235.256
483.04,10.002,2.48621,16.8994,12.7255,31.6192,1.57381,-141.566,231.008
483.06,10.0004,2.47761,17.0829,12.7256,31.7943,1.61623,-141.561,231.533
483.08,10.0004,2.55473,17.0829,12.8647,32.2021,1.61623,-141.561,237.895
483.1,10.0009,2.51596,17.266,12.9113,32.6104,1.61623,-141.561,240.026
483.12,10.002,2.50013,17.3122,12.9113,33.1361,1.61623,-141.561,238.967
483.14,10.0009,2.49381,17.4953,12.865,33.1361,1.61623,-141.561,242.148
483.16,10.0009,2.48877,17.5414,12.8649,33.7195,1.61623,-141.561,245.34
483.18,10.0014,2.59924,17.6331,12.9578,34.2445,1.54724,-146.132,243.215
483.2,10.0009,2.53191,17.5873,12.7259,34.594,1.60396,-146.132,243.215
483.22,9.99929,2.6303,17.5873,12.7256,34.8279,1.60405,-146.132,242.684
483.24,9.99929,2.55891,17.7704,12.5864,34.8862,1.60405,-146.132,240.033
483.26,10.003,2.43219,17.8622,12.6326,35.0028,1.60405,-146.132,241.62
483.28,10.0009,2.44564,17.9082,12.354,35.0029,1.60405,-146.132,244.809
483.3,10.0009,2.50952,17.9082,12.354,34.8864,1.60405,-146.132,247.99
483.32,9.99982,2.56998,18.0455,12.4468,34.7115,1.55121,-142.76,257.539
483.34,10.0004,2.43574,17.954,12.4005,34.5946,1.62038,-142.755,257.553
483.36,10.002,2.42174,17.954,12.3541,34.4198,1.62038,-142.755,265.507
483.38,10.002,2.43066,18.0456,12.2149,34.3613,1.62038,-142.755,267.64
483.4,9.99875,2.36998,17.954,12.354,34.2445,1.62038,-142.755,272.423
483.42,10.0009,2.3854,17.954,12.3076,34.2445,1.62038,-142.755,272.953
483.44,10.0004,2.36809,17.8165,12.3076,34.4196,1.62038,-142.755,273.485
483.46,10.0004,2.44525,17.7707,12.1682,34.3612,1.57222,-142.796,276.671
483.48,10.0009,2.4442,17.6333,12.3074,34.4195,1.62492,-142.796,287.806
483.5,9.99982,2.459,17.6331,12.3076,34.3612,1.625,-142.796,289.416
483.52,10.0004,2.39991,17.5416,12.2612,34.3612,1.625,-142.796,297.899
483.54,10.0004,2.33535,17.3125,12.3075,34.1282,1.625,-142.796,294.731
483.56,10.0004,2.35313,17.358,12.354,34.1279,1.625,-142.796,308.002
483.58,10.002,2.39607,17.2207,12.354,33.8949,1.625,-142.796,321.258
483.6,10.002,2.34936,17.0831,12.354,33.545,1.56079,-144.441,324.459
483.62,10.0004,2.36549,17.0829,12.4469,33.1361,1.60606,-144.443,325.526
483.64,9.99929,2.28383,17.0829,12.4469,32.7284,1.60606,-144.443,327.647
483.66,10.0004,2.30855,17.0371,12.354,32.5527,1.60606,-144.443,329.244
483.68,10.0004,2.34527,16.8995,12.3076,32.3194,1.60606,-144.443,335.616
483.7,10.0009,2.46307,16.8538,12.3539,32.3194,1.60606,-144.443,332.435
483.72,9.99982,2.3732,16.9454,12.3076,32.3194,1.60606,-144.443,329.244
483.74,10.002,2.38368,16.7165,12.3076,32.1446,1.57523,-139.201,327.123
483.76,10.002,2.24103,16.6704,12.3539,32.4356,1.60314,-139.193,331.361
483.78,10.0009,2.40724,16.6703,12.354,32.6111,1.60318,-139.193,328.181
483.8,9.99982,2.41401,16.4872,12.3076,32.7858,1.60318,-139.193,331.893
483.82,10.0004,2.38346,16.258,12.2148,32.8443,1.60318,-139.193,336.141
483.84,10.0004,2.35295,16.1201,12.2147,32.8444,1.60318,-139.193,338.271
483.86,10.0004,2.44906,15.8912,12.1683,32.9609,1.60318,-139.193,340.392
483.88,9.99929,2.4232,15.7993,12.1682,33.0776,1.56883,-144.291,337.744
483.9,10.0009,2.35898,15.57,12.2611,33.4278,1.59008,-144.299,336.147
483.92,10.0009,2.35153,15.57,12.122,33.719,1.59008,-144.299,334.556
483.94,9.99822,2.36874,15.4783,12.2611,33.8945,1.59008,-144.299,326.057
483.96,10.0014,2.38102,15.4783,11.6574,34.0695,1.59008,-144.299,327.119
483.98,9.99982,2.46583,15.3867,12.2138,34.0695,1.59008,-144.299,317.575
484,9.99982,2.39652,15.249,12.2147,34.1279,1.59008,-144.299,308.002
484.02,10.0004,2.3479,15.3406,12.2147,34.1279,1.58889,-141.812,304.29
484.04,9.99982,2.34172,15.3865,12.1683,34.0114,1.60728,-141.808,303.755
484.06,9.99982,2.30856,15.3866,12.354,33.8945,1.6073,-141.808,297.912
484.08,10.0009,2.42585,15.295,12.2149,33.7198,1.6073,-141.808,293.671
484.1,10.0009,2.48113,15.2949,12.2147,33.7195,1.6073,-141.808,284.65
484.12,10.0014,2.55672,15.3407,12.2611,33.7195,1.6073,-141.808,279.326
484.14,10.0014,2.7355,15.3865,12.3075,33.7195,1.6073,-141.808,274.024
484.16,10.0009,2.78514,15.3866,12.3076,33.9528,1.56815,-139.769,271.36
484.18,9.99822,2.72573,15.3866,12.3076,34.4196,1.60147,-139.769,264.457
484.2,9.99608,2.68571,15.3866,12.3076,35.002,1.60147,-139.769,259.155
484.22,9.99608,2.60537,15.4324,12.4469,35.8197,1.60147,-139.769,253.305
484.24,9.99875,2.6304,15.4782,12.4005,37.1012,1.60147,-139.769,244.291
484.26,10.0009,2.60395,15.4783,12.6323,37.1031,1.60147,-139.769,239.505
484.28,9.99929,2.48819,15.5241,12.6327,38.2699,1.60147,-139.769,231.002
484.3,9.99929,2.44818,15.4783,12.6327,39.6679,1.55669,-143.696,228.881
484.32,10.0009,2.39406,15.4783,12.6327,40.5437,1.60277,-143.702,223.045
484.34,10.0009,2.43588,15.57,12.8185,40.7784,1.60284,-143.702,219.319
484.36,10.0014,2.4958,15.57,12.8185,40.0212,1.60284,-143.702,219.319
484.38,10.0014,2.50772,15.6157,12.8648,38.156,1.60284,-143.702,223.561
484.4,9.99982,2.38873,15.6158,13.0042,38.1532,1.60284,-143.702,226.222
484.42,10.002,2.40492,15.6616,13.0042,36.2892,1.60284,-143.702,228.873
484.44,10.002,2.37116,15.7075,13.0042,35.0029,1.55037,-139.893,234.719
484.46,10.0057,2.31246,15.7533,12.9113,34.4196,1.61074,-139.893,237.374
484.48,10.0068,2.2559,15.9365,12.8186,33.7788,1.61074,-139.893,238.434
484.5,10.0094,2.3441,15.9367,12.8185,33.6028,1.61074,-139.893,244.278
484.52,10.0094,2.41337,15.891,12.7721,33.4281,1.61074,-139.893,245.868
484.54,10.0132,2.50148,16.074,12.7256,33.2531,1.61074,-139.893,252.233
484.56,10.0164,2.49382,16.0284,12.7256,33.2528,1.61074,-139.893,260.74
484.58,10.0191,2.52996,15.7538,12.7256,33.311,1.54818,-141.702,266.042
484.6,10.0191,2.42463,15.6618,12.7256,33.4859,1.6095,-141.705,269.762
484.62,10.0207,2.3848,15.7075,12.4933,33.5445,1.60959,-141.705,274.547
484.64,10.0191,2.40347,15.7075,12.4933,33.7775,1.60959,-141.705,277.728
484.66,10.0207,2.51094,15.6158,12.354,33.9528,1.60959,-141.705,281.45
484.68,10.0207,2.52031,15.7075,12.1682,34.4779,1.60959,-141.705,283.574
484.7,10.0196,2.51896,15.6617,12.0291,34.4779,1.60959,-141.705,291.528
484.72,10.0207,2.46282,15.7075,12.0289,34.8279,1.56457,-142.858,299.505
484.74,10.0207,2.57402,15.7533,11.8898,35.1192,1.61122,-142.858,296.854
484.76,10.0201,2.56854,15.9365,11.6577,35.4691,1.61129,-142.858,295.79
484.78,10.018,2.40364,15.9367,11.3323,35.353,1.61129,-142.858,298.974
484.8,10.0191,2.34581,15.9825,11.2859,35.2365,1.61129,-142.858,293.672
484.82,10.0191,2.37516,16.0741,11.2394,34.7703,1.61129,-142.858,291.543
484.84,10.0201,2.39598,16.2118,11.0536,34.7696,1.61129,-142.858,288.354
484.86,10.0191,2.43141,16.3034,11.0536,34.4783,1.58228,-137.327,285.172
484.88,10.0201,2.47332,16.4409,11.1927,34.0701,1.60317,-137.319,281.456
484.9,10.0201,2.45939,16.3494,11.1465,33.8945,1.6032,-137.319,278.795
484.92,10.0191,2.32444,16.3494,11.2392,33.7198,1.6032,-137.319,280.916
484.94,10.0212,2.37974,16.5786,11.1465,33.7195,1.6032,-137.319,281.45
484.96,10.0228,2.41282,16.4869,11.1465,33.8945,1.6032,-137.319,287.823
484.98,10.0228,2.33578,16.5327,11.1929,33.8945,1.6032,-137.319,292.064
485,10.0212,2.2945,16.6703,11.1929,34.3029,1.59084,-142.631,288.354
485.02,10.0207,2.32103,16.533,11.0538,34.4776,1.59276,-142.631,283.582
485.04,10.0207,2.4627,16.4412,11.1927,34.8274,1.59276,-142.631,289.407
485.06,10.0223,2.38327,16.4411,11.1929,34.7696,1.59276,-142.631,292.071
485.08,10.0212,2.37124,16.4868,11.2393,34.9443,1.59276,-142.631,291.011
485.1,10.0212,2.39885,16.4411,11.2394,34.8281,1.59276,-142.631,289.418
485.12,10.0212,2.37123,16.3494,11.2858,34.8279,1.59276,-142.631,284.105
485.14,10.0228,2.35048,16.4409,11.2858,34.9444,1.58149,-139.671,278.803
485.16,10.0212,2.35556,16.4411,11.2858,34.8863,1.59502,-139.666,277.202
485.18,10.0207,2.40184,16.6703,11.2394,35.0029,1.59502,-139.666,276.671
485.2,10.0207,2.41349,16.6703,11.1466,34.9447,1.59502,-139.666,272.429
485.22,10.0201,2.30632,16.9454,11.1465,34.7696,1.59502,-139.666,271.36
485.24,10.0201,2.35466,16.8996,11.1465,34.7113,1.59502,-139.666,265.528
485.26,10.0207,2.55357,17.22,11.1465,34.7112,1.59502,-139.666,265.519
485.28,10.0207,2.37677,17.4497,11.1465,34.4196,1.59112,-139.007,265.519
485.3,10.0207,2.41579,17.4955,11.1001,34.6525,1.58337,-139.007,260.217
485.32,10.0212,2.45659,17.5871,11.1464,34.6529,1.58336,-139.007,259.148
485.34,10.0201,2.46341,17.5873,10.9143,34.9446,1.58336,-139.007,246.933
485.36,10.0201,2.49889,17.3584,11.0534,35.2941,1.58336,-139.007,245.342
485.38,10.0217,2.7687,17.2665,11.0536,36.2266,1.58336,-139.007,233.144
485.4,10.0239,2.76463,16.7162,10.9143,36.228,1.58336,-139.007,220.912
485.42,10.0217,2.6231,16.2126,11.007,37.2765,1.59472,-142.05,216.67
485.44,10.0217,2.75106,15.845,11.0071,38.9116,1.58896,-142.055,221.443
485.46,10.0217,2.63088,15.6616,11.0536,40.9534,1.58896,-142.055,208.698
485.48,10.0212,2.60549,15.6616,11.0072,43.5164,1.58896,-142.055,199.154
485.5,10.0212,2.76884,15.4783,10.9143,46.4956,1.58896,-142.055,194.36
485.52,10.0207,2.70675,15.4783,10.9606,49.0585,1.58896,-142.055,193.299
485.54,10.0228,2.68411,15.3867,11.0071,49.0624,1.58896,-142.055,196.479
485.56,10.0217,2.6502,15.3866,10.9607,50.9293,1.60696,-137.34,199.67
485.58,10.0217,2.56719,15.4781,10.9607,51.104,1.58414,-137.34,201.791
485.6,10.0233,2.59983,15.5698,10.9607,49.5898,1.5841,-137.34,203.385
485.62,10.0233,2.39077,15.57,10.9143,46.8456,1.5841,-137.34,202.326
485.64,10.0207,2.42428,15.7988,10.9606,43.5254,1.5841,-137.34,203.916
485.66,10.0207,2.50702,16.1201,10.9143,41.0701,1.5841,-137.34,206.574
485.68,10.0217,2.39935,16.4411,11.0536,41.0701,1.5841,-137.34,208.167
485.7,10.0207,2.43687,16.9446,11.0072,39.3226,1.59868,-141.266,209.758
485.72,10.0249,2.36872,17.358,11.0071,38.2699,1.57607,-141.272,211.884
485.74,10.0249,2.27935,17.6327,10.9608,37.6291,1.57607,-141.272,220.898
485.76,10.0249,2.31315,17.6331,10.868,37.0457,1.57607,-141.272,229.395
485.78,10.0201,2.34372,17.9999,10.9143,36.6364,1.57607,-141.272,230.47
485.8,10.0217,2.31089,18.2288,10.8215,36.4034,1.57607,-141.272,233.652
485.82,10.0217,2.43066,18.1376,10.8214,36.4031,1.57607,-141.272,243.731
485.84,10.0239,2.38102,18.1374,10.8214,36.1697,1.58782,-139.44,247.464
485.86,10.0233,2.40873,17.7712,10.8214,35.995,1.57287,-139.44,247.464
485.88,10.0233,2.38977,17.6791,10.7286,35.8199,1.57285,-139.44,252.236
485.9,10.0228,2.32476,17.679,10.7285,35.7613,1.57285,-139.44,262.333
485.92,10.0244,2.33391,17.4043,10.6357,35.6448,1.57285,-139.44,265.514
485.94,10.0239,2.33766,17.1288,10.5892,35.5863,1.57285,-139.44,266.581
485.96,10.0239,2.31553,16.9912,10.5427,35.5863,1.57285,-139.44,268.174
485.98,10.0217,2.39903,16.8081,10.5891,35.4116,1.58827,-136.911,267.644
486,10.0239,2.37044,16.6703,10.5892,35.353,1.57164,-136.907,268.174
486.02,10.0249,2.38806,16.533,10.45,35.1782,1.57164,-136.907,267.114
486.04,10.0249,2.33874,16.4412,10.4962,35.2362,1.57164,-136.907,271.884
486.06,10.0244,2.31229,16.4411,10.4963,35.1196,1.57164,-136.907,273.485
486.08,10.0239,2.32999,16.2122,10.4035,35.1196,1.57164,-136.907,277.196
486.1,10.0265,2.28464,16.2576,10.4498,35.1196,1.57164,-136.907,278.262
486.12,10.0265,2.32019,16.0743,10.4498,34.8863,1.57461,-140.51,279.326
486.14,10.0233,2.3701,15.9827,10.4035,34.7698,1.55434,-140.51,282.507
486.16,10.0233,2.34597,15.8909,10.4498,34.5946,1.55431,-140.51,279.857
486.18,10.026,2.30652,15.6616,10.4034,34.6529,1.55431,-140.51,276.14
486.2,10.026,2.41234,15.6616,10.3106,34.4199,1.55431,-140.51,276.67
486.22,10.0228,2.47098,15.6158,10.4963,34.5362,1.55431,-140.51,277.733
486.24,10.0244,2.46662,15.5242,10.4963,34.478,1.55431,-140.51,269.78
486.26,10.0244,2.42901,15.3868,10.4499,34.4779,1.58513,-137.324,268.177
486.28,10.0255,2.50601,15.1573,10.4498,34.5946,1.59423,-137.319,268.705
486.3,10.0233,2.36395,15.0658,10.6353,34.5946,1.59423,-137.319,271.356
486.32,10.0255,2.39097,14.9283,10.7283,34.5363,1.59423,-137.319,268.179
486.34,10.0255,2.32078,14.9281,10.7749,34.4779,1.59423,-137.319,266.05
486.36,10.0249,2.3601,14.745,11.0068,34.2449,1.59423,-137.319,268.701
486.38,10.0249,2.36502,14.6074,11.0999,34.0115,1.59423,-137.319,260.222
486.4,10.0223,2.3923,14.4238,11.2858,34.0112,1.61619,-138.719,253.836
486.42,10.0223,2.39607,14.3322,11.2858,33.7199,1.57707,-138.719,259.139
486.44,10.0239,2.35389,14.2404,11.3787,33.5445,1.57701,-138.719,264.457
486.46,10.0249,2.36516,14.057,11.4251,32.9028,1.57701,-138.719,262.864
486.48,10.0244,2.43332,14.057,11.4715,32.4368,1.57701,-138.719,263.394
486.5,10.0244,2.28046,13.9653,11.4716,31.9693,1.57701,-138.719,264.457
486.52,10.0239,2.28489,13.8279,11.518,31.6199,1.57701,-138.719,260.215
486.54,10.0228,2.25224,13.7362,11.518,31.6193,1.58015,-140.919,257.558
486.56,10.0196,2.26387,13.5985,11.518,31.3276,1.57306,-140.922,255.429
486.58,10.0196,2.38994,13.5527,11.518,30.9199,1.57306,-140.922,255.429
486.6,10.0233,2.36325,13.4153,11.4717,30.8028,1.57306,-140.922,255.96
486.62,10.0207,2.36083,13.4151,11.6109,30.5692,1.57306,-140.922,255.429
486.64,10.0207,2.25463,13.4151,11.7037,30.3362,1.57306,-140.922,255.429
486.66,10.0255,2.27183,13.4609,11.6109,30.1609,1.57306,-140.922,255.96
486.68,10.0223,2.31165,13.4151,11.5645,30.1609,1.56991,-136.578,255.429
486.7,10.0233,2.31708,13.4609,11.5645,30.1609,1.57168,-136.578,252.778
486.72,10.0233,2.29673,13.3693,11.5645,30.2775,1.57168,-136.578,247.464
486.74,10.0244,2.35661,13.3693,11.5181,30.3358,1.57168,-136.578,245.343
486.76,10.0239,2.38998,13.415,11.518,30.6854,1.57168,-136.578,250.112
486.78,10.0233,2.40971,13.5068,11.4251,31.0943,1.57168,-136.578,247.464
486.8,10.0233,2.4329,13.5984,11.4715,31.6768,1.57168,-136.578,255.417
486.82,10.0233,2.48018,13.5069,11.3325,31.6777,1.58364,-142.231,262.322
486.84,10.0228,2.46549,13.5985,11.3323,31.911,1.59424,-142.24,257.553
486.86,10.0212,2.4921,13.8274,11.3323,32.4353,1.59424,-142.24,253.312
486.88,10.0212,2.44531,13.8735,11.2859,32.902,1.59424,-142.24,249.594
486.9,10.0212,2.3971,13.8736,11.1929,33.4861,1.59424,-142.24,248.526
486.92,10.0223,2.36184,14.0567,11.2857,33.9521,1.59424,-142.24,245.344
486.94,10.0207,2.32332,14.2862,11.2858,33.9528,1.59424,-142.24,250.119
486.96,10.0207,2.28674,14.3779,11.3323,34.3612,1.58863,-140.078,252.243
486.98,10.0233,2.47129,14.6526,11.2395,34.536,1.58333,-140.078,254.364
487,10.0212,2.47502,14.7447,11.2394,34.7696,1.58332,-140.078,259.678
487.02,10.0212,2.30803,14.882,11.4249,34.6531,1.58332,-140.078,266.571
487.04,10.0212,2.34637,14.8822,11.3788,34.7112,1.58332,-140.078,271.353
487.06,10.0201,2.31047,15.0198,11.4251,34.5946,1.58332,-140.078,269.767
487.08,10.0185,2.31365,15.0656,11.5179,34.6528,1.58332,-140.078,272.949
487.1,10.0185,2.34294,15.2487,11.4253,34.6529,1.57702,-138.988,269.242
487.12,10.0148,2.42069,15.4324,11.518,34.8279,1.57346,-138.987,265.519
487.14,10.0148,2.40464,15.524,11.518,35.0609,1.57346,-138.987,267.11
487.16,10.0153,2.45449,15.6158,11.6109,35.353,1.57346,-138.987,267.643
487.18,10.0153,2.4587,15.6158,11.6109,35.6447,1.57346,-138.987,262.864
487.2,10.0143,2.53055,15.57,11.6109,35.5864,1.57346,-138.987,260.213
487.22,10.0121,2.44242,15.57,11.7502,35.7613,1.57346,-138.987,257.553
487.24,10.011,2.43508,15.6157,11.843,35.7613,1.58459,-142.667,254.372
487.26,10.011,2.48007,15.4785,11.8431,35.9943,1.57933,-142.673,251.186
487.28,10.0121,2.42462,15.3407,11.9825,36.1114,1.57932,-142.673,253.836
487.3,10.0137,2.40122,15.2949,11.9361,36.3444,1.57932,-142.673,257.018
487.32,10.0116,2.39468,15.2949,11.936,36.5195,1.57932,-142.673,256.492
487.34,10.0116,2.45174,15.1573,12.1218,36.8698,1.57932,-142.673,254.898
487.36,10.0116,2.31075,14.9742,12.1682,36.928,1.57932,-142.673,251.187
487.38,10.0121,2.3148,14.8824,12.261,36.9281,1.57369,-138.108,250.121
487.4,10.0121,2.47253,14.6988,12.2611,36.6364,1.57368,-138.101,249.057
487.42,10.01,2.47709,14.5615,12.493,35.5879,1.57368,-138.101,242.164
487.44,10.01,2.28294,14.5155,12.4933,34.6529,1.57368,-138.101,236.843
487.46,10.0094,2.30353,14.5155,12.5398,33.8362,1.57368,-138.101,235.25
487.48,10.0094,2.42661,14.4239,12.6789,33.2537,1.57368,-138.101,235.78
487.5,10.0068,2.35674,14.2404,12.6327,32.7861,1.57368,-138.101,232.064
487.52,10.0105,2.34532,14.1946,12.6791,32.7861,1.57769,-141.288,240.017
487.54,10.0094,2.37115,14.1945,12.6791,32.2036,1.5777,-141.293,247.983
487.56,10.0094,2.32289,14.1487,12.6327,31.7943,1.5777,-141.293,253.836
487.58,10.0089,2.36971,14.2402,12.7254,31.4448,1.5777,-141.293,257.548
487.6,10.0078,2.41825,14.1488,12.6792,31.1531,1.5777,-141.293,258.614
487.62,10.0094,2.32379,14.1487,12.6327,30.9776,1.5777,-141.293,260.209
487.64,10.0094,2.35945,14.1029,12.7718,30.6864,1.5777,-141.293,254.376
487.66,10.0089,2.35996,14.2862,12.7256,30.6859,1.58259,-141.437,255.429
487.68,10.0078,2.3997,14.4238,12.5862,30.5692,1.58787,-141.437,256.491
487.7,10.0078,2.56723,14.5153,12.5862,30.4527,1.58787,-141.437,247.478
487.72,10.0073,2.38755,14.7447,12.5398,30.7442,1.58787,-141.437,244.809
487.74,10.0025,2.51911,14.8362,12.4007,30.9772,1.58787,-141.437,244.278
487.76,10.0036,2.53982,14.8364,12.215,31.6766,1.58787,-141.437,242.687
487.78,10.0036,2.61243,15.1115,11.8431,32.2027,1.58787,-141.437,240.029
487.8,10.0014,2.75393,15.2946,11.5185,32.9599,1.5928,-138.477,235.787
487.82,10.0046,2.51526,15.4322,11.2398,32.9611,1.57881,-138.472,231.539
487.84,10.0052,2.55184,15.6616,11.2394,33.6612,1.57879,-138.472,234.719
487.86,10.0052,2.59864,15.8905,11.0075,34.4766,1.57879,-138.472,235.249
487.88,10.0062,2.5179,15.8909,10.9608,35.1186,1.57879,-138.472,232.069
487.9,10.0041,2.57281,16.0743,10.8678,35.528,1.57879,-138.472,229.939
487.92,10.0014,2.46933,16.2116,10.7751,35.4115,1.57879,-138.472,228.879
487.94,10.0014,2.54961,16.4411,10.7749,35.4113,1.58725,-142.817,224.098
487.96,10.0025,2.4633,16.5786,10.7749,35.4113,1.59946,-142.817,218.257
487.98,10.0046,2.41837,16.7159,10.7749,35.2366,1.59946,-142.817,210.303
488,10.0025,2.48529,16.8995,10.7285,35.0613,1.59946,-142.817,210.822
488.02,10.0025,2.39085,16.8995,10.6821,34.8865,1.59946,-142.817,211.352
488.04,9.99502,2.46558,16.9911,10.8675,34.9445,1.59946,-142.817,212.414
488.06,9.99608,2.47768,16.9912,10.8214,35.1196,1.59946,-142.817,219.319
488.08,9.99555,2.41033,16.9912,10.8214,35.1196,1.58613,-139.938,221.97
488.1,9.99555,2.60034,16.8997,10.6359,35.5274,1.58259,-139.934,224.625
488.12,9.99234,2.45242,16.762,10.6356,35.9363,1.58259,-139.934,231.533
488.14,9.99341,2.40732,16.6704,10.7283,36.1111,1.58259,-139.934,231.533
488.16,9.99341,2.39021,16.6703,10.8214,36.4614,1.58259,-139.934,230.471
488.18,9.99341,2.388,16.5786,10.7285,36.5781,1.58259,-139.934,238.436
488.2,9.99394,2.44022,16.5328,10.7749,36.6946,1.58259,-139.934,243.738
488.22,9.99287,2.47084,16.3952,10.7749,36.6947,1.58177,-140.058,249.588
488.24,9.99287,2.44795,16.4868,10.8213,36.5782,1.57474,-140.058,254.36
488.26,9.99181,2.41806,16.5785,10.8214,36.4033,1.57473,-140.058,253.307
488.28,9.99234,2.40947,16.6245,10.7285,36.2864,1.57473,-140.058,253.836
488.3,9.99447,2.41928,16.716,10.8676,35.8786,1.57473,-140.058,249.594
488.32,9.99448,2.40702,16.7162,10.9606,35.645,1.57473,-140.058,249.588
488.34,9.99181,2.41947,16.7162,10.8214,35.2946,1.57473,-140.058,252.243
488.36,9.99234,2.44134,16.8077,10.9141,35.2946,1.59241,-142.874,253.304
488.38,9.99181,2.44778,16.6247,10.8679,35.0034,1.58029,-142.878,255.956
488.4,9.99181,2.52579,16.3035,10.8678,35.1196,1.58027,-142.878,258.616
488.42,9.99287,2.68962,15.8,10.8678,35.2361,1.58027,-142.878,255.434
488.44,9.99234,2.68658,15.1573,10.9607,35.5863,1.58027,-142.878,251.181
488.46,9.99287,2.75253,15.1573,10.8214,35.9947,1.58027,-142.878,247.464
488.48,9.99287,2.70035,14.608,10.8214,36.6937,1.58027,-142.878,246.934
488.5,9.99234,2.69705,14.2404,10.8214,37.9198,1.58115,-138.143,245.34
488.52,9.99234,2.69262,13.9657,10.7286,37.9198,1.58461,-138.143,244.809
488.54,9.99234,2.61349,13.6906,10.7285,39.3761,1.58461,-138.143,244.809
488.56,9.99127,2.69533,13.6443,10.7749,41.5368,1.58461,-138.143,246.933
488.58,9.99287,2.58082,13.5986,10.7286,43.8668,1.58461,-138.143,247.993
488.6,9.99341,2.52076,13.5985,10.7749,45.7343,1.58461,-138.143,241.632
488.62,9.99341,2.51521,13.5068,10.8214,46.4956,1.58461,-138.143,239.498
488.64,9.99127,2.68073,13.6441,10.7286,44.8063,1.56269,-143.776,233.666
488.66,9.99287,2.60088,13.8277,10.7285,44.8038,1.56794,-143.784,236.843
488.68,9.99341,2.62257,13.9653,10.7285,42.0035,1.56794,-143.784,240.029
488.7,9.99341,2.57778,14.2399,10.6357,39.2076,1.56794,-143.784,239.499
488.72,9.99394,2.409,14.653,10.5892,37.2781,1.56794,-143.784,243.215
488.74,9.99714,2.46633,14.653,10.5892,36.1714,1.56794,-143.784,243.746
488.76,9.99768,2.30736,15.1108,10.4964,35.3542,1.56794,-143.784,244.807
488.78,9.99768,2.38426,15.7992,10.4498,35.0029,1.57204,-142.034,249.588
488.8,9.99822,2.53498,16.4401,10.4962,35.0029,1.56328,-142.034,253.299
488.82,9.99822,2.51339,16.9904,10.4963,34.7117,1.56327,-142.034,257.017
488.84,9.99822,2.32824,17.4039,10.4034,34.6529,1.56327,-142.034,261.271
488.86,9.99768,2.53392,17.4496,10.357,34.6529,1.56327,-142.034,264.452
488.88,9.99982,2.46042,17.4497,10.4497,34.7112,1.56327,-142.034,270.289
488.9,10.0009,2.43412,17.4497,10.5427,34.6529,1.56327,-142.034,269.236
488.92,10.0009,2.44661,17.2666,10.45,34.6529,1.57166,-139.937,266.055
488.94,10.0004,2.30992,16.9912,10.5427,34.6529,1.55425,-139.934,270.829
488.96,10.0009,2.39001,16.762,10.5427,34.7696,1.55425,-139.934,275.609
488.98,9.99716,2.3644,16.5789,10.5427,35.0026,1.55425,-139.934,275.079
489,9.99715,2.40112,16.2118,10.6356,35.2946,1.55425,-139.934,274.016
489.02,9.99768,2.33028,16.2118,10.5892,35.5276,1.55425,-139.934,278.788
489.04,10.0014,2.39357,16.1203,10.6355,35.528,1.55425,-139.934,276.144
489.06,9.99822,2.42893,15.845,10.7285,35.353,1.57273,-143.867,279.857
489.08,9.99822,2.42893,15.6619,10.7285,35.353,1.57101,-143.867,277.206
489.1,9.99928,2.52336,15.5243,10.8212,35.12,1.57101,-143.867,274.551
489.12,9.99822,2.52089,15.2949,10.8214,34.9446,1.57101,-143.867,277.202
489.14,9.99928,2.35841,15.2491,10.8677,34.5951,1.57101,-143.867,275.611
489.16,9.99929,2.38263,15.249,10.8678,34.0695,1.57101,-143.867,278.264
489.18,9.99929,2.36129,15.0656,10.9143,33.7778,1.57101,-143.867,277.202
489.2,9.99982,2.35898,15.0656,10.9606,33.4866,1.56476,-140.104,271.369
489.22,9.99662,2.33291,15.0198,11.0536,33.4861,1.55785,-140.099,266.05
489.24,9.99662,2.49752,15.0656,11.0536,33.1949,1.55785,-140.099,261.808
489.26,9.99822,2.29065,15.0656,11.0072,32.845,1.55785,-140.099,255.969
489.28,9.99822,2.3252,15.0198,11.1465,32.6111,1.55785,-140.099,258.085
489.3,9.99822,2.41803,15.0198,11.2856,32.2033,1.55785,-140.099,252.782
489.32,9.99875,2.32504,15.0198,11.3786,32.0862,1.55785,-140.099,250.123
489.34,9.99715,2.36688,14.9739,11.518,31.911,1.53785,-143.146,251.181
489.36,9.99982,2.37813,15.1113,11.7963,31.911,1.55356,-143.146,242.167
489.38,9.99982,2.5213,15.0199,11.9822,31.8528,1.55359,-143.146,233.139
489.4,9.99715,2.46432,15.0198,11.9825,31.7943,1.55359,-143.146,231.002
489.42,9.99982,2.53698,14.974,12.2607,31.9691,1.55359,-143.146,233.122
489.44,9.99715,2.49781,14.9739,12.5398,32.2027,1.55359,-143.146,224.629
489.46,9.99715,2.44364,15.0198,12.8185,32.6694,1.55359,-143.146,225.16
489.48,9.99928,2.52352,15.0656,12.9576,33.0189,1.54287,-144.01,218.267
489.5,9.99822,2.48976,15.1573,13.0042,33.0194,1.5605,-144.011,211.353
489.52,9.99822,2.47055,15.2947,13.1433,33.8349,1.5605,-144.011,204.46
489.54,9.99822,2.71669,15.2949,13.1436,34.5934,1.5605,-144.011,201.799
489.56,9.99982,2.45383,15.6158,13.0971,35.4696,1.5605,-144.011,204.981
489.58,9.99875,2.39266,15.6158,13.0971,36.0521,1.5605,-144.011,201.269
489.6,9.99875,2.61482,15.7531,13.1435,35.9948,1.5605,-144.011,200.733
489.62,10.0009,2.49729,15.9826,13.0507,35.4113,1.56536,-139.481,200.732
489.64,9.99876,2.58834,16.1657,13.0043,35.4113,1.53728,-139.481,202.853
489.66,9.99875,2.59338,16.3035,13.0042,34.7112,1.53723,-139.481,203.919
489.68,9.99875,2.55887,16.4411,13.0042,34.0695,1.53723,-139.481,201.794
489.7,9.99822,2.57436,16.7615,13.0506,33.7783,1.53723,-139.481,203.915
489.72,9.99768,2.52108,17.0371,13.0042,33.8945,1.53723,-139.481,208.167
489.74,9.99875,2.58587,17.0371,12.8651,34.1858,1.53723,-139.481,212.939
489.76,9.99875,2.48169,17.2202,12.8185,35.0017,1.54903,-144.929,219.839
489.78,9.99929,2.42333,17.4497,12.8649,35.0029,1.54035,-144.937,223.036
489.8,9.99982,2.45252,17.5871,12.7722,35.7019,1.54035,-144.937,226.217
489.82,10.0009,2.40239,17.7704,12.772,36.5185,1.54035,-144.937,226.222
489.84,10.0009,2.53577,17.8623,12.7256,36.9864,1.54035,-144.937,229.939
489.86,9.99982,2.57073,17.8623,12.8183,37.2777,1.54035,-144.937,245.316
489.88,9.99822,2.56969,17.9081,12.6793,37.3364,1.54035,-144.937,247.46
489.9,9.99982,2.43018,18.0457,12.7256,37.2198,1.5553,-142.302,254.898
489.92,9.99982,2.41234,18.1373,12.7256,37.045,1.56562,-142.302,260.731
489.94,9.99875,2.38854,18.1833,12.6791,37.0448,1.56564,-142.302,266.581
489.96,9.99875,2.41579,18.3208,12.6791,36.8698,1.56564,-142.302,270.829
489.98,9.99875,2.4891,18.3666,12.6791,36.8698,1.56564,-142.302,270.299
490,9.99822,2.41095,18.4584,12.6327,36.9281,1.56564,-142.302,274.547
490.02,9.99822,2.33566,18.4584,12.6327,37.1611,1.55425,-142.302,275.607
490.04,9.99982,2.34109,18.4584,12.5863,37.5109,1.55424,-141.212,279.851
490.06,9.99982,2.49374,18.4584,12.5398,37.5115,1.54729,-141.211,279.326
490.08,9.99822,2.44788,18.4126,12.5862,37.8027,1.54729,-141.211,278.796
490.1,10.0004,2.38391,18.2752,12.5862,38.1527,1.54729,-141.211,282.507
490.12,9.99982,2.45572,18.2291,12.4469,38.5616,1.54729,-141.211,284.105
490.14,9.99982,2.486,18.046,12.4933,38.6781,1.54729,-141.211,288.347
490.16,9.99822,2.42826,18.0457,12.5398,39.145,1.54729,-141.211,287.292
490.18,9.99982,2.45717,17.9999,12.4005,39.3783,1.54903,-144.073,286.23
490.2,9.99929,2.36919,17.9083,12.3541,39.6695,1.55249,-144.073,283.048
490.22,9.99929,2.36906,17.7707,12.2611,39.67,1.5525,-144.073,279.857
490.24,9.99822,2.3713,17.6791,12.2611,39.7865,1.5525,-144.073,284.629
490.26,9.99875,2.36614,17.6332,12.2611,39.7867,1.5525,-144.073,279.864
490.28,9.99875,2.38171,17.5414,12.0754,39.3783,1.5525,-144.073,263.926
490.3,9.99982,2.32422,17.5414,12.1217,38.9706,1.55775,-144.073,266.577
490.32,9.99929,2.37171,17.4041,12.1218,38.6204,1.55776,-138.398,265.521
490.34,9.99768,2.36239,17.4497,12.0754,37.9782,1.54222,-138.39,264.988
490.36,9.99768,2.31002,17.4039,12.0754,37.9782,1.54222,-138.39,264.458
490.38,9.99928,2.43456,17.3581,12.1217,37.5704,1.54222,-138.39,259.685
490.4,9.99715,2.2975,17.4039,12.1682,37.3948,1.54222,-138.39,255.96
490.42,9.99715,2.32322,17.3123,12.3074,37.0453,1.54222,-138.39,257.021
490.44,9.99715,2.32326,17.3122,12.3076,36.9281,1.56414,-138.39,262.333
490.46,9.99715,2.27944,17.4039,12.4005,36.6364,1.56414,-143.002,259.678
490.48,9.99715,2.31675,17.3123,12.3541,36.5782,1.55905,-143.002,258.617
490.5,9.99715,2.45072,17.4497,12.3076,36.5781,1.55905,-143.002,257.553
490.52,9.99715,2.44236,17.2666,12.3076,36.3451,1.55905,-143.002,258.614
490.54,9.99928,2.3964,17.2663,12.3539,36.5777,1.55905,-143.002,261.267
490.56,9.99875,2.41838,17.2663,12.2611,36.2864,1.55905,-143.002,253.836
490.58,9.99875,2.30863,17.2663,12.2148,36.4611,1.55531,-143.002,251.185
490.6,9.99875,2.41602,17.2205,12.1683,36.5779,1.5553,-141.46,250.651
490.62,10.0004,2.37117,17.358,12.3076,36.7531,1.56212,-141.458,252.774
490.64,10.0014,2.39551,17.358,12.1685,36.7531,1.56212,-141.458,254.895
490.66,10.0009,2.33819,17.358,12.1682,37.0448,1.56212,-141.458,249.057
490.68,10.0009,2.36415,17.4039,12.1682,36.9281,1.56212,-141.458,249.588
490.7,10.0036,2.36583,17.3581,12.1682,37.1611,1.56212,-141.458,255.951
490.72,10.0052,2.37108,17.358,12.2147,37.1614,1.54752,-141.458,257.022
490.74,10.0052,2.42841,17.4496,12.1683,37.4527,1.54752,-139.361,256.492
490.76,10.0046,2.41521,17.4955,12.1682,37.7444,1.53379,-139.357,258.082
490.78,10.0084,2.37655,17.4497,12.1218,37.7448,1.53377,-139.357,259.678
490.8,10.0084,2.40186,17.4955,12.1218,37.9778,1.53377,-139.357,259.147
490.82,10.0084,2.40604,17.404,12.0754,38.3277,1.53377,-139.357,263.388
490.84,10.0089,2.4893,17.4039,12.0289,38.7366,1.53377,-139.357,266.581
490.86,10.0078,2.52947,17.4039,11.9825,39.0278,1.55412,-139.357,262.87
490.88,10.0089,2.51834,17.175,12.0288,39.2613,1.55415,-143.593,261.803
490.9,10.0089,2.54351,16.9912,11.9825,39.3783,1.55415,-143.599,270.298
490.92,10.0084,2.63951,16.7623,11.9825,39.3783,1.55415,-143.599,278.782
490.94,10.0121,2.63492,16.6245,11.9825,39.32,1.55415,-143.599,275.609
490.96,10.0073,2.53566,16.4411,11.9825,39.0866,1.55415,-143.599,266.581
490.98,10.0073,2.52544,16.4411,12.1216,38.8536,1.55415,-143.599,268.172
491,10.011,2.44242,16.4869,12.0754,38.6199,1.56467,-143.599,272.423
491.02,10.011,2.42452,16.4869,12.1681,38.5034,1.56467,-140.207,268.181
491.04,10.011,2.48232,16.4869,12.2146,38.5032,1.55292,-140.202,272.946
491.06,10.0089,2.51749,16.5328,12.1218,38.5032,1.55291,-140.202,277.733
491.08,10.0078,2.49711,16.6701,12.1218,38.5032,1.55291,-140.202,281.975
491.1,10.0089,2.50556,16.5787,12.1682,37.979,1.55291,-140.202,286.223
491.12,10.0089,2.57619,16.8078,12.1682,37.3948,1.55291,-140.202,284.636
491.14,10.0073,2.40506,16.8078,12.0755,36.5211,1.54423,-140.202,284.636
491.16,10.011,2.37594,16.8078,12.1682,36.1114,1.54421,-141.911,287.292
491.18,10.0105,2.38885,16.762,12.1218,36.1114,1.54084,-141.911,284.636
491.2,10.0105,2.27157,16.9451,12.0291,35.9366,1.54084,-141.911,281.985
491.22,10.0057,2.40611,16.9912,12.0289,35.703,1.54084,-141.911,287.292
491.24,10.0089,2.4119,17.0828,12.0753,35.7612,1.54084,-141.911,285.171
491.26,10.0078,2.5211,17.3118,11.9826,35.7613,1.54084,-141.911,286.758
491.28,10.0078,2.4792,17.3122,12.1218,35.703,1.54084,-141.911,286.23
491.3,10.0094,2.3591,17.4953,11.9363,35.8195,1.5564,-143.576,292.062
491.32,10.0116,2.30184,17.6787,11.9824,35.9944,1.53149,-143.579,282.527
491.34,10.01,2.43044,17.7707,11.9825,35.9947,1.53145,-143.579,272.954
491.36,10.01,2.32438,17.7707,11.9825,36.2277,1.53145,-143.579,272.423
491.38,10.0068,2.37992,17.7707,11.8897,36.461,1.53145,-143.579,270.832
491.4,10.01,2.37152,17.8165,11.7967,36.5197,1.53145,-143.579,269.767
491.42,10.0094,2.4972,17.8165,11.7039,36.811,1.5816,-143.579,266.056
491.44,10.0094,2.54141,17.8165,11.6109,37.1614,1.58168,-139.09,263.926
491.46,10.0084,2.5009,17.7707,11.518,37.5115,1.54968,-139.09,260.209
491.48,10.01,2.46588,17.496,11.4717,37.5115,1.54968,-139.09,256.497
491.5,10.01,2.51737,17.358,11.4716,38.0365,1.54968,-139.09,253.836
491.52,10.0116,2.46602,17.3122,11.4716,38.4443,1.54968,-139.09,248.004
491.54,10.0094,2.47474,17.0833,11.3788,39.1439,1.54968,-139.09,248.525
491.56,10.0089,2.4873,17.0829,11.3787,40.0784,1.5519,-139.09,242.684
491.58,10.0089,2.40586,17.1287,11.3323,41.4181,1.5519,-143.777,240.564
491.6,10.0089,2.38601,17.0372,11.3323,42.7599,1.55349,-143.784,242.151
491.62,10.01,2.43136,17.0371,11.2858,42.7619,1.55349,-143.784,243.746
491.64,10.0084,2.43483,16.9913,11.2858,44.2182,1.55349,-143.784,241.095
491.66,10.0084,2.28943,16.9912,11.3323,44.6287,1.55349,-143.784,244.809
491.68,10.0084,2.43531,17.0371,11.2394,44.0454,1.55349,-143.784,235.25
491.7,10.0094,2.4173,17.0371,11.3321,42.3561,1.51883,-143.784,237.371
491.72,10.0094,2.38358,17.0829,11.2394,40.3117,1.51878,-141.108,236.312
491.74,10.0084,2.37914,17.1287,11.193,38.8555,1.53017,-141.108,242.144
491.76,10.0078,2.28204,17.2203,11.4248,38.8533,1.53019,-141.108,248.516
491.78,10.0094,2.30858,17.2663,11.4251,38.0949,1.53019,-141.108,252.774
491.8,10.0094,2.2795,17.4037,11.3324,37.8036,1.53019,-141.108,259.137
491.82,10.011,2.28663,17.5412,11.4714,37.4537,1.53019,-141.108,266.04
491.84,10.0126,2.31282,17.5414,11.3787,37.4531,1.526,-141.108,265.519
491.86,10.0142,2.29653,17.5414,11.5178,37.4531,1.526,-140.182,268.17
491.88,10.0143,2.34253,17.5414,11.518,37.3949,1.53418,-140.181,267.644
491.9,10.0121,2.38479,17.4497,11.5645,37.3948,1.53419,-140.181,268.705
491.92,10.0132,2.39419,17.3124,11.5645,37.5113,1.53419,-140.181,276.128
491.94,10.0185,2.36525,17.2205,11.7038,37.5115,1.53419,-140.181,279.326
491.96,10.0185,2.41836,17.0829,11.7967,37.7448,1.53419,-140.181,277.733
491.98,10.0169,2.38714,17.0829,11.6112,37.8031,1.52494,-140.181,281.975
492,10.0169,2.39562,17.0371,11.7038,38.0365,1.52493,-144.176,284.105
492.02,10.0169,2.34236,16.9455,11.7038,38.2113,1.52658,-144.176,279.333
492.04,10.0169,2.29873,16.7623,11.6574,38.2115,1.52658,-144.176,275.614
492.06,10.0175,2.43985,16.6703,11.6574,38.3866,1.52658,-144.176,274.547
492.08,10.0159,2.38487,16.5787,11.6574,38.5613,1.52658,-144.176,271.896
492.1,10.018,2.38479,16.4413,11.6574,38.7363,1.52658,-144.176,277.194
492.12,10.018,2.43001,16.4411,11.7967,39.0283,1.49872,-144.176,270.298
492.14,10.0196,2.34085,16.4868,11.7503,38.97,1.49872,-138.892,264.466
492.16,10.0185,2.36425,16.4411,11.7502,39.2033,1.52232,-138.884,262.864
492.18,10.0185,2.54146,16.4411,11.9825,39.2033,1.52232,-138.884,263.926
492.2,10.0164,2.27286,16.5326,11.9825,39.2615,1.52232,-138.884,263.926
492.22,10.0185,2.45335,16.7162,11.9825,39.5533,1.52232,-138.884,261.802
492.24,10.018,2.42659,16.8077,12.0288,39.6116,1.52232,-138.884,251.727
492.26,10.018,2.32437,16.8078,11.9362,39.6699,1.50732,-138.884,249.061
492.28,10.0175,2.39676,16.9454,11.936,39.5533,1.50729,-143.434,250.119
492.3,10.018,2.33411,17.2201,11.8896,39.2038,1.52436,-143.434,252.77
492.32,10.018,2.3372,17.3578,11.936,39.2033,1.52439,-143.434,250.123
492.34,10.018,2.35207,17.4497,11.936,38.7366,1.52439,-143.434,245.34
492.36,10.0191,2.38054,17.6786,11.7969,38.3871,1.52439,-143.434,242.688
492.38,10.0169,2.39902,17.9078,11.7967,38.4448,1.52439,-143.434,246.396
492.4,10.018,2.40738,17.9082,11.9825,38.7366,1.53176,-143.434,245.34
492.42,10.018,2.4115,18.0455,11.797,39.0861,1.53176,-141.975,244.809
492.44,10.0207,2.54399,18.2291,11.7502,39.6117,1.54029,-141.972,243.215
492.46,10.0191,2.53369,18.3208,11.8896,39.6117,1.54029,-141.972,244.809
492.48,10.0185,2.43426,18.5497,11.8896,40.1359,1.54029,-141.972,249.05
492.5,10.0185,2.41343,18.4125,11.8431,40.7201,1.54029,-141.972,252.774
492.52,10.0175,2.61038,18.5041,11.7504,40.9531,1.54029,-141.972,253.835
492.54,10.0175,2.59385,18.5042,11.843,41.0699,1.53661,-141.972,258.608
492.56,10.0175,2.54721,18.5042,11.7502,41.1284,1.53661,-139.502,266.05
492.58,10.0185,2.50623,18.3669,11.7039,41.012,1.51445,-139.502,267.111
492.6,10.0201,2.43522,18.3209,11.7502,41.0118,1.51441,-139.502,261.81
492.62,10.0201,2.39248,18.1374,11.7502,40.8951,1.51441,-139.502,261.271
492.64,10.0201,2.32418,18.0001,11.6111,40.6621,1.51441,-139.502,261.801
492.66,10.0185,2.40535,17.8623,11.518,40.2534,1.51441,-139.502,267.643
492.68,10.0207,2.36843,17.8623,11.5645,39.9033,1.53824,-139.502,273.485
492.7,10.0201,2.36698,17.725,11.6108,39.4374,1.53824,-143.428,273.485
492.72,10.0201,2.35482,17.5873,11.5645,38.7949,1.54999,-143.434,275.609
492.74,10.0201,2.48759,17.3584,11.5645,38.7949,1.54999,-143.434,277.73
492.76,10.0212,2.50005,17.3122,11.5645,38.5037,1.54999,-143.434,270.84
492.78,10.0212,2.42476,16.9912,11.518,37.6865,1.54999,-143.434,274.016
492.8,10.0212,2.34753,16.9912,11.518,37.4535,1.54999,-143.434,274.016
492.82,10.0228,2.38175,16.9912,11.5644,36.5212,1.5471,-143.434,272.425
492.84,10.0212,2.40931,16.9454,11.5645,35.878,1.54709,-139.46,268.174
492.86,10.0212,2.40071,16.8081,11.5645,35.2373,1.53198,-139.46,275.597
492.88,10.0207,2.44343,16.6705,11.5645,35.2363,1.53196,-139.46,279.851
492.9,10.0223,2.38815,16.4869,11.7038,34.5946,1.53196,-139.46,274.016
492.92,10.018,2.40724,16.3038,11.7502,34.2451,1.53196,-139.46,270.304
492.94,10.018,2.24838,16.3494,11.7502,33.7195,1.53196,-139.46,264.988
492.96,10.0201,2.32996,16.3494,11.7502,33.4278,1.53196,-139.46,267.112
492.98,10.0201,2.32845,16.1205,11.843,33.1948,1.53196,-141.927,261.81
493,10.0175,2.33407,16.0284,11.7967,33.1945,1.53364,-141.931,261.271
493.02,10.0175,2.34517,16.0284,11.7967,33.1945,1.53364,-141.931,262.861
493.04,10.0191,2.58501,16.0284,11.7967,32.9032,1.53364,-141.931,261.803
493.06,10.0191,2.55074,16.0284,11.8431,32.7861,1.53364,-141.931,261.802
493.08,10.0233,2.40242,16.0284,11.9823,32.8443,1.53364,-141.931,264.453
493.1,10.0233,2.44782,16.0284,11.9825,32.9609,1.53851,-141.931,261.806
493.12,10.0196,2.387,16.166,11.8896,33.0778,1.53852,-142.59,264.457
493.14,10.0223,2.39659,16.3491,11.8896,33.2525,1.53517,-142.59,255.973
493.16,10.0223,2.40196,16.3494,12.0754,33.2528,1.53517,-142.59,253.836
493.18,10.0212,2.34896,16.5328,12.0754,33.4861,1.53517,-142.59,257.553
493.2,10.0196,2.54739,16.5328,11.8435,33.7191,1.53517,-142.59,249.6
493.22,10.0212,2.53309,16.3952,11.8431,34.2445,1.53517,-142.59,246.402
493.24,10.0212,2.57834,16.3952,11.9823,34.827,1.52545,-142.59,246.932
493.26,10.0207,2.67907,16.3037,11.797,35.5269,1.52543,-142.59,246.933
493.28,10.0201,2.69804,16.166,11.7967,36.5781,1.52543,-138.884,243.215
493.3,10.0212,2.66588,16.0286,11.9358,36.5781,1.52543,-138.884,234.732
493.32,10.0212,2.75363,15.9369,11.8896,38.0343,1.52543,-138.884,229.947
493.34,10.0217,2.80538,15.8909,11.8896,39.5533,1.52543,-138.884,227.815
493.36,10.0191,2.78042,15.8909,11.8432,41.7668,1.52543,-138.884,226.755
493.38,10.0223,2.5682,15.8909,11.9359,44.1001,1.53417,-138.884,219.86
493.4,10.0223,2.79847,15.8909,11.936,46.0872,1.53419,-138.884,221.443
493.42,10.0196,2.7054,15.8451,11.936,47.0192,1.54758,-143.695,216.141
493.44,10.0223,2.64155,15.9367,11.8896,47.0206,1.5476,-143.702,217.726
493.46,10.0207,2.62116,16.0284,11.9825,46.4956,1.5476,-143.702,219.319
493.48,10.0207,2.68748,16.0284,11.9361,44.8063,1.5476,-143.702,219.849
493.5,10.0201,2.42986,16.0284,12.0289,42.0619,1.5476,-143.702,217.195
493.52,10.0196,2.43754,16.2573,12.0289,39.3241,1.55641,-143.702,219.846
493.54,10.0217,2.43228,16.3034,12.0289,37.223,1.55643,-143.702,212.427
493.56,10.0217,2.35775,16.4869,12.1682,36.1114,1.55142,-140.613,222.505
493.58,10.0212,2.31009,16.67,12.0755,36.1114,1.55142,-140.613,229.928
493.6,10.0201,2.34992,16.8076,12.2145,35.4706,1.55142,-140.613,231
493.62,10.0201,2.39989,16.8995,12.2147,35.0613,1.55142,-140.613,238.436
493.64,10.0212,2.40188,16.8995,12.3074,35.003,1.55142,-140.613,237.376
493.66,10.0201,2.35774,16.8995,12.3076,35.0029,1.54257,-140.613,237.905
493.68,10.0207,2.42635,16.8078,12.2611,35.0613,1.54257,-140.613,238.967
493.7,10.0207,2.40562,16.6705,12.2148,35.0613,1.55599,-140.634,243.209
493.72,10.0212,2.49185,16.3494,12.2147,35.178,1.55601,-140.634,251.181
493.74,10.0196,2.48728,16.1663,12.2147,35.3527,1.55601,-140.634,253.832
493.76,10.0191,2.52787,16.166,12.2147,35.586,1.55601,-140.634,260.729
493.78,10.0191,2.49526,15.8909,12.1682,35.7613,1.55601,-140.634,258.616
493.8,10.0207,2.50254,15.7078,12.1682,36.1108,1.55601,-140.634,260.736
493.82,10.0223,2.44331,15.5702,12.1219,36.4026,1.53985,-140.634,259.679
493.84,10.0217,2.39039,15.3407,12.1218,36.4031,1.54833,-143.476,265.519
493.86,10.0217,2.32753,15.2492,12.1218,36.8108,1.54833,-143.476,265.519
493.88,10.0212,2.47331,15.249,12.0291,36.9279,1.54833,-143.476,266.579
493.9,10.0185,2.42122,15.249,11.9825,36.6364,1.54833,-143.476,263.395
493.92,10.0223,2.4669,15.1117,11.9361,35.8792,1.54833,-143.476,261.804
493.94,10.0223,2.34267,15.0656,11.936,35.1196,1.54833,-143.476,257.553
493.96,10.0201,2.31028,14.9281,11.7038,35.1196,1.53821,-143.476,262.333
493.98,10.0217,2.30419,14.8365,11.6574,34.6536,1.54849,-138.295,253.319
494,10.0217,2.3439,14.7447,11.6574,34.4196,1.5485,-138.287,244.277
494.02,10.0217,2.32149,14.7447,11.4255,34.3031,1.5485,-138.287,245.338
494.04,10.0212,2.43985,14.5616,11.4251,34.2446,1.5485,-138.287,243.219
494.06,10.0191,2.40463,14.6071,11.4251,34.4196,1.5485,-138.287,249.057
494.08,10.0191,2.39644,14.5156,11.4715,34.4196,1.5485,-138.287,253.829
494.1,10.0212,2.43227,14.2866,11.5643,34.4196,1.56787,-138.287,261.259
494.12,10.0212,2.67654,14.3779,11.7967,34.4779,1.5679,-143.27,264.457
494.14,10.0217,2.60887,14.1948,11.8894,34.4779,1.5679,-143.27,259.155
494.16,10.0217,2.37559,14.1945,12.1682,34.1279,1.5679,-143.27,261.802
494.18,10.0233,2.31659,14.1487,12.1682,33.9528,1.5679,-143.27,257.022
494.2,10.0201,2.35451,14.1487,12.261,33.1956,1.5679,-143.27,260.734
494.22,10.0207,2.37771,14.1487,12.4933,33.1945,1.5679,-143.27,258.085
494.24,10.0207,2.27671,14.0571,12.6325,32.7285,1.5679,-143.27,254.903
494.26,10.0217,2.49908,14.057,12.6791,32.2035,1.5679,-140.782,249.066
494.28,10.0196,2.48825,14.057,12.772,31.911,1.5679,-140.778,250.119
494.3,10.0196,2.42743,13.9654,12.8184,31.3868,1.5679,-140.778,248.528
494.32,10.0201,2.36333,13.9653,12.8185,31.2695,1.5679,-140.778,251.707
494.34,10.0212,2.45006,13.9653,12.8185,31.0359,1.5679,-140.778,255.96
494.36,10.0207,2.4384,13.8279,12.8648,31.0359,1.5679,-140.778,262.323
494.38,10.0207,2.35979,13.8277,12.8185,31.0942,1.53695,-140.778,264.454
494.4,10.0201,2.3541,13.736,12.7256,30.9776,1.56118,-139.028,271.892
494.42,10.0207,2.48762,13.736,12.7256,31.0358,1.56118,-139.028,279.315
494.44,10.0223,2.4983,13.6443,12.6327,31.211,1.56118,-139.028,278.264
494.46,10.0223,2.38903,13.5985,12.6327,31.0943,1.56118,-139.028,280.919
494.48,10.0217,2.47746,13.5527,12.4008,31.0943,1.56118,-139.028,274.556
494.5,10.0223,2.46591,13.4609,12.2611,30.9776,1.56118,-139.028,265.519
494.52,10.0207,2.33438,13.4609,12.0756,30.9193,1.54263,-139.028,259.687
494.54,10.0207,2.36129,13.3236,11.5189,31.0358,1.56898,-142.42,252.254
494.56,10.0228,2.4243,13.3234,11.3323,30.9193,1.56902,-142.425,256.491
494.58,10.0212,2.40929,13.2776,10.8222,30.9193,1.56902,-142.425,251.719
494.6,10.0196,2.30294,13.1402,10.8214,30.7445,1.56902,-142.425,250.121
494.62,10.0196,2.44432,12.9108,10.5892,30.7442,1.56902,-142.425,250.65
494.64,10.0196,2.39228,12.6819,10.45,30.919,1.56902,-142.425,253.831
494.66,10.0201,2.39936,12.5898,10.3105,31.0359,1.57887,-142.425,258.616
494.68,10.0196,2.4035,12.5898,10.3569,31.2693,1.56311,-138.678,263.926
494.7,10.0196,2.48479,12.4525,10.2178,31.677,1.56311,-138.678,267.107
494.72,10.0228,2.46484,12.4064,10.2176,32.4361,1.56311,-138.678,267.112
494.74,10.0233,2.48665,12.4522,10.2176,33.135,1.56311,-138.678,269.763
494.76,10.0233,2.40017,12.4523,10.0321,33.1361,1.56311,-138.678,266.586
494.78,10.0217,2.53359,12.4523,10.0783,34.3612,1.56311,-138.678,263.926
494.8,10.0207,2.39861,12.4523,10.0319,35.235,1.57678,-138.678,260.214
494.82,10.0212,2.38342,12.5896,9.98546,35.411,1.55779,-141.823,259.678
494.84,10.0212,2.39965,12.5898,10.0783,34.7696,1.55776,-141.828,257.022
494.86,10.0196,2.4192,12.6814,10.0783,33.6046,1.55776,-141.828,259.143
494.88,10.0223,2.40936,12.7731,9.93916,33.6028,1.55776,-141.828,263.388
494.9,10.0207,2.44806,12.7732,9.93894,32.5527,1.55776,-141.828,263.926
494.92,10.0207,2.48468,13.0021,10.0317,32.0285,1.55776,-141.828,269.228
494.94,10.0212,2.32631,13.0025,9.93894,31.736,1.5499,-141.828,270.298
494.96,10.0185,2.31529,13.14,9.98539,31.4443,1.53428,-141.149,272.954
494.98,10.0212,2.31859,13.3231,9.89264,31.3861,1.53428,-141.149,275.605
495,10.0212,2.36697,13.6902,9.8925,31.386,1.53428,-141.149,281.981
495.02,10.0207,2.33048,13.9191,9.8925,30.9782,1.53428,-141.149,285.693
495.04,10.0212,2.31132,14.1025,9.93887,30.6864,1.53428,-141.149,281.457
495.06,10.0212,2.37072,14.2404,9.8925,30.2775,1.53428,-141.149,285.698
495.08,10.0212,2.26579,14.2404,9.84613,29.7533,1.54132,-141.149,284.638
495.1,10.0212,2.338,14.2861,9.75331,29.403,1.54133,-139.812,283.046
495.12,10.0207,2.35041,14.1487,9.8925,29.1691,1.55688,-139.81,277.733
495.14,10.0207,2.35407,14.0571,9.8925,29.1691,1.55688,-139.81,274.552
495.16,10.0223,2.46294,13.7819,9.79961,29.2858,1.55688,-139.81,268.174
495.18,10.0185,2.52008,13.2776,9.79961,29.4025,1.55688,-139.81,265.519
495.2,10.0196,2.49539,12.7282,9.84599,29.8102,1.55688,-139.81,258.626
495.22,10.0196,2.71397,12.7274,9.75317,30.3942,1.55688,-139.81,253.305
495.24,10.0212,2.55828,12.178,9.84592,31.2097,1.55688,-139.81,243.231
495.26,10.0217,2.57706,11.8568,9.84606,32.4342,1.58111,-143.244,243.215
495.28,10.0207,2.7025,11.627,9.70673,32.4361,1.58114,-143.249,243.746
495.3,10.0207,2.7707,11.4897,9.70673,34.1835,1.58114,-143.249,238.974
495.32,10.0201,2.79565,11.3979,9.7531,36.5744,1.58114,-143.249,242.679
495.34,10.0185,2.73752,11.3978,9.70673,39.3783,1.58114,-143.249,238.967
495.36,10.0191,2.67323,11.4436,9.70673,42.0578,1.56921,-143.249,237.907
495.38,10.0191,2.63971,11.4436,9.61398,43.9258,1.5692,-143.249,236.845
495.4,10.0217,2.6013,11.4436,9.61384,44.3954,1.5727,-143.249,229.408
495.42,10.0207,2.58791,11.581,9.61384,44.3954,1.5727,-139.59,233.12
495.44,10.0207,2.56225,11.7646,9.52095,42.7036,1.5727,-139.584,233.126
495.46,10.0185,2.53561,11.948,9.66028,40.6034,1.5727,-139.584,240.029
495.48,10.0217,2.42228,11.948,9.66028,39.0307,1.5727,-139.584,242.15
495.5,10.0228,2.50295,12.3148,9.70673,37.9782,1.5677,-139.584,241.091
495.52,10.0228,2.3727,12.7725,9.70673,37.7452,1.5677,-139.584,240.031
495.54,10.0196,2.39111,13.3683,9.56761,37.7448,1.57121,-139.584,238.439
495.56,10.018,2.34327,14.1487,9.75317,37.3365,1.57122,-139.584,246.402
495.58,10.0196,2.33942,14.8353,9.66042,36.8705,1.57122,-139.584,254.885
495.6,10.0196,2.46416,15.5688,9.84577,36.229,1.57122,-143.49,262.321
495.62,10.0196,2.52391,15.57,9.8925,35.2363,1.57122,-143.496,270.829
495.64,10.0217,2.48067,15.982,9.8925,34.5373,1.57122,-143.496,278.783
495.66,10.0244,2.39649,16.1201,9.98539,33.8945,1.57872,-143.496,285.698
495.68,10.0244,2.33596,16.2577,10.0318,33.8945,1.56474,-143.496,286.76
495.7,10.0196,2.35521,16.0288,10.0318,33.6033,1.56474,-143.496,287.291
495.72,10.0207,2.38127,15.9367,10.0783,33.2528,1.56474,-143.496,287.823
495.74,10.0207,2.37266,15.7994,10.1246,33.311,1.56474,-143.496,290.474
495.76,10.0191,2.38825,15.7992,10.1247,33.1364,1.56474,-138.911,295.78
495.78,10.0196,2.24032,15.57,10.1247,33.4278,1.56474,-138.904,297.912
495.8,10.0196,2.21555,15.4784,10.1711,33.4861,1.57419,-138.904,294.201
495.82,10.0196,2.36479,15.3867,10.032,33.4861,1.5794,-138.904,293.665
495.84,10.0212,2.40316,15.2032,10.0318,33.7195,1.57941,-138.904,287.823
495.86,10.0196,2.36431,15.1574,10.1246,33.836,1.57941,-138.904,289.944
495.88,10.0185,2.35429,15.1573,10.1711,33.7779,1.57941,-138.904,292.068
495.9,10.0185,2.33578,14.9281,10.2641,33.4861,1.57941,-138.904,285.698
495.92,10.0169,2.46003,14.745,10.2641,33.2531,1.57941,-138.904,291.001
495.94,10.0207,2.47467,14.7447,10.1247,33.1361,1.57595,-143.414,296.319
495.96,10.0191,2.27034,14.5613,10.2176,33.1361,1.57595,-143.414,304.285
495.98,10.0191,2.25391,14.5613,10.3104,32.9614,1.57595,-143.414,298.452
496,10.0207,2.34817,14.3779,10.3105,32.9028,1.57595,-143.414,293.133
496.02,10.0201,2.35329,14.3779,10.3569,32.7863,1.57595,-143.414,288.891
496.04,10.0207,2.25997,14.3321,10.4497,32.7861,1.57595,-143.414,286.234
496.06,10.0207,2.31019,14.2862,10.5427,32.9028,1.57595,-143.414,281.45
496.08,10.0169,2.30858,14.332,10.6818,32.9028,1.58114,-143.414,277.739
496.1,10.0201,2.29169,14.1947,10.682,32.5533,1.57422,-143.414,274.021
496.12,10.0201,2.20277,14.2404,10.9143,32.5527,1.57421,-139.707,266.581
496.14,10.0207,2.33957,14.2404,11.0998,32.2615,1.57421,-139.707,260.749
496.16,10.0201,2.33902,14.2862,11.1,32.1444,1.57421,-139.707,258.085
496.18,10.0207,2.31006,14.2404,11.5645,31.911,1.57421,-139.707,255.96
496.2,10.0207,2.38705,14.4693,11.8891,31.678,1.57421,-139.707,254.9
496.22,10.018,2.41407,14.5155,12.1682,31.6777,1.57247,-139.707,257.022
496.24,10.0185,2.32561,14.7443,12.1682,31.3864,1.569,-139.707,257.553
496.26,10.0185,2.33188,14.7447,12.5856,31.4442,1.569,-139.707,254.902
496.28,10.0185,2.41595,14.8364,12.6327,31.2693,1.569,-139.707,254.898
496.3,10.018,2.31188,14.9279,12.6791,31.5023,1.569,-143.059,251.187
496.32,10.0185,2.33595,15.1112,12.6791,31.7356,1.569,-143.064,252.241
496.34,10.0207,2.38693,15.2032,12.6327,31.736,1.569,-143.064,244.809
496.36,10.0207,2.44507,15.2947,12.6327,32.0272,1.56552,-143.064,241.097
496.38,10.018,2.53525,15.4322,12.6327,32.3772,1.58289,-143.064,234.198
496.4,10.0217,2.5329,15.4324,12.6327,32.9611,1.58291,-143.064,238.436
496.42,10.0217,2.45092,15.524,12.5863,33.6018,1.58291,-143.064,241.087
496.44,10.0217,2.45498,15.6158,12.5398,34.1862,1.58291,-143.064,243.746
496.46,10.0223,2.4522,15.6616,12.5398,34.1862,1.58291,-139.543,242.684
496.48,10.0228,2.42851,15.7074,12.5398,34.8269,1.58291,-139.543,244.275
496.5,10.0217,2.41085,15.7992,12.5862,35.2946,1.57278,-139.543,245.871
496.52,10.0217,2.55957,15.7534,12.5862,35.6441,1.57628,-139.543,243.75
496.54,10.0239,2.50386,15.7533,12.4471,35.5864,1.57628,-139.543,250.639
496.56,10.0217,2.50745,15.7075,12.4933,35.878,1.57628,-139.543,253.305
496.58,10.0217,2.38401,15.8906,12.447,35.8198,1.57628,-139.543,249.063
496.6,10.0212,2.32164,15.8451,12.4469,35.8197,1.57628,-139.543,248.527
496.62,10.0212,2.35605,15.845,12.3076,35.878,1.57628,-139.543,246.402
496.64,10.0217,2.38234,15.8908,12.2612,35.9945,1.54392,-142.791,246.402
496.66,10.0217,2.38238,15.8909,12.2611,35.878,1.56179,-142.796,249.057
496.68,10.0233,2.33986,15.7992,12.3076,35.878,1.56179,-142.796,250.65
496.7,10.0228,2.3748,15.7992,12.2148,35.5868,1.56179,-142.796,244.817
496.72,10.0228,2.34663,15.7992,12.2147,35.178,1.56179,-142.796,244.277
496.74,10.0228,2.34296,15.7992,12.2147,35.178,1.56179,-142.796,244.808
496.76,10.0233,2.44992,15.6161,12.1683,34.6537,1.56179,-142.796,250.641
496.78,10.0244,2.44219,15.6158,12.1682,34.1862,1.55521,-142.796,251.712
496.8,10.0217,2.36661,15.7531,12.1219,34.1279,1.56061,-142.796,254.893
496.82,10.0217,2.43231,15.616,11.9363,34.1279,1.56062,-141.069,249.066
496.84,10.0201,2.33852,15.5241,11.936,34.0112,1.56062,-141.066,251.978
496.86,10.0239,2.30729,15.5241,11.8896,33.8947,1.56062,-141.066,249.326
496.88,10.0239,2.3266,15.5699,11.8896,33.778,1.56062,-141.066,250.913
496.9,10.0228,2.34888,15.4324,11.8896,33.5445,1.56062,-141.066,257.288
496.92,10.0223,2.41431,15.3866,11.7505,33.5445,1.56062,-141.066,257.023
496.94,10.0223,2.41056,15.3866,11.8431,33.4861,1.56644,-141.066,259.678
496.96,10.0223,2.28761,15.249,11.8431,33.3695,1.56824,-136.99,257.022
496.98,10.0249,2.30267,15.0659,11.7968,33.3695,1.56824,-136.99,257.553
497,10.0239,2.44273,15.0656,11.7038,33.3111,1.56824,-136.99,258.085
497.02,10.0217,2.43928,15.0656,11.7038,33.1364,1.56824,-136.99,258.085
497.04,10.0217,2.29554,14.8367,11.7502,32.7866,1.56824,-136.99,254.903
497.06,10.0217,2.29435,14.7905,11.518,32.7861,1.56824,-136.99,255.429
497.08,10.0207,2.30873,14.7905,11.518,32.9608,1.56824,-142.499,253.308
497.1,10.0228,2.36714,14.699,11.6571,32.9611,1.57643,-142.508,253.57
497.12,10.0228,2.3413,14.4696,11.6109,33.0194,1.55503,-142.508,254.898
497.14,10.0217,2.54912,14.4696,11.5645,33.0194,1.55503,-142.508,254.633
497.16,10.0223,2.51522,14.5155,11.5645,33.0194,1.55503,-142.508,253.836
497.18,10.0223,2.48496,14.3321,11.518,33.0194,1.55503,-142.199,257.022
497.2,10.0207,2.39915,14.1947,11.518,33.0194,1.55503,-141.891,255.167
497.22,10.0233,2.27995,14.1945,11.518,33.1945,1.55503,-141.89,250.916
497.24,10.0207,2.29542,14.1487,11.6571,32.845,1.55503,-141.89,252.241
497.26,10.0207,2.30267,14.1487,11.6574,32.6697,1.57157,-141.89,246.676
497.28,10.0233,2.29993,14.1487,11.6574,32.6694,1.54519,-140.058,247.198
497.3,10.0223,2.32371,13.9656,11.7037,32.3782,1.54519,-140.058,245.873
497.32,10.0212,2.32919,13.9653,11.7038,32.0865,1.54519,-140.058,243.22
497.34,10.0212,2.4553,13.9653,11.7038,32.086,1.54519,-140.058,245.34
497.36,10.0217,2.37121,13.8737,11.7966,31.9695,1.54519,-138.238,246.135
497.38,10.0212,2.3211,13.7362,11.7503,31.9693,1.54519,-136.416,246.931
497.4,10.0207,2.38666,13.736,11.7502,31.911,1.54519,-136.413,248.26
497.42,10.0207,2.39795,13.736,11.7502,31.911,1.56462,-136.413,251.707
497.44,10.0212,2.29791,13.6443,11.7967,31.6777,1.56465,-137.494,250.119
497.46,10.0233,2.29174,13.6443,11.7967,31.6777,1.55251,-138.575,251.712
497.48,10.0223,2.47396,13.5986,11.7503,31.6777,1.55251,-138.575,253.303
497.5,10.0223,2.40794,13.5068,11.7502,31.5026,1.55251,-140.305,258.085
497.52,10.0217,2.32904,13.5068,11.7502,31.5026,1.55251,-142.032,260.205
497.54,10.0217,2.35101,13.5068,11.7039,31.5026,1.55251,-142.034,267.367
497.56,10.0212,2.2638,13.5526,11.7038,31.3276,1.55251,-142.034,266.05
497.58,10.0212,2.37522,13.5526,11.7038,31.3276,1.55251,-142.034,268.436
497.6,10.0223,2.29904,13.5526,11.5647,31.3276,1.56224,-142.034,261.282
497.62,10.0223,2.28955,13.5985,11.7038,31.211,1.57087,-142.034,258.881
497.64,10.0223,2.36972,13.5985,11.7038,31.6769,1.57087,-141.561,257.821
497.66,10.0212,2.3296,13.6902,11.6574,31.6777,1.57087,-141.561,256.226
497.68,10.0223,2.35448,13.736,11.7502,31.5026,1.57087,-141.561,252.243
497.7,10.0223,2.36833,13.736,11.843,31.6191,1.57087,-139.32,250.918
497.72,10.0223,2.3796,13.8736,11.936,31.6193,1.57087,-137.072,250.119
497.74,10.0239,2.41913,14.1482,11.936,31.6776,1.57087,-137.072,246.672
497.76,10.0233,2.34437,14.1944,12.0288,32.0272,1.57087,-136.589,243.221
497.78,10.0217,2.35392,14.1945,12.0754,32.0277,1.54416,-136.104,243.215
497.8,10.0217,2.49866,14.3318,12.0754,32.3772,1.52143,-136.104,240.299
497.82,10.0228,2.38549,14.5609,12.3536,32.9602,1.5214,-136.104,239.234
497.84,10.0239,2.45236,14.5613,12.3076,32.9611,1.5214,-141.622,237.64
497.86,10.0233,2.4964,14.836,12.4931,33.1358,1.5214,-141.622,238.17
497.88,10.0233,2.5623,15.0195,12.5397,33.3691,1.5214,-141.622,240.822
497.9,10.018,2.49242,15.0198,12.5862,33.3695,1.5214,-142.024,242.153
497.92,10.0233,2.47456,15.2029,12.7717,33.8355,1.5214,-142.425,237.116
497.94,10.0228,2.42,15.4783,12.6791,34.1279,1.5214,-142.425,233.657
497.96,10.0228,2.4863,15.4783,12.7256,34.3612,1.53867,-141.952,231.533
497.98,10.0233,2.56931,15.7071,12.8647,34.3612,1.518,-141.479,230.472
498,10.0207,2.54925,15.8909,12.8649,34.0695,1.51797,-141.478,225.691
498.02,10.0207,2.32624,15.8909,12.8649,33.8948,1.51797,-141.478,225.691
498.04,10.0196,2.52109,15.9824,12.7258,33.8945,1.51797,-140.368,228.077
498.06,10.0228,2.34374,16.0284,12.7023,33.8945,1.51797,-140.366,227.55
498.08,10.0233,2.33661,16.0284,12.54,34.1275,1.51797,-140.366,228.345
498.1,10.0233,2.36048,16.0284,12.4934,34.1279,1.51797,-136.83,231.793
498.12,10.0207,2.39375,16.1201,12.354,34.3612,1.54284,-136.825,231.267
498.14,10.0223,2.39419,16.1201,12.4004,34.5942,1.54284,-136.825,234.979
498.16,10.0207,2.39035,15.9826,12.3076,34.5946,1.55301,-137.854,233.922
498.18,10.0207,2.36209,15.6616,12.2611,34.6529,1.55301,-138.884,236.577
498.2,10.0223,2.39442,15.6616,12.3307,34.3034,1.55301,-138.884,236.843
498.22,10.0207,2.38713,15.7075,12.3076,34.3029,1.55301,-138.884,238.436
498.24,10.0233,2.31888,15.5702,12.2844,33.8369,1.55301,-143.14,240.027
498.26,10.0233,2.32247,15.57,12.3075,33.1954,1.55301,-143.146,240.294
498.28,10.0233,2.2869,15.5241,12.3308,33.1945,1.55301,-143.146,238.171
498.3,10.0217,2.27132,15.4783,12.4004,32.845,1.52569,-143.126,234.459
498.32,10.0217,2.30893,15.4325,12.2613,32.2037,1.52565,-143.126,231.537
498.34,10.0228,2.37447,15.4783,12.3772,32.2027,1.51529,-143.126,231.533
498.36,10.0244,2.23595,15.4325,12.3309,32.0862,1.51529,-143.218,237.895
498.38,10.0223,2.24584,15.3866,12.354,31.7948,1.51529,-143.311,232.603
498.4,10.0223,2.29598,15.3866,12.3772,31.7943,1.51529,-143.311,236.046
498.42,10.0223,2.2892,15.4323,12.3772,31.9691,1.51529,-141.07,239.758
498.44,10.0212,2.26687,15.4324,12.3772,31.736,1.51529,-138.822,242.684
498.46,10.0228,2.26246,15.5241,12.4469,31.736,1.51529,-138.822,240.826
498.48,10.0228,2.38703,15.5241,12.4933,31.7942,1.5485,-138.822,241.356
498.5,10.0207,2.20668,15.57,12.4237,31.6193,1.54855,-137.278,240.295
498.52,10.0228,2.21491,15.57,12.4469,31.3281,1.55867,-137.278,238.174
498.54,10.0212,2.43062,15.6157,12.4701,31.3276,1.55869,-137.278,241.352
498.56,10.0212,2.29819,15.7075,12.4005,31.1526,1.55869,-142.075,242.153
498.58,10.0239,2.25075,15.7533,12.4468,31.2109,1.55869,-142.075,243.479
498.6,10.0223,2.26247,15.8449,12.3078,31.1527,1.55869,-142.075,244.011
498.62,10.0223,2.34454,15.845,12.2611,31.0943,1.55869,-143.043,242.419
498.64,10.0223,2.29789,15.845,12.1916,31.036,1.53824,-144.009,238.707
498.66,10.0233,2.2333,15.7075,12.145,31.0943,1.54678,-144.011,238.436
498.68,10.0201,2.25327,15.4095,12.1682,30.7442,1.54678,-144.011,239.233
498.7,10.0223,2.31287,15.1577,12.1219,30.7442,1.54678,-143.045,239.763
498.72,10.0223,2.22129,14.8822,12.0986,30.5692,1.54678,-143.043,243.215
498.74,10.0196,2.25849,14.516,12.1681,30.4527,1.54678,-143.043,245.867
498.76,10.0217,2.26075,14.3781,12.1451,30.2778,1.53257,-141.666,249.317
498.78,10.0223,2.32016,14.2174,12.2147,30.1025,1.52908,-141.664,243.747
498.8,10.0223,2.27131,14.103,12.1683,30.0152,1.52908,-141.664,246.133
498.82,10.0207,2.30126,13.9426,12.2146,29.9859,1.52908,-139.176,245.606
498.84,10.0201,2.27072,13.8277,12.1682,29.9858,1.52908,-136.681,241.888
498.86,10.0201,2.31438,13.7362,12.261,29.8111,1.52908,-136.681,237.116
498.88,10.0233,2.30353,13.7131,12.1684,29.9565,1.54606,-136.681,238.169
498.9,10.0201,2.29446,13.6443,12.1682,30.1025,1.56324,-138.699,237.374
498.92,10.0223,2.2766,13.6672,12.1451,30.3938,1.56324,-138.699,238.434
498.94,10.0223,2.36475,13.5985,12.1682,30.6276,1.56324,-138.699,240.029
498.96,10.0239,2.40665,13.6443,12.145,30.6859,1.56324,-142.878,233.391
498.98,10.0191,2.43494,13.5757,12.1682,30.8607,1.5589,-142.878,228.354
499,9.99448,2.41515,13.5526,12.145,31.211,1.55546,-142.878,225.957
499.02,9.99448,2.52505,13.5755,12.1682,31.4148,1.55546,-142.467,221.185
499.04,9.99181,2.54555,13.5527,12.1219,31.852,1.55546,-142.055,219.587
499.06,9.99287,2.52808,13.7131,12.2147,32.2319,1.55456,-142.055,221.177
499.08,9.98914,2.56853,13.8276,12.2842,33.0474,1.54941,-142.055,222.238
499.1,9.98913,2.52058,13.9651,12.238,33.9806,1.54941,-141.459,219.323
499.12,9.98967,2.53769,14.1487,12.2611,35.5571,1.54941,-141.458,218.788
499.14,9.98753,2.52192,14.3089,12.3075,36.693,1.55122,-141.458,217.727
499.16,9.98753,2.44867,14.4008,12.2844,37.8907,1.54779,-138.637,214.008
499.18,9.98967,2.44867,14.6301,12.3772,39.145,1.54779,-138.637,211.088
499.2,9.987,2.48159,14.6987,12.47,39.5236,1.54825,-138.637,211.353
499.22,9.98593,2.44358,14.7676,12.5166,39.0283,1.55042,-137.473,211.884
499.24,9.98593,2.45835,14.9049,12.5861,37.8924,1.55042,-136.312,209.233
499.26,9.98753,2.38038,14.9509,12.4935,36.4636,1.55042,-136.31,215.327
499.28,9.98593,2.48744,15.0885,12.5398,35.528,1.55317,-138.256,216.664
499.3,9.98433,2.45831,15.2945,12.4934,34.6251,1.55317,-140.199,218.254
499.32,9.98432,2.34776,15.3635,12.4702,33.75,1.55317,-140.202,221.703
499.34,9.98646,2.38863,15.6387,12.4469,33.2528,1.54593,-140.202,224.629
499.36,9.98539,2.37589,15.9134,12.3078,33.2237,1.54507,-142.093,224.364
499.38,9.98486,2.47229,16.2343,12.2844,33.311,1.54507,-142.096,229.136
499.4,9.98486,2.46821,16.4411,12.2379,33.5445,1.54688,-142.096,234.719
499.42,9.98592,2.35356,16.6242,12.1915,33.8066,1.5487,-141.87,237.635
499.44,9.98539,2.38662,16.8078,12.0754,34.1862,1.54871,-141.869,239.233
499.46,9.98539,2.39553,16.9683,12.1218,34.4196,1.55054,-141.869,241.622
499.48,9.98433,2.48118,17.037,11.9363,34.9147,1.55067,-141.479,242.418
499.5,9.98486,2.4515,17.1059,11.8664,35.4113,1.55067,-141.087,239.764
499.52,9.98806,2.43723,17.083,11.8432,35.5861,1.55067,-141.087,241.089
499.54,9.98806,2.4588,17.1058,11.7272,36.2271,1.54712,-141.087,242.152
499.56,9.98432,2.43377,17.1746,11.6574,36.9573,1.54541,-135.733,242.153
499.58,9.98432,2.37461,17.2204,11.5878,37.8019,1.54541,-135.733,244.539
499.6,9.98326,2.38518,17.3578,11.5413,38.2692,1.55282,-135.733,242.687
499.62,9.98325,2.5087,17.4726,11.5645,38.8824,1.55624,-136.372,243.746
499.64,9.98272,2.55211,17.5413,11.5181,39.6688,1.55624,-136.372,243.216
499.66,9.98058,2.52804,17.5643,11.518,40.6617,1.55624,-136.372,245.871
499.68,9.97951,2.45981,17.6102,11.4251,41.4493,1.54944,-139.275,240.295
499.7,9.97951,2.41456,17.6331,11.4947,41.9153,1.54944,-142.174,243.476
499.72,9.98219,2.24299,17.5873,11.518,41.8868,1.54944,-142.178,246.136
499.74,9.98005,2.28182,17.4957,11.5412,41.3335,1.55037,-141.808,245.076
499.76,9.98005,2.53909,17.4956,11.5413,40.2259,1.55037,-141.438,241.893
499.78,9.97898,2.40291,17.4497,11.5645,39.0283,1.55037,-141.437,240.826
499.8,9.98005,2.32719,17.3582,11.634,38.0089,1.54664,-141.437,243.212
499.82,9.98058,2.34336,17.2894,11.6805,37.0462,1.54663,-140.08,243.481
499.84,9.98058,2.36622,17.1976,11.7735,36.4614,1.54663,-140.078,245.074
499.86,9.98005,2.47639,17.2204,11.7271,35.9954,1.5471,-140.078,250.641
499.88,9.97898,2.35203,17.1518,11.843,35.4996,1.54417,-136.727,252.241
499.9,9.98112,2.34815,17.0829,11.8896,35.0029,1.54416,-136.722,254.898
499.92,9.98112,2.29111,17.0143,12.0055,34.6826,1.5465,-136.722,253.838
499.94,9.98112,2.40309,16.762,12.0986,34.4779,1.54717,-135.795,251.978
499.96,9.98058,2.41646,16.6015,12.1218,34.4487,1.54717,-134.869,250.384
499.98,9.98432,2.29565,16.4871,12.2841,34.3905,1.54717,-134.869,253.036
500,9.98432,2.4031,16.2347,12.2611,34.2737,1.55161,-134.869,251.712
500.02,9.97899,2.35941,16.0287,12.2611,34.2155,1.55414,-138.425,255.159
500.04,9.97791,2.38133,15.8682,12.2843,34.0697,1.55415,-138.431,254.368
500.06,9.98165,2.28056,15.7075,12.3308,34.0695,1.55226,-138.431,253.04
500.08,9.98165,2.34015,15.6159,12.4235,33.9822,1.54191,-139.222,254.365
500.1,9.97952,2.38002,15.4098,12.3773,33.6908,1.54189,-140.015,255.428
500.12,9.98165,2.35323,15.3407,12.354,33.6028,1.54759,-140.016,254.633
500.14,9.98058,2.37194,15.1576,12.3772,33.2824,1.5349,-139.379,249.596
500.16,9.98058,2.23871,14.9969,12.3308,33.1945,1.53488,-138.74,251.712
500.18,9.98058,2.29121,14.7905,12.3772,33.1361,1.53488,-138.74,255.429
500.2,9.98005,2.28068,14.6303,12.3772,33.1944,1.54313,-138.74,256.225
500.22,9.98005,2.27731,14.5155,12.3076,33.3403,1.54648,-139.069,254.633
500.24,9.98165,2.35075,14.4468,12.2148,33.515,1.54648,-139.069,250.656
500.26,9.98165,2.40182,14.3551,12.0988,33.6609,1.54638,-139.069,247.469
500.28,9.98058,2.33684,14.2862,11.936,33.9237,1.55311,-133.592,242.153
500.3,9.98058,2.40373,14.2175,11.6114,34.3023,1.55311,-133.592,239.767
500.32,9.98112,2.41239,14.2174,11.2399,34.6524,1.55072,-133.592,240.029
500.34,9.98058,2.38888,14.2633,10.8678,35.0904,1.53819,-133.777,240.295
500.36,9.98058,2.33705,14.332,10.6128,35.4399,1.53819,-133.962,242.681
500.38,9.98058,2.33698,14.3092,10.4037,35.7608,1.53819,-133.963,244.01
500.4,9.97845,2.44677,14.4238,10.3802,36.1697,1.5554,-136.691,243.481
500.42,9.98111,2.44245,14.4695,10.3338,36.6939,1.55208,-139.415,247.723
500.44,9.97951,2.37599,14.653,10.3105,37.0448,1.55208,-139.419,251.447
500.46,9.97951,2.28653,14.7676,10.3105,36.8989,1.54611,-139.419,251.978
500.48,9.97898,2.33366,14.9507,10.3801,36.5203,1.52812,-139.378,253.568
500.5,9.98272,2.31991,15.0656,10.3802,35.9363,1.52809,-139.378,252.243
500.52,9.98165,2.3371,15.3174,10.4729,35.2956,1.5365,-139.378,253.304
500.54,9.98165,2.47997,15.5925,10.4035,34.8286,1.54504,-138.165,256.221
500.56,9.98325,2.43756,15.9597,10.4963,34.5946,1.54505,-138.163,258.085
500.58,9.98059,2.50362,16.2801,10.5195,34.4781,1.54505,-138.163,254.638
500.6,9.98058,2.46089,16.5324,10.5427,34.4779,1.55076,-136.703,250.656
500.62,9.97845,2.58331,16.5328,10.5427,34.4779,1.54676,-135.239,251.181
500.64,9.97951,2.57352,16.4412,10.4963,34.5944,1.54676,-135.239,251.181
500.66,9.98112,2.58068,16.4181,10.5427,34.8279,1.55222,-135.239,255.695
500.68,9.98112,2.55186,16.3494,10.4963,35.1488,1.54666,-132.913,258.085
500.7,9.97898,2.45974,16.2578,10.4963,35.5274,1.54666,-132.913,260.471
500.72,9.97791,2.49529,16.166,10.5892,35.9947,1.54666,-132.913,261.802
500.74,9.97951,2.40687,16.2118,10.4964,36.9267,1.54666,-136.839,260.741
500.76,9.97951,2.36403,16.1432,10.5426,38.1222,1.54666,-136.845,262.33
500.78,9.97951,2.42462,16.2118,10.4963,39.3491,1.54165,-136.845,263.66
500.8,9.97791,2.42976,16.2347,10.4963,39.8151,1.53189,-137.945,267.107
500.82,9.97791,2.50324,16.3263,10.4963,39.4372,1.53188,-139.047,268.438
500.84,9.97791,2.44735,16.3952,10.4963,38.3866,1.53188,-139.049,259.943
500.86,9.97951,2.33591,16.441,10.5426,36.9594,1.5411,-139.049,253.846
500.88,9.98111,2.32824,16.4411,10.5427,35.8797,1.54033,-137.959,254.897
500.9,9.98165,2.37127,16.3494,10.5427,35.2655,1.54033,-137.957,250.384
500.92,9.98165,2.44231,16.006,10.6123,35.0325,1.52919,-137.957,250.65
500.94,9.98058,2.57724,15.3178,10.6124,35.0029,1.54035,-138.163,248.26
500.96,9.98005,2.65134,14.6988,10.6356,35.2071,1.54035,-138.163,241.622
500.98,9.98005,2.62441,14.1724,10.6356,35.3819,1.52569,-138.163,242.153
501,9.98112,2.66221,13.7131,10.6356,35.7322,1.53748,-136.207,244.809
501.02,9.98112,2.5274,13.3469,10.6588,36.1982,1.53748,-134.254,246.134
501.04,9.98005,2.53177,13.1174,10.6356,37.0144,1.53748,-134.251,248.787
501.06,9.98005,2.6004,12.8878,10.6356,37.9782,1.52529,-134.086,245.871
501.08,9.98325,2.49756,12.7734,10.6124,39.1723,1.52944,-133.922,245.871
501.1,9.97899,2.52734,12.7275,10.5428,41.3293,1.52944,-133.921,246.136
501.12,9.98112,2.48136,12.7274,10.6588,43.1411,1.52868,-133.921,245.605
501.14,9.98112,2.49756,12.7732,10.682,43.6071,1.5229,-139.658,244.81
501.16,9.97951,2.53815,12.7962,10.682,42.9369,1.52289,-139.666,248.526
501.18,9.98379,2.49372,12.8649,10.7285,41.3035,1.52595,-139.666,253.04
501.2,9.98379,2.46848,13.0938,10.7749,38.9444,1.53067,-139.677,255.161
501.22,9.98272,2.40772,13.2088,10.7749,37.0448,1.53068,-139.687,255.164
501.24,9.98325,2.31057,13.4835,10.7981,35.705,1.52863,-139.687,253.838
501.26,9.98325,2.45859,13.7814,10.775,34.9458,1.53153,-139.45,261.525
501.28,9.98325,2.33574,14.1487,10.7053,34.4779,1.53154,-139.213,264.191
501.3,9.98165,2.23965,14.5149,10.6357,34.3323,1.53154,-139.213,265.782
501.32,9.98218,2.42812,15.1106,10.6588,34.1282,1.52598,-139.213,273.208
501.34,9.98165,2.4436,15.8909,10.682,34.2154,1.53349,-136.845,272.688
501.36,9.98165,2.38498,16.4402,10.682,34.4192,1.53349,-136.845,274.279
501.38,9.98112,2.38311,16.8073,10.7284,34.536,1.54341,-136.845,275.607
501.4,9.98005,2.32999,16.762,10.8214,34.9154,1.52353,-134.066,276.671
501.42,9.98218,2.3684,16.6247,10.8677,35.1484,1.52353,-134.066,275.876
501.44,9.98219,2.36846,16.464,10.9143,35.4405,1.52505,-134.066,274.547
501.46,9.98432,2.24305,16.2347,11.0071,35.4696,1.51833,-135.445,274.281
501.48,9.98112,2.28709,16.0745,11.1231,35.3823,1.51833,-136.823,276.667
501.5,9.98058,2.39799,15.9367,11.2626,35.353,1.51833,-136.825,275.609
501.52,9.98058,2.38606,15.7765,11.2858,35.2656,1.55416,-136.825,278.79
501.54,9.98005,2.42078,15.5703,11.4481,35.0325,1.57139,-140.176,281.181
501.56,9.98058,2.42324,15.4783,11.4251,34.7988,1.57141,-140.181,285.167
501.58,9.98272,2.34589,15.4096,11.5179,34.6531,1.52995,-140.181,281.986
501.6,9.98272,2.40312,15.3408,11.6571,34.449,1.50686,-139.112,276.944
501.62,9.98058,2.33165,15.2949,11.7967,34.332,1.50682,-139.11,273.219
501.64,9.98432,2.29505,15.1575,11.8431,34.1573,1.50066,-139.11,270.568
501.66,9.98379,2.33483,15.0885,11.8896,33.9528,1.50117,-138.977,269.767
501.68,9.98379,2.45575,14.9969,11.936,33.8362,1.50117,-138.843,267.643
501.7,9.98272,2.42018,14.9282,12.0056,33.8944,1.50117,-138.843,271.62
501.72,9.98432,2.38605,14.8364,12.0521,33.8653,1.51948,-136.629,274.547
501.74,9.98432,2.38605,14.7677,12.0521,33.8362,1.53275,-134.419,272.691
501.76,9.98166,2.42095,14.7218,12.0753,33.7197,1.53277,-134.416,274.809
501.78,9.98272,2.33637,14.6988,12.1682,33.807,1.53477,-134.416,275.343
501.8,9.97792,2.32167,14.6531,12.1682,33.7779,1.53311,-134.046,278.259
501.82,9.97791,2.35882,14.6072,12.2378,33.807,1.53311,-134.045,280.385
501.84,9.97631,2.48525,14.5155,12.2844,33.7487,1.53462,-134.045,284.105
501.86,9.97524,2.37309,14.4926,12.4698,33.4865,1.53613,-139.288,283.045
501.88,9.97631,2.37246,14.4696,12.4006,33.3988,1.53613,-139.296,280.392
501.9,9.97631,2.38369,14.4238,12.5862,33.1069,1.53613,-139.296,282.512
501.92,9.97898,2.33901,14.4009,12.8413,33.0778,1.53834,-139.398,279.066
501.94,9.97524,2.32314,14.4925,13.0507,32.9319,1.53751,-139.502,272.423
501.96,9.97577,2.37723,14.4238,13.3526,32.9611,1.53751,-139.502,271.626
501.98,9.97577,2.33885,14.6069,13.6076,33.0193,1.5343,-139.502,266.854
502,9.97524,2.37763,14.8135,13.6544,33.1945,1.53512,-138.966,265.519
502.02,9.97631,2.36435,14.9737,13.7472,33.4857,1.53512,-138.966,262.338
502.04,9.97631,2.46562,15.2257,13.7473,33.5444,1.53211,-138.966,262.333
502.06,9.9747,2.42742,15.4324,13.7241,33.8945,1.53411,-137.504,259.678
502.08,9.97257,2.44753,15.6155,13.7009,34.3605,1.53411,-137.504,258.352
502.1,9.9763,2.44469,15.9134,13.7473,34.7981,1.53213,-137.504,253.048
502.12,9.97631,2.4405,16.2347,13.608,35.3821,1.53349,-136.094,248.791
502.14,9.97257,2.43202,16.4636,13.5848,35.6734,1.53349,-134.686,238.717
502.16,9.9715,2.61327,16.8308,13.5151,35.8197,1.53349,-134.683,234.719
502.18,9.97203,2.62165,17.0829,13.3293,36.1114,1.53862,-134.683,227.284
502.2,9.97203,2.52612,17.2432,13.3293,36.2279,1.53283,-136.739,224.103
502.22,9.97257,2.60124,17.4956,13.2364,36.4906,1.53282,-136.742,222.239
502.24,9.97257,2.57461,17.7702,13.2596,36.6944,1.53972,-136.742,214.286
502.26,9.9715,2.6395,18.0453,13.051,36.8695,1.53645,-140.628,206.851
502.28,9.9715,2.61066,18.1374,13.0507,37.0156,1.53644,-140.634,211.619
502.3,9.97096,2.53869,18.2748,13.0043,37.1904,1.53644,-140.634,211.619
502.32,9.96883,2.51271,18.3436,12.9115,37.6566,1.53808,-140.593,204.991
502.34,9.96883,2.59256,18.3896,12.9346,37.8907,1.53808,-140.552,203.388
502.36,9.97096,2.55885,18.2752,12.865,38.1819,1.53808,-140.552,204.713
502.38,9.96936,2.4303,18.1376,12.7953,38.328,1.53229,-140.027,205.245
502.4,9.97043,2.41216,18.1145,12.8649,38.4157,1.53976,-139.502,206.839
502.42,9.97043,2.49298,17.8856,12.6794,38.4448,1.53976,-139.502,207.104
502.44,9.96936,2.47788,17.656,12.7488,38.3866,1.53927,-139.502,211.088
502.46,9.96936,2.51696,17.4497,12.7256,38.0074,1.54177,-135.836,212.15
502.48,9.96936,2.53938,17.2666,12.6328,37.687,1.54177,-135.836,216.392
502.5,9.96936,2.44732,17.1288,12.4469,37.3656,1.54376,-135.836,214.539
502.52,9.97096,2.30319,16.9914,12.3773,36.6958,1.54076,-134.706,217.721
502.54,9.9683,2.33624,16.8768,12.4004,36.287,1.54076,-134.704,216.4
502.56,9.96989,2.34096,16.7391,12.4237,35.703,1.54277,-134.704,217.46
502.58,9.96989,2.16833,16.6246,12.4237,35.5282,1.54643,-137.428,221.702
502.6,9.96829,2.31146,16.4871,12.4932,35.3241,1.54644,-140.156,230.722
502.62,9.9715,2.31488,16.5098,12.5166,35.2363,1.54644,-140.16,236.046
502.64,9.9715,2.40827,16.4412,12.5398,35.178,1.54536,-140.16,237.107
502.66,9.96936,2.31453,16.3723,12.4005,35.1488,1.55626,-140.387,241.357
502.68,9.9715,2.34147,16.3035,12.5166,35.353,1.55626,-140.387,243.746
502.7,9.9699,2.34609,16.2349,12.4702,35.353,1.54097,-140.387,241.095
502.72,9.96989,2.3913,16.0743,12.5166,35.6447,1.509,-139.069,238.171
502.74,9.96829,2.34616,16.0743,12.4702,35.8777,1.509,-139.069,242.147
502.76,9.96989,2.45901,16.0056,12.4006,36.1984,1.50808,-139.069,246.13
502.78,9.96989,2.42451,15.845,12.4237,36.5197,1.51571,-138.493,249.588
502.8,9.96989,2.3842,15.7764,12.4237,36.811,1.51571,-137.917,251.709
502.82,9.97096,2.33515,15.6618,12.3773,37.0735,1.51571,-137.916,253.038
502.84,9.96883,2.3346,15.5929,12.354,37.5115,1.53596,-137.916,258.085
502.86,9.96883,2.48962,15.57,12.354,37.861,1.5385,-134.832,264.447
502.88,9.96883,2.408,15.5471,12.2613,38.2984,1.5385,-134.827,268.434
502.9,9.96776,2.38088,15.5241,12.3308,38.3866,1.54135,-134.827,267.112
502.92,9.97096,2.36379,15.5928,12.238,38.2701,1.52954,-136.267,271.619
502.94,9.96722,2.39474,15.6616,12.1915,38.0949,1.52953,-136.269,271.36
502.96,9.96722,2.35699,15.6387,12.1218,37.7157,1.53049,-136.269,275.874
502.98,9.96829,2.37124,15.7074,12.0754,37.2497,1.56013,-138.068,278.525
503,9.96883,2.40515,15.8221,12.0289,36.8406,1.56018,-139.872,278.529
503.02,9.96883,2.24615,15.9594,11.9594,36.5202,1.56018,-139.872,276.409
503.04,9.96883,2.37362,15.9825,11.9129,36.1994,1.54702,-139.656,275.345
503.06,9.96829,2.32181,16.166,11.8664,35.9363,1.54871,-139.44,273.485
503.08,9.96882,2.34758,16.3033,11.7736,35.4995,1.54871,-139.44,272.159
503.1,9.96883,2.44627,16.3035,11.7503,35.3532,1.55529,-139.44,271.627
503.12,9.96722,2.42224,16.1201,11.6806,35.1488,1.5536,-138.06,269.502
503.14,9.96776,2.58789,16.0057,11.6342,35.1779,1.5536,-138.06,272.418
503.16,9.96989,2.59577,15.9367,11.5877,35.0613,1.55688,-138.06,269.502
503.18,9.96989,2.44535,15.9597,11.4484,35.1488,1.55509,-136.547,267.378
503.2,9.96776,2.40474,16.0054,11.4716,35.3527,1.55509,-135.036,263.401
503.22,9.96722,2.48347,16.0972,11.3787,35.9072,1.55273,-135.033,259.678
503.24,9.96829,2.48668,16.1888,11.3323,36.577,1.54699,-134.293,256.231
503.26,9.96829,2.51464,16.2576,11.2395,37.3644,1.54698,-133.552,251.719
503.28,9.96722,2.32424,16.3494,11.2161,38.8824,1.54698,-133.551,242.153
503.3,9.96829,2.33293,16.3265,11.1002,40.0765,1.55075,-133.551,237.912
503.32,9.96776,2.44736,16.3722,11.1928,40.4279,1.55076,-138.711,238.17
503.34,9.96776,2.38882,16.4181,11.0536,39.5533,1.55076,-138.719,233.391
503.36,9.96882,2.32579,16.441,11.0072,38.5631,1.55171,-138.719,234.187
503.38,9.96776,2.33579,16.4868,10.868,37.5422,1.54928,-139.953,232.332
503.4,9.96776,2.28079,16.5098,10.7982,36.5781,1.54928,-139.955,232.86
503.42,9.97363,2.22398,16.6014,10.8213,36.2868,1.55263,-139.955,229.414
503.44,9.97845,2.23793,16.6474,10.7517,36.1405,1.55096,-139.254,228.877
503.46,9.97738,2.28688,16.7391,10.682,36.1697,1.55096,-138.554,226.753
503.48,9.97738,2.32045,16.8077,10.6589,35.995,1.55096,-138.554,230.2
503.5,9.98058,2.32492,16.9454,10.6588,36.053,1.55347,-137.875,227.284
503.52,9.98272,2.22853,17.1514,10.6356,35.8492,1.55013,-137.196,228.61
503.54,9.98592,2.24153,17.2433,10.6588,35.8197,1.55012,-137.195,232.058
503.56,9.98593,2.31773,17.0829,10.6124,35.6738,1.54694,-137.195,232.595
503.58,9.98806,2.32381,16.854,10.6588,35.5865,1.54277,-134.112,234.185
503.6,9.98967,2.25984,16.6706,10.6588,35.5572,1.54276,-134.107,232.597
503.62,9.99074,2.2602,16.464,10.682,35.4113,1.54426,-134.107,233.657
503.64,9.99074,2.41455,16.3038,10.6357,35.2657,1.53911,-134.868,233.392
503.66,9.99127,2.30584,16.1889,10.6124,35.178,1.5391,-135.631,235.25
503.68,9.99394,2.30853,16.1201,10.6588,34.9446,1.5391,-135.631,235.781
503.7,9.99394,2.25767,15.9828,10.7052,34.9155,1.54735,-137.861,238.697
503.72,9.99287,2.39997,15.9367,10.6124,34.7404,1.54654,-140.099,236.312
503.74,9.99928,2.37198,15.9596,10.6356,34.7113,1.54654,-140.099,234.191
503.76,9.99715,2.3242,15.891,10.6356,34.7404,1.53647,-140.099,236.574
503.78,9.99715,2.22612,15.845,10.682,34.8863,1.54147,-139.46,237.905
503.8,9.99982,2.35636,15.7535,10.682,34.8863,1.54147,-139.46,242.677
503.82,9.99822,2.36959,15.7991,10.6357,35.0028,1.53803,-139.46,242.419
503.84,10.0004,2.3522,15.7304,10.7053,34.8279,1.53797,-138.101,241.357
503.86,10.0004,2.32342,15.7304,10.7285,34.8279,1.53797,-138.101,241.357
503.88,10.0046,2.21553,15.7304,10.6821,34.4493,1.53603,-138.101,245.334
503.9,10.0078,2.19301,15.7304,10.6124,34.4487,1.52568,-137.216,243.746
503.92,10.0057,2.29823,15.7533,10.566,34.3613,1.52568,-136.332,249.579
503.94,10.0057,2.30173,15.7992,10.4498,34.332,1.52568,-136.331,246.667
503.96,10.0078,2.3671,15.7075,10.3105,34.2737,1.53993,-136.331,245.34
503.98,10.0105,2.32586,15.6617,10.2873,34.332,1.53744,-134.192,241.363
504,10.011,2.3675,15.547,10.2641,34.4487,1.53744,-134.189,240.826
504.02,10.011,2.31248,15.3639,10.1945,34.5943,1.53444,-134.189,240.826
504.04,10.0126,2.29117,15.295,10.1944,34.5946,1.53111,-138.486,240.03
504.06,10.0148,2.30405,15.1802,10.1944,34.6529,1.53111,-138.493,238.702
504.08,10.0159,2.33463,15.0887,10.1248,34.8277,1.53562,-138.493,240.292
504.1,10.0159,2.33853,14.9741,10.2407,34.857,1.53193,-139.418,239.499
504.12,10.0164,2.38532,14.9739,10.3105,34.9446,1.53192,-140.346,237.374
504.14,10.0159,2.40288,14.8366,10.3801,35.0611,1.53192,-140.346,240.555
504.16,10.0159,2.29843,14.8364,10.5427,35.1488,1.53383,-140.346,240.56
504.18,10.0191,2.35441,14.8822,10.4266,35.2363,1.5388,-139.152,246.136
504.2,10.0191,2.29073,14.8365,10.4498,35.2363,1.5388,-139.152,243.485
504.22,10.0185,2.32278,14.8593,10.4034,35.0029,1.5239,-139.152,237.64
504.24,10.0185,2.3369,14.928,10.357,34.9447,1.53659,-137.856,237.64
504.26,10.0185,2.2676,14.951,10.241,34.7116,1.53661,-137.854,237.64
504.28,10.018,2.31417,14.951,10.3105,34.4779,1.52497,-137.854,233.922
504.3,10.0169,2.32356,14.9968,10.3105,34.3323,1.52914,-136.179,230.211
504.32,10.0169,2.26623,15.0197,10.4496,34.3029,1.52915,-134.501,227.024
504.34,10.0153,2.29203,15.0427,10.4266,34.2445,1.52915,-134.498,223.036
504.36,10.0196,2.3054,15.1114,10.473,34.2737,1.53181,-134.498,225.157
504.38,10.018,2.19842,15.0886,10.4962,34.3028,1.53182,-135.67,226.221
504.4,10.018,2.283,15.1573,10.5427,34.2154,1.53182,-135.672,231.533
504.42,10.0196,2.33075,15.1115,10.6355,34.1571,1.53351,-135.672,229.942
504.44,10.0201,2.32901,15.0198,10.5195,34.2445,1.5361,-140.655,232.86
504.46,10.0201,2.29525,14.9281,10.6124,34.2445,1.5361,-140.655,233.126
504.48,10.0207,2.25507,14.8365,10.5196,34.361,1.52995,-140.655,238.958
504.5,10.018,2.40817,14.8135,10.4498,34.3612,1.53432,-140.181,233.391
504.52,10.0196,2.41814,14.6532,10.4498,34.3612,1.53432,-140.181,232.596
504.54,10.0196,2.26759,14.6072,10.4498,34.3903,1.53432,-140.181,234.45
504.56,10.0196,2.28519,14.4696,10.4963,34.4779,1.52592,-138.801,235.515
504.58,10.0201,2.32063,14.4696,10.5426,34.3614,1.5268,-137.424,238.432
504.6,10.0207,2.34062,14.3094,10.5659,34.4777,1.5268,-137.422,233.929
504.62,10.0207,2.39191,14.2633,10.5659,34.4196,1.52261,-137.422,237.64
504.64,10.0196,2.32303,14.2404,10.5891,34.3613,1.52174,-136.764,240.556
504.66,10.0191,2.31512,14.2862,10.6124,34.2154,1.52173,-136.763,243.215
504.68,10.0185,2.40725,14.355,10.6588,34.1862,1.52463,-136.763,241.888
504.7,10.0185,2.29406,14.3779,10.6356,33.9532,1.52755,-134.378,242.153
504.72,10.0201,2.41082,14.5155,10.682,33.8945,1.52755,-134.374,240.029
504.74,10.0207,2.46874,14.6986,10.6357,33.8363,1.52797,-134.374,242.415
504.76,10.0196,2.47809,14.882,10.7052,33.6614,1.52315,-136.101,244.54
504.78,10.0196,2.38509,15.2032,10.7517,33.6028,1.52314,-137.834,245.871
504.8,10.0201,2.49443,15.3863,10.7517,33.5154,1.52314,-137.834,240.568
504.82,10.0191,2.50102,15.5239,10.7285,33.3988,1.52309,-137.834,236.318
504.84,10.0191,2.48814,15.6846,10.7285,33.3403,1.52134,-139.852,236.577
504.86,10.0175,2.5232,15.6159,10.8212,33.515,1.52134,-139.852,232.866
504.88,10.0207,2.62762,15.5471,10.7982,33.6318,1.52646,-139.852,229.944
504.9,10.0201,2.56156,15.4783,10.7517,33.8362,1.52125,-139.254,223.833
504.92,10.0201,2.54653,15.5469,10.7981,34.1565,1.52125,-139.254,225.688
504.94,10.0207,2.45031,15.4783,10.7749,34.6821,1.52255,-139.254,225.16
504.96,10.0212,2.59481,15.5929,10.8446,35.6155,1.52212,-138.956,226.753
504.98,10.0212,2.50585,15.5471,10.891,36.9843,1.52212,-138.658,225.163
505,10.0212,2.5011,15.5929,10.8678,38.8824,1.52212,-138.657,226.222
505.02,10.0201,2.49359,15.6158,10.9142,40.5425,1.51779,-136.714,226.222
505.04,10.0212,2.4609,15.7074,10.8911,41.8848,1.51432,-134.769,224.897
505.06,10.0217,2.63362,15.6158,10.9607,42.7619,1.51431,-134.766,222.77
505.08,10.0217,2.4757,15.5242,11.0071,41.8882,1.51695,-134.766,221.975
505.1,10.018,2.49756,15.4325,10.984,39.7316,1.51609,-134.848,223.299
505.12,10.0196,2.44083,15.0656,10.9375,37.3656,1.51609,-134.848,226.753
505.14,10.0196,2.44398,14.7681,11.007,35.9385,1.51962,-134.848,229.139
505.16,10.0191,2.38125,14.653,11.0071,34.7112,1.51632,-140.325,228.346
505.18,10.0196,2.39221,14.4696,11.0536,33.6903,1.51632,-140.325,228.612
505.2,10.0217,2.41361,14.4467,11.1,33.2243,1.51632,-140.325,229.142
505.22,10.0217,2.35651,14.4238,11.1465,33.0778,1.51804,-140.202,230.736
505.24,10.0239,2.37867,14.4466,11.1697,33.2525,1.51804,-140.078,230.736
505.26,10.0271,2.41092,14.4696,11.1697,33.3693,1.51804,-140.078,231.001
505.28,10.0276,2.33421,14.355,11.2161,33.7195,1.51546,-140.078,233.391
505.3,10.0276,2.33823,14.2176,11.3321,34.0107,1.51289,-137.632,238.428
505.32,10.0303,2.44991,13.9885,11.3091,33.9238,1.51289,-137.628,239.497
505.34,10.0303,2.47046,13.8507,11.309,33.4861,1.51379,-137.628,240.826
505.36,10.0351,2.34019,13.6447,11.3786,33.0784,1.51208,-136.394,245.598
505.38,10.0351,2.37359,13.5528,11.5874,32.4662,1.51207,-136.392,247.991
505.4,10.0346,2.39691,13.3922,11.5877,31.8527,1.51162,-136.392,246.933
505.42,10.0367,2.39069,13.232,11.6573,31.4449,1.51117,-135.436,246.933
505.44,10.0388,2.31855,13.1859,11.6109,31.0359,1.51117,-134.477,247.464
505.46,10.0388,2.36323,13.14,11.7502,30.8609,1.51117,-134.477,248.791
505.48,10.0362,2.38858,13.1858,11.7502,30.8318,1.51497,-134.477,247.466
505.5,10.0372,2.32438,13.1859,11.7967,30.7734,1.51242,-137.834,249.322
505.52,10.0372,2.3651,13.2316,11.8894,30.7443,1.51242,-137.834,250.118
505.54,10.041,2.33167,13.2775,11.8432,30.8607,1.51774,-137.834,248.528
505.56,10.0426,2.35414,13.2776,11.9825,30.7442,1.52031,-140.078,250.384
505.58,10.0415,2.32158,13.1402,11.9129,30.7734,1.52031,-140.078,250.65
505.6,10.0415,2.33263,13.0713,12.0287,30.6569,1.51939,-140.078,251.71
505.62,10.0447,2.42248,12.9566,12.0289,30.5401,1.51163,-139.368,249.057
505.64,10.0442,2.53205,12.7964,12.0521,30.4236,1.51163,-138.658,251.178
505.66,10.0474,2.56803,12.7503,11.9128,30.365,1.51163,-138.657,254.367
505.68,10.0474,2.35107,12.5898,11.936,30.5109,1.51194,-138.523,255.96
505.7,10.0458,2.38835,12.6814,11.9128,30.4235,1.50854,-138.39,255.43
505.72,10.0517,2.40543,12.544,11.8664,30.365,1.50854,-138.39,254.367
505.74,10.0511,2.36171,12.4753,11.7968,30.2194,1.51856,-138.39,255.958
505.76,10.0511,2.48982,12.4752,11.8199,30.1027,1.51437,-134.257,256.491
505.78,10.0522,2.31327,12.3606,11.7038,30.015,1.51437,-134.251,253.305
505.8,10.0554,2.35665,12.4522,11.6574,30.0441,1.5134,-134.251,250.654
505.82,10.0559,2.55057,12.4523,11.6342,30.1607,1.50739,-133.614,252.241
505.84,10.0559,2.4383,12.5211,11.6806,30.2484,1.50738,-133.613,249.588
505.86,10.057,2.40989,12.544,11.5647,30.2775,1.50738,-133.613,247.997
505.88,10.0575,2.42128,12.5898,11.7036,30.1028,1.50353,-136.111,246.669
505.9,10.0597,2.36943,12.6586,11.518,29.9858,1.50353,-138.616,247.995
505.92,10.0597,2.36305,12.7273,11.4948,29.5781,1.50353,-138.616,244.018
505.94,10.0613,2.30048,12.7274,11.4484,29.4025,1.51785,-138.616,243.215
505.96,10.0623,2.31011,12.7732,11.2858,29.2858,1.51952,-138.554,243.481
505.98,10.0623,2.36624,12.8419,11.3554,29.1693,1.51952,-138.554,242.951
506,10.065,2.44414,12.842,11.2858,29.2566,1.51854,-138.554,245.34
506.02,10.0666,2.3442,12.9564,11.2626,29.3731,1.50921,-136.252,243.749
506.04,10.0693,2.33847,13.0024,11.1467,29.2568,1.50919,-136.248,245.602
506.06,10.0693,2.40281,13.0483,11.2394,29.1691,1.50186,-136.248,247.464
506.08,10.0709,2.44827,13.117,11.193,28.9944,1.4997,-135.621,246.403
506.1,10.0693,2.34289,13.14,11.2625,28.7902,1.4997,-134.993,246.932
506.12,10.0693,2.3143,13.1859,11.309,28.8191,1.4997,-134.992,252.774
506.14,10.0693,2.42289,13.2774,11.425,28.6443,1.50442,-133.769,255.425
506.16,10.0682,2.41038,13.3005,11.3787,28.4982,1.49857,-132.542,257.022
506.18,10.0704,2.40893,13.3922,11.4019,28.3815,1.49857,-132.542,259.943
506.2,10.073,2.37362,13.5066,11.4251,28.2068,1.5181,-132.542,257.822
506.22,10.073,2.36612,13.5297,11.3787,28.0607,1.51157,-135.116,257.288
506.24,10.0698,2.40539,13.5984,11.3555,28.0024,1.51157,-135.116,259.409
506.26,10.0704,2.41442,13.5527,11.3787,28.0606,1.51209,-135.116,264.714
506.28,10.0704,2.29604,13.5297,11.4019,28.2065,1.51097,-136.485,265.254
506.3,10.0704,2.34014,13.5755,11.3555,28.323,1.51097,-137.852,265.254
506.32,10.0709,2.32217,13.5527,11.3323,28.7018,1.50786,-137.854,264.988
506.34,10.0709,2.31981,13.5985,11.3787,29.1108,1.50805,-137.257,267.643
506.36,10.0709,2.39203,13.5985,11.4251,29.1981,1.50805,-136.661,269.764
506.38,10.0736,2.21422,13.6214,11.4251,29.606,1.50805,-136.66,271.358
506.4,10.0704,2.38246,13.5526,11.4484,29.9567,1.49999,-136.66,270.564
506.42,10.0709,2.39394,13.6213,11.4252,30.3644,1.50414,-135.365,271.89
506.44,10.0709,2.32956,13.7131,11.5877,30.5692,1.50415,-135.363,274.547
506.46,10.0736,2.32315,13.6673,11.5645,30.7442,1.50315,-135.363,268.44
506.48,10.0709,2.4708,13.7817,11.5877,31.0064,1.50215,-133.019,267.379
506.5,10.073,2.44261,13.8277,11.7967,31.2693,1.50215,-133.016,269.767
506.52,10.073,2.35362,13.9422,11.7271,31.7644,1.50365,-133.016,271.093
506.54,10.0698,2.29611,13.9652,11.7734,32.2894,1.50017,-132.471,267.383
506.56,10.0709,2.29332,14.034,11.8896,32.7277,1.50017,-131.924,266.316
506.58,10.0709,2.3357,14.1027,11.8896,33.0481,1.50017,-131.924,263.664
506.6,10.0682,2.51122,14.1486,11.9591,33.4855,1.50521,-131.924,259.419
506.62,10.0714,2.40498,14.1945,11.8431,33.8362,1.50522,-137.01,259.943
506.64,10.0725,2.33694,14.3547,12.0054,34.2439,1.50522,-137.01,258.352
506.66,10.0725,2.45321,14.4696,11.9592,34.5946,1.51134,-137.01,256.226
506.68,10.072,2.4574,14.6071,11.9592,34.8279,1.50805,-137.134,251.978
506.7,10.0698,2.35545,14.6987,11.9592,35.2648,1.50805,-137.134,251.182
506.72,10.0725,2.3868,14.9052,11.8431,35.7905,1.50497,-137.134,249.853
506.74,10.0725,2.50512,15.0883,11.9359,36.3439,1.50357,-136.64,250.384
506.76,10.073,2.36073,15.3632,11.8896,36.9563,1.50357,-136.146,253.036
506.78,10.0704,2.37974,15.5241,11.8199,37.3365,1.50357,-136.145,253.04
506.8,10.0736,2.45829,15.6614,11.8431,37.7151,1.49601,-136.145,253.305
506.82,10.0736,2.36493,15.8905,11.7272,37.8904,1.49849,-134.295,254.101
506.84,10.0709,2.38728,16.0284,11.8896,37.774,1.49849,-134.292,251.181
506.86,10.073,2.39894,16.1658,11.7505,37.3954,1.49493,-134.292,250.386
506.88,10.0725,2.44608,16.3491,11.7734,37.2783,1.49828,-131.29,254.361
506.9,10.0725,2.50001,16.4411,11.7038,36.8406,1.49828,-131.286,255.695
506.92,10.0704,2.48738,16.6013,11.7734,36.6367,1.49536,-131.286,253.839
506.94,10.0741,2.48539,16.7162,11.7502,36.6072,1.50257,-132.367,254.102
506.96,10.073,2.4624,16.8308,11.8431,36.6072,1.50257,-133.448,250.915
506.98,10.073,2.33096,16.8994,11.7736,36.6364,1.50257,-133.448,248.264
507,10.073,2.40075,16.9454,11.8199,36.5489,1.49674,-133.448,247.995
507.02,10.0714,2.35863,16.8996,11.8199,36.4324,1.49759,-137.066,249.055
507.04,10.0693,2.4349,16.7851,11.7272,36.1701,1.49759,-137.072,249.587
507.06,10.0693,2.57564,16.762,11.8431,35.7905,1.49204,-137.072,251.181
507.08,10.0725,2.35534,16.6247,11.8199,35.6449,1.49119,-136.003,253.302
507.1,10.072,2.37955,16.4871,11.7967,35.4699,1.49119,-136.001,254.896
507.12,10.072,2.50541,16.3952,11.7502,35.3821,1.49166,-136.001,253.04
507.14,10.0714,2.37296,16.3037,11.8198,35.2656,1.49722,-134.747,253.305
507.16,10.072,2.32341,16.3035,11.7967,35.0904,1.49723,-134.745,249.322
507.18,10.0704,2.34992,16.2118,11.7735,34.5946,1.49723,-134.745,243.481
507.2,10.0704,2.39229,16.2347,11.7503,34.3616,1.50156,-132.751,241.89
507.22,10.0714,2.44381,16.2347,11.6574,33.982,1.50497,-130.751,239.498
507.24,10.0698,2.39449,16.2576,11.7037,33.4578,1.50497,-130.751,238.438
507.26,10.072,2.3997,16.3263,11.7038,33.0784,1.50429,-130.751,240.027
507.28,10.072,2.27274,16.3952,11.6574,32.6111,1.50174,-130.009,237.905
507.3,10.072,2.34636,16.4639,11.611,32.1451,1.50174,-130.009,241.617
507.32,10.0709,2.33588,16.6471,11.6573,31.9114,1.49893,-130.009,237.646
507.34,10.0714,2.34684,16.6703,11.7038,31.5026,1.48592,-134.704,235.781
507.36,10.0714,2.33198,16.7847,11.7038,31.1531,1.48592,-134.704,231.539
507.38,10.0709,2.35723,16.9451,11.7502,30.8031,1.48967,-134.704,233.654
507.4,10.0725,2.37227,17.06,11.727,30.5984,1.51891,-134.992,232.064
507.42,10.0752,2.34604,17.2431,11.7734,30.511,1.51891,-135.28,230.473
507.44,10.0752,2.36099,17.3809,11.8896,30.5692,1.51891,-135.28,227.019
507.46,10.072,2.40429,17.5873,11.8664,30.6859,1.50608,-135.28,231.267
507.48,10.0736,2.4224,17.7017,11.9359,31.0063,1.49422,-134.006,228.881
507.5,10.0736,2.41408,17.9082,11.9825,31.5026,1.4942,-134.004,224.895
507.52,10.0709,2.52344,18.0455,12.0288,32.1143,1.49759,-134.004,221.713
507.54,10.072,2.46967,18.2517,12.0057,32.6686,1.50098,-133.552,221.973
507.56,10.0714,2.45415,18.3667,12.1915,33.2528,1.50098,-133.551,217.726
507.58,10.0714,2.49565,18.504,12.2146,33.9518,1.5024,-133.551,218.521
507.6,10.0746,2.51536,18.55,12.2611,34.7975,1.51906,-131.886,217.992
507.62,10.0746,2.5984,18.8022,12.2379,35.8197,1.51908,-130.215,214.274
507.64,10.0725,2.593,18.9625,12.3307,36.8682,1.51908,-130.215,211.888
507.66,10.0725,2.61598,19.1232,12.2611,37.6865,1.51466,-131.337,210.026
507.68,10.0746,2.63738,19.3295,12.2379,38.7366,1.51211,-132.46,204.45
507.7,10.073,2.61641,19.3981,12.3075,40.1346,1.51211,-132.46,202.594
507.72,10.0714,2.50636,19.5816,12.2379,41.2743,1.5139,-132.46,198.077
507.74,10.0714,2.61395,19.7419,12.1915,42.2354,1.51475,-136.16,198.607
507.76,10.073,2.65586,19.9023,12.1915,42.8485,1.51475,-136.166,196.752
507.78,10.0693,2.661,19.9714,12.145,42.9953,1.51899,-136.166,199.139
507.8,10.0693,2.53362,20.0171,12.1682,43.1409,1.53002,-136.043,197.284
507.82,10.0688,2.57411,20.0172,12.1451,43.1994,1.53004,-136.042,199.932
507.84,10.0725,2.52005,20.063,12.1915,43.1119,1.53004,-136.042,199.67
507.86,10.0752,2.53669,20.1546,12.1451,42.879,1.51991,-135.189,197.549
507.88,10.0752,2.52013,20.109,12.0523,42.6456,1.5199,-134.335,192.244
507.9,10.072,2.43131,20.1089,12.1682,42.4411,1.5199,-134.333,190.908
507.92,10.072,2.40216,20.1089,12.0291,41.8877,1.514,-134.333,191.438
507.94,10.0736,2.44078,20.1089,12.1218,41.3035,1.51569,-131.121,192.236
507.96,10.0736,2.42605,20.063,12.0521,40.6034,1.51569,-131.121,195.157
507.98,10.0746,2.42492,19.9486,12.1449,40.0792,1.51663,-131.121,200.194
508,10.0725,2.43441,19.788,12.0057,39.67,1.51493,-129.433,202.591
508.02,10.073,2.46911,19.6048,11.9825,39.0001,1.51493,-129.433,204.712
508.04,10.073,2.492,19.3986,12.0288,38.4749,1.51588,-129.433,209.222
508.06,10.0741,2.33958,19.169,11.936,38.2407,1.5236,-132.398,212.946
508.08,10.0741,2.36852,18.9172,11.9128,38.2407,1.5236,-135.358,212.681
508.1,10.0741,2.38542,18.6422,11.7969,38.4446,1.5236,-135.363,216.392
508.12,10.0741,2.41102,18.5501,11.7735,38.6199,1.52615,-135.363,216.398
508.14,10.0752,2.47736,18.3898,11.6807,38.8529,1.52869,-135.753,218.254
508.16,10.0741,2.43326,18.1604,11.5645,38.9116,1.52869,-135.754,221.443
508.18,10.0741,2.39844,18.0228,11.5413,38.8533,1.52216,-135.754,227.284
508.2,10.0757,2.48274,17.8626,11.5181,38.562,1.52216,-134.664,229.14
508.22,10.073,2.22577,17.679,11.3555,38.1824,1.52216,-134.663,232.86
508.24,10.0741,2.26615,17.6332,11.3787,37.5125,1.52031,-134.663,234.981
508.26,10.0741,2.30634,17.5187,11.3323,36.8125,1.51505,-133.892,238.961
508.28,10.0768,2.31406,17.2892,11.2161,36.2572,1.51505,-133.118,241.357
508.3,10.0757,2.22306,17.129,11.193,35.6165,1.51505,-133.118,241.622
508.32,10.0746,2.23764,16.9457,11.1697,35.4699,1.51832,-133.118,241.887
508.34,10.0746,2.2675,16.8537,11.1697,35.1196,1.51324,-130.771,244.809
508.36,10.0757,2.26963,16.6248,11.0538,34.6827,1.51324,-130.771,245.604
508.38,10.0752,2.29736,16.4642,11.1,34.3617,1.51296,-130.771,245.075
508.4,10.0741,2.24345,16.1889,11.0536,34.1279,1.51551,-132.171,246.402
508.42,10.0741,2.33858,16.0287,11.0304,33.9531,1.51551,-132.171,245.606
508.44,10.0757,2.24869,15.868,11.0304,33.7195,1.51504,-132.171,247.198
508.46,10.072,2.27759,15.6616,10.8678,33.3986,1.51457,-133.891,247.995
508.48,10.073,2.22445,15.4785,10.9142,33.1365,1.51457,-135.607,247.73
508.5,10.073,2.2609,15.2719,10.8214,32.7569,1.51645,-135.61,249.588
508.52,10.0746,2.42969,15.0659,10.8909,32.6113,1.51832,-135.435,249.853
508.54,10.0762,2.4271,14.9512,10.9142,32.2616,1.51833,-135.26,250.914
508.56,10.0762,2.41545,14.8364,10.8678,31.9985,1.51833,-135.26,254.633
508.58,10.0746,2.25107,14.7219,10.8678,31.9111,1.52782,-135.26,253.572
508.6,10.0784,2.32056,14.676,10.7751,31.7071,1.52784,-134.52,252.245
508.62,10.073,2.35472,14.5613,10.7982,31.6777,1.52784,-134.519,249.322
508.64,10.073,2.3068,14.5613,10.775,31.6777,1.52976,-134.519,247.467
508.66,10.0752,2.25078,14.5155,10.7982,31.4735,1.53001,-131.389,245.34
508.68,10.0768,2.22156,14.5613,10.9143,31.4735,1.53001,-131.389,244.809
508.7,10.0762,2.26507,14.6071,10.8215,31.4152,1.52905,-131.389,246.664
508.72,10.0762,2.34082,14.5384,10.9143,31.3568,1.5264,-130.442,247.729
508.74,10.0725,2.23975,14.5384,10.8679,31.3277,1.5264,-129.496,250.646
508.76,10.0746,2.27913,14.5613,10.891,31.5024,1.5264,-129.495,249.059
508.78,10.073,2.29076,14.5155,10.9607,31.4443,1.5282,-129.495,248.526
508.8,10.073,2.42064,14.5841,10.9375,31.7064,1.52904,-134.429,247.996
508.82,10.0746,2.43255,14.6071,10.9607,31.9981,1.52905,-134.436,249.055
508.84,10.0752,2.41304,14.6759,10.9375,32.4069,1.53782,-134.436,246.136
508.86,10.0736,2.25922,14.7217,10.9839,32.669,1.53782,-135.978,244.545
508.88,10.0736,2.4682,14.7447,10.8912,32.7568,1.53782,-135.981,243.483
508.9,10.073,2.35515,14.8364,10.8214,33.0486,1.5393,-135.981,243.215
508.92,10.0725,2.33967,14.9279,10.8677,33.3981,1.53245,-135.497,240.564
508.94,10.0725,2.35092,15.0885,10.8214,33.6028,1.53244,-135.013,240.029
508.96,10.0725,2.42893,15.1573,10.7285,34.0695,1.53244,-135.013,239.233
508.98,10.073,2.27958,15.3633,10.7285,34.3025,1.54041,-133.995,233.135
509,10.0704,2.29974,15.4324,10.7285,34.5362,1.54543,-132.974,234.984
509.02,10.0704,2.41538,15.5697,10.6821,35.0022,1.54543,-132.974,232.333
509.04,10.0736,2.43039,15.7531,10.6589,35.2359,1.54162,-132.974,232.329
509.06,10.0746,2.36623,15.9138,10.6356,35.5863,1.54078,-130.112,230.736
509.08,10.073,2.38303,16.1198,10.682,35.7611,1.54078,-130.112,230.736
509.1,10.073,2.40188,16.3032,10.7052,35.8778,1.53881,-130.112,231.796
509.12,10.0725,2.40776,16.5786,10.6356,36.2864,1.52848,-131.039,233.126
509.14,10.072,2.39078,16.6015,10.8211,36.7524,1.52848,-131.964,231.27
509.16,10.0704,2.42182,16.8308,10.7517,37.3365,1.53443,-131.965,229.939
509.18,10.0704,2.37741,16.9683,10.7285,37.8615,1.54543,-133.963,230.471
509.2,10.072,2.37091,17.1285,10.8212,38.0363,1.54543,-135.957,232.061
509.22,10.0698,2.34683,17.2663,10.8214,38.1824,1.54543,-135.96,234.719
509.24,10.0698,2.42125,17.4037,10.8677,38.3862,1.54597,-135.96,231.537
509.26,10.0714,2.34401,17.5641,10.891,38.4448,1.54349,-135.323,237.365
509.28,10.0709,2.31516,17.6331,11.0536,38.5324,1.54349,-135.322,240.029
509.3,10.0693,2.30369,17.7933,11.0304,38.6489,1.54248,-135.322,238.704
509.32,10.0693,2.28191,17.8394,11.0304,38.8529,1.54082,-134.417,236.581
509.34,10.0693,2.32074,17.8165,11.1465,38.6491,1.54082,-134.416,241.888
509.36,10.0661,2.38016,17.9767,11.0769,38.4743,1.53629,-134.416,245.069
509.38,10.0698,2.3774,18.0227,11.1927,38.5323,1.53677,-132.977,247.195
509.4,10.0698,2.36249,17.954,11.1929,38.3574,1.53677,-131.533,248.791
509.42,10.0709,2.36895,17.9083,11.1929,38.503,1.53677,-131.533,246.405
509.44,10.0666,2.38292,17.9082,11.2626,38.5032,1.5288,-131.533,246.933
509.46,10.0666,2.37505,17.7248,11.2394,38.5032,1.53555,-129.309,249.588
509.48,10.0666,2.33779,17.5417,11.3089,38.5324,1.53555,-129.309,250.913
509.5,10.064,2.3826,17.4497,11.2394,38.5032,1.53881,-129.309,255.96
509.52,10.0661,2.38688,17.3582,11.2626,38.445,1.53629,-133.976,255.43
509.54,10.0624,2.35865,17.1978,11.193,38.3866,1.53629,-133.983,258.876
509.56,10.0623,2.34364,17.06,11.2394,38.299,1.5397,-133.983,260.74
509.58,10.0618,2.30089,16.9227,11.2394,37.9787,1.5448,-134.415,261.8
509.6,10.0618,2.30353,16.808,11.1466,37.5996,1.54481,-134.847,259.946
509.62,10.0634,2.471,16.7391,11.1697,37.1031,1.537,-134.848,257.288
509.64,10.0634,2.28152,16.8535,11.1001,36.6371,1.531,-134.848,254.107
509.66,10.0602,2.40856,16.7391,11.1465,35.9947,1.53099,-134.374,255.164
509.68,10.0618,2.39581,16.6932,11.0536,35.1196,1.53099,-134.374,250.65
509.7,10.0618,2.24898,16.7848,11.1,34.275,1.50576,-134.374,250.65
509.72,10.0607,2.30058,16.8766,11.0768,33.7778,1.5109,-132.892,249.588
509.74,10.0613,2.40272,16.8995,11.0536,33.3701,1.5109,-132.892,250.648
509.76,10.0607,2.39905,17.0369,11.0768,32.9326,1.51356,-132.892,247.204
509.78,10.0607,2.44463,17.1288,11.1233,32.7569,1.55251,-130.905,243.215
509.8,10.0597,2.43307,17.1517,11.0073,32.6404,1.55251,-128.921,241.36
509.82,10.0597,2.49023,17.2433,11.1695,32.5237,1.55251,-128.918,238.441
509.84,10.0559,2.5104,17.2663,11.1697,32.7277,1.55164,-129.67,237.64
509.86,10.0559,2.62638,17.2663,11.2161,32.8442,1.55164,-130.42,234.193
509.88,10.057,2.59498,17.2205,11.2857,33.1065,1.55164,-130.421,229.151
509.9,10.0533,2.56071,17.1976,11.3323,33.6903,1.5473,-130.421,227.815
509.92,10.0549,2.50893,17.1747,11.3786,34.8262,1.54817,-135.294,220.392
509.94,10.0549,2.51353,17.0829,11.4251,35.8197,1.54817,-135.301,217.991
509.96,10.0511,2.5561,17.1746,11.4948,36.6947,1.5499,-135.301,215.07
509.98,10.0485,2.53406,17.106,11.5876,37.8597,1.54989,-134.581,215.866
510,10.049,2.40123,17.1059,11.6109,38.6491,1.54989,-134.58,215.336
510.02,10.049,2.46674,17.1059,11.6573,38.6782,1.54989,-134.58,214.541
510.04,10.049,2.40308,17.083,11.6574,38.0957,1.55336,-133.737,216.395
510.06,10.0479,2.41045,17.06,11.6806,37.5115,1.55337,-132.892,216.398
510.08,10.0479,2.33073,17.1745,11.727,36.7542,1.55337,-132.892,214.277
510.1,10.0495,2.35545,17.1289,11.7966,35.8502,1.55512,-132.892,215.865
510.12,10.0495,2.28331,17.1288,11.7967,35.0321,1.55339,-131.039,212.15
510.14,10.0495,2.30646,17.1059,11.7967,34.304,1.55339,-131.039,213.475
510.16,10.0495,2.31375,17.1288,11.8199,33.7195,1.55164,-131.039,212.415
510.18,10.0469,2.32197,17.0829,11.8431,33.6028,1.55857,-129.227,213.743
510.2,10.0479,2.35629,17.0372,11.8895,33.3116,1.55857,-129.227,216.129
510.22,10.0474,2.40636,16.9225,11.936,33.2236,1.55901,-129.227,220.115
510.24,10.0474,2.29887,16.7622,11.8665,33.1654,1.57158,-131.272,222.236
510.26,10.0474,2.24783,16.6933,11.9359,33.2527,1.5716,-133.321,225.686
510.28,10.049,2.24159,16.5328,11.936,33.3111,1.5716,-133.324,230.471
510.3,10.049,2.42091,16.3954,11.8896,33.4859,1.57073,-133.324,231.796
510.32,10.049,2.38683,16.3952,11.936,33.457,1.56986,-134.435,234.184
510.34,10.049,2.323,16.3723,11.936,33.7195,1.56986,-134.436,235.781
510.36,10.0479,2.3257,16.3952,11.9592,33.9525,1.55601,-134.436,234.455
510.38,10.0479,2.22022,16.441,11.8665,34.1276,1.54731,-133.676,231.537
510.4,10.0474,2.40374,16.5557,11.8664,34.3612,1.54729,-133.674,229.408
510.42,10.049,2.3034,16.7159,11.8432,34.3321,1.54472,-133.674,227.288
510.44,10.0479,2.3037,16.8308,11.7735,34.5946,1.55611,-133.18,226.222
510.46,10.0479,2.37597,17.0142,11.7967,34.8571,1.55611,-132.686,225.691
510.48,10.0463,2.44467,17.2202,11.7271,35.0901,1.55485,-132.686,224.631
510.5,10.0463,2.58962,17.5185,11.6806,35.178,1.55184,-132.686,228.081
510.52,10.0426,2.58805,17.7245,11.6806,35.5566,1.55184,-129.191,226.49
510.54,10.0426,2.50114,17.885,11.7038,35.9358,1.55184,-129.186,224.367
510.56,10.0463,2.50233,18.1145,11.6109,36.5197,1.55945,-129.186,222.239
510.58,10.0431,2.48497,18.4121,11.6109,37.1896,1.55425,-129.7,222.505
510.6,10.0404,2.52402,18.7101,11.6341,38.0352,1.55424,-129.7,220.649
510.62,10.0404,2.63036,18.8939,11.5877,38.6782,1.54817,-129.7,216.133
510.64,10.0394,2.4927,18.9626,11.6109,39.4646,1.55442,-132.219,213.216
510.66,10.041,2.45738,19.169,11.7038,40.3701,1.55443,-134.745,215.867
510.68,10.041,2.59746,19.3524,11.518,40.8951,1.55654,-134.745,214.008
510.7,10.0388,2.60885,19.4669,11.5876,40.9825,1.56039,-134.653,213.213
510.72,10.0388,2.5659,19.6733,11.5877,40.9534,1.5604,-134.56,215.601
510.74,10.0399,2.54098,19.6505,11.5413,40.6913,1.5604,-134.56,212.685
510.76,10.0399,2.44969,19.7191,11.6572,40.487,1.5536,-134.56,216.392
510.78,10.0399,2.4912,19.765,11.518,40.3409,1.55184,-132.068,218.257
510.8,10.0388,2.3702,19.8795,11.6571,40.2826,1.55184,-132.068,221.173
510.82,10.0383,2.3734,19.8797,11.6805,40.1952,1.54684,-132.068,222.768
510.84,10.0383,2.3867,19.8797,11.6806,40.02,1.55562,-130.751,229.939
510.86,10.0388,2.38758,19.811,11.7501,39.9618,1.55562,-130.751,231.265
510.88,10.0383,2.40762,19.788,11.6575,39.6122,1.55562,-130.751,232.328
510.9,10.0394,2.32678,19.6504,11.727,39.3491,1.5609,-129.793,234.984
510.92,10.0394,2.29722,19.4902,11.727,38.9123,1.5609,-128.837,233.659
510.94,10.0372,2.41548,19.2836,11.7038,38.6199,1.5609,-128.836,231.002
510.96,10.0378,2.3931,19.2607,11.6574,38.1824,1.56109,-128.836,233.126
510.98,10.0362,2.33126,19.1005,11.5414,37.6581,1.56373,-132.742,238.428
511,10.0362,2.30178,18.8939,11.5645,37.249,1.56373,-132.748,240.029
511.02,10.0362,2.30635,18.8024,11.5181,36.9577,1.56116,-132.748,245.331
511.04,10.0356,2.31605,18.5962,11.4253,36.6951,1.5594,-134.002,249.051
511.06,10.0351,2.35677,18.4584,11.4484,36.6656,1.55939,-134.004,253.836
511.08,10.0351,2.31428,18.2295,11.402,36.4908,1.55858,-134.004,252.246
511.1,10.0346,2.31255,18.1605,11.3324,36.4323,1.5613,-133.603,251.978
511.12,10.0362,2.32662,17.9082,11.3787,36.3447,1.56131,-133.201,251.712
511.14,10.0319,2.40073,17.8166,11.3091,36.403,1.56131,-133.201,252.507
511.16,10.0319,2.35525,17.679,11.3555,36.2864,1.56147,-133.201,252.509
511.18,10.0314,2.31222,17.656,11.4251,36.1405,1.56323,-132.295,250.119
511.2,10.033,2.28696,17.4958,11.5179,35.9367,1.56323,-132.295,250.914
511.22,10.033,2.37404,17.3809,11.4716,35.8197,1.56332,-132.295,249.322
511.24,10.0276,2.3531,17.3123,11.5411,35.5867,1.5642,-128.615,247.997
511.26,10.0276,2.32722,17.152,11.5876,35.4698,1.56421,-128.609,246.139
511.28,10.0287,2.3235,17.1746,11.6574,35.353,1.56381,-128.609,249.588
511.3,10.0287,2.30311,17.0373,11.7037,35.3238,1.55987,-128.897,245.876
511.32,10.0276,2.41266,16.9455,11.6806,35.2947,1.55987,-129.185,243.22
511.34,10.0292,2.44459,16.8308,11.8431,35.2946,1.55987,-129.186,239.498
511.36,10.0271,2.42245,16.7163,11.8431,35.4111,1.55838,-131.55,242.68
511.38,10.0271,2.40158,16.6933,12.0054,35.1201,1.55926,-133.918,246.926
511.4,10.0287,2.33573,16.6245,12.0521,34.9738,1.55926,-133.921,247.729
511.42,10.0244,2.36691,16.5787,12.1217,34.8281,1.56113,-133.921,245.608
511.44,10.0255,2.28852,16.5328,12.1915,34.6237,1.56379,-134.169,240.56
511.46,10.0255,2.28852,16.464,12.2147,34.4487,1.56379,-134.169,243.481
511.48,10.0233,2.289,16.4182,12.1915,34.2449,1.56419,-134.169,237.648
511.5,10.0244,2.32413,16.3952,12.2611,34.0695,1.57168,-131.883,235.25
511.52,10.0244,2.33499,16.3723,12.2843,33.8365,1.57168,-131.883,233.659
511.54,10.0212,2.41818,16.2578,12.3075,33.6032,1.57286,-131.883,233.392
511.56,10.0207,2.33985,16.1431,12.2844,33.282,1.57404,-131.337,233.657
511.58,10.0201,2.37304,16.0057,12.2148,32.9907,1.57404,-130.793,235.247
511.6,10.0201,2.41868,15.8682,12.2379,32.8446,1.57404,-130.792,235.25
511.62,10.018,2.23744,15.7075,12.2611,32.5819,1.56991,-130.792,233.126
511.64,10.0185,2.35027,15.6846,12.2611,32.378,1.56813,-128.407,233.126
511.66,10.0169,2.32192,15.547,12.2611,32.086,1.56813,-128.403,234.453
511.68,10.0169,2.22105,15.3866,12.2844,31.9402,1.56489,-128.403,231.267
511.7,10.0159,2.32388,15.4094,12.3075,31.7363,1.56401,-132.083,229.146
511.72,10.0169,2.33508,15.3407,12.2844,31.6485,1.56401,-132.089,234.188
511.74,10.0137,2.3523,15.3178,12.3539,31.5029,1.56323,-132.089,233.923
511.76,10.0137,2.44076,15.3178,12.3076,31.2988,1.56245,-133.22,236.043
511.78,10.0143,2.25811,15.4553,12.2611,31.1818,1.56245,-134.354,236.843
511.8,10.011,2.28743,15.524,12.2611,31.0362,1.56245,-134.354,231.541
511.82,10.011,2.36681,15.7072,12.1916,30.8029,1.56656,-134.004,225.435
511.84,10.011,2.35565,15.7763,12.2147,30.7151,1.56834,-133.654,225.957
511.86,10.011,2.40225,15.8907,12.1683,30.5112,1.56834,-133.654,224.366
511.88,10.0132,2.37356,16.074,12.0523,30.54,1.56103,-133.654,219.857
511.9,10.0132,2.45963,16.2347,12.0986,30.6859,1.55835,-131.451,218.788
511.92,10.0105,2.55856,16.3034,12.0522,30.9772,1.55835,-131.451,219.053
511.94,10.0094,2.65558,16.3952,12.0057,31.2985,1.55758,-131.451,217.726
511.96,10.0105,2.63827,16.5098,12.0754,32.0569,1.56751,-130.473,215.07
511.98,10.0105,2.5958,16.6701,12.029,33.1636,1.56751,-129.496,213.215
512,10.0094,2.59901,16.8078,11.9825,34.3612,1.56943,-129.495,208.963
512.02,10.01,2.56276,16.9907,12.0519,35.2336,1.58023,-129.464,209.493
512.04,10.0062,2.60784,17.1288,12.0521,36.3155,1.58026,-129.433,208.167
512.06,10.0062,2.56307,17.2205,12.0986,37.5406,1.58026,-129.433,206.308
512.08,10.0036,2.61393,17.4039,12.1218,38.4449,1.58334,-129.433,205.777
512.1,9.99929,2.55421,17.5873,12.1682,38.7366,1.58334,-134.498,205.512
512.12,9.99929,2.55126,17.7019,12.1915,38.7949,1.58334,-134.498,203.919
512.14,10.0014,2.54022,17.8853,12.1915,38.3282,1.5818,-134.498,200.998
512.16,10.0009,2.56148,17.9995,12.3072,37.6012,1.58382,-134.344,203.645
512.18,10.002,2.54418,18.0687,12.2844,36.7822,1.58382,-134.189,204.981
512.2,10.002,2.42214,18.2291,12.3076,36.053,1.5823,-134.189,203.388
512.22,10.002,2.34605,18.3434,12.2844,35.5296,1.57544,-133.501,204.976
512.24,10.0014,2.57304,18.4125,12.2844,35.2363,1.57542,-132.81,207.901
512.26,10.0004,2.54778,18.3208,12.3772,35.1488,1.57542,-132.81,212.946
512.28,10.0004,2.3562,18.4122,12.2846,35.0615,1.5777,-132.81,214.27
512.3,9.99929,2.41729,18.275,12.2611,35.0904,1.57771,-132.068,210.822
512.32,9.99982,2.40079,18.1604,12.3076,35.1196,1.57771,-132.068,216.132
512.34,10.0009,2.40162,18.0004,12.2381,35.1487,1.57847,-132.068,215.074
512.36,10.0009,2.46274,17.954,12.2611,35.178,1.58026,-129.803,219.85
512.38,10.0009,2.4436,17.7707,12.1682,35.2946,1.58026,-129.803,223.036
512.4,9.99929,2.48286,17.6792,12.2608,35.44,1.58179,-129.803,219.595
512.42,10.0009,2.40982,17.5185,12.1915,35.7613,1.58334,-131.224,223.567
512.44,10.0009,2.56886,17.4039,12.2147,35.9947,1.58334,-132.645,224.364
512.46,10.0009,2.5348,17.3353,12.1915,36.0528,1.58334,-132.645,230.452
512.48,10.0014,2.57274,17.2663,12.0986,35.9072,1.57873,-132.645,230.736
512.5,10.0014,2.34168,17.1976,12.0521,35.6447,1.57873,-136.022,229.408
512.52,9.99823,2.46496,17.2204,12.0753,35.3248,1.57873,-136.022,229.144
512.54,9.99768,2.44612,17.1288,11.9825,35.0904,1.57605,-136.022,229.674
512.56,9.99822,2.40898,17.1976,12.0057,35.178,1.57338,-135.239,229.143
512.58,9.99822,2.38853,17.1746,11.8431,35.4113,1.57338,-135.239,229.408
512.6,10.002,2.32079,17.1976,11.8199,35.7905,1.57491,-135.239,229.408
512.62,9.99982,2.45462,17.2434,11.7735,36.1114,1.57468,-134.302,233.922
512.64,10.0009,2.45463,17.2892,11.7038,36.1697,1.57468,-133.366,235.515
512.66,10.0009,2.4887,17.335,11.7733,36.1697,1.57468,-133.366,235.78
512.68,10.0014,2.32,17.4039,11.7502,35.8197,1.57917,-132.171,229.408
512.7,9.99875,2.32137,17.4956,11.6806,35.703,1.5774,-130.977,233.126
512.72,9.99822,2.38086,17.5413,11.7037,35.4413,1.5774,-130.977,237.89
512.74,9.99822,2.32923,17.7019,11.7502,35.2363,1.5639,-130.977,238.436
512.76,9.99875,2.46185,17.8165,11.6806,35.0613,1.55591,-130.421,242.95
512.78,9.99928,2.48893,17.9536,11.7269,34.945,1.55591,-130.421,243.479
512.8,9.99982,2.4183,18.1833,11.7735,34.8279,1.56267,-130.421,243.215
512.82,9.99982,2.44767,18.275,11.7735,34.7696,1.57309,-135.589,247.729
512.84,9.99822,2.39437,18.3664,11.7503,34.8277,1.57309,-135.589,245.876
512.86,10.0004,2.4197,18.4354,11.727,34.9446,1.57187,-135.589,244.543
512.88,10.0004,2.38282,18.5042,11.7502,35.2946,1.57064,-136.125,239.764
512.9,9.99929,2.49404,18.5042,11.7039,35.5273,1.57064,-136.125,240.028
512.92,10.0004,2.35456,18.5501,11.7038,35.878,1.57064,-136.125,238.967
512.94,10.0009,2.34109,18.4354,11.6574,36.2572,1.58404,-135.342,241.622
512.96,10.0009,2.48013,18.4126,11.7268,36.4898,1.58754,-134.562,245.064
512.98,9.99929,2.51333,18.4125,11.6806,36.3739,1.58755,-134.56,244.012
513,10.0009,2.43387,18.3208,11.6806,36.1114,1.59342,-134.56,244.012
513.02,9.99876,2.42891,18.2751,11.6111,35.8787,1.60039,-133.492,244.012
513.04,9.99875,2.39493,18.2521,11.6574,35.5571,1.60041,-133.489,238.171
513.06,9.99982,2.31499,18.1145,11.5645,35.3238,1.59748,-133.489,236.046
513.08,10.0009,2.33246,18.0916,11.6574,35.1196,1.5858,-130.565,237.64
513.1,9.99822,2.30124,17.9311,11.5645,35.0029,1.5858,-130.565,240.295
513.12,9.99822,2.30124,17.7477,11.5877,35.0029,1.5858,-130.565,242.95
513.14,9.99929,2.37863,17.6331,11.518,34.9154,1.58847,-131.214,242.684
513.16,9.99875,2.36861,17.5417,11.5643,34.7991,1.59197,-131.86,237.92
513.18,9.99875,2.37627,17.2892,11.4948,34.7112,1.59198,-131.862,238.436
513.2,10.0004,2.38004,17.06,11.4716,34.5946,1.5917,-131.862,235.781
513.22,9.99982,2.32244,16.8543,11.4947,34.5364,1.58561,-135.434,235.516
513.24,10.0004,2.3218,16.6703,11.4251,34.5362,1.58559,-135.445,237.108
513.26,10.0004,2.3322,16.5328,11.4019,34.5071,1.58857,-135.445,237.374
513.28,9.99929,2.34418,16.3499,11.3325,34.3907,1.58809,-135.65,233.139
513.3,10.0004,2.37303,16.2347,11.3787,34.2154,1.58809,-135.651,232.86
513.32,9.99982,2.35514,16.0514,11.309,34.0112,1.58809,-135.651,235.25
513.34,9.99982,2.49575,16.0056,11.3322,33.7785,1.59155,-134.697,237.897
513.36,10.0014,2.45335,15.845,11.3787,33.7195,1.5907,-133.736,237.64
513.38,9.99982,2.4704,15.7992,11.3787,33.4861,1.5907,-133.736,236.843
513.4,10.0014,2.41139,15.8449,11.4713,33.1663,1.58723,-132.741,237.902
513.42,10.0014,2.34319,15.7304,11.518,32.9903,1.58635,-131.739,239.498
513.44,10.0009,2.39688,15.7075,11.4716,32.7569,1.58635,-131.739,238.436
513.46,10.0004,2.38948,15.7989,11.541,32.5534,1.5907,-131.739,239.495
513.48,9.99875,2.22892,15.6616,11.4716,32.3485,1.5865,-130.03,240.295
513.5,9.99875,2.29093,15.6846,11.5413,32.0569,1.5865,-130.03,236.046
513.52,9.99928,2.35735,15.7074,11.5181,31.7661,1.58517,-130.03,233.135
513.54,9.99929,2.34973,15.7763,11.518,31.5318,1.59421,-132.758,226.753
513.56,9.99929,2.31636,15.7992,11.5413,31.386,1.59421,-135.486,226.753
513.58,10.002,2.3051,15.7763,11.4716,31.3276,1.59421,-135.486,229.143
513.6,9.99715,2.30213,15.8909,11.518,31.3568,1.59158,-135.579,233.126
513.62,9.99768,2.3277,16.0055,11.518,31.5318,1.59072,-135.672,235.781
513.64,9.99768,2.27617,16.0743,11.5413,31.6193,1.59072,-135.672,238.436
513.66,9.99928,2.41463,16.2114,11.5876,31.852,1.59423,-135.672,237.377
513.68,10.0004,2.3325,16.2806,11.518,31.736,1.58906,-134.23,239.233
513.7,9.99982,2.34464,16.464,11.518,31.5901,1.58906,-134.23,243.481
513.72,9.99982,2.44801,16.6697,11.518,31.4157,1.58995,-134.23,241.628
513.74,9.99982,2.39375,16.8766,11.518,31.2401,1.58051,-133.52,239.498
513.76,9.99822,2.41219,17.0829,11.4716,31.1526,1.58051,-132.81,238.436
513.78,10.0003,2.38091,17.2201,11.4716,31.2108,1.58051,-132.81,237.642
513.8,10.0004,2.49276,17.2663,11.5645,31.3276,1.57988,-131.667,234.188
513.82,9.99875,2.39092,17.4039,11.3787,31.5318,1.57474,-130.524,234.188
513.84,9.99875,2.39607,17.5638,11.4482,31.9389,1.57474,-130.524,235.511
513.86,9.99822,2.45097,17.7248,11.3787,32.2027,1.57474,-130.524,236.843
513.88,9.99822,2.42115,17.7248,11.4019,32.6111,1.55593,-131.698,239.498
513.9,9.99875,2.46559,17.7705,11.3325,33.2508,1.55593,-131.698,237.645
513.92,9.99715,2.44052,17.8394,11.3555,34.2154,1.55964,-131.698,239.764
513.94,9.99875,2.45886,17.8394,11.3555,35.3821,1.57529,-135.651,245.605
513.96,9.99875,2.44194,17.8851,11.286,36.5744,1.57529,-135.651,247.193
513.98,9.99822,2.562,17.9311,11.3323,37.3365,1.57529,-135.651,248.526
514,9.99822,2.52454,18.0687,11.3787,38.0074,1.57931,-135.353,247.464
514.02,9.99822,2.55019,18.1372,11.3555,38.3563,1.57678,-135.055,241.111
514.04,9.99875,2.51199,18.2521,11.4019,38.5032,1.57677,-135.054,239.764
514.06,9.99608,2.42898,18.4354,11.4019,38.5032,1.58164,-135.054,241.091
514.08,9.99929,2.40132,18.5959,11.4484,38.4157,1.5808,-134.024,240.295
514.1,9.99929,2.34736,18.7564,11.4948,38.2699,1.5808,-134.024,237.108
514.12,9.99875,2.38532,18.9398,11.518,38.2407,1.58272,-134.024,237.64
514.14,9.99715,2.54099,19.0773,11.4716,38.0657,1.58129,-131.183,241.091
514.16,9.99715,2.58741,19.1459,11.541,37.8621,1.58129,-131.183,241.091
514.18,9.99715,2.48578,19.1461,11.5877,37.6282,1.58323,-131.183,241.091
514.2,9.99715,2.48333,19.0773,11.5645,37.6282,1.58517,-130.318,239.764
514.22,9.99608,2.42955,18.8945,11.6571,37.5118,1.58517,-129.456,239.234
514.24,9.99822,2.31083,18.7564,11.6341,37.5698,1.58517,-129.453,245.074
514.26,9.99822,2.37872,18.573,11.7038,37.6282,1.58196,-129.453,244.809
514.28,9.99982,2.38516,18.413,11.727,37.6572,1.57779,-134.359,244.279
514.3,9.99982,2.38471,18.2291,11.6574,37.7448,1.57778,-134.374,240.826
514.32,9.99982,2.39049,18.0228,11.7967,37.8615,1.58271,-134.374,241.888
514.34,9.99982,2.32221,17.9085,11.7504,37.9197,1.58437,-134.6,241.358
514.36,10.0004,2.46122,17.679,11.727,37.6865,1.58438,-134.827,238.436
514.38,9.99875,2.45868,17.4726,11.727,37.1614,1.58487,-134.827,237.109
514.4,9.99875,2.34915,17.2898,11.6807,35.9982,1.57706,-134.827,235.785
514.42,9.99929,2.44804,17.2205,11.7038,34.7404,1.57704,-132.707,238.436
514.44,9.99875,2.3794,17.06,11.727,33.5737,1.57854,-132.707,242.95
514.46,9.99715,2.41104,16.8772,11.6344,32.6722,1.57672,-132.707,240.303
514.48,9.99715,2.34775,16.8078,11.6341,32.086,1.57671,-130.503,239.498
514.5,9.99822,2.38272,16.6245,11.6109,31.7943,1.57671,-130.503,241.091
514.52,9.99982,2.42268,16.6245,11.5646,31.4454,1.57671,-130.503,246.121
514.54,9.99929,2.34126,16.464,11.5877,31.1526,1.57671,-128.764,244.543
514.56,9.99929,2.37485,16.4181,11.4484,30.9193,1.57671,-127.024,245.871
514.58,9.99982,2.38424,16.2118,11.518,30.7734,1.56873,-127.024,248.526
514.6,9.99822,2.41975,16.1431,11.4716,30.6567,1.56873,-127.024,250.915
514.62,9.99822,2.34632,16.0284,11.4716,30.5692,1.56873,-130.133,249.588
514.64,9.99768,2.36874,15.9367,11.518,30.4234,1.57022,-130.133,250.915
514.66,9.99822,2.41587,15.8453,11.518,30.3943,1.57171,-130.133,247.21
514.68,9.99715,2.45425,15.7304,11.4948,30.365,1.57171,-132.563,246.136
514.7,9.99715,2.4627,15.7304,11.4948,30.4817,1.57122,-132.563,244.809
514.72,9.99875,2.4782,15.6619,11.4485,30.5108,1.56574,-132.563,246.662
514.74,9.99768,2.47711,15.6616,11.4484,30.5984,1.56572,-132.233,246.667
514.76,9.99822,2.4949,15.6158,11.4251,30.7151,1.56572,-131.904,248.526
514.78,9.99822,2.37801,15.5929,11.2862,30.8314,1.57328,-131.904,249.585
514.8,9.99982,2.42603,15.5929,11.2626,31.1234,1.57082,-131.904,250.915
514.82,9.99822,2.43283,15.6158,11.1929,31.2693,1.57082,-130.133,251.447
514.84,9.99609,2.5292,15.5701,11.1235,31.3856,1.5754,-130.133,251.711
514.86,9.99608,2.53926,15.547,11.1465,31.5026,1.57677,-130.133,248.26
514.88,10.0004,2.47092,15.6158,11.0304,31.561,1.57677,-127.188,250.65
514.9,9.99876,2.48659,15.5929,11.0304,31.7645,1.57728,-127.188,246.679
514.92,9.99929,2.52909,15.57,11.0071,31.8818,1.57289,-127.188,246.136
514.94,9.99929,2.41537,15.6158,11.0071,31.9693,1.57289,-126.663,245.605
514.96,10.0014,2.54778,15.5701,11.0071,31.8821,1.57289,-126.14,248.782
514.98,9.99982,2.52378,15.5929,10.7517,31.8527,1.57427,-126.138,250.119
515,9.99822,2.32676,15.6387,11.0071,31.7652,1.56938,-126.138,252.243
515.02,9.99822,2.43764,15.7073,10.9608,31.6198,1.56938,-131.475,252.508
515.04,9.99822,2.35839,15.6616,11.0071,31.386,1.57256,-131.492,256.491
515.06,9.99822,2.33221,15.7533,10.8678,31.4443,1.57744,-131.492,256.757
515.08,9.99662,2.32489,15.7992,10.9143,31.4443,1.57744,-131.512,253.305
515.1,9.99662,2.41454,15.8221,11.0071,31.3568,1.57164,-131.512,253.305
515.12,9.99608,2.51626,15.845,10.9375,31.1526,1.56753,-131.512,256.491
515.14,9.99982,2.52848,15.9367,11.0536,30.9193,1.56753,-130.936,260.474
515.16,9.99876,2.44581,15.9367,11.0536,30.7739,1.56753,-130.361,260.739
515.18,9.99875,2.41269,15.9826,11.1697,30.6859,1.56797,-130.359,260.209
515.2,9.99822,2.32542,16.0055,11.2394,30.6859,1.56634,-130.359,260.209
515.22,9.99769,2.34881,16.0284,11.2394,30.8604,1.56634,-128.553,264.709
515.24,9.99768,2.50156,16.0055,11.3323,31.1526,1.57687,-128.547,265.519
515.26,9.99608,2.32583,16.0743,11.309,31.4443,1.57525,-128.547,263.926
515.28,9.99981,2.39698,16.0514,11.4016,31.9387,1.57525,-127.039,263.661
515.3,9.99875,2.35332,16.0743,11.3787,32.2902,1.57472,-125.521,263.395
515.32,9.99875,2.41058,16.0972,11.4019,32.6694,1.57094,-125.521,268.971
515.34,9.99715,2.35463,16.0515,11.4482,32.902,1.57094,-125.521,268.971
515.36,9.99875,2.39554,16.0514,11.4019,33.1653,1.57094,-129.206,271.626
515.38,9.99929,2.3721,16.1201,11.4251,33.3695,1.56902,-129.206,270.033
515.4,9.99929,2.35988,16.0744,11.3557,33.6021,1.57554,-129.206,268.974
515.42,9.99929,2.28713,16.1201,11.3555,33.8653,1.57556,-131.657,265.254
515.44,9.99608,2.3072,16.166,11.4019,34.0695,1.56626,-131.657,266.581
515.46,9.99608,2.43772,16.2345,11.3556,34.0114,1.5597,-131.657,266.316
515.48,9.99929,2.38516,16.3952,11.2394,34.157,1.55968,-131.09,267.378
515.5,9.99715,2.37058,16.4869,11.2858,34.1862,1.57164,-130.524,273.219
515.52,9.99928,2.39309,16.624,11.2164,34.128,1.56767,-130.524,270.572
515.54,9.99929,2.47773,16.9454,11.2161,33.982,1.56766,-130.524,267.378
515.56,9.99875,2.47773,17.1517,11.1929,33.7487,1.56766,-128.547,262.333
515.58,9.99715,2.36486,17.4039,11.1465,33.6028,1.57894,-128.547,262.864
515.6,9.99715,2.39079,17.6331,11.2626,33.2528,1.57496,-128.547,258.084
515.62,9.99822,2.46139,18.0228,11.2394,33.0486,1.57496,-124.717,256.491
515.64,9.99822,2.54529,18.2291,11.2161,32.9319,1.56688,-124.717,247.729
515.66,9.99609,2.52469,18.4805,11.3319,32.961,1.57089,-124.717,245.347
515.68,9.99608,2.61911,18.6647,11.3323,33.1361,1.5709,-125.778,244.012
515.7,9.99715,2.6926,18.7793,11.4019,33.282,1.57253,-126.838,241.091
515.72,9.99875,2.76599,18.825,11.4945,33.5437,1.57256,-126.838,239.768
515.74,9.99875,2.72039,18.871,11.4251,34.157,1.57256,-126.838,233.657
515.76,9.99715,2.73123,18.9169,11.4716,34.8279,1.56767,-131.409,228.877
515.78,9.99768,2.70523,19.0311,11.5642,35.3514,1.55639,-131.409,225.436
515.8,9.99501,2.64757,19.0544,11.518,36.3739,1.55636,-131.409,223.036
515.82,9.99501,2.79858,19.0544,11.4948,37.8323,1.55636,-131.07,220.115
515.84,9.99767,2.75567,19.1001,11.4485,39.0246,1.55965,-130.731,221.439
515.86,9.99608,2.74142,19.1002,11.4484,40.0784,1.55645,-130.73,216.664
515.88,9.99608,2.6996,19.2149,11.5645,40.8368,1.55645,-129.659,216.929
515.9,9.99874,2.71704,19.192,11.4256,40.8658,1.55427,-128.592,218.782
515.92,9.99608,2.54676,19.1461,11.4484,40.195,1.55048,-128.589,217.195
515.94,9.99875,2.54505,19.1461,11.3555,39.3783,1.55048,-128.589,217.726
515.96,9.99875,2.50342,19.2147,11.3555,38.0115,1.55048,-127.665,218.784
515.98,9.99822,2.39509,19.2149,11.4716,36.6656,1.53187,-127.662,221.177
516,9.99822,2.36654,19.2378,11.2858,35.353,1.52621,-127.662,219.85
516.02,9.99822,2.40897,19.2149,11.3321,34.7132,1.52621,-126.451,225.938
516.04,9.99875,2.33976,19.2378,11.3323,33.9528,1.5398,-125.232,231.798
516.06,9.99715,2.35282,19.1461,11.2858,33.2236,1.56637,-125.232,238.171
516.08,9.99982,2.39543,19.0544,11.309,32.6694,1.56637,-127.549,240.56
516.1,9.99982,2.4816,18.9169,11.2858,32.4069,1.56637,-129.865,241.357
516.12,9.99929,2.29648,18.7793,11.3787,32.1444,1.5616,-129.865,244.809
516.14,10.0009,2.39039,18.3896,11.3787,31.8818,1.5616,-129.865,246.402
516.16,10.0009,2.44135,18.1154,11.4018,31.6492,1.5616,-131.405,248.519
516.18,10.0014,2.33008,17.7019,11.4019,31.4735,1.55415,-131.409,256.757
516.2,10.0009,2.43928,17.4956,11.3787,31.386,1.55335,-131.409,256.491
516.22,9.99982,2.42985,17.2899,11.425,31.0661,1.55335,-130.978,257.55
516.24,9.99982,2.33011,17.1059,11.518,30.9776,1.55612,-130.545,258.35
516.26,10.002,2.34871,16.8995,11.4948,30.7442,1.55413,-130.545,254.898
516.28,9.99983,2.48625,16.7853,11.5874,30.7152,1.55413,-130.545,258.075
516.3,10.0036,2.4028,16.6245,11.6341,30.7442,1.55413,-128.444,259.678
516.32,10.0036,2.43334,16.6703,11.7735,30.6567,1.55715,-128.444,257.554
516.34,10.003,2.46404,16.556,11.8429,30.6277,1.55794,-128.444,256.23
516.36,10.0009,2.47461,16.5328,11.8199,30.6859,1.55795,-125.273,255.695
516.38,10.0036,2.37392,16.4411,11.9592,30.7734,1.55158,-125.273,256.757
516.4,10.0036,2.46251,16.4868,11.9824,30.7443,1.55079,-125.273,257.551
516.42,10.0014,2.47723,16.4181,12.0754,30.8609,1.55079,-126.272,261.802
516.44,9.99929,2.49316,16.3952,12.145,31.0359,1.5519,-127.271,260.209
516.46,9.99929,2.38943,16.4181,12.145,31.0359,1.54984,-127.271,255.973
516.48,10.0036,2.50825,16.4181,12.2147,31.1234,1.54984,-127.271,255.429
516.5,10.003,2.43601,16.4411,12.2611,31.1526,1.54984,-131.739,254.367
516.52,10.003,2.42132,16.4868,12.3074,31.0654,1.53985,-131.739,253.308
516.54,10.003,2.50541,16.5557,12.4237,31.0651,1.53426,-131.739,254.102
516.56,10.0041,2.52793,16.6015,12.4237,30.9193,1.53426,-130.956,252.509
516.58,10.002,2.58605,16.7162,12.5166,30.7151,1.54653,-130.956,252.509
516.6,10.0014,2.59296,16.762,12.6791,30.4526,1.55207,-130.956,246.136
516.62,10.0014,2.40017,16.8078,12.563,30.4817,1.55207,-129.958,241.357
516.64,10.002,2.52457,16.8766,12.7256,30.2484,1.55207,-128.959,240.826
516.66,10.0004,2.58889,16.968,12.7024,30.2484,1.55049,-128.959,238.973
516.68,10.0004,2.69169,16.9912,12.772,30.2484,1.55049,-128.115,241.888
516.7,10.002,2.56555,17.0829,12.7256,30.3359,1.55049,-127.271,240.295
516.72,10.0025,2.43668,17.1286,12.7024,30.2777,1.56358,-127.271,233.148
516.74,10.0014,2.45015,17.2434,12.6327,30.2484,1.56205,-127.271,232.064
516.76,10.0014,2.57405,17.2205,12.6327,30.365,1.56205,-125.232,229.408
516.78,10.003,2.70539,17.2433,12.6095,30.3941,1.55028,-125.232,229.938
516.8,10.002,2.67515,17.2663,12.4933,30.5109,1.54867,-125.232,228.346
516.82,10.002,2.64826,17.3122,12.563,30.8901,1.54867,-130.03,225.957
516.84,10.0041,2.68616,17.3122,12.401,31.2681,1.54529,-130.03,222.515
516.86,10.0025,2.67692,17.3122,12.4005,31.736,1.5546,-130.03,221.974
516.88,10.002,2.67023,17.2663,12.3772,32.261,1.5546,-130.555,216.929
516.9,10.002,2.58647,17.2663,12.2615,32.6972,1.5546,-131.078,214.811
516.92,10.0046,2.79839,17.2663,12.2147,33.2528,1.55286,-131.08,212.681
516.94,10.0014,2.72553,17.2434,12.2147,33.7778,1.55446,-131.08,214.008
516.96,10.0014,2.68659,17.3577,12.0989,33.9523,1.55446,-130.279,215.332
516.98,10.002,2.5541,17.2434,12.0521,34.0112,1.55778,-130.277,216.929
517,10.0025,2.56619,17.3122,12.1218,33.9528,1.5546,-130.277,217.46
517.02,10.0009,2.60563,17.3579,11.9597,33.6039,1.5546,-129.025,222.49
517.04,10.0009,2.60383,17.4956,12.0289,33.1069,1.55238,-129.021,228.877
517.06,10.002,2.63502,17.4497,11.8896,32.6111,1.54379,-129.021,229.939
517.08,10.0025,2.36523,17.4726,11.8431,31.9985,1.54379,-126.941,237.374
517.1,10.0025,2.38377,17.4497,11.8896,31.211,1.54379,-124.862,240.56
517.12,10.0025,2.42921,17.5185,11.7735,30.4234,1.54634,-124.862,243.215
517.14,10.0009,2.56505,17.4956,11.7967,29.9567,1.54555,-125.057,249.588
517.16,10.0025,2.53128,17.4956,11.8661,29.6368,1.54555,-125.252,251.441
517.18,10.0025,2.35691,17.4726,11.7967,29.3441,1.54722,-125.253,256.491
517.2,10.003,2.38126,17.3809,11.7967,29.1399,1.54732,-125.253,252.774
517.22,10.0036,2.43671,17.3581,11.7272,29.0527,1.54732,-131.144,259.392
517.24,10.0009,2.48223,17.3809,11.727,29.0524,1.5462,-131.162,263.395
517.26,10.0009,2.35171,17.3122,11.727,28.9358,1.54349,-131.162,267.378
517.28,10.0025,2.43722,17.1293,11.5187,28.7613,1.54349,-130.937,271.613
517.3,10.002,2.43187,17.0371,11.6109,28.7607,1.54349,-130.936,279.326
517.32,10.0025,2.37931,16.8537,11.5413,28.4982,1.54946,-130.936,281.716
517.34,10.0025,2.42714,16.6709,11.5644,28.2365,1.54867,-130.063,286.48
517.36,10.002,2.32067,16.4411,11.4948,28.0607,1.54867,-129.186,288.619
517.38,10.002,2.32836,16.1889,11.4716,27.8273,1.54924,-129.186,283.043
517.4,10.003,2.37231,16.0061,11.4716,27.6529,1.55137,-128.005,283.573
517.42,10.003,2.28625,15.8909,11.4484,27.6523,1.55138,-126.818,285.964
517.44,10.0025,2.3269,15.7075,11.4251,27.7982,1.55138,-126.818,281.981
517.46,10.003,2.3483,15.4561,11.402,27.9726,1.54789,-126.818,282.246
517.48,10.003,2.33567,15.3178,11.3555,28.119,1.54552,-124.553,284.636
517.5,10.0025,2.25978,15.0885,11.309,28.5274,1.54552,-124.553,278.264
517.52,10.002,2.28278,14.9286,11.3785,28.6437,1.54214,-124.553,273.499
517.54,10.0025,2.3184,14.7676,11.3787,28.7024,1.54528,-128.383,272.688
517.56,10.0025,2.38042,14.6071,11.3555,28.8774,1.54528,-128.383,269.236
517.58,9.99982,2.35799,14.4238,11.3323,28.8774,1.54697,-128.383,270.564
517.6,10.002,2.34327,14.1945,11.2858,28.9941,1.55025,-129.474,268.971
517.62,10.0041,2.30466,14.1487,11.3323,29.1108,1.55025,-130.565,270.829
517.64,10.0041,2.35245,13.9882,11.2858,29.0816,1.55025,-130.565,264.457
517.66,10.003,2.44613,13.8739,11.3321,29.0816,1.55469,-130.565,265.516
517.68,10.0009,2.42918,13.8507,11.2394,29.1108,1.55235,-129.556,263.926
517.7,10.0009,2.32187,13.7819,11.2394,28.9649,1.55235,-129.556,258.881
517.72,10.002,2.35148,13.8047,11.2394,28.9359,1.54216,-129.556,258.616
517.74,10.003,2.41064,13.8048,11.2161,28.9066,1.5437,-128.259,249.322
517.76,10.0025,2.38945,13.8277,11.2161,28.7607,1.5437,-128.259,246.136
517.78,10.0025,2.38364,13.8049,11.2393,28.7607,1.5437,-128.259,242.43
517.8,10.0014,2.24842,13.8736,11.1233,28.6732,1.55161,-126.591,244.543
517.82,10.0036,2.3941,13.8507,11.1929,28.6441,1.55161,-124.923,242.95
517.84,10.0036,2.36537,13.8507,11.1235,28.5568,1.55161,-124.923,242.95
517.86,10.003,2.33938,13.8965,11.1465,28.4107,1.56289,-124.923,245.605
517.88,10.0014,2.46392,13.8736,11.1465,28.3524,1.57082,-125.253,238.702
517.9,10.0036,2.44129,13.8736,11.077,28.3524,1.57082,-125.253,235.525
517.92,10.0036,2.32093,13.8736,11.0071,28.2649,1.56748,-125.253,234.453
517.94,10.0025,2.34664,13.8736,11.0071,28.2649,1.56748,-127.621,236.577
517.96,10.0025,2.39561,13.8507,10.9608,28.2067,1.56748,-129.981,236.577
517.98,10.0025,2.35753,13.8277,10.8678,28.1774,1.56804,-129.989,234.188
518,10.0025,2.31431,13.8507,10.8678,28.2357,1.57496,-129.989,229.408
518.02,10.0009,2.40892,13.7821,10.8678,28.1485,1.57496,-130.173,225.703
518.04,9.99982,2.40921,13.7819,10.8214,28.1482,1.57496,-130.174,227.284
518.06,9.99982,2.32277,13.7819,10.7053,28.119,1.55864,-130.174,226.753
518.08,10.002,2.3044,13.736,10.6588,28.2649,1.55225,-128.691,220.912
518.1,9.99982,2.31412,13.736,10.6588,28.2357,1.55225,-128.691,218.522
518.12,9.99982,2.31997,13.6902,10.5892,28.3524,1.54895,-128.691,218.788
518.14,10.002,2.42675,13.6902,10.6356,28.3524,1.54727,-127.528,215.867
518.16,9.99983,2.30297,13.6673,10.5893,28.3815,1.54727,-126.368,221.426
518.18,9.99929,2.38189,13.6214,10.6124,28.3524,1.54727,-126.365,217.46
518.2,9.99929,2.39743,13.6214,10.5195,28.1774,1.54727,-126.365,217.726
518.22,9.99822,2.32273,13.6214,10.5426,28.1774,1.54727,-124.086,219.579
518.24,9.99662,2.37159,13.5068,10.5659,28.0899,1.54727,-124.079,216.398
518.26,9.99715,2.35705,13.5526,10.473,28.0315,1.544,-124.079,212.946
518.28,9.99715,2.37618,13.5755,10.4267,27.9734,1.544,-126.707,207.387
518.3,9.99448,2.42829,13.5297,10.4498,27.9732,1.544,-129.35,210.557
518.32,9.99448,2.43796,13.4839,10.4034,27.8565,1.54075,-129.35,212.681
518.34,9.99448,2.50767,13.461,10.4034,27.8856,1.53914,-129.586,214.798
518.36,9.99555,2.41932,13.5068,10.4266,27.8273,1.53914,-129.824,215.601
518.38,9.99822,2.37157,13.4839,10.3569,27.769,1.54022,-129.824,210.026
518.4,9.99875,2.37623,13.4382,10.3569,27.7108,1.54612,-129.413,211.879
518.42,9.99875,2.37252,13.4609,10.3569,27.594,1.54614,-129,211.619
518.44,9.99555,2.30932,13.4609,10.3569,27.4773,1.54614,-129,211.884
518.46,9.99608,2.29486,13.4838,10.3106,27.4191,1.54373,-128.179,212.678
518.48,9.99448,2.31906,13.4151,10.3569,27.3023,1.54131,-127.353,214.274
518.5,9.99448,2.40672,13.5985,10.3105,27.2148,1.54131,-127.353,213.212
518.52,9.99608,2.45283,13.5985,10.3105,27.1857,1.5448,-127.353,212.947
518.54,9.99608,2.44117,13.5297,10.3105,27.0689,1.54722,-125.634,213.743
518.56,9.99662,2.51405,13.6443,10.3105,27.0398,1.54722,-123.914,216.398
518.58,9.99662,2.27178,13.6673,10.3337,26.9814,1.54722,-123.914,215.601
518.6,9.99662,2.33754,13.6673,10.3105,26.8939,1.55205,-123.914,219.053
518.62,9.99501,2.33847,13.6443,10.2873,26.9523,1.55205,-126.262,219.584
518.64,9.99501,2.36042,13.736,10.3105,26.8939,1.55205,-126.262,223.833
518.66,9.99767,2.39917,13.7589,10.3105,27.0102,1.54212,-126.262,228.597
518.68,9.99555,2.45845,13.8048,10.3569,27.244,1.53645,-126.262,225.691
518.7,9.99501,2.46529,13.9194,10.4034,27.4773,1.53645,-129.721,229.939
518.72,9.99501,2.28651,13.9194,10.4034,27.9717,1.53966,-129.721,232.587
518.74,9.99662,2.26462,14.1028,10.4034,28.2357,1.54615,-129.721,232.595
518.76,9.99501,2.25729,14.057,10.3802,28.4691,1.54615,-129.093,233.126
518.78,9.99501,2.22881,14.1484,10.357,28.5854,1.54402,-128.467,229.155
518.8,9.99662,2.4392,14.3091,10.3105,28.7024,1.54401,-128.465,236.577
518.82,9.99662,2.40869,14.355,10.2641,28.7024,1.54401,-128.465,236.843
518.84,9.99502,2.42679,14.4693,10.1946,28.7024,1.55148,-128.465,238.167
518.86,9.99501,2.40825,14.5842,10.1015,28.7316,1.5623,-125.17,237.64
518.88,9.99448,2.41658,14.6759,9.98539,28.7316,1.5623,-125.17,233.922
518.9,9.99501,2.45931,14.813,9.91594,28.8479,1.56284,-125.17,233.128
518.92,9.99501,2.44473,14.9052,9.68351,28.8483,1.56178,-125.17,236.312
518.94,9.99501,2.52066,14.9969,9.42806,28.9358,1.56178,-125.768,236.843
518.96,9.99395,2.51127,15.0654,9.24286,29.0812,1.56178,-126.363,237.108
518.98,9.99662,2.46838,15.0427,8.96363,29.2566,1.55178,-126.365,237.64
519,9.99715,2.33103,15.0427,8.75463,29.5191,1.54936,-126.365,243.481
519.02,9.99715,2.36443,15.0198,8.49997,29.7227,1.54936,-126.365,244.805
519.04,9.99501,2.47483,14.9969,8.35986,29.9275,1.54828,-130.195,247.995
519.06,9.99394,2.46788,14.9281,8.29019,30.0442,1.54667,-130.195,241.622
519.08,9.99287,2.37104,14.9281,8.12764,30.2192,1.54667,-130.195,238.967
519.1,9.99287,2.28074,14.8593,8.17409,30.2775,1.54775,-130.195,242.95
519.12,9.99715,2.35409,14.8822,8.05798,30.3067,1.55044,-130.195,244.543
519.14,9.99555,2.3264,14.7905,8.05798,30.1609,1.55044,-127.332,238.171
519.16,9.99555,2.32276,14.7448,8.08113,30.1027,1.55044,-127.332,234.994
519.18,9.99394,2.34046,14.7905,8.0812,29.8983,1.54182,-127.332,233.391
519.2,9.99341,2.30807,14.7447,8.12764,29.7525,1.53859,-127.332,232.595
519.22,9.99288,2.31586,14.6076,8.15079,29.4617,1.53859,-127.332,229.418
519.24,9.99287,2.29387,14.653,8.17409,29.2858,1.53751,-127.332,227.284
519.26,9.99287,2.30907,14.6071,8.24375,29.3441,1.53751,-125.871,225.16
519.28,9.99394,2.40497,14.63,8.128,29.0242,1.53751,-125.871,232.043
519.3,9.99074,2.40525,14.6071,8.26697,28.9941,1.53859,-125.871,232.064
519.32,9.99074,2.27862,14.6071,8.31342,28.9649,1.53967,-125.871,229.939
519.34,9.99234,2.23002,14.6071,8.31342,28.9359,1.53967,-125.871,234.175
519.36,9.99181,2.25043,14.6301,8.38308,29.0524,1.53967,-125.871,238.436
519.38,9.99234,2.32178,14.6071,8.4063,29.0233,1.5394,-129.886,238.436
519.4,9.99234,2.30161,14.6529,8.38315,29.1977,1.5402,-129.886,233.142
519.42,9.99341,2.31761,14.653,8.45275,29.2858,1.5402,-129.886,229.939
519.44,9.99127,2.32305,14.653,8.45275,29.3733,1.5386,-129.886,231.533
519.46,9.99234,2.27169,14.5844,8.4759,29.2861,1.54021,-129.886,230.474
519.48,9.99234,2.3364,14.5842,8.54564,29.315,1.54022,-129.886,229.408
519.5,9.99448,2.26755,14.4696,8.52241,29.315,1.54505,-125.829,229.408
519.52,9.99288,2.28885,14.4239,8.49926,29.1696,1.55311,-125.829,227.82
519.54,9.99127,2.31917,14.3321,8.49919,29.3441,1.55313,-125.829,224.098
519.56,9.99127,2.36778,14.034,8.54564,29.1399,1.55313,-125.829,229.408
519.58,9.99448,2.35285,13.7819,8.49919,29.3441,1.55044,-125.829,227.815
519.6,9.99127,2.37569,13.4609,8.45275,29.49,1.54883,-125.829,226.222
519.62,9.99074,2.42991,13.0712,8.52241,29.6942,1.54883,-125.829,228.877
519.64,9.99074,2.42893,12.7732,8.54564,29.8983,1.54667,-125.829,224.629
519.66,9.99127,2.48779,12.5904,8.45303,30.1601,1.54345,-130.448,223.57
519.68,9.99181,2.51038,12.4294,8.45275,30.4234,1.54344,-130.462,221.974
519.7,9.99181,2.67921,12.4294,8.45275,30.4526,1.54778,-130.462,215.07
519.72,9.99181,2.57707,12.4294,8.40645,30.4816,1.56815,-130.462,215.6
519.74,9.99181,2.50313,12.4981,8.45275,30.3359,1.56821,-130.462,213.477
519.76,9.98967,2.44553,12.6128,8.45275,29.9275,1.56821,-130.462,203.919
519.78,9.99127,2.43724,12.7042,8.36014,29.5204,1.57095,-130.462,194.389
519.8,9.99127,2.6254,12.9108,8.59208,29.0816,1.56935,-130.462,189.05
519.82,9.98967,2.64314,13.0712,8.52241,29.0233,1.56935,-127.168,191.705
519.84,9.9902,2.60412,13.2312,8.54556,29.4013,1.56338,-127.168,192.234
519.86,9.9902,2.5659,13.438,8.59208,29.8692,1.55097,-127.168,186.394
519.88,9.9886,2.62123,13.6673,8.59208,30.8901,1.55097,-127.168,180.553
519.9,9.9918,2.75314,13.8272,8.59208,31.8788,1.55097,-127.168,179.494
519.92,9.9886,2.73005,14.057,8.59208,32.6694,1.57008,-127.168,181.084
519.94,9.9886,2.61168,14.1945,8.77785,33.282,1.58382,-127.168,183.208
519.96,9.9902,2.60739,14.4688,8.68525,33.7472,1.58382,-127.168,180.561
519.98,9.98806,2.61917,14.9052,8.87074,34.2154,1.5785,-130.009,178.429
520,9.98913,2.60904,15.3407,8.77785,34.5071,1.53751,-130.009,178.96
520.02,9.98913,2.61518,15.8206,8.87046,34.5652,1.53751,-130.009,182.136
520.04,9.98806,2.53714,16.166,8.87074,34.3612,1.53536,-130.009,186.394
520.06,9.9902,2.52996,16.5328,8.91718,34.157,1.53808,-130.009,194.36
520.08,9.9902,2.58487,16.7391,8.96363,33.5445,1.53808,-130.009,200.201
520.1,9.98913,2.43136,16.7162,9.10296,32.8444,1.55046,-130.009,201.263
520.12,9.9886,2.43154,16.762,9.10296,31.8527,1.56464,-130.009,199.67
520.14,9.98753,2.44276,16.7162,9.19585,30.9776,1.56464,-130.009,199.139
520.16,9.98753,2.37818,16.579,9.24215,29.8435,1.5674,-127.197,200.728
520.18,9.98806,2.54183,16.3952,9.33518,28.6441,1.56382,-127.188,203.388
520.2,9.98913,2.37261,16.2118,9.42806,27.944,1.56382,-127.188,208.698
520.22,9.9886,2.3526,16.0747,9.47437,27.4496,1.56382,-127.188,213.463
520.24,9.9886,2.3445,15.7763,9.47451,27.0106,1.56718,-127.188,211.353
520.26,9.9886,2.25845,15.6616,9.5674,26.8939,1.56243,-127.188,209.229
520.28,9.98913,2.33966,15.3417,9.7063,26.7485,1.56243,-127.188,218.759
520.3,9.9886,2.33239,15.1344,9.70673,26.7772,1.56243,-127.188,220.912
520.32,9.9886,2.31401,14.8364,9.70673,26.8939,1.56606,-127.188,223.036
520.34,9.98647,2.38027,14.745,9.79933,26.9521,1.56292,-127.188,220.918
520.36,9.98967,2.33794,14.3779,9.98539,26.9523,1.56291,-130.545,220.381
520.38,9.98913,2.41287,14.1487,9.98539,26.9523,1.57495,-130.545,224.629
520.4,9.98913,2.42535,13.9201,9.98539,26.8359,1.56866,-130.545,230.453
520.42,9.98753,2.37414,13.9653,9.98539,26.8939,1.56864,-130.545,236.312
520.44,9.98913,2.41991,13.7131,10.1247,26.8648,1.56864,-130.545,237.905
520.46,9.98753,2.44914,13.6903,10.2173,26.8938,1.56923,-130.545,231.552
520.48,9.98753,2.40232,13.5526,10.2641,26.7189,1.54994,-130.545,225.16
520.5,9.9902,2.41018,13.6443,10.2641,26.7772,1.54994,-130.545,220.381
520.52,9.98754,2.41451,13.6443,10.403,26.7191,1.54994,-130.545,220.91
520.54,9.9886,2.36923,13.6214,10.4034,26.5439,1.56689,-126.529,224.629
520.56,9.9886,2.5464,13.5526,10.5427,26.5147,1.56927,-126.529,227.815
520.58,9.99074,2.4036,13.6443,10.5892,26.3105,1.56927,-126.529,231.002
520.6,9.98913,2.39372,13.6443,10.5892,26.4272,1.56927,-126.529,233.657
520.62,9.98913,2.49705,13.5526,10.7749,26.1939,1.56927,-126.529,233.657
520.64,9.98913,2.38578,13.6902,10.7749,26.3105,1.57933,-126.529,231.533
520.66,9.99126,2.35342,13.5988,10.9138,26.1942,1.5618,-126.529,234.18
520.68,9.98967,2.3034,13.6443,10.9143,26.3689,1.56174,-126.529,236.843
520.7,9.9886,2.34953,13.6443,10.8678,26.4272,1.56174,-126.529,233.126
520.72,9.9886,2.4533,13.5986,10.7752,26.4272,1.56174,-126.529,236.832
520.74,9.98806,2.41324,13.736,10.7749,26.5731,1.55429,-130.009,239.498
520.76,9.98913,2.43783,13.6443,10.7285,26.6022,1.5456,-130.009,241.622
520.78,9.98913,2.43783,13.8729,10.6359,26.4277,1.5456,-130.009,243.211
520.8,9.98913,2.42419,13.6902,10.6356,26.3689,1.5456,-130.009,243.746
520.82,9.9902,2.33745,13.6443,10.5427,26.0772,1.5456,-130.009,241.091
520.84,9.99233,2.34972,13.69,10.5427,25.9027,1.5745,-130.009,240.562
520.86,9.99234,2.30394,13.5526,10.5427,25.9022,1.56687,-130.009,241.622
520.88,9.9886,2.38694,13.5985,10.3569,25.6688,1.56687,-130.009,244.278
520.9,9.99073,2.42432,13.5071,10.3106,25.6688,1.56687,-130.009,246.925
520.92,9.99555,2.42101,13.4609,10.3105,25.5521,1.56687,-130.009,254.367
520.94,9.99555,2.26159,13.4609,10.2176,25.6105,1.58716,-126.632,261.271
520.96,9.99182,2.34003,13.5067,10.125,25.5523,1.55985,-126.632,264.977
520.98,9.99341,2.3266,13.3693,10.1247,25.5521,1.55976,-126.632,265.519
521,9.99287,2.33211,13.5526,9.8925,25.5521,1.55976,-126.632,266.05
521.02,9.99287,2.31371,13.5526,9.9388,25.6103,1.55976,-126.632,269.756
521.04,9.99448,2.38613,13.4609,9.93894,25.6688,1.55976,-126.632,273.485
521.06,9.99715,2.36369,13.4151,9.8925,25.5521,1.56671,-126.632,279.857
521.08,9.99982,2.38914,13.5985,9.8925,25.3771,1.55191,-126.632,282.512
521.1,9.99982,2.34373,13.5985,9.75317,25.2021,1.55191,-126.632,279.857
521.12,10.0025,2.34725,13.5985,9.70673,25.0854,1.55191,-126.632,276.671
521.14,10.0036,2.34449,13.5985,9.70673,25.0854,1.55191,-128.486,275.609
521.16,9.99877,2.34447,13.5071,9.66042,25.0273,1.55191,-128.486,272.962
521.18,9.99875,2.3744,13.4609,9.70673,25.2021,1.55472,-128.486,270.298
521.2,10.002,2.36112,13.5068,9.70673,25.2021,1.54276,-128.486,264.988
521.22,10.0041,2.31822,13.5068,9.70673,25.2021,1.54276,-128.486,260.753
521.24,10.0041,2.35898,13.4151,9.61384,25.5521,1.54276,-128.486,258.085
521.26,10.0025,2.33042,13.2776,9.61384,25.9022,1.54276,-128.486,253.305
521.28,10.0025,2.44361,13.1861,9.56754,26.2511,1.54276,-128.486,250.658
521.3,10.0014,2.44347,13.1859,9.5674,26.8356,1.54276,-128.486,251.181
521.32,10.0014,2.4183,12.9566,9.5674,26.8356,1.54276,-128.486,249.057
521.34,10.0014,2.27376,12.8652,9.52109,27.3009,1.59434,-128.486,242.704
521.36,10.002,2.33019,12.8649,9.52095,27.7107,1.57417,-127.991,239.498
521.38,10.0025,2.3528,12.7732,9.33518,28.0607,1.57417,-127.991,236.312
521.4,10.0025,2.34906,12.6361,9.33518,28.2933,1.57417,-127.991,236.312
521.42,10.0014,2.35001,12.6357,9.38162,28.294,1.57417,-127.991,232.064
521.44,10.003,2.31962,12.4981,9.52095,28.2357,1.57417,-127.991,225.16
521.46,10.0014,2.31412,12.4524,9.52095,28.1775,1.57417,-127.991,224.101
521.48,10.0014,2.39387,12.4523,9.38162,27.8857,1.56387,-127.991,222.505
521.5,10.0036,2.27754,12.544,9.33518,27.8857,1.54128,-127.991,219.319
521.52,10.002,2.26229,12.5897,9.33518,27.5949,1.54128,-127.991,221.436
521.54,10.0062,2.33665,12.5898,9.47451,27.244,1.54128,-127.991,220.381
521.56,10.0062,2.36646,12.5898,9.47451,27.244,1.54128,-127.991,217.195
521.58,10.0046,2.24321,12.7274,9.42806,27.0689,1.54128,-126.488,219.319
521.6,10.0062,2.27972,12.7274,9.42806,27.0689,1.54128,-126.488,221.443
521.62,10.0062,2.35883,12.7274,9.42806,27.0689,1.54128,-126.488,221.974
521.64,10.0062,2.39711,12.6815,9.38162,27.0106,1.59248,-126.488,222.505
521.66,10.0084,2.38809,12.6815,9.38162,27.0688,1.59248,-126.488,223.564
521.68,10.0078,2.34216,12.7274,9.38162,27.0689,1.59489,-126.488,227.815
521.7,10.0084,2.33843,12.7274,9.42806,27.0689,1.59489,-126.488,229.939
521.72,10.0084,2.42054,12.5903,9.42806,27.0689,1.59489,-126.488,230.469
521.74,10.0116,2.30222,12.6357,9.33518,27.0689,1.59489,-126.488,233.657
521.76,10.0121,2.33931,12.6357,9.33518,27.0689,1.59489,-126.488,240.56
521.78,10.0126,2.32225,12.6814,9.24257,27.0108,1.59489,-126.488,244.796
521.8,10.0126,2.34809,12.6357,9.24229,27.0106,1.59489,-129.165,246.933
521.82,10.0148,2.2685,12.6357,9.24229,26.6606,1.57371,-129.165,248.526
521.84,10.0185,2.28557,12.59,9.28859,26.5442,1.57371,-129.165,254.879
521.86,10.0175,2.31609,12.6357,9.28873,26.5439,1.56883,-129.165,261.271
521.88,10.0175,2.35073,12.6357,9.28873,26.3689,1.56883,-129.165,258.084
521.9,10.018,2.26453,12.6814,9.28873,26.3689,1.56883,-129.165,260.732
521.92,10.0169,2.27477,12.6815,9.1494,26.0772,1.56883,-129.165,264.988
521.94,10.0201,2.35018,12.7274,9.24229,25.8438,1.56883,-129.165,267.112
521.96,10.0201,2.36578,12.5903,9.24229,25.8438,1.56883,-129.165,272.406
521.98,10.0196,2.42252,12.5898,9.1494,25.4355,1.56883,-129.165,277.733
522,10.0233,2.423,12.7732,9.1494,25.1438,1.56883,-129.165,280.388
522.02,10.0196,2.36224,12.7732,9.0568,25.1438,1.55531,-127.03,278.8
522.04,10.0196,2.37826,12.7732,9.05652,24.9104,1.5443,-127.024,280.388
522.06,10.0228,2.34955,12.6815,9.1494,24.8521,1.5443,-127.024,283.043
522.08,10.0249,2.33765,12.6815,9.24229,24.8521,1.5443,-127.024,283.574
522.1,10.0255,2.40496,12.7274,9.24229,24.7937,1.5443,-127.024,280.388
522.12,10.0255,2.33379,12.6357,9.19585,24.7937,1.5443,-127.024,277.202
522.14,10.0244,2.31597,12.6357,9.19585,24.9688,1.5443,-127.024,274.016
522.16,10.0249,2.3169,12.7271,9.38105,24.9106,1.5443,-127.024,269.251
522.18,10.0249,2.41804,12.7274,9.38162,24.9104,1.5443,-127.024,260.74
522.2,10.0249,2.40166,12.7274,9.38162,25.1438,1.57322,-127.024,254.898
522.22,10.0249,2.47697,12.6817,9.38162,25.1438,1.57322,-127.024,251.192
522.24,10.0281,2.48173,12.6815,9.52095,24.9104,1.55436,-128.197,247.464
522.26,10.0281,2.42147,12.7732,9.52095,24.9688,1.55436,-128.197,243.215
522.28,10.0287,2.45737,12.7732,9.56726,24.9688,1.55436,-128.197,238.98
522.3,10.0265,2.31321,12.7732,9.70673,24.9104,1.55436,-128.197,238.436
522.32,10.0292,2.29032,12.7732,9.70673,24.7937,1.55436,-128.197,235.25
522.34,10.0292,2.35324,12.7732,9.61412,24.7937,1.55436,-128.197,232.073
522.36,10.0271,2.38065,12.9108,9.61384,24.7937,1.55436,-128.197,228.877
522.38,10.0271,2.37638,12.9108,9.61384,24.7937,1.55436,-128.197,225.691
522.4,10.0281,2.42476,12.8651,9.61384,24.7937,1.56674,-128.197,223.044
522.42,10.0281,2.55057,13.0483,9.75317,24.7937,1.55187,-128.197,220.381
522.44,10.0271,2.46331,13.0483,9.75317,24.7937,1.55187,-128.197,221.974
522.46,10.0297,2.42746,13.094,9.70687,24.8519,1.55187,-128.197,221.974
522.48,10.0297,2.49449,13.0942,9.70673,24.8521,1.55187,-128.3,220.912
522.5,10.0297,2.38893,13.1859,9.66028,25.0271,1.55187,-128.3,218.788
522.52,10.0297,2.51226,13.1859,9.66028,25.0271,1.55187,-128.3,217.199
522.54,10.0314,2.47666,13.3234,9.75317,25.0271,1.55187,-128.3,215.07
522.56,10.0319,2.55605,13.3693,9.75317,24.9104,1.55187,-128.3,214.539
522.58,10.0319,2.36249,13.3693,9.75317,24.9104,1.55187,-128.3,220.381
522.6,10.0314,2.52978,13.6443,9.75317,24.9688,1.55344,-128.3,226.222
522.62,10.0319,2.56799,13.6443,9.75317,25.0854,1.54328,-128.3,224.629
522.64,10.0297,2.42148,13.6443,9.84606,25.0854,1.54328,-128.3,223.036
522.66,10.0297,2.54676,13.6443,9.84606,25.3762,1.54328,-128.3,220.918
522.68,10.0292,2.47408,13.7819,9.84606,25.3771,1.54328,-128.3,218.788
522.7,10.0292,2.47508,13.8736,9.84606,25.7855,1.54328,-125.994,220.912
522.72,10.0324,2.40592,13.8736,9.75345,25.7855,1.54328,-125.994,219.324
522.74,10.0324,2.55038,14.0111,9.75317,26.3689,1.54328,-125.994,214.539
522.76,10.0319,2.61406,14.0111,9.70673,27.0689,1.54328,-125.994,211.884
522.78,10.0292,2.60564,14.1482,9.70673,27.0689,1.54328,-125.994,211.355
522.8,10.0314,2.60562,14.1487,9.84606,27.594,1.56074,-125.994,206.574
522.82,10.0314,2.51163,14.1945,9.66028,27.594,1.56074,-125.994,201.263
522.84,10.033,2.47585,14.1945,9.66028,28.0593,1.55195,-125.994,195.44
522.86,10.0314,2.46556,14.4238,9.75317,28.0607,1.55192,-125.994,189.581
522.88,10.0314,2.49555,14.4238,9.75317,28.0607,1.55192,-125.994,187.987
522.9,10.0319,2.50326,14.5609,9.66057,27.828,1.55192,-125.994,186.399
522.92,10.0303,2.53084,14.653,9.66028,27.8273,1.55192,-129.227,190.643
522.94,10.0335,2.52438,14.653,9.52095,27.7107,1.55192,-129.227,194.891
522.96,10.0335,2.43082,14.7444,9.52095,27.7107,1.55192,-129.227,197.538
522.98,10.0324,2.48207,14.7447,9.5674,27.5356,1.55192,-129.227,196.484
523,10.0308,2.48126,14.8364,9.5674,27.5356,1.54872,-129.227,190.643
523.02,10.0314,2.4873,14.8364,9.47479,27.5938,1.54872,-129.227,190.113
523.04,10.0314,2.43263,14.7905,9.52095,27.594,1.54872,-129.227,194.36
523.06,10.0308,2.36253,14.7905,9.52095,27.5356,1.54872,-129.227,197.015
523.08,10.0308,2.36156,14.653,9.38162,27.5356,1.54872,-129.227,200.201
523.1,10.0297,2.33081,14.653,9.38162,27.3023,1.54872,-129.227,204.45
523.12,10.0297,2.3669,14.4696,9.38162,27.3606,1.54872,-129.227,204.45
523.14,10.0314,2.3355,14.4696,9.38162,27.3606,1.54872,-127.147,204.981
523.16,10.0319,2.37758,14.3325,9.33532,27.3606,1.54872,-127.147,205.51
523.18,10.0303,2.34281,14.1487,9.33518,27.3606,1.54872,-127.147,209.76
523.2,10.0303,2.33182,14.1487,9.19585,27.244,1.54872,-127.147,212.415
523.22,10.0292,2.28554,13.9201,9.19585,27.244,1.54395,-127.147,219.298
523.24,10.0292,2.28267,13.9194,9.33518,27.0106,1.54393,-127.147,221.974
523.26,10.0308,2.36347,13.8736,9.33518,27.0106,1.54503,-127.147,225.16
523.28,10.0308,2.34038,13.8736,9.28887,27.0106,1.54503,-127.147,232.043
523.3,10.0297,2.35249,13.7819,9.28873,27.0106,1.54503,-127.147,236.312
523.32,10.0303,2.36039,13.7819,9.28873,26.8939,1.54503,-127.147,238.967
523.34,10.0303,2.43493,13.6905,9.14983,26.8939,1.54503,-127.147,236.849
523.36,10.0303,2.39761,13.6902,9.1494,26.7772,1.54503,-127.497,235.781
523.38,10.0308,2.32525,13.736,9.28873,26.4856,1.54503,-127.497,236.843
523.4,10.0308,2.32339,13.736,9.28873,26.4856,1.54503,-127.497,241.078
523.42,10.0308,2.37554,13.6443,9.1494,26.3105,1.54503,-127.497,245.34
523.44,10.0314,2.34497,13.6443,9.1494,26.3105,1.54503,-127.497,243.746
523.46,10.0303,2.35622,13.6443,9.24201,26.0779,1.54027,-127.497,240.57
523.48,10.0308,2.32142,13.5526,9.24229,26.0772,1.54803,-127.497,238.967
523.5,10.0308,2.38478,13.5526,9.1494,25.9022,1.54803,-127.497,242.684
523.52,10.0298,2.26046,13.5526,9.1494,25.9022,1.54803,-127.497,245.331
523.54,10.0308,2.27101,13.5526,9.19585,25.7855,1.54803,-127.497,241.091
523.56,10.0319,2.27162,13.5526,9.28873,25.7855,1.54803,-127.497,240.029
523.58,10.0319,2.29177,13.5526,9.28873,25.7855,1.54803,-129.268,242.153
523.6,10.0314,2.26383,13.4609,9.24229,25.7855,1.54803,-129.268,238.436
523.62,10.0308,2.25983,13.4609,9.24229,25.5521,1.54803,-129.268,236.312
523.64,10.0271,2.31897,13.5985,9.24229,25.4355,1.54803,-129.268,234.188
523.66,10.0271,2.31897,13.4157,9.24229,25.4355,1.54803,-129.268,237.364
523.68,10.0297,2.25575,13.4151,9.33518,25.3188,1.54803,-129.268,240.56
523.7,10.0303,2.26749,13.6902,9.33518,25.3188,1.54803,-129.268,237.374
523.72,10.0292,2.42834,13.6902,9.28887,25.4351,1.55926,-129.268,234.198
523.74,10.0292,2.44943,13.4609,9.28873,25.4355,1.55929,-129.268,232.595
523.76,10.0271,2.41646,13.4609,9.24229,25.3771,1.55929,-129.268,227.284
523.78,10.0281,2.44772,13.5524,9.24229,25.3771,1.55929,-129.268,220.931
523.8,10.0265,2.39905,13.5526,9.24229,25.5521,1.55929,-126.941,218.788
523.82,10.0265,2.38623,13.6443,9.24229,25.5521,1.55929,-126.941,217.195
523.84,10.0255,2.45944,13.6443,9.28859,25.8429,1.55929,-126.941,216.136
523.86,10.0244,2.42776,13.6443,9.19585,25.9605,1.55929,-126.941,215.601
523.88,10.0228,2.4925,13.6443,9.19585,25.9605,1.55929,-126.941,216.664
523.9,10.0228,2.44805,13.7815,9.10324,26.3676,1.56086,-126.941,217.722
523.92,10.0233,2.593,13.736,9.10296,26.3689,1.56087,-126.941,215.601
523.94,10.0233,2.57309,13.736,9.19585,26.7772,1.56087,-126.941,213.477
523.96,10.0233,2.49006,13.7817,9.19585,26.7772,1.56087,-126.941,215.595
523.98,10.0191,2.5401,13.7819,9.19585,27.244,1.56087,-126.941,217.726
524,10.0175,2.48442,13.7819,9.19585,27.244,1.56087,-126.941,220.912
524.02,10.0143,2.44403,13.7819,9.19585,27.1858,1.56087,-126.941,216.147
524.04,10.0143,2.38265,13.736,9.19585,27.1856,1.56087,-129.433,211.353
524.06,10.0159,2.43524,13.736,9.19585,27.1273,1.56087,-129.433,209.76
524.08,10.0143,2.49731,13.8736,9.19585,27.1273,1.56087,-129.433,207.105
524.1,10.018,2.46571,13.8736,9.19585,26.7189,1.56087,-129.433,206.574
524.12,10.018,2.42676,13.7819,9.24229,26.6022,1.54047,-129.433,208.698
524.14,10.0148,2.44678,13.7819,9.24229,26.6022,1.54047,-129.433,206.574
524.16,10.0137,2.41243,13.7362,9.24229,26.1951,1.53819,-129.433,204.456
524.18,10.0153,2.37002,13.6443,9.24229,26.1939,1.53818,-129.433,209.76
524.2,10.0153,2.40882,13.6443,9.28873,26.1355,1.53818,-129.433,215.07
524.22,10.0127,2.36784,13.6443,9.28873,26.1355,1.53818,-129.433,214.541
524.24,10.0121,2.3711,13.6443,9.28873,26.0188,1.53818,-129.433,214.008
524.26,10.0094,2.40459,13.5068,9.28873,26.0188,1.53818,-128.753,217.726
524.28,10.0094,2.32776,13.5068,9.28873,25.728,1.53818,-128.753,215.608
524.3,10.0137,2.34321,13.5068,9.28873,25.7272,1.53818,-128.753,213.477
524.32,10.0094,2.32875,13.5068,9.28873,25.6105,1.53818,-128.753,213.477
524.34,10.0094,2.29224,13.3697,9.24243,25.6105,1.56169,-128.753,211.36
524.36,10.0089,2.41658,13.3693,9.24229,25.4938,1.56176,-128.753,214.539
524.38,10.0105,2.26173,13.2776,9.24229,25.3771,1.56401,-128.753,220.381
524.4,10.0084,2.31294,13.2776,9.24229,25.3771,1.56401,-128.753,220.91
524.42,10.0084,2.30638,13.2776,9.24229,25.2605,1.56401,-128.753,217.195
524.44,10.0078,2.25868,13.2776,9.24229,25.2605,1.56401,-128.753,222.505
524.46,10.0084,2.3185,13.0947,9.28859,25.3186,1.56401,-128.753,227.799
524.48,10.0078,2.33034,13.14,9.28873,25.3188,1.56401,-128.136,228.346
524.5,10.0078,2.40751,13.14,9.28873,25.2605,1.56401,-128.136,228.877
524.52,10.0046,2.2715,13.0029,9.28873,25.2605,1.56401,-128.136,228.348
524.54,10.0068,2.28279,13.0025,9.47451,25.4938,1.56401,-128.136,228.877
524.56,10.0041,2.37533,12.9108,9.47451,25.4938,1.54517,-128.136,233.657
524.58,10.0041,2.36037,12.9108,9.47451,25.4938,1.54517,-128.136,236.843
524.6,10.0052,2.41351,12.8649,9.33518,25.4938,1.54631,-128.136,236.312
524.62,10.002,2.43207,12.8649,9.33518,25.4938,1.54631,-128.136,235.25
524.64,10.003,2.30979,12.7274,9.47451,25.4938,1.54631,-128.136,235.781
524.66,10.003,2.32455,12.7274,9.47451,25.552,1.54631,-128.136,230.487
524.68,10.002,2.36078,12.8191,9.52095,25.4355,1.54631,-128.136,220.381
524.7,10.0052,2.35703,12.8191,9.52095,25.4355,1.54631,-130.318,222.505
524.72,10.002,2.38326,12.6362,9.42835,25.4355,1.54631,-130.318,224.623
524.74,10.002,2.33423,12.7274,9.42806,25.4355,1.54631,-130.318,222.505
524.76,10.0009,2.42023,12.7274,9.42806,25.2021,1.54631,-130.318,220.381
524.78,10.0014,2.40594,12.5445,9.42806,25.2021,1.53697,-130.318,216.145
524.8,10.0014,2.41839,12.544,9.38162,25.2021,1.53694,-130.318,211.884
524.82,10.002,2.29817,12.6357,9.38162,25.2021,1.52777,-130.318,209.76
524.84,10.0009,2.33399,12.6357,9.33532,24.9695,1.52777,-130.318,212.407
524.86,9.99768,2.34603,12.6815,9.33518,24.9688,1.52777,-130.318,214.008
524.88,9.99768,2.34979,12.6815,9.38162,24.7354,1.52777,-130.318,216.133
524.9,10.0003,2.2839,12.6358,9.28902,24.7354,1.52777,-130.318,219.838
524.92,9.99715,2.36347,12.6357,9.28873,24.6771,1.52777,-127.621,221.974
524.94,9.99822,2.33026,12.6815,9.1494,24.6187,1.52777,-127.621,223.036
524.96,9.99822,2.34505,12.6815,9.1494,24.6187,1.52777,-127.621,220.389
524.98,9.99929,2.31781,12.6815,9.1494,24.4437,1.52777,-127.621,217.726
525,9.99929,2.32426,12.7732,9.1494,24.4437,1.52777,-127.621,215.601
525.02,9.99822,2.38928,12.7732,9.1031,24.3274,1.56713,-127.621,213.484
525.04,9.99822,2.39325,12.8191,9.10296,24.327,1.55294,-127.621,212.415
525.06,9.99929,2.36546,12.8191,9.05652,24.327,1.55294,-127.621,211.353
525.08,9.99662,2.37205,12.9566,9.05652,24.327,1.55294,-127.621,219.85
525.1,9.99555,2.36405,12.9566,9.01007,24.2687,1.55294,-127.621,228.346
525.12,9.99555,2.35653,13.0025,9.01007,24.2687,1.55294,-127.621,230.471
525.14,9.99768,2.30352,13.0025,9.1494,24.327,1.55294,-127.621,233.126
525.16,9.99768,2.34455,13.1396,9.0568,24.3852,1.55294,-129.509,237.891
525.18,9.99768,2.45432,13.14,9.05652,24.3854,1.55294,-129.515,237.905
525.2,9.99768,2.37531,13.2776,9.01007,24.6771,1.55294,-129.515,234.719
525.22,9.99502,2.34272,13.4604,9.01007,24.6771,1.55294,-129.515,233.66
525.24,9.99394,2.35559,13.4609,8.96363,24.9688,1.58031,-129.515,235.781
525.26,9.99394,2.4548,13.6902,8.96363,24.9688,1.56653,-129.515,232.064
525.28,9.99448,2.53153,13.6902,9.14884,25.0851,1.56653,-129.515,228.358
525.3,9.99768,2.40862,13.736,9.1494,25.0854,1.56653,-129.515,224.629
525.32,9.99555,2.38855,13.736,9.10296,25.3188,1.56653,-129.515,220.912
525.34,9.99555,2.40089,13.8732,9.10296,25.3188,1.56653,-129.515,217.206
525.36,9.99608,2.42627,13.8736,9.10296,25.4938,1.56653,-129.515,215.07
525.38,9.99555,2.45114,13.8277,9.10296,25.4938,1.56653,-129.103,215.601
525.4,9.99608,2.46294,13.8277,9.19556,25.8428,1.56653,-129.103,215.072
525.42,9.99608,2.43259,13.9653,9.10296,26.0772,1.56653,-129.103,215.601
525.44,9.99608,2.37125,13.9653,9.10296,26.0772,1.56653,-129.103,215.07
525.46,9.99768,2.37706,13.8282,9.24187,26.4843,1.55841,-129.103,214.012
525.48,9.99768,2.45767,13.8277,9.24229,26.4856,1.55838,-129.103,217.726
525.5,9.99501,2.45766,13.7819,9.24229,26.8356,1.55418,-129.103,217.726
525.52,9.99501,2.38652,13.7819,9.24229,26.8356,1.55418,-129.103,216.137
525.54,9.99662,2.40619,13.7819,9.33518,26.6606,1.55418,-129.103,214.539
525.56,9.99662,2.36948,13.5985,9.33518,26.6606,1.55418,-129.103,211.884
525.58,9.99608,2.32148,13.5985,9.38162,26.3689,1.55418,-129.103,209.229
525.6,9.99822,2.28039,13.6902,9.38162,26.3689,1.55418,-127.95,211.884
525.62,9.99662,2.27851,13.6902,9.38162,26.1939,1.55418,-127.95,214.539
525.64,9.99662,2.24987,13.5985,9.38162,26.1939,1.55418,-127.95,215.601
525.66,9.99768,2.32222,13.5985,9.33532,26.3102,1.55418,-127.95,222.484
525.68,9.99662,2.32791,13.5526,9.38162,26.3105,1.55581,-127.95,230.471
525.7,9.99501,2.33165,13.5526,9.38162,26.2522,1.55581,-127.95,233.126
525.72,9.99501,2.33903,13.5526,9.47423,26.3685,1.55581,-127.95,235.243
525.74,9.99555,2.46662,13.5526,9.47451,26.3689,1.55581,-127.95,239.498
525.76,9.99608,2.408,13.5985,9.38162,26.3689,1.55581,-127.95,245.34
525.78,9.99555,2.35701,13.5528,9.38162,26.3689,1.55581,-127.95,247.987
525.8,9.99555,2.39461,13.5526,9.47451,26.5439,1.55581,-127.95,250.65
525.82,9.99608,2.49302,13.5985,9.47451,26.5439,1.55581,-130.895,252.243
525.84,9.99661,2.46646,13.5985,9.47451,26.4276,1.55581,-130.895,253.831
525.86,9.99768,2.3953,13.6902,9.47451,26.4272,1.55581,-130.895,262.333
525.88,9.99768,2.38891,13.6902,9.47451,26.4272,1.55581,-130.895,270.829
525.9,9.99875,2.40981,13.7816,9.47451,26.4272,1.55256,-130.895,267.124
525.92,9.99662,2.3466,13.7819,9.5674,26.3105,1.55255,-130.895,269.236
525.94,9.99555,2.35831,13.9194,9.5674,26.3105,1.54111,-130.895,272.954
525.96,9.99555,2.28779,13.9194,9.52109,26.1942,1.54111,-130.895,274.542
525.98,9.99608,2.33786,13.8736,9.61384,25.9605,1.54111,-130.895,276.671
526,9.99608,2.34992,13.8736,9.61384,25.9605,1.54111,-130.895,283.043
526.02,9.99608,2.39359,14.0107,9.61384,25.786,1.54111,-130.895,288.867
526.04,9.99662,2.37319,13.9653,9.61384,25.7855,1.54111,-128.053,288.354
526.06,9.99715,2.4569,13.9653,9.70673,25.7272,1.54111,-128.053,287.292
526.08,9.99394,2.48275,14.057,9.70673,25.7272,1.54111,-128.053,281.45
526.1,9.99394,2.34693,14.057,9.61384,25.4355,1.54111,-128.053,275.609
526.12,9.99662,2.44942,13.9194,9.61384,25.4355,1.55593,-128.053,270.829
526.14,9.99555,2.31083,13.9194,9.66028,25.4355,1.55593,-128.053,266.05
526.16,9.99555,2.3344,13.8737,9.66028,25.4355,1.54785,-128.053,267.638
526.18,9.99555,2.33077,13.8736,9.66028,25.2021,1.54782,-128.053,262.864
526.2,9.99768,2.30262,13.8736,9.66028,25.2021,1.54782,-128.053,259.678
526.22,9.99715,2.31614,13.8736,9.56768,25.0858,1.54782,-128.053,255.972
526.24,9.99448,2.30852,13.7819,9.5674,24.9688,1.54782,-128.053,254.367
526.26,9.99448,2.27795,13.7819,9.5674,24.9688,1.54782,-128.836,250.65
526.28,9.99501,2.19067,13.8733,9.6137,24.9106,1.54782,-128.836,241.12
526.3,9.99341,2.21871,13.9194,9.61384,24.9104,1.54782,-128.836,236.312
526.32,9.99715,2.37984,13.9194,9.70673,24.6187,1.54782,-128.836,238.967
526.34,9.99715,2.32846,13.8737,9.70673,24.6187,1.56438,-128.836,234.202
526.36,9.99287,2.40266,13.8736,9.52095,24.7354,1.56443,-128.836,229.408
526.38,9.99341,2.41988,13.9653,9.52095,24.7354,1.55359,-128.836,227.815
526.4,9.99341,2.36233,13.9653,9.75246,24.6772,1.55359,-128.836,226.227
526.42,9.99394,2.29158,14.057,9.75317,24.6771,1.55359,-128.836,223.036
526.44,9.99341,2.38373,14.057,9.84606,24.7354,1.55359,-128.836,216.133
526.46,9.99234,2.40824,14.1484,9.84606,24.7354,1.55359,-128.836,215.603
526.48,9.99234,2.41212,14.1487,9.8925,24.7354,1.55359,-128.836,214.008
526.5,9.99394,2.35615,14.2404,9.98539,24.8521,1.55359,-129.515,211.353
526.52,9.99288,2.47134,14.2404,9.98539,24.8521,1.55359,-129.515,211.353
526.54,9.99394,2.43307,14.4238,10.0783,25.2021,1.55359,-129.515,215.601
526.56,9.99394,2.38347,14.4238,10.0783,25.2021,1.55359,-129.515,218.788
526.58,9.99234,2.43076,14.4696,10.1247,25.5521,1.54522,-129.515,213.477
526.6,9.99341,2.45009,14.5155,10.1247,25.5521,1.54522,-129.515,218.257
526.62,9.99341,2.5481,14.5155,10.1712,25.9022,1.54522,-129.515,223.036
526.64,9.99127,2.45152,14.5613,10.1712,25.9022,1.54522,-129.515,225.16
526.66,9.99074,2.51797,14.5613,10.2175,26.4838,1.54522,-129.515,227.278
526.68,9.9902,2.5427,14.6988,10.2176,26.4856,1.54522,-129.515,229.408
526.7,9.9902,2.43599,14.6988,10.2641,27.0106,1.54522,-129.515,231.533
526.72,9.99233,2.57514,14.7445,10.2641,27.0106,1.54522,-127.319,229.944
526.74,9.9902,2.4198,14.7447,10.4034,27.3023,1.54522,-127.312,232.595
526.76,9.99341,2.36889,14.8822,10.4034,27.3023,1.54522,-127.312,236.843
526.78,9.99341,2.35262,14.8822,10.496,27.2441,1.54522,-127.312,241.608
526.8,9.99234,2.2746,14.9281,10.4034,27.1273,1.54187,-127.312,245.34
526.82,9.99074,2.29073,14.9281,10.4034,27.1273,1.54187,-127.312,244.809
526.84,9.98967,2.49071,15.1566,10.4497,26.8365,1.53506,-127.312,241.632
526.86,9.98967,2.3988,15.2032,10.4498,26.8356,1.53504,-127.312,238.967
526.88,9.9902,2.28243,15.2032,10.4498,26.5439,1.53504,-127.312,236.312
526.9,9.99127,2.33806,15.386,10.4498,26.5439,1.53504,-127.312,237.371
526.92,9.99127,2.31959,15.3866,10.3105,26.4272,1.53504,-127.312,238.436
526.94,9.98913,2.37141,15.4783,10.3105,26.4272,1.53504,-130.195,237.374
526.96,9.9902,2.3069,15.4783,10.3105,26.6599,1.53504,-130.195,236.315
526.98,9.99074,2.36631,15.4783,10.3105,26.6606,1.53504,-130.195,238.967
527,9.99074,2.3814,15.4783,10.2176,26.8356,1.53504,-130.195,241.622
527.02,9.9918,2.32848,15.6154,10.2176,26.8356,1.55516,-130.195,238.446
527.04,9.98967,2.35746,15.6158,10.0318,27.1856,1.55522,-130.195,238.436
527.06,9.99074,2.35188,15.6158,10.0318,27.3023,1.54668,-130.195,241.622
527.08,9.99074,2.45118,15.6158,10.0318,27.3023,1.54668,-130.195,241.622
527.1,9.99181,2.41673,15.845,9.98539,27.8273,1.54668,-130.195,243.746
527.12,9.98967,2.42146,15.7992,9.98539,27.8273,1.54668,-130.195,250.119
527.14,9.99181,2.45197,15.7992,9.84606,28.0023,1.54668,-130.195,255.429
527.16,9.99181,2.50694,16.0277,9.84606,28.0023,1.54668,-127.588,254.37
527.18,9.9902,2.5348,16.0284,9.79961,28.4107,1.54668,-127.58,253.305
527.2,9.98967,2.55461,16.0743,9.79961,28.4107,1.54668,-127.58,252.243
527.22,9.98754,2.45792,16.0743,9.66071,28.527,1.54668,-127.58,251.184
527.24,9.98753,2.42003,16.166,9.66028,28.5274,1.53145,-127.58,254.898
527.26,9.99074,2.5353,16.166,9.66028,28.7607,1.53145,-127.58,255.429
527.28,9.99234,2.49109,16.3031,9.66028,28.7607,1.53909,-127.58,259.135
527.3,9.99234,2.44037,16.3035,9.5674,28.7607,1.53911,-127.58,260.74
527.32,9.99127,2.43614,16.4869,9.70673,28.5274,1.53911,-127.58,259.678
527.34,9.99127,2.40773,16.4869,9.70673,28.5274,1.53911,-127.58,264.972
527.36,9.9886,2.42386,16.6245,9.66028,28.2357,1.53911,-127.58,269.767
527.38,9.9886,2.41974,16.6245,9.66028,28.2357,1.53911,-127.971,269.767
527.4,9.99073,2.33313,16.6702,9.70659,27.8286,1.53911,-127.971,267.12
527.42,9.98967,2.39946,16.8537,9.70673,27.8273,1.53911,-127.971,266.05
527.44,9.98913,2.40902,16.8537,9.75317,27.6523,1.53911,-127.971,267.112
527.46,9.98913,2.23979,16.8537,9.75317,27.6523,1.53911,-127.971,269.23
527.48,9.9902,2.45344,16.8537,9.70673,27.5356,1.53911,-127.971,271.361
527.5,9.99074,2.45198,16.8995,9.70673,27.5356,1.54591,-127.971,270.829
527.52,9.99127,2.346,16.8995,9.75303,27.5938,1.54591,-127.971,272.947
527.54,9.99127,2.26283,16.8537,9.75317,27.594,1.54591,-127.971,270.829
527.56,9.98967,2.3445,16.8537,9.75317,27.594,1.54591,-127.971,268.705
527.58,9.98967,2.36215,16.762,9.79961,27.594,1.54591,-127.971,268.705
527.6,9.98967,2.2939,16.762,9.79961,27.8273,1.54591,-129.577,266.581
527.62,9.99074,2.27043,16.8078,9.79961,28.1774,1.54591,-129.577,263.926
527.64,9.98913,2.34995,16.8078,9.79961,28.1774,1.54591,-129.577,261.271
527.66,9.9902,2.34252,16.8078,9.84592,28.2355,1.54591,-129.577,258.094
527.68,9.9902,2.29,16.762,9.84606,28.2357,1.54591,-129.577,258.085
527.7,9.98967,2.387,16.762,9.79961,28.5857,1.5109,-129.577,258.085
527.72,9.99073,2.2787,16.8534,9.79961,28.5857,1.49614,-129.577,260.732
527.74,9.99074,2.29772,16.8537,9.75317,28.8774,1.4961,-129.577,263.395
527.76,9.99074,2.34667,16.9454,9.75317,28.8774,1.4961,-129.577,262.864
527.78,9.9902,2.26465,16.9454,9.66057,29.0519,1.4961,-129.577,262.334
527.8,9.99127,2.28599,17.2663,9.66028,29.0524,1.4961,-129.577,263.926
527.82,9.98967,2.27905,17.2663,9.75317,29.2858,1.4961,-129.577,264.988
527.84,9.98967,2.24935,17.3577,9.75317,29.2858,1.4961,-127.175,264.459
527.86,9.99127,2.26698,17.358,9.70673,29.5775,1.4961,-127.168,264.988
527.88,9.99181,2.29127,17.6331,9.84606,30.1609,1.4961,-127.168,261.271
527.9,9.98967,2.31113,17.6331,9.84606,30.1609,1.4961,-127.168,254.388
527.92,9.98967,2.3317,17.8623,9.70673,30.5692,1.56536,-127.168,253.305
527.94,9.99287,2.29581,18.1374,9.70673,30.5692,1.56536,-127.168,249.588
527.96,9.99181,2.30033,18.1374,9.84563,31.209,1.57851,-127.168,245.882
527.98,9.98913,2.43989,18.3667,9.84606,31.211,1.57855,-127.168,247.464
528,9.98913,2.49372,18.3667,9.84606,31.5026,1.57855,-127.168,249.057
528.02,9.99073,2.36161,18.5495,9.84606,31.5026,1.57855,-127.168,254.351
528.04,9.99181,2.37845,18.5501,9.79961,32.2027,1.57855,-127.168,259.678
528.06,9.99181,2.46661,18.6876,9.79961,32.2027,1.57855,-129.371,256.491
528.08,9.99127,2.41219,18.6876,9.84606,32.4944,1.57855,-129.371,253.305
528.1,9.99234,2.4459,18.6876,9.84606,32.4944,1.57855,-129.371,254.367
528.12,9.99341,2.41707,18.6876,9.8925,32.7277,1.57855,-129.371,251.712
528.14,9.99341,2.3443,18.871,9.8925,32.4944,1.52655,-129.371,248.526
528.16,9.98968,2.43942,18.871,9.8925,32.4944,1.52655,-129.371,246.408
528.18,9.9902,2.44886,18.8252,9.8925,32.1444,1.53853,-129.371,241.091
528.2,9.98913,2.42566,18.9627,9.8925,32.1444,1.53853,-129.371,236.843
528.22,9.98913,2.44357,18.9627,10.0314,31.7954,1.53853,-129.371,235.255
528.24,9.98913,2.3338,18.871,10.0318,31.7943,1.53853,-129.371,235.781
528.26,9.98967,2.33333,18.871,10.0783,31.0943,1.53853,-129.371,236.312
528.28,9.98913,2.3209,19.0081,10.0783,31.0943,1.53853,-128.509,239.488
528.3,9.98913,2.35187,19.0085,10.1712,30.2192,1.53853,-128.506,242.684
528.32,9.98967,2.32653,19.0544,10.1712,30.2192,1.53853,-128.506,241.091
528.34,9.9918,2.29543,19.0544,10.1249,29.5794,1.53853,-128.506,239.503
528.36,9.99181,2.38289,18.9627,10.1247,29.5775,1.57677,-128.506,240.56
528.38,9.9902,2.30673,18.9627,10.0783,28.9941,1.57677,-128.506,242.153
528.4,9.99073,2.37089,18.9627,10.1246,28.8778,1.55372,-128.506,238.447
528.42,9.9902,2.3744,18.9627,10.1247,28.8774,1.55365,-128.506,238.436
528.44,9.9902,2.28564,18.871,9.93894,28.8191,1.55365,-128.506,236.843
528.46,9.99233,2.45938,18.871,9.93894,28.8191,1.55365,-128.506,232.078
528.48,9.9902,2.38142,18.7793,9.75317,29.1691,1.55365,-128.506,235.781
528.5,9.99074,2.38841,18.7335,9.75317,29.1691,1.55365,-128.197,238.967
528.52,9.99074,2.39658,18.7335,9.75317,29.4599,1.55365,-128.197,237.908
528.54,9.99234,2.44734,18.6418,9.75317,29.4608,1.55365,-128.197,236.843
528.56,9.9886,2.45407,18.6418,9.66028,29.9275,1.55365,-128.197,235.781
528.58,9.99127,2.46934,18.4584,9.66028,29.9275,1.55873,-128.197,234.188
528.6,9.99127,2.38804,18.4584,9.66028,30.2192,1.55873,-128.197,232.595
528.62,9.99181,2.42607,18.4584,9.66028,30.2192,1.55779,-128.197,232.595
528.64,9.9902,2.47597,18.4584,9.66028,30.3359,1.55779,-128.197,234.719
528.66,9.9902,2.44366,18.367,9.70659,30.3359,1.55779,-128.197,235.248
528.68,9.9902,2.44356,18.3667,9.70673,30.5109,1.55779,-128.197,235.25
528.7,9.99074,2.3939,18.3667,9.75317,30.5109,1.55779,-128.197,231.533
528.72,9.9918,2.3464,18.3667,9.75317,30.5109,1.55779,-130.784,225.709
528.74,9.99181,2.46198,18.3667,9.70673,30.4526,1.55779,-130.792,227.815
528.76,9.99074,2.42013,18.3667,9.70673,30.4526,1.55779,-130.792,234.188
528.78,9.99074,2.37694,18.4124,9.89194,30.4526,1.55779,-130.792,237.894
528.8,9.99341,2.39966,18.3208,9.8925,30.4526,1.50546,-130.792,238.436
528.82,9.99341,2.33086,18.3208,10.0318,30.0442,1.50546,-130.792,238.967
528.84,9.99074,2.30972,18.3665,10.0318,30.0442,1.53019,-130.792,240.026
528.86,9.99181,2.3406,18.3667,10.2176,29.6358,1.53027,-130.792,241.091
528.88,9.9902,2.35473,18.3208,10.2176,29.6358,1.53027,-130.792,243.747
528.9,9.9902,2.31223,18.3208,10.3102,29.1705,1.53027,-130.792,243.217
528.92,9.99234,2.30215,18.3208,10.3105,29.1691,1.53027,-130.792,243.215
528.94,9.99181,2.32706,18.3208,10.5427,29.0524,1.53027,-130.792,241.091
528.96,9.99074,2.42106,18.3665,10.589,29.0524,1.53027,-128.041,242.68
528.98,9.99074,2.31269,18.3667,10.5892,28.8774,1.53027,-128.033,246.933
529,9.99127,2.3463,18.1374,10.6356,28.7607,1.53027,-128.033,250.65
529.02,9.98807,2.33805,18.1831,10.6356,28.7607,1.53027,-128.033,258.062
529.04,9.98806,2.33431,18.1833,10.6356,28.7607,1.53027,-128.033,262.864
529.06,9.99448,2.36873,18.0457,10.6356,28.7607,1.53027,-128.033,262.864
529.08,10.0004,2.3364,18.0457,10.682,28.5857,1.53741,-128.033,262.864
529.1,10.0052,2.33316,18.1374,10.682,28.5857,1.53741,-128.033,259.678
529.12,10.0052,2.39705,18.1374,10.682,28.8191,1.53741,-128.033,256.491
529.14,9.99287,2.32178,18.1374,10.682,28.8191,1.53741,-128.033,259.147
529.16,9.99394,2.38077,18.1374,10.7283,28.8191,1.53741,-128.033,261.794
529.18,9.99394,2.38417,18.5501,10.7285,28.8191,1.53741,-129.062,255.429
529.2,9.99394,2.36152,18.5501,10.682,28.9941,1.53741,-129.062,252.243
529.22,9.99767,2.32176,18.7786,10.682,29.2267,1.53741,-129.062,251.714
529.24,9.99822,2.29388,18.7793,10.7285,29.2275,1.53741,-129.062,250.65
529.26,10.0068,2.44787,19.3295,10.682,29.5191,1.53906,-129.062,245.34
529.28,10.0068,2.42683,19.7866,10.682,29.5191,1.53906,-129.062,235.81
529.3,10.0062,2.53989,19.788,10.682,29.9858,1.54421,-129.062,227.815
529.32,10.0057,2.56949,20.3381,10.682,29.9858,1.54421,-129.062,221.443
529.34,10.0057,2.66336,20.3381,10.5431,30.8001,1.54421,-129.062,215.09
529.36,10.0062,2.56061,20.4757,10.5427,30.8026,1.54421,-129.062,210.291
529.38,10.0057,2.6542,20.4757,10.7285,32.086,1.54421,-129.062,205.512
529.4,10.0073,2.63465,20.6585,10.7285,32.086,1.54421,-129.062,200.217
529.42,10.0073,2.71684,20.6591,10.5892,33.4861,1.54421,-129.062,194.891
529.44,10.0062,2.92155,20.4757,10.5892,33.4861,1.54421,-129.062,191.705
529.46,10.0068,2.76192,20.4757,10.4966,35.7544,1.54421,-129.062,188.528
529.48,10.0062,2.7388,20.4757,10.4963,38.3866,1.53439,-129.062,182.677
529.5,10.0062,2.96792,20.4757,10.5427,38.3866,1.53439,-129.062,179.491
529.52,10.0052,2.70747,20.43,10.5427,40.0732,1.5396,-129.062,180.02
529.54,10.0046,2.72003,20.4298,10.5427,40.0784,1.53962,-129.062,185.863
529.56,10.0046,2.70626,20.384,10.4034,39.9033,1.53962,-129.062,187.987
529.58,10.0057,2.60255,20.5215,10.4034,39.9033,1.53962,-129.062,183.208
529.6,10.0089,2.49304,20.5215,10.4963,38.0365,1.53962,-129.062,183.208
529.62,10.011,2.47292,20.5215,10.4963,38.0365,1.53962,-127.991,181.615
529.64,10.011,2.57935,20.5215,10.5427,34.8279,1.53962,-127.991,180.022
529.66,10.0094,2.6079,20.6129,10.5427,34.8279,1.53962,-127.991,180.551
529.68,10.0116,2.38795,20.6132,10.4963,32.2027,1.53962,-127.991,181.084
529.7,10.01,2.47122,20.6591,10.4963,32.2027,1.57399,-127.991,186.394
529.72,10.01,2.41185,20.6591,10.5426,30.2252,1.57399,-127.991,191.689
529.74,10.0132,2.31595,20.4757,10.5427,30.2192,1.56888,-127.991,198.608
529.76,10.0116,2.35889,20.4757,10.5427,29.1108,1.56888,-127.991,205.512
529.78,10.0153,2.31797,20.11,10.5427,28.5292,1.56888,-127.991,212.924
529.8,10.0153,2.35785,20.1089,10.5427,28.5274,1.56888,-127.991,219.319
529.82,10.0169,2.40664,19.4212,10.5892,28.0607,1.56888,-127.991,223.567
529.84,10.0191,2.3845,19.4212,10.5892,28.0607,1.56888,-131.296,234.155
529.86,10.0207,2.37726,18.7793,10.5427,27.8857,1.56888,-131.306,238.967
529.88,10.0207,2.35857,18.275,10.5427,27.8857,1.56888,-131.306,239.498
529.9,10.0201,2.37345,18.275,10.5427,27.653,1.56888,-131.306,245.322
529.92,10.0217,2.37774,17.7248,10.5427,27.6523,1.5557,-131.306,249.588
529.94,10.0239,2.35896,17.7248,10.6356,27.769,1.5557,-131.306,253.836
529.96,10.0239,2.36092,17.542,10.6356,27.769,1.56499,-131.306,250.13
529.98,10.0228,2.27227,17.5414,10.682,27.8273,1.56502,-131.306,246.402
530,10.0239,2.30229,17.2663,10.682,27.8273,1.56502,-131.306,253.836
530.02,10.0249,2.25878,17.2663,10.5431,27.8855,1.56502,-131.306,262.307
530.04,10.0249,2.39303,17.2205,10.6356,27.8857,1.56502,-131.306,269.236
530.06,10.0212,2.37219,17.2205,10.6356,28.119,1.56502,-131.306,274.547
530.08,10.0223,2.37124,17.0371,10.5892,28.0607,1.56502,-128.98,278.264
530.1,10.0223,2.34149,17.0371,10.5892,28.0607,1.56502,-128.98,286.761
530.12,10.0244,2.36353,17.0371,10.3569,28.3524,1.56502,-128.98,294.726
530.14,10.0244,2.21685,17.0829,10.3569,28.3524,1.56502,-128.98,295.257
530.16,10.0233,2.25605,17.0829,10.5421,28.4105,1.53257,-128.98,295.787
530.18,10.0233,2.35979,17.1288,10.5427,28.4107,1.54538,-128.98,300.568
530.2,10.0223,2.37871,17.1288,10.4963,28.4691,1.54538,-128.98,305.347
530.22,10.0223,2.40851,17.2202,10.4963,28.4691,1.54538,-128.98,306.935
530.24,10.0228,2.45993,17.2205,10.6356,28.4107,1.54538,-128.98,308.533
530.26,10.0228,2.4307,17.3122,10.6356,28.4107,1.54538,-128.98,306.409
530.28,10.0228,2.37979,17.3122,10.6819,28.5852,1.54538,-128.98,300.056
530.3,10.0244,2.38968,17.358,10.682,28.5857,1.54538,-130.092,297.912
530.32,10.0239,2.37257,17.358,10.8678,28.5274,1.54538,-130.092,300.568
530.34,10.0239,2.39676,17.4494,10.9141,28.5274,1.54538,-130.092,302.156
530.36,10.0244,2.38758,17.4497,10.9143,28.5274,1.54538,-130.092,299.506
530.38,10.0244,2.33803,17.4956,10.9607,28.6441,1.55342,-130.092,299.506
530.4,10.0244,2.54648,17.5413,10.9607,28.6441,1.55342,-130.092,301.094
530.42,10.0239,2.41999,17.5414,11.0536,28.6441,1.53531,-130.092,298.443
530.44,10.0239,2.44518,17.4497,11.0536,28.6441,1.53531,-130.092,291.54
530.46,10.0265,2.47187,17.4497,11.0999,28.8186,1.53531,-130.092,284.657
530.48,10.0265,2.50453,17.4497,11.1,28.8191,1.53531,-130.092,280.919
530.5,10.026,2.43112,17.4497,11.1929,28.6441,1.53531,-130.092,277.202
530.52,10.0281,2.46781,17.2669,11.1929,28.6441,1.53531,-130.749,268.731
530.54,10.0276,2.44937,17.2663,11.0536,28.5857,1.53531,-130.751,257.022
530.56,10.0276,2.4222,17.3122,11.0536,28.5857,1.53531,-130.751,252.774
530.58,10.0287,2.39045,17.3122,11.0536,28.1774,1.53531,-130.751,249.057
530.6,10.0281,2.35705,17.1288,11.0536,28.0023,1.55164,-130.751,241.091
530.62,10.0287,2.45706,17.1288,11.0536,28.0023,1.55164,-130.751,237.374
530.64,10.0287,2.32582,17.1288,10.9607,27.5356,1.54646,-130.751,237.905
530.66,10.0319,2.42416,16.9002,10.9607,27.5356,1.54646,-130.751,240.023
530.68,10.0287,2.39941,16.8995,10.7749,27.1273,1.54646,-130.751,239.498
530.7,10.0287,2.33187,16.8078,10.7749,27.1273,1.54646,-130.751,244.809
530.72,10.0292,2.41791,16.8078,10.7749,26.5457,1.54646,-130.751,250.103
530.74,10.0271,2.3297,16.7162,10.7749,26.5439,1.54646,-128.671,252.774
530.76,10.0287,2.3417,16.7162,10.7285,26.2522,1.54646,-128.671,255.429
530.78,10.0287,2.4558,16.6247,10.7285,26.2522,1.54646,-128.671,250.665
530.8,10.0297,2.40263,16.6245,10.5892,26.2522,1.54646,-128.671,245.871
530.82,10.0319,2.42922,16.5786,10.5892,26.2522,1.5399,-128.671,243.215
530.84,10.0287,2.4369,16.5786,10.5892,25.9614,1.5399,-128.671,242.157
530.86,10.0287,2.44953,16.6245,10.5892,26.0772,1.55563,-128.671,244.278
530.88,10.0292,2.51292,16.6245,10.5427,26.0772,1.55563,-128.671,247.995
530.9,10.0308,2.50733,16.6245,10.4501,26.019,1.55563,-128.671,250.112
530.92,10.0292,2.53834,16.6245,10.4498,26.0188,1.55563,-128.671,248.526
530.94,10.0292,2.4867,16.762,10.4034,26.3689,1.55563,-128.671,246.933
530.96,10.0303,2.54136,16.8077,10.4034,26.3689,1.55563,-131.114,245.874
530.98,10.0292,2.53745,16.8078,10.4034,26.6022,1.55563,-131.121,244.809
531,10.0297,2.62854,16.8537,10.4034,26.6022,1.55563,-131.121,249.057
531.02,10.0297,2.44121,16.8537,10.4034,27.0094,1.55563,-131.121,253.292
531.04,10.0292,2.61277,16.8537,10.4034,27.0106,1.56212,-131.121,255.96
531.06,10.0281,2.56985,16.8537,10.6356,27.3023,1.56212,-131.121,258.616
531.08,10.0281,2.50347,16.9454,10.6356,27.3023,1.5717,-131.121,251.712
531.1,10.0308,2.65495,16.9454,10.3569,27.6523,1.5717,-131.121,244.809
531.12,10.0308,2.45815,16.8995,10.3569,27.6523,1.5717,-131.121,242.153
531.14,10.0303,2.46128,16.8995,10.3569,28.0023,1.5717,-131.121,236.312
531.16,10.0303,2.61683,16.8081,10.3569,28.0605,1.5717,-131.121,228.371
531.18,10.0314,2.40158,16.8078,10.3569,28.0607,1.5717,-129.227,226.222
531.2,10.0314,2.49739,16.7162,10.3105,27.944,1.5717,-129.227,235.781
531.22,10.0324,2.51801,16.7162,10.3105,27.944,1.5717,-129.227,241.605
531.24,10.0324,2.43475,16.6245,10.2176,27.244,1.5717,-129.227,243.746
531.26,10.0314,2.41316,16.5328,10.2176,27.244,1.53634,-129.227,246.402
531.28,10.0314,2.41716,16.5328,10.2176,26.895,1.53634,-129.227,249.049
531.3,10.0303,2.44308,16.3035,10.2176,26.8939,1.50945,-129.227,249.057
531.32,10.0303,2.40738,16.3035,10.2176,26.4272,1.50945,-129.227,249.057
531.34,10.0303,2.2414,16.1207,10.2176,26.4272,1.50945,-129.227,247.998
531.36,10.0292,2.26727,16.1201,10.1712,26.3105,1.50945,-129.227,246.933
531.38,10.0319,2.31047,15.8909,10.1712,26.3105,1.50945,-129.227,251.712
531.4,10.0319,2.40713,15.8909,10.1712,26.0779,1.50945,-129.227,260.183
531.42,10.0303,2.34609,15.7075,10.1712,26.0772,1.50945,-129.103,262.864
531.44,10.0292,2.35124,15.7075,10.1712,25.9605,1.50945,-129.103,259.678
531.46,10.0292,2.30329,15.4332,10.0323,25.9605,1.50945,-129.103,253.854
531.48,10.0308,2.30002,15.4324,10.0318,25.9605,1.50945,-129.103,252.243
531.5,10.0287,2.2917,15.3866,10.0318,26.0188,1.56189,-129.103,258.616
531.52,10.0292,2.32034,15.2951,10.0318,26.0188,1.56189,-129.103,264.439
531.54,10.0292,2.28936,15.2949,9.93894,26.1355,1.54089,-129.103,264.457
531.56,10.0308,2.43989,15.2032,9.93894,26.1355,1.54089,-129.103,267.112
531.58,10.0319,2.41194,15.2032,9.93894,26.2522,1.54089,-129.103,269.767
531.6,10.0292,2.44079,15.1573,9.93894,26.2522,1.54089,-129.103,267.643
531.62,10.0292,2.41183,15.1573,9.84606,26.4272,1.54089,-129.103,265.519
531.64,10.0314,2.46052,15.2032,9.84606,26.4272,1.54089,-131.039,266.05
531.66,10.0308,2.45133,15.2032,9.93866,26.718,1.54089,-131.039,263.403
531.68,10.0281,2.32232,15.249,9.8925,26.7189,1.54089,-131.039,258.616
531.7,10.0281,2.45193,15.249,9.8925,26.9523,1.54089,-131.039,259.678
531.72,10.0303,2.44486,15.2947,9.8925,26.9523,1.52924,-131.039,261.795
531.74,10.0303,2.41246,15.2949,9.8925,26.9523,1.5292,-131.039,263.395
531.76,10.0287,2.518,15.2949,9.8925,27.0106,1.54322,-131.039,269.767
531.78,10.0287,2.36923,15.3863,9.8925,27.0106,1.54322,-131.039,275.062
531.8,10.0265,2.41277,15.3866,9.84606,26.7772,1.54322,-131.039,277.202
531.82,10.0271,2.38589,15.3407,9.84606,26.7772,1.54322,-131.039,277.202
531.84,10.0271,2.39408,15.3407,9.84606,26.6609,1.54322,-131.039,277.202
531.86,10.0287,2.49659,15.4324,9.84606,26.6606,1.54322,-128.444,281.45
531.88,10.026,2.41085,15.4324,9.8925,26.3689,1.54322,-128.444,285.698
531.9,10.0239,2.42774,15.341,9.8925,26.3689,1.54322,-128.444,285.169
531.92,10.0239,2.31829,15.3407,9.70673,26.1355,1.54322,-128.444,281.45
531.94,10.0255,2.35834,15.3407,9.70673,26.1355,1.52344,-128.444,278.264
531.96,10.0239,2.38597,15.3407,9.89194,26.0774,1.52344,-128.444,276.146
531.98,10.0233,2.40146,15.1115,9.93894,25.7855,1.53484,-128.444,274.547
532,10.0233,2.29545,15.1115,9.93894,25.7855,1.53484,-128.444,275.078
532.02,10.0212,2.41368,15.0201,9.75374,25.7273,1.53484,-128.444,274.548
532.04,10.0239,2.40928,14.8822,9.75317,25.7272,1.53484,-128.444,270.298
532.06,10.0233,2.31183,14.8822,10.0318,25.4355,1.53484,-128.444,267.112
532.08,10.0233,2.37123,14.653,10.0318,25.4355,1.53484,-129.618,269.767
532.1,10.0217,2.50401,14.653,9.98539,25.3188,1.53484,-129.618,272.423
532.12,10.0201,2.5055,14.5155,9.98539,25.3188,1.53484,-129.618,265.519
532.14,10.0201,2.35617,14.5155,10.0783,24.9104,1.53484,-129.618,258.616
532.16,10.0212,2.26375,14.424,10.0783,24.9104,1.53973,-129.618,255.968
532.18,10.0212,2.37589,14.4238,10.0783,24.7937,1.53974,-129.618,253.305
532.2,10.018,2.398,14.1487,10.0783,24.7937,1.55345,-129.618,252.774
532.22,10.018,2.34553,14.1487,10.2172,24.5611,1.55345,-129.618,249.068
532.24,10.0169,2.32541,14.1487,10.2176,24.327,1.55345,-129.618,243.746
532.26,10.0164,2.3277,14.1487,10.2176,24.327,1.55345,-129.618,238.436
532.28,10.0132,2.32952,13.9658,10.2639,24.0362,1.55345,-129.618,234.73
532.3,10.0132,2.30503,14.057,10.2641,24.0353,1.55345,-128.897,231.533
532.32,10.0121,2.42108,14.057,10.2176,23.977,1.55345,-128.897,228.877
532.34,10.0105,2.39261,13.8741,10.2176,23.977,1.55345,-128.897,230.466
532.36,10.0121,2.40291,13.8736,10.2176,23.802,1.55345,-128.897,232.064
532.38,10.0121,2.38228,14.057,10.2176,23.802,1.57131,-128.897,231.533
532.4,10.0116,2.40334,14.057,10.2639,23.7438,1.57131,-128.897,231.003
532.42,10.0084,2.42767,13.9653,10.2641,23.7437,1.57979,-128.897,231.533
532.44,10.0084,2.34767,13.9653,10.2641,23.5103,1.57979,-128.897,232.064
532.46,10.0121,2.38276,14.0567,10.2641,23.5103,1.57979,-128.897,232.064
532.48,10.0084,2.39518,14.057,10.2176,23.5686,1.57979,-128.897,232.595
532.5,10.0084,2.43091,14.057,10.2176,23.6853,1.57979,-128.897,230.471
532.52,10.0084,2.41462,14.057,10.2176,23.6853,1.57979,-128.897,228.353
532.54,10.0073,2.458,14.1945,10.2176,23.6853,1.57979,-127.724,229.939
532.56,10.0084,2.42795,14.1945,10.2176,23.6853,1.57979,-127.724,227.284
532.58,10.01,2.42795,14.1945,10.2176,23.9187,1.57979,-127.724,220.912
532.6,10.01,2.44883,14.4238,10.2176,23.9187,1.56847,-127.724,221.443
532.62,10.0078,2.4834,14.4238,10.1712,23.9187,1.56847,-127.724,220.912
532.64,10.0073,2.43759,14.5613,10.1712,23.9187,1.56206,-127.724,223.567
532.66,10.0046,2.34742,14.5613,10.2638,23.9187,1.56206,-127.724,226.214
532.68,10.0046,2.60111,14.8822,10.2641,23.9187,1.56206,-127.724,224.098
532.7,10.0073,2.65207,14.8822,10.1712,23.802,1.56206,-127.724,221.974
532.72,10.0036,2.62118,14.8822,10.1712,23.802,1.56206,-127.724,219.856
532.74,10.0052,2.56253,14.8822,10.1247,23.8603,1.56206,-127.724,218.788
532.76,10.0052,2.52655,15.2032,10.1247,23.8603,1.56206,-130.133,216.664
532.78,10.0046,2.62286,15.2032,10.171,23.8603,1.56206,-130.133,211.369
532.8,10.0057,2.61015,15.3407,10.2641,24.0937,1.56206,-130.133,207.105
532.82,10.0057,2.45322,15.3407,10.2641,24.0937,1.56206,-130.133,206.043
532.84,10.0073,2.66248,15.5235,10.1714,24.21,1.57014,-130.133,201.807
532.86,10.0052,2.52059,15.5241,10.1712,24.2104,1.57017,-130.133,200.201
532.88,10.0046,2.53846,15.5241,10.1247,24.7937,1.55863,-130.133,202.857
532.9,10.0046,2.5131,15.7526,10.1247,24.7937,1.55863,-130.133,199.68
532.92,10.0052,2.59464,15.7533,10.1247,25.2021,1.55863,-130.133,196.484
532.94,10.0036,2.43964,15.7075,10.1247,25.2021,1.55863,-130.133,197.546
532.96,10.0036,2.42384,15.7075,10.0321,25.6092,1.55863,-130.133,198.605
532.98,10.0036,2.48212,15.7533,10.0318,25.6105,1.55863,-128.074,205.512
533,10.0052,2.50493,15.7533,10.0783,25.7272,1.55863,-128.074,217.726
533.02,10.0057,2.49602,15.7533,10.0783,25.7272,1.55863,-128.074,223.02
533.04,10.0052,2.42456,15.7533,10.0318,25.6105,1.55863,-128.074,223.567
533.06,10.0052,2.23159,15.7992,10.1247,25.6105,1.56846,-128.074,224.098
533.08,10.0041,2.31676,15.7992,10.1247,25.6105,1.56846,-128.074,225.16
533.1,10.0036,2.33226,15.8909,9.93894,25.5521,1.56126,-128.074,231.002
533.12,10.0036,2.48773,15.8909,9.93894,25.5521,1.56126,-128.074,232.595
533.14,10.0036,2.41932,15.8909,10.0318,25.7272,1.56126,-128.074,233.657
533.16,10.0057,2.31393,15.8909,10.0318,25.7272,1.56126,-128.074,235.774
533.18,10.0041,2.34185,15.8909,10.0318,25.9022,1.56126,-128.074,237.905
533.2,10.0041,2.36791,15.845,10.0318,25.9022,1.56126,-128.939,240.56
533.22,10.0041,2.39603,15.845,9.93923,26.0767,1.56126,-128.939,243.207
533.24,10.0057,2.44622,15.8909,9.93894,26.0772,1.56126,-128.939,246.402
533.26,10.0036,2.45202,15.8909,9.93894,26.4272,1.56126,-128.939,249.588
533.28,10.0036,2.37135,15.9823,9.93894,26.4272,1.60088,-128.939,252.764
533.3,10.0046,2.40995,15.9826,9.93894,26.5439,1.601,-128.939,257.553
533.32,10.0036,2.38822,16.0284,9.93894,26.5439,1.61308,-128.939,267.643
533.34,10.0041,2.43431,16.0284,9.84634,26.6021,1.61308,-128.939,271.349
533.36,10.0041,2.53135,16.166,9.8925,26.6022,1.61308,-128.939,270.829
533.38,10.0036,2.51128,16.166,9.8925,26.6022,1.61308,-128.939,276.14
533.4,10.0052,2.52837,16.4402,9.7999,26.8349,1.61308,-128.939,279.846
533.42,10.0052,2.52743,16.5786,9.79961,26.8356,1.61308,-128.156,278.264
533.44,10.0068,2.4945,16.5786,9.84606,27.0106,1.61308,-128.156,276.671
533.46,10.0057,2.34238,16.7614,9.84606,27.0106,1.61308,-128.156,275.083
533.48,10.0052,2.3062,16.762,9.79961,27.244,1.61308,-128.156,273.485
533.5,10.0052,2.38739,16.8537,9.79961,27.244,1.58347,-128.156,276.14
533.52,10.0041,2.41401,16.8537,9.84592,27.4766,1.58347,-128.156,278.787
533.54,10.0046,2.53608,16.9912,9.84606,27.4773,1.56611,-128.156,281.45
533.56,10.002,2.55077,16.9912,9.79961,27.419,1.56611,-128.156,285.698
533.58,10.002,2.38623,17.0829,9.79961,27.419,1.56611,-128.156,287.823
533.6,10.0046,2.4699,17.0829,9.98539,27.6523,1.56611,-128.156,288.354
533.62,10.0009,2.46534,17.1746,9.84606,27.6523,1.56611,-128.156,291.54
533.64,10.0041,2.39393,17.1746,9.84606,27.6523,1.56611,-127.168,296.319
533.66,10.0041,2.3217,17.266,9.93866,27.5942,1.56611,-127.168,297.378
533.68,10.0057,2.36281,17.3122,9.93894,27.594,1.56611,-127.168,297.381
533.7,10.0041,2.38313,17.3122,9.93894,27.6523,1.56611,-127.168,294.726
533.72,10.0041,2.38649,17.3579,9.93894,27.6523,1.64779,-127.168,288.373
533.74,10.0041,2.34597,17.358,9.93894,27.419,1.64804,-127.168,281.981
533.76,10.0046,2.49107,17.4039,9.93894,27.419,1.63857,-127.168,288.354
533.78,10.0036,2.48102,17.4039,9.84634,27.3608,1.63857,-127.168,294.707
533.8,10.0036,2.49489,17.3122,9.84606,27.3606,1.63857,-127.168,291.54
533.82,10.0046,2.44107,17.3122,9.93894,27.4773,1.63857,-127.168,287.292
533.84,10.0036,2.33617,17.4036,9.93894,27.4773,1.63857,-127.168,283.056
533.86,10.0041,2.31635,17.4039,9.8925,27.4773,1.63857,-127.168,283.043
533.88,10.0041,2.35681,17.2205,9.8925,27.419,1.63857,-129.042,287.823
533.9,10.002,2.34468,17.2205,9.8925,27.419,1.63857,-129.042,288.881
533.92,10.002,2.33017,17.2663,10.0318,27.3606,1.63857,-129.042,285.167
533.94,10.0052,2.49146,17.2663,10.0318,27.3606,1.63857,-129.042,276.14
533.96,10.0052,2.48681,17.1292,10.1707,27.3606,1.60486,-129.042,271.375
533.98,10.0025,2.34536,17.1288,10.1712,27.3606,1.60764,-129.042,269.236
534,10.0041,2.32963,17.1288,10.2641,27.3606,1.60764,-129.042,267.112
534.02,10.0052,2.40649,16.9917,10.2641,27.3606,1.60764,-129.042,266.053
534.04,10.0052,2.40262,16.9912,10.2176,27.419,1.60764,-129.042,264.988
534.06,10.0052,2.24845,16.9454,10.2176,27.419,1.60764,-129.042,266.581
534.08,10.0046,2.248,16.9454,10.4034,27.1856,1.60764,-129.042,266.581
534.1,10.0041,2.3686,16.8537,10.4034,27.1856,1.60764,-126.941,267.643
534.12,10.0041,2.44213,16.8537,10.4498,27.0689,1.60764,-126.941,264.457
534.14,10.0036,2.46081,16.7162,10.5427,27.0689,1.60764,-126.941,263.395
534.16,10.0057,2.40181,16.7162,10.5427,26.7781,1.60764,-126.941,263.924
534.18,10.0057,2.46734,16.5786,10.5427,26.6606,1.5875,-126.941,258.084
534.2,10.003,2.36204,16.5786,10.5427,26.6606,1.5875,-126.941,251.712
534.22,10.0052,2.45621,16.4872,10.6353,26.4861,1.58362,-126.941,249.065
534.24,10.0052,2.44311,16.2118,10.6356,26.4856,1.58361,-126.941,246.933
534.26,10.0052,2.54603,16.2118,10.5427,26.1939,1.58361,-126.941,244.809
534.28,10.0068,2.39557,15.9833,10.5427,26.1939,1.58361,-126.941,244.809
534.3,10.0036,2.41078,15.9826,10.4498,26.0188,1.58361,-126.941,244.809
534.32,10.0046,2.42676,15.7992,10.4498,26.0188,1.58361,-127.703,240.56
534.34,10.0046,2.34707,15.7992,10.4498,25.9025,1.58361,-127.703,236.325
534.36,10.0046,2.41436,15.4783,10.4498,25.9022,1.58361,-127.703,244.809
534.38,10.0068,2.42506,15.4783,10.4034,25.4938,1.58361,-127.703,253.305
534.4,10.0068,2.37731,15.3411,10.4034,25.4938,1.62563,-127.703,253.305
534.42,10.0068,2.36501,15.3407,10.1247,25.3188,1.62576,-127.703,249.588
534.44,10.0078,2.38048,14.9281,10.2641,24.9104,1.59032,-127.703,246.402
534.46,10.0073,2.36541,14.9281,10.2641,24.9104,1.59032,-127.703,244.813
534.48,10.0073,2.28748,14.9281,10.1712,24.4437,1.59032,-127.703,238.967
534.5,10.0094,2.25543,14.8822,10.1712,24.4437,1.59032,-127.703,237.374
534.52,10.0073,2.33172,14.8822,10.0786,23.9784,1.59032,-127.703,235.786
534.54,10.01,2.3632,14.8822,10.0783,23.977,1.59032,-127.971,243.215
534.56,10.01,2.41842,14.8822,10.0783,23.627,1.59032,-127.971,250.65
534.58,10.0089,2.36348,14.9739,10.0783,23.627,1.59032,-127.971,251.712
534.6,10.0105,2.43643,14.9739,10.0783,23.277,1.59032,-127.971,252.774
534.62,10.0078,2.43837,15.1573,10.0783,23.277,1.61808,-127.971,251.181
534.64,10.0078,2.37539,15.1573,9.98539,22.9269,1.61808,-127.971,249.057
534.66,10.01,2.58092,15.203,9.98539,22.9269,1.5854,-127.971,247.469
534.68,10.0094,2.55436,15.2032,9.98539,22.8102,1.5853,-127.971,245.871
534.7,10.0089,2.5872,15.3407,9.8925,23.0436,1.5853,-127.971,237.905
534.72,10.0089,2.67606,15.3407,9.8925,23.0436,1.5853,-127.971,230.493
534.74,10.0084,2.79554,15.3866,9.93894,23.3353,1.5853,-127.971,231.002
534.76,10.0078,2.76872,15.3407,9.93894,23.3353,1.5853,-126.2,232.595
534.78,10.0078,2.70484,15.3407,9.98525,24.1495,1.5853,-126.2,226.771
534.8,10.0078,2.67882,15.3407,9.98539,24.152,1.5853,-126.2,220.381
534.82,10.0073,2.67968,15.3407,9.98539,24.9104,1.5853,-126.2,218.257
534.84,10.0078,2.62844,15.2493,9.98539,24.9104,1.59946,-126.2,224.61
534.86,10.0078,2.52667,15.249,9.79961,25.4355,1.59951,-126.2,231.002
534.88,10.0094,2.78689,15.2032,9.79961,25.4355,1.59796,-126.2,233.126
534.9,10.0105,2.54115,15.2032,10.0774,25.5518,1.59796,-126.2,235.243
534.92,10.01,2.54873,15.1573,10.0783,25.5521,1.59796,-126.2,235.25
534.94,10.01,2.59119,15.1573,9.93894,25.0271,1.59796,-126.2,236.312
534.96,10.0105,2.51224,15.0659,9.98525,24.6781,1.59796,-126.2,232.606
534.98,10.0132,2.53112,15.0656,9.98539,24.6771,1.59796,-128.362,227.815
535,10.0121,2.37984,15.1115,9.98539,24.2687,1.59796,-128.362,227.815
535.02,10.0121,2.29754,15.1115,9.98539,24.2687,1.59796,-128.362,228.345
535.04,10.0105,2.26621,14.9281,9.98539,24.327,1.59796,-128.362,232.064
535.06,10.0126,2.33103,15.0198,9.98539,24.327,1.56246,-128.362,239.498
535.08,10.0126,2.32605,15.0198,9.84606,24.6187,1.56246,-128.362,246.933
535.1,10.01,2.39952,14.7905,9.84606,24.6187,1.56642,-128.362,256.491
535.12,10.0132,2.32995,14.7905,10.0318,24.8521,1.56642,-128.362,266.05
535.14,10.0185,2.35005,14.6071,10.0318,24.8521,1.56642,-128.362,275.609
535.16,10.0185,2.3651,14.6071,10.0781,24.9102,1.56642,-128.362,285.138
535.18,10.0207,2.32124,14.653,10.0783,24.9104,1.56642,-128.362,288.354
535.2,10.0201,2.31119,14.653,9.98539,25.1438,1.56642,-128.362,292.071
535.22,10.0223,2.30716,14.5159,10.0317,25.1438,1.56642,-126.966,296.306
535.24,10.0223,2.28023,14.5155,10.0318,25.2605,1.56642,-126.962,301.63
535.26,10.0185,2.23286,14.653,10.1247,25.4355,1.56642,-126.962,302.161
535.28,10.0201,2.2613,14.653,10.1247,25.4355,1.56642,-126.962,300.043
535.3,10.0201,2.33955,14.6071,9.98539,25.5521,1.56112,-126.962,300.568
535.32,10.0201,2.22643,14.8364,9.98539,25.5521,1.56112,-126.962,304.816
535.34,10.018,2.34266,14.8364,9.98539,25.4358,1.55874,-126.962,308.522
535.36,10.0201,2.33378,14.7905,9.98539,25.4355,1.55873,-126.962,312.25
535.38,10.0201,2.32787,14.7905,10.0318,25.4355,1.55873,-126.962,315.968
535.4,10.0201,2.30753,14.882,10.0318,25.4355,1.55873,-126.962,316.497
535.42,10.0207,2.36893,14.8822,9.93894,25.3771,1.55873,-126.962,317.03
535.44,10.0212,2.34077,14.9739,9.93894,25.3771,1.55873,-126.427,314.906
535.46,10.0201,2.31157,14.9739,9.89264,25.2026,1.55873,-126.427,312.788
535.48,10.0201,2.30624,14.9739,9.8925,25.2021,1.55873,-126.427,308.533
535.5,10.0212,2.27932,14.9739,9.79961,25.1438,1.55873,-126.427,304.816
535.52,10.0207,2.26055,15.0653,9.79961,24.9111,1.56579,-126.427,298.992
535.54,10.0207,2.41447,15.0656,9.79961,24.9104,1.56581,-126.427,295.788
535.56,10.0217,2.36426,15.1115,9.75317,24.7354,1.56581,-126.427,292.071
535.58,10.0217,2.38907,15.1573,9.75317,24.7354,1.56581,-126.427,283.043
535.6,10.0201,2.37584,15.1573,9.52095,24.6187,1.56581,-126.427,279.326
535.62,10.0201,2.43207,15.249,9.52095,24.6187,1.56581,-126.427,276.671
535.64,10.0191,2.4384,15.249,9.61384,24.5604,1.56581,-126.427,274.016
535.66,10.0212,2.46218,15.2947,9.61384,24.5604,1.56581,-127.74,265.016
535.68,10.0223,2.47751,15.2949,9.5674,24.327,1.56581,-127.744,255.96
535.7,10.0223,2.41432,15.3866,9.5674,24.327,1.56581,-127.744,255.96
535.72,10.0217,2.33225,15.3866,9.42849,24.5597,1.56581,-127.744,255.96
535.74,10.0223,2.30586,15.3407,9.42806,24.5604,1.54107,-127.744,250.65
535.76,10.0212,2.34541,15.3407,9.5674,24.4437,1.54107,-127.744,247.464
535.78,10.0212,2.45973,15.3407,9.52109,24.56,1.55748,-127.744,243.228
535.8,10.0207,2.30409,15.3407,9.52095,24.5604,1.55753,-127.744,237.374
535.82,10.0185,2.27688,15.3866,9.52095,24.5604,1.55753,-127.744,235.781
535.84,10.0185,2.45001,15.4323,9.52095,24.5604,1.55753,-127.744,238.428
535.86,10.0201,2.48279,15.4324,9.42806,24.3854,1.55753,-127.744,243.215
535.88,10.0217,2.34312,15.4783,9.42806,24.3854,1.55753,-125.582,247.995
535.9,10.0201,2.30968,15.4783,9.65958,24.3854,1.55753,-125.582,251.701
535.92,10.0201,2.39207,15.5241,9.66028,24.3854,1.55753,-125.582,251.181
535.94,10.0223,2.34483,15.5241,9.66028,24.3854,1.55753,-125.582,250.65
535.96,10.0207,2.28109,15.5698,9.66028,24.3854,1.52974,-125.582,249.062
535.98,10.0201,2.30449,15.57,9.66028,24.5604,1.52966,-125.582,247.464
536,10.0201,2.4039,15.5241,9.66028,24.5604,1.53833,-125.582,259.678
536.02,10.0233,2.38979,15.5241,9.70659,24.7349,1.53833,-125.582,263.384
536.04,10.018,2.36504,15.57,9.70673,24.8521,1.53833,-125.582,265.519
536.06,10.0191,2.35704,15.57,9.70673,24.8521,1.53833,-125.582,263.926
536.08,10.0191,2.42168,15.4783,9.84606,25.0854,1.53833,-125.582,267.643
536.1,10.0201,2.36249,15.4783,9.84606,25.0854,1.53833,-126.653,272.954
536.12,10.0201,2.3658,15.6616,9.79961,25.0854,1.53833,-126.653,271.891
536.14,10.0207,2.35577,15.6616,9.79961,25.0854,1.53833,-126.653,269.236
536.16,10.0207,2.42368,15.5702,9.79961,25.0273,1.53833,-126.653,268.177
536.18,10.0201,2.40022,15.7533,9.79961,25.0271,1.56258,-126.653,274.547
536.2,10.0191,2.40117,15.7533,9.8925,25.0854,1.56258,-126.653,280.919
536.22,10.0191,2.26898,15.8448,9.8925,25.0854,1.5583,-126.653,282.507
536.24,10.0212,2.30197,15.845,9.84606,25.2021,1.55828,-126.653,284.105
536.26,10.0212,2.23565,15.9367,9.84606,25.2021,1.55828,-126.653,283.574
536.28,10.0223,2.28261,15.9367,9.89236,25.2603,1.55828,-126.653,283.045
536.3,10.0223,2.40558,16.0743,9.8925,25.2605,1.55828,-126.653,281.45
536.32,10.0217,2.37259,16.0743,10.1247,25.4938,1.55828,-126.653,276.14
536.34,10.0185,2.39278,16.0743,10.1247,25.4938,1.55828,-125.914,274.552
536.36,10.0233,2.41921,16.0743,10.1247,25.7855,1.55828,-125.912,276.671
536.38,10.0233,2.40011,16.2118,10.1247,25.9605,1.55828,-125.912,277.202
536.4,10.0212,2.4428,16.2118,10.1247,25.9605,1.55828,-125.912,275.614
536.42,10.018,2.47873,16.2118,10.3105,26.1355,1.52358,-125.912,265.519
536.44,10.0223,2.42933,16.4869,10.3105,26.1355,1.52358,-125.912,268.705
536.46,10.0223,2.43769,16.4869,10.4031,26.4845,1.54504,-125.912,271.882
536.48,10.0207,2.32379,16.5328,10.4034,26.4856,1.54511,-125.912,271.892
536.5,10.0233,2.33683,16.5328,10.4034,26.7772,1.54511,-125.912,271.892
536.52,10.0233,2.35664,16.7156,10.4034,26.7772,1.54511,-125.912,272.421
536.54,10.0212,2.37538,16.7162,10.4498,26.7189,1.54511,-125.912,272.954
536.56,10.0201,2.40876,16.8078,10.4498,26.7189,1.54511,-124.635,276.671
536.58,10.0201,2.38666,16.8078,10.4034,26.8356,1.54511,-124.635,279.857
536.6,10.0201,2.30633,16.9454,10.4034,26.7772,1.54511,-124.635,273.485
536.62,10.0207,2.54903,16.9454,10.4498,26.7772,1.54511,-124.635,268.705
536.64,10.0212,2.39468,17.0829,10.4034,26.7772,1.53148,-124.635,270.298
536.66,10.0217,2.37035,17.0829,10.4034,26.7772,1.53148,-124.635,268.181
536.68,10.0217,2.32574,17.358,10.4963,26.5439,1.5399,-124.635,263.926
536.7,10.0185,2.3146,17.4039,10.4963,26.5439,1.5399,-124.635,257.553
536.72,10.0223,2.30444,17.4039,10.4963,26.3113,1.5399,-124.635,252.259
536.74,10.0185,2.32103,17.4956,10.4963,26.3105,1.5399,-124.635,253.836
536.76,10.0185,2.34687,17.4956,10.4034,26.3105,1.5399,-124.635,255.429
536.78,10.0207,2.36321,17.6784,10.4034,26.3105,1.5399,-126.667,254.37
536.8,10.0212,2.39702,17.679,10.4498,26.0188,1.5399,-126.674,253.305
536.82,10.0196,2.27579,17.8165,10.4498,26.0188,1.5399,-126.674,257.553
536.84,10.0196,2.39539,17.8165,10.3572,26.0188,1.5399,-126.674,261.789
536.86,10.0191,2.39375,18.1833,10.3569,26.0188,1.59264,-126.674,261.271
536.88,10.0212,2.37308,18.1833,10.3105,25.9022,1.59264,-126.674,254.898
536.9,10.0212,2.40482,18.3204,10.2642,25.844,1.57218,-126.674,255.428
536.92,10.0175,2.37961,18.3208,10.2641,25.8438,1.57212,-126.674,254.898
536.94,10.0201,2.50378,18.7793,10.3569,25.8438,1.57212,-126.674,252.243
536.96,10.0191,2.52877,18.9164,10.3569,25.8438,1.57212,-126.674,250.125
536.98,10.0191,2.50055,18.9169,10.3105,25.9605,1.57212,-126.674,246.402
537,10.0201,2.41706,19.2378,10.3105,25.9605,1.57212,-124.038,241.622
537.02,10.0196,2.58409,19.2378,10.2642,26.1932,1.57212,-124.038,236.858
537.04,10.0223,2.50889,19.2836,10.2641,26.1939,1.57212,-124.038,235.25
537.06,10.0223,2.55282,19.2836,10.4034,26.7189,1.57212,-124.038,233.657
537.08,10.0185,2.55649,19.467,10.4034,26.7189,1.5531,-124.038,237.374
537.1,10.0201,2.54348,19.467,10.4963,27.244,1.5531,-124.038,231.533
537.12,10.0201,2.60955,19.4212,10.4963,27.244,1.56835,-124.038,227.815
537.14,10.0201,2.72269,19.4212,10.3569,27.769,1.56835,-124.038,228.877
537.16,10.0201,2.58128,19.3755,10.4495,28.1761,1.56835,-124.038,226.76
537.18,10.0212,2.54524,19.3753,10.4498,28.1774,1.56835,-124.038,228.877
537.2,10.0212,2.60349,19.1461,10.4034,28.4107,1.56835,-124.038,229.94
537.22,10.0217,2.57538,19.1461,10.4034,28.4107,1.56835,-124.88,232.587
537.24,10.0228,2.37863,19.0544,10.4963,28.294,1.56835,-124.882,232.064
537.26,10.0201,2.33252,18.9627,10.4963,28.294,1.56835,-124.882,227.284
537.28,10.0201,2.41274,18.9627,10.45,28.0614,1.56835,-124.882,222.52
537.3,10.0196,2.45508,18.871,10.4498,28.0607,1.54788,-124.882,218.257
537.32,10.0217,2.4208,18.871,10.4034,27.3023,1.54788,-124.882,214.008
537.34,10.0196,2.41575,18.6882,10.4034,27.3023,1.55814,-124.882,215.597
537.36,10.0196,2.28248,18.6876,10.4498,26.6022,1.55817,-124.882,217.195
537.38,10.0217,2.24476,18.4584,10.4498,26.6022,1.55817,-124.882,224.098
537.4,10.0201,2.25306,18.4584,10.4498,26.0788,1.55817,-124.882,230.451
537.42,10.0217,2.39567,18.3208,10.4498,26.0772,1.55817,-124.882,238.436
537.44,10.0217,2.27294,18.3208,10.4963,26.0188,1.55817,-124.285,239.498
537.46,10.0191,2.39717,18.0466,10.4963,25.8444,1.55817,-124.285,235.792
537.48,10.0212,2.44092,18.0457,10.4963,25.8438,1.55817,-124.285,229.408
537.5,10.0212,2.37076,17.7707,10.6356,25.8438,1.55817,-124.285,221.443
537.52,10.0212,2.37076,17.5421,10.6356,25.8438,1.55817,-124.285,235.208
537.54,10.0191,2.46758,17.5414,10.6356,26.0772,1.55817,-124.285,249.057
537.56,10.0185,2.43693,17.2205,10.6356,26.0772,1.56388,-124.285,254.898
537.58,10.0185,2.4119,17.2205,10.5892,26.1355,1.56388,-124.285,255.96
537.6,10.0207,2.43341,17.1746,10.5892,26.1355,1.56388,-124.285,252.774
537.62,10.0196,2.39226,17.1746,10.7285,26.3689,1.56388,-124.285,251.181
537.64,10.018,2.39708,17.0371,10.7285,26.3689,1.56388,-124.285,247.995
537.66,10.018,2.40532,17.0371,10.5896,26.5434,1.56388,-124.285,245.348
537.68,10.0217,2.37581,16.9454,10.5892,26.5439,1.56388,-122.411,246.933
537.7,10.0191,2.37485,16.9454,10.6356,26.4856,1.56388,-122.411,248.526
537.72,10.0196,2.32407,16.8997,10.5893,26.6019,1.56388,-122.411,255.408
537.74,10.0196,2.28412,16.8995,10.5892,26.6022,1.56388,-122.411,260.74
537.76,10.0212,2.36703,16.8537,10.5892,26.4856,1.54537,-122.411,261.271
537.78,10.0223,2.34309,16.8537,10.5892,26.4856,1.54537,-122.411,264.447
537.8,10.0223,2.41688,16.8537,10.4034,26.4856,1.54151,-122.411,258.616
537.82,10.0191,2.31502,16.8078,10.4034,26.4856,1.54151,-122.411,253.305
537.84,10.0217,2.43525,16.8078,10.4034,26.4856,1.54151,-122.411,252.776
537.86,10.018,2.40438,16.762,10.4034,26.4856,1.54151,-122.411,259.147
537.88,10.018,2.34181,16.762,10.2641,26.4272,1.54151,-122.411,262.864
537.9,10.0191,2.26819,16.6249,10.2641,26.4272,1.54151,-125.696,269.217
537.92,10.0207,2.36423,16.6245,10.3105,26.3105,1.54151,-125.706,276.14
537.94,10.0185,2.32472,16.6245,10.3105,26.3105,1.54151,-125.706,270.829
537.96,10.0185,2.36548,16.6245,10.3105,26.3105,1.54151,-125.706,266.594
537.98,10.0191,2.44658,16.4411,10.1247,26.0188,1.53646,-125.706,265.519
538,10.0201,2.41608,16.4411,10.1247,26.0188,1.53646,-125.706,267.112
538.02,10.0196,2.47078,16.5325,10.2173,25.9025,1.53839,-125.706,268.7
538.04,10.0196,2.52867,16.5328,10.2176,25.9022,1.5384,-125.706,264.988
538.06,10.0185,2.32755,16.3952,10.2176,25.6688,1.5384,-125.706,262.333
538.08,10.0233,2.36504,16.4411,10.2176,25.6688,1.5384,-125.706,259.147
538.1,10.0228,2.36474,16.4411,10.0783,25.3188,1.5384,-125.706,259.147
538.12,10.0228,2.33872,16.4411,10.0783,25.3188,1.5384,-122.885,259.147
538.14,10.0201,2.35996,16.4411,10.2176,25.1438,1.5384,-122.885,258.616
538.16,10.0196,2.38933,16.4411,10.2176,25.1438,1.5384,-122.885,259.674
538.18,10.0196,2.51395,16.4411,10.0318,24.9688,1.5384,-122.885,258.085
538.2,10.018,2.37776,16.4869,10.0318,24.9688,1.54344,-122.885,253.836
538.22,10.0223,2.42904,16.4869,10.1244,24.9106,1.54344,-122.885,254.366
538.24,10.0196,2.42679,16.3952,10.2641,24.9104,1.55416,-122.885,254.898
538.26,10.0196,2.43515,16.3952,10.2641,24.9104,1.55416,-122.885,250.65
538.28,10.0223,2.39309,16.578,10.0788,25.0849,1.55416,-122.885,246.415
538.3,10.0201,2.4453,16.5786,10.0783,25.0854,1.55416,-122.885,243.746
538.32,10.0207,2.41729,16.4869,10.1712,25.2021,1.55416,-122.885,242.684
538.34,10.0207,2.42143,16.5783,10.1712,25.2021,1.55416,-123.87,241.096
538.36,10.0201,2.46826,16.5786,10.1247,25.3771,1.55416,-123.873,237.905
538.38,10.0207,2.45333,16.5328,10.1247,25.3771,1.55416,-123.873,233.657
538.4,10.0196,2.3889,16.5328,10.1247,25.6679,1.55416,-123.873,233.127
538.42,10.0196,2.43886,16.6703,10.1247,25.6688,1.55583,-123.873,234.719
538.44,10.0201,2.42483,16.6703,10.1247,25.5521,1.55583,-123.873,234.188
538.46,10.0196,2.40426,16.7617,10.1247,25.5521,1.55192,-123.873,237.364
538.48,10.0223,2.36875,16.762,10.2641,25.5521,1.55191,-123.873,233.126
538.5,10.0223,2.36468,16.7162,10.2641,25.5521,1.55191,-123.873,228.877
538.52,10.0212,2.35302,16.7162,10.3567,25.5521,1.55191,-123.873,229.407
538.54,10.0191,2.3696,16.8537,10.3569,25.7855,1.55191,-123.873,229.939
538.56,10.0191,2.27522,16.8537,10.3569,25.7855,1.55191,-124.141,233.126
538.58,10.0207,2.33385,16.762,10.4963,25.9022,1.55191,-124.141,236.312
538.6,10.0223,2.44743,16.9454,10.4963,25.9022,1.55191,-124.141,240.029
538.62,10.0223,2.43071,16.9454,10.5427,26.1355,1.55191,-124.141,246.933
538.64,10.0223,2.38528,16.9454,10.5427,26.1355,1.55191,-124.141,252.243
538.66,10.0159,2.33141,16.9454,10.4964,26.4845,1.55191,-124.141,254.89
538.68,10.0159,2.38794,16.9912,10.4963,26.4856,1.55387,-124.141,257.553
538.7,10.0153,2.42672,16.9912,10.4963,26.7772,1.55387,-124.141,261.802
538.72,10.0153,2.41003,16.9455,10.45,26.7772,1.55387,-124.141,267.096
538.74,10.0159,2.5142,16.9454,10.4498,27.1273,1.55387,-124.141,267.643
538.76,10.0153,2.49423,17.1288,10.3105,27.1273,1.55387,-124.141,268.174
538.78,10.0164,2.42131,17.1288,10.3105,27.3018,1.55387,-121.657,269.763
538.8,10.0164,2.3627,17.1288,10.2176,27.594,1.55387,-121.649,271.361
538.82,10.0121,2.42583,17.1288,10.2176,27.594,1.55387,-121.649,265.519
538.84,10.0142,2.41271,17.2659,10.0787,27.7685,1.55387,-121.649,259.695
538.86,10.0143,2.53404,17.358,10.0783,27.769,1.55387,-121.649,257.022
538.88,10.0132,2.40331,17.358,10.2176,27.594,1.55052,-121.649,257.022
538.9,10.0137,2.36774,17.4037,10.2176,27.594,1.55643,-121.649,263.375
538.92,10.0143,2.39953,17.4039,10.1247,27.3023,1.55645,-121.649,269.236
538.94,10.0143,2.45107,17.4956,10.0318,27.3023,1.55645,-121.649,267.112
538.96,10.0164,2.31636,17.4956,10.0318,27.0115,1.55645,-121.649,266.053
538.98,10.0185,2.30139,17.358,10.0783,27.0106,1.55645,-121.649,262.864
539,10.0153,2.32646,17.358,10.0783,26.8356,1.55645,-124.203,262.333
539.02,10.0153,2.40474,17.4494,9.89307,26.8356,1.55645,-124.203,263.921
539.04,10.0148,2.35013,17.4497,9.8925,26.6606,1.55645,-124.203,260.209
539.06,10.0148,2.34371,17.1746,9.70673,26.5439,1.55645,-124.203,256.491
539.08,10.0153,2.35522,17.1746,9.70673,26.5439,1.55645,-124.203,258.085
539.1,10.0153,2.40056,17.0829,9.98539,26.4856,1.55978,-124.203,259.678
539.12,10.0148,2.43898,17.0829,9.98539,26.4856,1.55978,-124.203,257.022
539.14,10.0137,2.42021,16.8995,10.0318,26.3689,1.56877,-124.203,254.367
539.16,10.0137,2.41048,16.7167,10.0318,26.3689,1.56877,-124.203,249.073
539.18,10.0132,2.35109,16.7162,9.98539,26.2522,1.56877,-124.203,245.871
539.2,10.0148,2.47152,16.6245,9.98539,26.2522,1.56877,-124.203,243.215
539.22,10.0132,2.45223,16.6245,9.98539,26.0196,1.56877,-122.232,241.098
539.24,10.0132,2.3808,16.4411,10.1247,26.0188,1.56877,-122.226,242.684
539.26,10.0159,2.4046,16.4411,10.1247,25.8438,1.56877,-122.226,243.747
539.28,10.0159,2.31794,16.3039,9.98581,25.8438,1.56877,-122.226,243.747
539.3,10.0121,2.36023,16.3035,9.98539,25.4938,1.56877,-122.226,243.746
539.32,10.0121,2.43672,16.3035,10.0318,25.4938,1.57209,-122.226,243.746
539.34,10.0153,2.39307,16.2578,10.0318,25.203,1.57209,-122.226,243.217
539.36,10.0148,2.40208,16.2577,9.98539,24.9688,1.5651,-122.226,242.684
539.38,10.0148,2.34423,16.3035,9.98539,24.9688,1.5651,-122.226,241.622
539.4,10.0148,2.33315,16.3035,9.98539,24.7943,1.5651,-122.226,237.916
539.42,10.0143,2.36087,16.3035,9.98539,24.7937,1.5651,-122.226,231.533
539.44,10.0143,2.3451,16.3035,9.93894,24.6187,1.5651,-122.226,225.691
539.46,10.0121,2.3804,16.4864,9.98525,24.6187,1.5651,-121.405,221.985
539.48,10.0121,2.373,16.4869,9.98539,24.5021,1.5651,-121.402,219.85
539.5,10.0153,2.34921,16.8078,9.93894,24.5021,1.5651,-121.402,215.07
539.52,10.0148,2.33386,16.8078,9.93894,24.3276,1.5651,-121.402,208.717
539.54,10.0148,2.34853,17.0829,9.79961,24.3854,1.56843,-121.402,204.981
539.56,10.0148,2.43858,17.358,9.79961,24.3854,1.56843,-121.402,198.608
539.58,10.0153,2.48577,17.358,9.98539,24.7937,1.56154,-121.402,198.077
539.6,10.0148,2.48878,17.4497,9.98539,24.7937,1.56154,-121.402,193.829
539.62,10.0148,2.52597,17.4497,9.93894,25.2605,1.56154,-121.402,189.581
539.64,10.0137,2.61388,17.4956,9.93894,25.2605,1.56154,-121.402,186.925
539.66,10.0137,2.91895,17.4956,9.98525,26.0747,1.56154,-121.402,184.278
539.68,10.0116,2.93474,17.4039,9.98539,26.0772,1.56154,-123.214,183.208
539.7,10.0116,2.78729,17.4039,9.93894,27.419,1.56154,-123.214,180.553
539.72,10.0153,2.70327,17.4496,9.93894,27.419,1.56154,-123.214,175.259
539.74,10.0143,2.69972,17.4497,9.93894,29.1108,1.56154,-123.214,176.305
539.76,10.0159,2.64985,17.358,9.98539,30.8026,1.5884,-123.214,178.429
539.78,10.0159,2.76602,17.358,9.98539,30.8026,1.5884,-123.214,177.899
539.8,10.0153,2.70876,17.5873,9.93894,31.561,1.59323,-123.214,176.836
539.82,10.0143,2.688,17.5873,9.93894,31.561,1.59323,-123.214,177.367
539.84,10.0127,2.50464,17.5873,10.0315,31.2702,1.59323,-123.214,177.896
539.86,10.0126,2.5676,17.7707,10.0318,31.2693,1.59323,-123.214,178.96
539.88,10.0148,2.63749,17.7707,10.0783,29.9858,1.59323,-123.214,180.022
539.9,10.0132,2.65769,17.9535,10.0783,29.9858,1.59323,-120.71,182.669
539.92,10.0137,2.56808,17.954,10.0318,28.294,1.59323,-120.702,185.332
539.94,10.0137,2.40509,18.1833,10.0318,28.294,1.59323,-120.702,188.518
539.96,10.0153,2.34937,18.1833,9.98553,27.0727,1.59323,-120.702,191.695
539.98,10.0159,2.36962,18.4584,9.98539,27.0689,1.56812,-120.702,197.546
540,10.0159,2.29668,18.4584,10.1247,26.0188,1.56812,-120.702,204.981
540.02,10.0143,2.22356,18.4127,9.98581,25.6117,1.55454,-120.702,213.981
540.04,10.0159,2.31911,18.4125,9.98539,25.6105,1.5545,-120.702,224.629
540.06,10.0148,2.3842,18.3208,10.1712,25.6105,1.5545,-120.702,233.126
540.08,10.0148,2.33198,17.8623,10.1712,25.6105,1.5545,-120.702,240.56
540.1,10.0143,2.40557,17.8623,10.1247,25.7855,1.5545,-120.702,246.933
540.12,10.0126,2.43417,17.5414,10.1247,25.7855,1.5545,-122.391,253.836
540.14,10.0159,2.42797,17.5414,10.2176,25.7272,1.5545,-122.391,260.74
540.16,10.0159,2.47469,17.0843,10.2176,25.7272,1.5545,-122.391,259.681
540.18,10.0159,2.48149,17.0829,10.0783,25.8438,1.5545,-122.391,258.616
540.2,10.0148,2.48248,16.8537,10.0783,25.8438,1.5545,-122.391,262.333
540.22,10.0153,2.31052,16.8537,10.0783,26.0765,1.5545,-122.391,270.274
540.24,10.0153,2.36684,16.7162,10.0783,26.0772,1.54217,-122.391,279.326
540.26,10.0143,2.49589,16.7162,10.1712,26.1355,1.54217,-122.391,287.292
540.28,10.0143,2.38529,16.6704,10.1712,26.2518,1.54217,-122.391,294.174
540.3,10.0121,2.32683,16.6703,10.1712,26.2522,1.54217,-122.391,297.912
540.32,10.0121,2.36945,16.7162,10.1712,26.1939,1.54217,-122.391,298.443
540.34,10.0148,2.4691,16.7162,10.1712,26.1939,1.54217,-121.241,296.326
540.36,10.0105,2.44855,16.8537,10.1712,26.1939,1.54217,-121.238,295.257
540.38,10.0143,2.3205,16.8078,10.1712,26.1939,1.54217,-121.238,294.726
540.4,10.0143,2.37804,16.8078,10.2175,26.1939,1.54217,-121.238,294.197
540.42,10.0148,2.40173,17.0829,10.2176,26.1939,1.57623,-121.238,299.505
540.44,10.0132,2.39413,17.0829,10.2176,26.0772,1.57623,-121.238,304.816
540.46,10.0111,2.46493,17.1743,10.2176,26.0772,1.56097,-121.238,301.11
540.48,10.011,2.31739,17.1746,10.1712,26.2522,1.56092,-121.238,297.381
540.5,10.0143,2.38181,17.2205,10.1712,26.2522,1.56092,-121.238,297.912
540.52,10.0121,2.4203,17.2205,10.4027,26.194,1.56092,-121.238,295.795
540.54,10.0105,2.44986,17.3122,10.4498,26.1939,1.56092,-121.238,294.726
540.56,10.0105,2.50182,17.3122,10.4498,26.3105,1.56092,-120.167,293.664
540.58,10.0137,2.45793,17.358,10.5427,26.4272,1.56092,-120.167,294.195
540.6,10.0105,2.45694,17.358,10.5427,26.4272,1.56092,-120.167,289.416
540.62,10.0148,2.45237,17.4497,10.682,26.5439,1.56092,-120.167,282.512
540.64,10.0148,2.46128,17.4039,10.682,26.5439,1.56092,-120.167,275.609
540.66,10.0137,2.39102,17.4039,10.682,26.5439,1.55576,-120.167,268.726
540.68,10.0126,2.34981,17.4497,10.682,26.5439,1.5531,-120.167,267.112
540.7,10.0137,2.32213,17.4497,10.5427,26.4856,1.5531,-120.167,265.519
540.72,10.0137,2.37059,17.404,10.5427,26.4856,1.5531,-120.167,261.813
540.74,10.0116,2.51139,17.4039,10.5427,26.4856,1.5531,-120.167,258.085
540.76,10.0105,2.54715,17.4497,10.5427,26.4856,1.5531,-120.167,258.085
540.78,10.0105,2.45091,17.4497,10.5427,26.3111,1.5531,-120.167,254.379
540.8,10.0105,2.41224,17.2663,10.5427,26.3105,1.5531,-121.752,250.119
540.82,10.0094,2.41693,17.2663,10.4034,26.3689,1.5531,-121.752,252.774
540.84,10.0089,2.40904,17.312,10.496,26.0781,1.5531,-121.752,248.009
540.86,10.0089,2.39673,17.3122,10.4963,26.0772,1.5531,-121.752,244.809
540.88,10.0089,2.38347,17.1288,10.5892,26.2522,1.56519,-121.752,249.057
540.9,10.01,2.3108,17.1288,10.5892,26.2522,1.56519,-121.752,251.175
540.92,10.0078,2.36088,17.0371,10.5892,26.0188,1.56345,-121.752,250.119
540.94,10.0078,2.37957,16.9454,10.5892,26.0188,1.56345,-121.752,250.119
540.96,10.0073,2.41207,16.9454,10.7744,25.9025,1.56345,-121.752,250.119
540.98,10.0094,2.42632,16.7162,10.7749,25.9022,1.56345,-121.752,251.712
541,10.0089,2.41314,16.7162,10.8678,25.7855,1.56345,-121.752,252.774
541.02,10.0089,2.49677,16.6247,10.8678,25.7855,1.56345,-119.248,259.127
541.04,10.0105,2.41166,16.6245,10.9143,25.5521,1.56345,-119.24,262.864
541.06,10.0084,2.41215,16.4411,10.9143,25.5521,1.56345,-119.24,262.333
541.08,10.0105,2.3224,16.4411,11.0071,25.4938,1.56345,-119.24,262.864
541.1,10.0105,2.4324,16.3494,11.1,25.4938,1.60689,-119.24,259.147
541.12,10.0094,2.40392,16.3494,11.1,25.2021,1.60689,-119.24,253.836
541.14,10.0068,2.42854,16.2577,11.1929,25.0854,1.58631,-119.24,253.836
541.16,10.0068,2.39438,16.0291,11.1929,25.0854,1.58631,-119.24,253.836
541.18,10.0073,2.50234,16.0284,11.1465,24.8521,1.58631,-119.24,252.774
541.2,10.01,2.34244,16.0284,11.1465,24.8521,1.58631,-119.24,257.022
541.22,10.0078,2.3888,16.0284,11.1002,24.7358,1.58631,-119.24,261.258
541.24,10.0078,2.3627,15.9367,11.1,24.7354,1.58631,-119.94,259.147
541.26,10.0089,2.3599,15.9367,11.1929,24.5604,1.58631,-119.94,257.022
541.28,10.0068,2.39975,15.7539,11.1929,24.5604,1.58631,-119.94,248.022
541.3,10.01,2.37513,15.7533,11.0536,24.4437,1.58631,-119.94,240.029
541.32,10.01,2.35183,15.845,11.0536,24.4437,1.59691,-119.94,234.188
541.34,10.0089,2.49966,15.845,11.0536,24.4437,1.59691,-119.94,226.246
541.36,10.0089,2.49319,15.7075,11.1,24.2687,1.58907,-119.94,219.85
541.38,10.0078,2.53451,15.7075,11.1,24.2687,1.58907,-119.94,221.443
541.4,10.0078,2.44907,15.8903,11.0537,24.3269,1.58907,-119.94,221.443
541.42,10.0073,2.27632,15.8909,11.0536,24.327,1.58907,-119.94,219.319
541.44,10.0068,2.2904,15.7992,11.0536,24.3854,1.58907,-119.94,217.195
541.46,10.0073,2.42054,15.982,11.0536,24.3854,1.58907,-118.545,222.489
541.48,10.0073,2.45431,15.9826,11.1465,24.4437,1.58907,-118.54,227.815
541.5,10.0078,2.37273,16.166,11.1465,24.4437,1.58907,-118.54,224.098
541.52,10.0084,2.43732,16.166,11.1002,24.3856,1.58907,-118.54,220.392
541.54,10.0084,2.45436,16.4411,11.1,24.3854,1.54654,-118.54,221.974
541.56,10.0078,2.45346,16.4411,11.0071,24.7354,1.54654,-118.54,220.912
541.58,10.0068,2.46788,16.8078,11.0071,24.7354,1.56367,-118.54,219.85
541.6,10.0084,2.44044,16.8078,11.0536,24.9688,1.56367,-118.54,220.381
541.62,10.0084,2.4446,16.9454,11.0536,24.9688,1.56367,-118.54,219.319
541.64,10.0094,2.54816,16.9454,10.9607,25.3188,1.56367,-118.54,215.07
541.66,10.0089,2.56961,17.3111,11.0533,25.9586,1.56367,-118.54,210.306
541.68,10.0062,2.60548,17.3122,11.0536,25.9605,1.56367,-116.214,211.353
541.7,10.0062,2.75471,17.358,11.1,26.6022,1.56367,-116.214,217.726
541.72,10.0089,2.59438,17.5866,11.1,26.6022,1.56367,-116.214,219.314
541.74,10.0089,2.55923,17.5873,11.0536,27.3023,1.56367,-116.214,220.912
541.76,10.0089,2.61207,17.679,11.0536,27.3023,1.59873,-116.214,225.691
541.78,10.0078,2.54051,17.679,11.0999,27.8839,1.59873,-116.214,230.456
541.8,10.0078,2.50781,17.679,11.1,27.8857,1.59709,-116.214,231.533
541.82,10.0094,2.47652,17.679,11.1465,27.944,1.59709,-116.214,232.595
541.84,10.0094,2.47732,17.8161,11.1465,27.944,1.59709,-116.214,234.712
541.86,10.0094,2.60025,17.8165,11.1465,27.3606,1.59709,-116.214,237.374
541.88,10.0084,2.42148,17.7248,11.1465,27.3606,1.59709,-116.214,235.25
541.9,10.0105,2.41991,17.7248,11.1928,26.8372,1.59709,-118.985,234.72
541.92,10.0105,2.25577,17.8165,11.1,26.3689,1.59709,-118.993,242.153
541.94,10.0089,2.32729,17.8165,11.1,26.3689,1.59709,-118.993,243.215
541.96,10.0089,2.40111,17.7708,11.1,25.9618,1.59709,-118.993,240.568
541.98,10.0105,2.35432,17.6331,11.1,25.9605,1.59709,-118.993,241.622
542,10.0105,2.3117,17.6331,11.1465,25.9022,1.58128,-118.993,242.684
542.02,10.0137,2.37981,17.5417,11.1465,25.9022,1.57078,-118.993,245.331
542.04,10.0143,2.41485,17.5414,11.0536,25.6688,1.57075,-118.993,247.995
542.06,10.0201,2.42303,17.358,11.0536,25.6688,1.57075,-118.993,253.305
542.08,10.0201,2.34586,17.358,11.0071,25.7855,1.57075,-118.993,257.022
542.1,10.0196,2.33441,17.3122,11.0071,25.7855,1.57075,-118.993,254.898
542.12,10.0201,2.37271,17.3122,10.8678,25.7272,1.57075,-118.993,252.243
542.14,10.0212,2.40688,17.2663,10.8214,25.7272,1.57075,-116.131,253.305
542.16,10.0212,2.31038,17.2663,10.8214,25.9598,1.57075,-116.131,255.423
542.18,10.0207,2.36138,17.0829,10.682,26.0772,1.57075,-116.131,256.491
542.2,10.0233,2.35724,17.0829,10.682,26.0772,1.57075,-116.131,263.395
542.22,10.0233,2.38732,17.2201,10.682,26.1935,1.55316,-116.131,266.042
542.24,10.0244,2.35318,17.2205,10.682,26.1939,1.55311,-116.131,262.864
542.26,10.0239,2.41967,17.2205,10.5892,26.3105,1.54515,-116.131,261.271
542.28,10.0255,2.35362,17.3576,10.5892,26.3105,1.54515,-116.131,256.506
542.3,10.0255,2.31647,17.358,10.5892,26.3105,1.54515,-116.131,251.712
542.32,10.0281,2.27537,17.4039,10.5892,26.3105,1.54515,-116.131,250.65
542.34,10.0265,2.32594,17.4039,10.5892,26.4269,1.54515,-116.131,246.944
542.36,10.0255,2.32383,17.4497,10.5892,26.4272,1.54515,-116.584,249.588
542.38,10.0255,2.31644,17.4497,10.4498,26.2522,1.54515,-116.584,254.367
542.4,10.0276,2.37453,17.6325,10.4498,26.2522,1.54515,-116.584,258.073
542.42,10.0308,2.39853,17.6331,10.4498,26.2522,1.54515,-116.584,259.147
542.44,10.0314,2.26817,17.6331,10.4963,26.2522,1.5771,-116.584,257.022
542.46,10.0314,2.40852,17.6331,10.4963,26.0777,1.5771,-116.584,254.375
542.48,10.0346,2.37154,17.7707,10.3105,26.1355,1.57787,-116.584,252.243
542.5,10.0335,2.37681,17.7707,10.3105,26.1355,1.57787,-116.584,259.147
542.52,10.0378,2.29929,17.8621,10.4031,26.1355,1.57787,-116.584,266.029
542.54,10.0378,2.28884,18.0457,10.4034,26.1355,1.57787,-116.584,274.016
542.56,10.0383,2.39637,18.0457,10.3105,26.0188,1.57787,-116.584,281.981
542.58,10.041,2.41309,18.0457,10.3105,26.0188,1.57787,-116.831,281.981
542.6,10.041,2.40143,18.0457,10.2641,26.0188,1.57787,-116.831,281.981
542.62,10.0399,2.36746,18.0916,10.2641,26.0188,1.57787,-116.831,279.857
542.64,10.0447,2.33396,18.0916,10.2176,26.0772,1.57787,-116.831,282.512
542.66,10.0463,2.30419,18.1373,10.2176,26.0772,1.57432,-116.831,290.983
542.68,10.0463,2.18839,18.1374,10.1712,26.1355,1.57431,-116.831,291.009
542.7,10.0452,2.23087,18.0916,10.0318,26.1355,1.56743,-116.831,293.664
542.72,10.0474,2.28048,18.0916,10.0318,26.4845,1.56743,-116.831,299.488
542.74,10.0479,2.26044,18.1374,10.0783,26.4856,1.56743,-116.831,300.037
542.76,10.0479,2.23867,18.1374,10.0783,26.4856,1.56743,-116.831,300.037
542.78,10.0485,2.27643,18.1374,10.032,26.7764,1.56743,-116.831,300.037
542.8,10.0458,2.32229,17.954,10.0318,26.7772,1.56743,-114.36,295.257
542.82,10.0463,2.27984,17.954,9.98539,26.9523,1.56743,-114.36,290.478
542.84,10.0463,2.30681,17.9083,9.98539,26.9523,1.56743,-114.36,290.478
542.86,10.0463,2.26116,17.9082,10.0318,27.244,1.56743,-114.36,290.478
542.88,10.0463,2.26996,17.8623,10.0318,27.244,1.55673,-114.36,291.009
542.9,10.0479,2.34001,17.8623,10.0781,27.3603,1.55673,-114.36,291.538
542.92,10.0479,2.19897,17.8165,10.0783,27.3606,1.55071,-114.36,284.636
542.94,10.0495,2.21317,17.8165,9.98539,27.4773,1.55071,-114.36,273.485
542.96,10.0511,2.21913,17.8165,9.98539,27.5936,1.55071,-114.36,261.837
542.98,10.0511,2.28793,17.8165,10.1712,27.594,1.55071,-114.36,255.429
543,10.0533,2.30781,17.8165,10.0318,27.5356,1.55071,-114.36,255.96
543.02,10.0533,2.19565,17.8165,10.0318,27.5356,1.55071,-117.111,255.431
543.04,10.0538,2.20539,17.954,9.98539,27.5356,1.55071,-117.12,251.181
543.06,10.0538,2.25875,17.8165,9.98539,27.5356,1.55071,-117.12,249.588
543.08,10.0522,2.33581,17.8165,10.1247,27.3606,1.55071,-117.12,247.995
543.1,10.0533,2.36894,17.9999,10.1247,27.3606,1.53641,-117.12,250.119
543.12,10.0533,2.33708,17.9999,10.0783,27.3606,1.53641,-117.12,252.243
543.14,10.0533,2.26953,17.954,10.0783,27.3606,1.5312,-117.12,250.65
543.16,10.0549,2.28828,17.954,10.0783,27.128,1.5312,-117.12,251.709
543.18,10.0538,2.29182,17.9999,10.0783,27.1273,1.5312,-117.12,255.96
543.2,10.0554,2.33344,17.9999,10.0783,27.0106,1.5312,-117.12,253.836
543.22,10.0554,2.36101,17.9999,10.0783,27.0106,1.5312,-117.12,254.366
543.24,10.0549,2.3058,17.9999,10.0783,26.8939,1.5312,-115.452,260.209
543.26,10.0597,2.29555,17.9999,9.93894,26.7189,1.5312,-115.452,263.926
543.28,10.0586,2.2012,17.9999,9.93894,26.7189,1.5312,-115.452,268.161
543.3,10.0586,2.34771,17.9999,10.0318,26.6606,1.5312,-115.452,272.423
543.32,10.0623,2.2187,17.9999,10.0318,26.6606,1.5312,-115.452,270.829
543.34,10.0645,2.17507,17.9999,9.89293,26.4279,1.58496,-115.452,269.241
543.36,10.0645,2.28437,17.8165,9.8925,26.4272,1.5816,-115.452,275.078
543.38,10.0629,2.23725,17.8165,9.93894,26.4856,1.5816,-115.452,280.919
543.4,10.0645,2.22871,17.8622,9.93894,26.4856,1.5816,-115.452,281.978
543.42,10.0682,2.23218,17.8623,9.98539,26.3105,1.5816,-115.452,283.574
543.44,10.0682,2.27803,17.7248,9.98539,26.3105,1.5816,-115.452,286.23
543.46,10.0704,2.25652,17.7248,10.0317,26.1942,1.5816,-115.452,286.759
543.48,10.0672,2.33961,17.8623,9.8925,26.1939,1.5816,-115.493,279.857
543.5,10.0714,2.30223,17.8623,9.8925,26.2522,1.5816,-115.493,272.423
543.52,10.0714,2.28547,17.7252,9.98511,26.1359,1.5816,-115.493,269.775
543.54,10.0725,2.25458,17.7248,9.98539,26.1355,1.5816,-115.493,268.705
543.56,10.0746,2.26937,17.7707,9.98539,26.2522,1.57798,-115.493,268.174
543.58,10.0784,2.31644,17.7707,9.98539,26.2522,1.57798,-115.493,266.05
543.6,10.0784,2.36446,17.8165,9.8925,26.3105,1.5738,-115.493,263.926
543.62,10.073,2.29375,17.8165,9.8925,26.3105,1.5738,-115.493,271.36
543.64,10.0762,2.3145,17.8165,9.98539,26.1355,1.5738,-115.493,278.795
543.66,10.072,2.36788,17.9536,9.98539,26.1355,1.5738,-115.493,272.971
543.68,10.072,2.36428,17.954,10.0318,26.2522,1.5738,-115.493,270.298
543.7,10.0725,2.27016,17.9082,10.0318,26.2522,1.5738,-116.852,267.112
543.72,10.0752,2.2876,17.9082,10.0781,26.2522,1.5738,-116.852,264.465
543.74,10.0773,2.27423,17.954,10.0783,26.2522,1.5738,-116.852,267.643
543.76,10.0773,2.49816,17.954,10.1247,26.3689,1.5738,-116.852,271.891
543.78,10.0805,2.23776,17.954,10.1247,26.3689,1.55216,-116.852,272.95
543.8,10.0832,2.27047,17.954,10.1247,26.3105,1.5521,-116.852,271.361
543.82,10.0896,2.36102,17.9082,10.2176,26.6022,1.5425,-116.852,269.236
543.84,10.0896,2.34421,17.9082,10.2176,26.6022,1.5425,-116.852,271.354
543.86,10.0901,2.32559,17.9082,10.2641,26.4272,1.5425,-116.852,273.485
543.88,10.0917,2.36812,18.0457,10.2641,26.4272,1.5425,-116.852,275.078
543.9,10.0917,2.35437,18.0457,10.3567,26.4854,1.5425,-116.852,276.666
543.92,10.0864,2.14862,17.9082,10.3569,26.4856,1.5425,-114.463,276.671
543.94,10.0891,2.30519,17.9082,10.4498,26.3105,1.5425,-114.463,276.671
543.96,10.0912,2.3321,18.091,10.4498,26.3105,1.5425,-114.463,274.024
543.98,10.0912,2.2409,18.0916,10.4034,26.3105,1.5425,-114.463,271.891
544,10.0896,2.27696,18.1833,10.4034,26.3105,1.52252,-114.463,268.705
544.02,10.0923,2.31751,18.1833,10.4497,26.3105,1.52252,-114.463,267.117
544.04,10.0907,2.31446,18.275,10.5427,26.1939,1.51782,-114.463,262.333
544.06,10.0907,2.26133,18.275,10.5427,26.1939,1.51782,-114.463,254.898
544.08,10.0896,2.24088,18.4125,10.4963,26.1939,1.51782,-114.463,255.429
544.1,10.0885,2.21803,18.5042,10.4963,26.1939,1.51782,-114.463,253.836
544.12,10.0896,2.30546,18.5042,10.4963,26.3105,1.51782,-114.463,252.243
544.14,10.0896,2.282,18.6418,10.4963,26.3105,1.51782,-115.843,250.65
544.16,10.0885,2.46601,18.6418,10.5889,26.5432,1.51782,-115.843,249.062
544.18,10.0917,2.50738,18.7793,10.5892,26.5439,1.51782,-115.843,250.119
544.2,10.0917,2.31733,18.7793,10.5892,26.8939,1.51782,-115.843,251.181
544.22,10.0896,2.36184,18.6879,10.5892,26.8939,1.53053,-115.843,251.181
544.24,10.0923,2.41222,18.6876,10.5892,27.0106,1.53057,-115.843,258.085
544.26,10.0891,2.39065,18.871,10.5892,27.0106,1.52283,-115.843,260.209
544.28,10.0891,2.48452,18.871,10.6355,27.2432,1.52283,-115.843,254.385
544.3,10.0896,2.38592,18.8252,10.6356,27.3023,1.52283,-115.843,251.181
544.32,10.0896,2.38824,18.8252,10.6356,27.3023,1.52283,-115.843,247.464
544.34,10.088,2.37128,18.9166,10.543,27.5349,1.52283,-115.843,245.876
544.36,10.088,2.39584,18.9169,10.5427,27.5356,1.52283,-114.052,247.464
544.38,10.0912,2.31158,18.871,10.682,27.419,1.52283,-114.052,250.119
544.4,10.0912,2.32013,18.8253,10.682,27.419,1.52283,-114.052,253.825
544.42,10.0896,2.42045,18.8252,10.4963,27.3606,1.52283,-114.052,257.553
544.44,10.0896,2.36112,18.7793,10.4963,27.3606,1.51368,-114.052,255.96
544.46,10.0923,2.34759,18.7793,10.6352,27.3025,1.51368,-114.052,254.372
544.48,10.0928,2.35607,18.7793,10.6356,27.3023,1.51241,-114.052,259.147
544.5,10.0928,2.40628,18.7793,10.6356,27.1856,1.51241,-114.052,262.864
544.52,10.0901,2.35283,18.7336,10.6356,27.1856,1.51241,-114.052,265.511
544.54,10.0917,2.21018,18.7335,10.682,27.244,1.51241,-114.052,267.112
544.56,10.0917,2.23613,18.7335,10.7749,27.244,1.51241,-114.052,268.174
544.58,10.0917,2.45855,18.7335,10.7749,26.8939,1.51241,-112.425,270.298
544.6,10.0944,2.28399,18.5959,10.8678,26.7189,1.51241,-112.425,268.705
544.62,10.096,2.40085,18.5959,10.8678,26.7189,1.51241,-112.425,265.519
544.64,10.0944,2.36575,18.5959,10.8678,26.4272,1.51241,-112.425,266.05
544.66,10.0944,2.35456,18.5959,10.8678,26.4272,1.51241,-112.425,266.579
544.68,10.0949,2.21836,18.5959,10.9143,26.2522,1.51974,-112.425,267.112
544.7,10.0949,2.22226,18.5042,10.9143,26.2522,1.521,-112.425,268.705
544.72,10.0955,2.31497,18.5042,10.9606,26.2522,1.521,-112.425,270.294
544.74,10.0955,2.24317,18.6418,10.9607,26.2522,1.521,-112.425,276.14
544.76,10.0955,2.26783,18.6418,10.9607,26.0772,1.521,-112.425,277.202
544.78,10.0955,2.30965,18.5503,10.9607,26.0772,1.521,-112.425,275.084
544.8,10.0955,2.32244,18.5501,10.9143,26.0188,1.521,-112.425,276.14
544.82,10.0955,2.25803,18.6418,10.9143,26.0188,1.521,-114.052,275.609
544.84,10.096,2.35025,18.6418,10.9143,25.8444,1.521,-114.052,279.315
544.86,10.0976,2.33258,18.6418,10.9143,26.0772,1.521,-114.052,286.761
544.88,10.0949,2.31443,18.6418,10.9143,26.0772,1.521,-114.052,287.823
544.9,10.0949,2.33485,18.5961,11.0069,26.019,1.49546,-114.052,285.176
544.92,10.0966,2.28341,18.6418,11.0071,26.0188,1.49539,-114.052,285.698
544.94,10.0971,2.28748,18.6418,10.8678,25.9022,1.49929,-114.052,286.229
544.96,10.0971,2.35756,18.7332,10.8678,25.9022,1.49929,-114.052,287.288
544.98,10.0971,2.27093,18.7335,11.0071,26.2522,1.49929,-114.052,288.354
545,10.096,2.38686,18.7335,11.0071,26.2522,1.49929,-114.052,281.981
545.02,10.0965,2.3944,18.7335,11.0071,26.3685,1.49929,-114.052,280.922
545.04,10.0966,2.47751,18.871,11.0071,26.3689,1.49929,-111.478,281.45
545.06,10.0982,2.30209,18.871,10.9607,26.4272,1.49929,-111.478,282.512
545.08,10.0971,2.31919,18.9627,10.9607,26.4272,1.49929,-111.478,276.671
545.1,10.0976,2.3544,18.9627,11.1,26.4272,1.49929,-111.478,270.298
545.12,10.0976,2.39991,19.2378,11.1,26.6022,1.49746,-111.478,270.829
545.14,10.096,2.35918,19.2378,11.1,26.6022,1.49746,-111.478,269.236
545.16,10.0965,2.46832,19.4663,11.0537,26.6604,1.50077,-111.478,263.942
545.18,10.0982,2.4973,19.788,11.0536,26.6606,1.50078,-111.478,264.457
545.2,10.0982,2.26113,19.788,11.1465,26.7189,1.50078,-111.478,264.988
545.22,10.0966,2.30857,20.0622,11.1465,26.7189,1.50078,-111.478,266.047
545.24,10.0966,2.31643,20.063,11.1465,26.8356,1.50078,-111.478,267.112
545.26,10.0971,2.34234,20.3381,11.1465,26.8356,1.50078,-112.775,262.333
545.28,10.0971,2.43975,20.3381,11.1002,27.0682,1.50078,-112.775,253.862
545.3,10.0949,2.30979,20.5674,11.1,27.0689,1.50078,-112.775,251.712
545.32,10.0976,2.32161,20.5674,11.1465,27.3606,1.50078,-112.775,250.119
545.34,10.0971,2.34458,20.7959,11.1465,27.3606,1.48809,-112.775,246.413
545.36,10.0971,2.42956,20.7966,11.1929,27.594,1.48805,-112.775,242.153
545.38,10.0976,2.3011,20.6591,11.1465,28.0607,1.49214,-112.775,238.436
545.4,10.0971,2.28715,20.6591,11.1465,28.0607,1.49214,-112.775,238.966
545.42,10.0971,2.2638,20.6591,11.1465,28.4107,1.49214,-112.775,245.871
545.44,10.0976,2.31746,20.3381,11.1465,28.4107,1.49214,-112.775,246.933
545.46,10.0982,2.25732,20.3381,11.2391,28.5852,1.49214,-112.775,247.992
545.48,10.0982,2.27835,20.1547,11.2394,28.5857,1.49214,-112.281,245.871
545.5,10.0982,2.36926,20.1547,11.1465,28.7024,1.49214,-112.281,243.746
545.52,10.0976,2.26253,19.9262,11.1465,28.7024,1.49214,-112.281,247.452
545.54,10.0976,2.27207,19.9255,11.1465,28.4107,1.49214,-112.281,246.402
545.56,10.0982,2.28397,19.788,11.1465,28.4107,1.49758,-112.281,247.464
545.58,10.0982,2.42806,19.788,11.1465,28.119,1.49758,-112.281,244.809
545.6,10.0976,2.31896,19.6504,11.1465,28.119,1.50454,-112.281,241.091
545.62,10.0966,2.34657,19.6504,11.1929,27.594,1.50454,-112.281,240.56
545.64,10.0992,2.28203,19.5129,11.1929,27.1856,1.50454,-112.281,236.312
545.66,10.0992,2.37636,19.5129,11.1929,27.1856,1.50454,-112.281,236.841
545.68,10.0982,2.38686,19.3295,11.0536,27.0106,1.50454,-112.281,238.967
545.7,10.0966,2.40591,19.3295,11.0536,27.0106,1.50454,-110.386,245.34
545.72,10.096,2.30267,19.3295,11.2388,26.8943,1.50454,-110.386,251.693
545.74,10.096,2.33395,19.2378,11.2394,26.8939,1.50454,-110.386,251.181
545.76,10.0966,2.38642,19.2378,11.1929,26.8939,1.50454,-110.386,250.65
545.78,10.0992,2.38459,19.1921,11.1929,26.8939,1.49555,-110.386,257.003
545.8,10.0992,2.39594,19.1919,11.1,26.8356,1.49552,-110.386,263.395
545.82,10.0982,2.4103,19.2836,11.1,26.8356,1.50348,-110.386,259.147
545.84,10.0998,2.29948,19.2836,11.1463,26.8937,1.50348,-110.386,254.911
545.86,10.0976,2.29287,19.3295,11.1465,26.8939,1.50348,-110.386,253.305
545.88,10.0976,2.3733,19.3295,11.1929,26.8356,1.50348,-110.386,255.96
545.9,10.0992,2.35925,19.1924,11.1003,26.8356,1.50348,-110.386,261.255
545.92,10.0538,2.34676,19.1919,11.1,26.6606,1.50348,-113.434,261.271
545.94,10.0346,2.3806,19.4212,11.1929,26.6606,1.50348,-113.434,255.96
545.96,10.0346,2.45062,19.4212,11.1929,26.6606,1.50348,-113.434,255.431
545.98,10.0351,2.40849,19.3295,11.1929,26.7189,1.50348,-113.434,254.898
546,10.0372,2.45018,19.4212,11.1929,26.7189,1.50348,-113.434,261.802
546.02,10.0378,2.40944,19.4212,11.054,26.7771,1.50169,-113.434,268.684
546.04,10.0378,2.57054,19.3295,11.0536,26.7772,1.50689,-113.434,264.988
546.06,10.0351,2.47259,19.3295,11.2394,26.7189,1.50689,-113.434,261.271
546.08,10.0367,2.45421,19.1919,11.2394,26.7189,1.50689,-113.434,261.271
546.1,10.0362,2.40371,19.1919,11.1465,27.0689,1.50689,-113.434,261.271
546.12,10.0362,2.39615,19.1461,11.1465,27.0689,1.50689,-113.434,260.74
546.14,10.0346,2.32409,19.1461,11.1929,27.1273,1.50689,-113.434,257.553
546.16,10.0335,2.29091,19.1004,11.1466,27.1273,1.50689,-110.745,260.73
546.18,10.0356,2.43465,19.1002,11.1465,27.1856,1.50689,-110.736,266.581
546.2,10.0356,2.33359,19.0544,11.1465,27.3023,1.50689,-110.736,266.05
546.22,10.0346,2.49837,19.0544,11.1465,27.3023,1.50689,-110.736,266.05
546.24,10.0367,2.47426,19.0544,11.1,27.1273,1.48547,-110.736,272.423
546.26,10.0367,2.33341,18.871,11.1,27.1273,1.48547,-110.736,275.609
546.28,10.0356,2.32721,18.871,11.2389,27.0691,1.49869,-110.736,276.668
546.3,10.0372,2.41722,19.0085,11.2394,27.0689,1.49873,-110.736,274.547
546.32,10.0346,2.49034,19.0085,11.1465,26.8356,1.49873,-110.736,272.423
546.34,10.0346,2.35572,18.8714,11.1465,26.8356,1.49873,-110.736,274.011
546.36,10.0356,2.354,18.871,11.1929,26.6606,1.49873,-110.736,274.547
546.38,10.034,2.3872,18.9169,11.1929,26.6606,1.49873,-111.642,275.078
546.4,10.0367,2.36342,18.9169,11.3781,26.6024,1.49873,-111.642,277.725
546.42,10.0367,2.48837,18.8252,11.3323,26.6022,1.49873,-111.642,276.671
546.44,10.034,2.35207,18.8252,11.3323,26.6022,1.49873,-111.642,277.733
546.46,10.0362,2.35484,18.7794,11.3323,26.5441,1.51107,-111.642,286.204
546.48,10.0378,2.33184,18.7793,11.3323,26.5439,1.51111,-111.642,295.257
546.5,10.0378,2.36935,18.6876,11.4716,26.4856,1.51589,-111.642,295.788
546.52,10.0346,2.27467,18.6419,11.4716,26.4856,1.51589,-111.642,294.2
546.54,10.0335,2.27876,18.6418,11.4251,26.4856,1.51589,-111.642,292.602
546.56,10.034,2.38907,18.6418,11.4251,26.4856,1.51589,-111.642,293.133
546.58,10.034,2.34402,18.6418,11.4251,26.4272,1.51589,-111.642,293.664
546.6,10.0351,2.23403,18.5042,11.4251,26.4272,1.51589,-112.24,289.416
546.62,10.0351,2.26025,18.5042,11.3323,26.4856,1.51589,-112.24,286.23
546.64,10.0372,2.42077,18.5501,11.3323,26.4856,1.51589,-112.24,282.512
546.66,10.0372,2.40663,18.5501,11.3323,26.3692,1.51589,-112.24,278.806
546.68,10.0367,2.33172,18.5042,11.4251,26.3689,1.51765,-112.24,278.264
546.7,10.0351,2.35389,18.5042,11.4251,26.4272,1.51765,-112.24,277.202
546.72,10.034,2.33901,18.5042,11.2862,26.4272,1.52823,-112.24,275.084
546.74,10.034,2.40167,18.5042,11.2858,26.4272,1.52826,-112.24,276.14
546.76,10.0335,2.35401,18.4584,11.4716,26.3105,1.52826,-112.24,278.795
546.78,10.0335,2.36461,18.4127,11.4716,26.3105,1.52826,-112.24,281.972
546.8,10.0335,2.38714,18.4125,11.3323,26.4272,1.52826,-112.24,285.167
546.82,10.033,2.32559,18.4584,11.3323,26.4272,1.52826,-109.81,280.388
546.84,10.0324,2.31048,18.4584,11.3323,26.3109,1.52826,-109.81,275.623
546.86,10.0351,2.29247,18.4584,11.3323,26.3105,1.52826,-109.81,273.485
546.88,10.0351,2.31377,18.4584,11.3787,26.3689,1.52826,-109.81,271.361
546.9,10.0319,2.26948,18.4584,11.3787,26.3689,1.50733,-109.81,271.89
546.92,10.034,2.31392,18.4584,11.4716,26.3689,1.50727,-109.81,275.609
546.94,10.0346,2.30617,18.5959,11.4716,26.3689,1.5175,-109.81,281.45
546.96,10.0346,2.41055,18.5959,11.2864,26.3107,1.5175,-109.81,281.98
546.98,10.0335,2.36477,18.5959,11.2858,26.4856,1.5175,-109.81,283.043
547,10.034,2.35621,18.5959,11.4716,26.4856,1.5175,-109.81,281.981
547.02,10.0346,2.43863,18.733,11.2864,26.4274,1.5175,-109.81,283.04
547.04,10.0346,2.28877,18.8252,11.2858,26.4272,1.5175,-112.281,279.326
547.06,10.034,2.53022,18.8252,11.2394,26.4856,1.5175,-112.281,275.609
547.08,10.0356,2.53276,18.871,11.2394,26.4856,1.5175,-112.281,276.14
547.1,10.0356,2.41076,18.871,11.3787,26.4856,1.5175,-112.281,276.671
547.12,10.0351,2.3818,18.871,11.3787,26.4856,1.49672,-112.281,278.264
547.14,10.0356,2.45214,18.871,11.2394,26.5439,1.49672,-112.281,279.857
547.16,10.0351,2.47302,18.871,11.2394,26.5439,1.50467,-112.281,276.681
547.18,10.0351,2.36041,18.871,11.1929,26.8356,1.50469,-112.281,274.547
547.2,10.0335,2.6073,18.8252,11.1929,26.8356,1.50469,-112.281,272.954
547.22,10.034,2.37608,18.8252,11.2392,27.0101,1.50469,-112.281,276.13
547.24,10.0356,2.36076,18.8252,11.2394,27.244,1.50469,-112.281,285.167
547.26,10.0356,2.44833,18.8252,11.2394,27.244,1.50469,-110.633,289.947
547.28,10.0335,2.3902,18.8252,11.1468,27.1858,1.50469,-110.633,289.947
547.3,10.0346,2.39336,18.8252,11.1465,27.1856,1.50469,-110.633,286.23
547.32,10.034,2.35681,18.8252,11.2394,27.1273,1.50469,-110.633,279.326
547.34,10.034,2.4034,18.8252,11.2394,27.1273,1.53908,-110.633,271.385
547.36,10.0335,2.27695,18.8252,11.1929,26.7772,1.53919,-110.633,263.395
547.38,10.034,2.29677,18.9627,11.1929,26.7772,1.55072,-110.633,260.209
547.4,10.0324,2.28139,18.9627,11.2855,26.5446,1.55072,-110.633,257.032
547.42,10.0324,2.39978,19.0085,11.2858,26.5439,1.55072,-110.633,255.429
547.44,10.0319,2.35392,19.0085,11.1465,26.5439,1.55072,-110.633,257.022
547.46,10.0292,2.38082,19.1457,11.1465,26.5439,1.55072,-110.633,262.317
547.48,10.0297,2.33903,19.1461,11.1929,26.3689,1.55072,-110.633,267.643
547.5,10.0297,2.37493,19.1461,11.1929,26.5439,1.55072,-110.119,268.705
547.52,10.0287,2.40365,19.1461,11.1929,26.5439,1.55072,-110.119,269.764
547.54,10.0297,2.40951,19.1002,11.1465,26.6022,1.55072,-110.119,270.298
547.56,10.0271,2.4095,19.1002,11.1465,26.6022,1.55072,-110.119,264.988
547.58,10.0271,2.46615,19.1461,11.1465,27.1273,1.56275,-110.119,261.271
547.6,10.0271,2.45695,19.1461,11.1465,27.1273,1.60092,-110.119,259.678
547.62,10.0249,2.43482,19.0544,11.1929,27.3606,1.60092,-110.119,258.084
547.64,10.0265,2.50377,19.0085,11.1929,27.3606,1.60092,-110.119,252.774
547.66,10.0265,2.38251,19.0085,11.1466,27.6514,1.60092,-110.119,247.48
547.68,10.0244,2.41349,19.0544,11.1465,27.6523,1.60092,-110.119,240.56
547.7,10.0201,2.33565,19.0544,11.1929,27.7107,1.60092,-110.119,242.684
547.72,10.0201,2.32102,19.0087,11.1929,27.7107,1.60092,-112.336,248.508
547.74,10.0223,2.44612,19.0085,11.1465,27.594,1.60092,-112.343,250.65
547.76,10.0196,2.36505,19.2836,11.0536,27.594,1.60092,-112.343,250.65
547.78,10.0169,2.36504,19.2836,11.0536,27.245,1.60092,-112.343,250.65
547.8,10.0169,2.361,19.3753,11.1,27.244,1.56577,-112.343,251.181
547.82,10.0164,2.35909,19.3753,11.1,26.8939,1.56577,-112.343,251.181
547.84,10.0132,2.3859,19.3753,11.0537,26.7194,1.56086,-112.343,251.71
547.86,10.0132,2.38645,19.6046,11.0536,26.7189,1.56085,-112.343,249.588
547.88,10.0132,2.43213,19.6046,11.0536,26.6606,1.56085,-112.343,247.464
547.9,10.0132,2.3204,19.5589,11.0536,26.6606,1.56085,-112.343,245.346
547.92,10.011,2.37426,19.5587,11.0071,26.7189,1.56085,-112.343,243.215
547.94,10.0132,2.30217,19.5587,11.0071,26.7189,1.56085,-109.583,242.153
547.96,10.0132,2.40966,19.5587,11.0071,26.9515,1.56085,-109.583,244.271
547.98,10.0132,2.44686,19.5587,11.0071,26.9523,1.56085,-109.583,252.243
548,10.0078,2.42655,19.5587,10.8678,27.244,1.56085,-109.583,257.022
548.02,10.0078,2.36181,19.6044,10.8678,27.244,1.59767,-109.583,258.611
548.04,10.0014,2.30583,19.6046,10.9607,27.5356,1.59778,-109.583,259.678
548.06,9.99929,2.43377,19.6046,11.0071,27.6523,1.58642,-109.583,259.678
548.08,9.99929,2.42268,19.6046,11.0071,27.6523,1.58642,-109.583,260.74
548.1,9.99929,2.43523,19.6963,10.9143,27.769,1.58642,-109.583,267.643
548.12,9.99715,2.46987,19.6963,10.9143,27.769,1.58642,-109.583,268.705
548.14,9.99448,2.31616,19.6963,10.8678,27.8273,1.58642,-109.583,269.767
548.16,9.99395,2.3463,19.742,10.8678,27.8273,1.58642,-111.308,268.709
548.18,9.99394,2.33899,19.7421,10.9607,27.769,1.58642,-111.313,267.643
548.2,9.99287,2.35062,19.8338,10.9607,27.769,1.58642,-111.313,270.298
548.22,9.99181,2.35245,19.8338,11.007,27.8853,1.58642,-111.313,270.828
548.24,9.98806,2.35236,19.8338,11.0071,27.8857,1.59491,-111.313,271.892
548.26,9.98806,2.33746,19.8338,10.9143,27.769,1.59491,-111.313,273.485
548.28,9.98966,2.25705,19.7424,10.9143,27.769,1.58663,-111.313,274.543
548.3,9.98593,2.26667,19.7421,11.0536,27.7107,1.5866,-111.313,271.361
548.32,9.98593,2.45605,19.788,11.1465,27.6523,1.5866,-111.313,268.174
548.34,9.98593,2.25964,19.788,11.1465,27.6523,1.5866,-111.313,270.292
548.36,9.98593,2.35659,19.5587,11.0071,27.594,1.5866,-111.313,271.36
548.38,9.98325,2.33427,19.5129,11.0071,27.594,1.5866,-110.675,270.829
548.4,9.98325,2.30127,19.5129,11.0535,27.6521,1.5866,-110.675,270.3
548.42,9.98219,2.28563,19.467,11.0536,27.6523,1.5866,-110.675,272.954
548.44,9.98325,2.33938,19.467,11.0536,27.419,1.5866,-110.675,275.609
548.46,9.98272,2.36666,19.3299,11.0536,27.419,1.59342,-110.675,271.373
548.48,9.98272,2.32627,19.3295,11.0071,27.4773,1.59344,-110.675,267.112
548.5,9.98112,2.27876,19.2836,11.0071,27.4773,1.58175,-110.675,269.767
548.52,9.98378,2.28603,19.2836,11.0071,27.4773,1.58175,-110.675,265.532
548.54,9.98432,2.31366,19.2378,11.0071,27.4773,1.58175,-110.675,258.085
548.56,9.98432,2.35792,19.2378,11.0536,27.4773,1.58175,-110.675,251.181
548.58,9.98325,2.30826,19.1002,11.0071,27.419,1.58175,-110.675,250.119
548.6,9.98219,2.31274,19.1002,11.0071,27.419,1.58175,-109.707,251.181
548.62,9.98432,2.38522,19.1002,10.9607,27.3023,1.58175,-109.707,248.526
548.64,9.98432,2.31209,19.1002,10.9607,27.3023,1.58175,-109.707,254.898
548.66,9.98379,2.26053,19.0545,11.007,27.2441,1.58175,-109.707,261.251
548.68,9.97684,2.27015,19.1461,11.0071,27.244,1.63889,-109.707,258.085
548.7,9.97684,2.30349,19.1461,10.9607,27.244,1.63889,-109.707,254.898
548.72,9.97844,2.38812,19.1004,10.9607,27.244,1.59334,-109.707,260.722
548.74,9.97951,2.39549,19.1002,11.0071,27.1856,1.5932,-109.707,265.519
548.76,9.98058,2.3701,19.2378,11.0071,27.1856,1.5932,-109.707,264.988
548.78,9.98325,2.3075,19.2378,10.9145,27.1856,1.5932,-109.707,266.047
548.8,9.98325,2.3842,19.1461,10.9143,27.1856,1.5932,-109.707,265.519
548.82,9.97951,2.30437,19.1461,10.9607,27.1273,1.5932,-109.707,270.829
548.84,9.97898,2.24158,19.2832,10.9607,27.1273,1.5932,-112.56,276.124
548.86,9.97898,2.26758,19.2836,10.9607,27.1856,1.5932,-112.569,276.671
548.88,9.98112,2.19675,19.3295,11.0071,27.1856,1.5932,-112.569,284.636
548.9,9.97899,2.21687,19.3295,11.0071,27.1856,1.5932,-112.569,289.401
548.92,9.98112,2.39528,19.3295,10.9143,27.3023,1.63084,-112.569,286.23
548.94,9.98112,2.43799,19.2836,10.9143,27.3023,1.63084,-112.569,291.54
548.96,9.97899,2.40817,19.2836,10.9606,27.2441,1.59272,-112.569,296.834
548.98,9.97951,2.31975,19.2836,10.9607,27.244,1.59261,-112.569,301.099
549,9.97951,2.33412,19.2836,11.0536,27.419,1.59261,-112.569,310.126
549.02,9.97951,2.47387,19.2379,11.0536,27.419,1.59261,-112.569,317.009
549.04,9.98005,2.35605,19.2378,10.9607,27.419,1.59261,-112.569,318.092
549.06,9.97898,2.36876,19.2836,10.9607,27.419,1.59261,-109.666,312.25
549.08,9.98005,2.35757,19.2836,11.0071,27.419,1.59261,-109.666,303.754
549.1,9.98005,2.34077,19.0544,11.1,27.419,1.59261,-109.666,304.285
549.12,9.98005,2.27059,19.0544,11.1,27.594,1.59261,-109.666,310.126
549.14,9.97898,2.26971,19.0544,11.0536,27.419,1.64418,-109.666,311.188
549.16,9.97845,2.33438,19.0544,11.0536,27.419,1.64418,-109.666,311.718
549.18,9.97845,2.39829,18.9627,11.0536,27.244,1.61819,-109.666,312.25
549.2,9.97845,2.3367,19.0085,11.0536,27.244,1.61819,-109.666,311.719
549.22,9.97951,2.32835,19.0085,11.1462,27.0113,1.61819,-109.666,311.19
549.24,9.97951,2.25526,18.8252,11.1465,27.0106,1.61819,-109.666,310.657
549.26,9.97951,2.29197,18.8252,11.0536,26.8356,1.61819,-109.666,310.126
549.28,9.98005,2.23481,18.8709,11.0536,26.8356,1.61819,-111.205,310.656
549.3,9.97951,2.2557,18.871,11.0071,26.8356,1.61819,-111.21,306.409
549.32,9.97951,2.19772,18.8252,11.0071,26.8356,1.61819,-111.21,305.347
549.34,9.98164,2.3454,18.8252,11.0071,26.7193,1.61819,-111.21,306.935
549.36,9.97951,2.29752,18.6876,11.1929,26.7189,1.61631,-111.21,306.94
549.38,9.98112,2.29841,18.6876,11.1929,26.8356,1.61631,-111.21,304.285
549.4,9.98112,2.32882,18.6876,11.1003,26.7193,1.59653,-111.21,302.167
549.42,9.97738,2.33213,18.6876,11.1,26.7189,1.59647,-111.21,297.381
549.44,9.98058,2.32291,18.6418,11.2394,26.8939,1.59647,-111.21,292.602
549.46,9.98165,2.40045,18.5046,11.2394,26.8939,1.59647,-111.21,289.955
549.48,9.98165,2.4661,18.5042,11.1929,26.9523,1.59647,-111.21,287.292
549.5,9.97951,2.47323,18.5959,11.1929,26.9523,1.59647,-111.004,291.54
549.52,9.97845,2.4244,18.5959,11.2392,27.0104,1.59647,-111.004,295.775
549.54,9.98058,2.40223,18.5042,11.2394,27.0106,1.59647,-111.004,294.726
549.56,9.98058,2.39087,18.5042,11.1465,27.1273,1.59647,-111.004,286.761
549.58,9.97951,2.50981,18.4125,11.1465,27.1273,1.59458,-111.004,280.388
549.6,9.97898,2.51628,18.4125,11.3323,27.0106,1.59458,-111.004,280.919
549.62,9.97898,2.37572,18.3667,11.3323,27.0106,1.58017,-111.004,280.919
549.64,9.97951,2.63848,18.3667,11.1929,26.8939,1.58017,-111.004,278.795
549.66,9.98005,2.39029,18.321,11.1466,26.7776,1.58017,-111.004,270.854
549.68,9.97898,2.41156,18.3208,11.1465,26.7772,1.58017,-111.004,264.988
549.7,9.97898,2.46228,18.275,11.2394,26.8356,1.58017,-111.004,262.864
549.72,9.97898,2.36464,18.2293,11.2394,26.8356,1.58017,-109.054,266.57
549.74,9.97898,2.37267,18.2291,11.1465,26.4856,1.58017,-109.048,271.892
549.76,9.98005,2.36608,18.1374,11.1465,26.4856,1.58017,-109.048,274.547
549.78,9.98005,2.29185,18.1374,11.1465,26.3111,1.58017,-109.048,272.958
549.8,9.98165,2.33877,18.0457,11.1465,26.3105,1.62422,-109.048,274.016
549.82,9.97951,2.31405,18.0457,11.2858,26.1939,1.62422,-109.048,274.547
549.84,9.97951,2.39097,18.0914,11.2858,26.1939,1.61134,-109.048,272.958
549.86,9.97951,2.35373,18.0916,11.1465,25.8438,1.61131,-109.048,272.423
549.88,9.98005,2.29777,17.954,11.3323,25.8438,1.61131,-109.048,275.609
549.9,9.97898,2.28703,17.954,11.3323,25.8438,1.61131,-109.048,280.374
549.92,9.97898,2.41682,17.954,11.3323,25.5521,1.61131,-109.048,280.919
549.94,9.98219,2.42064,17.954,11.3323,25.5521,1.61131,-112.61,278.264
549.96,9.98112,2.33372,17.8626,11.3323,25.6685,1.61131,-112.61,277.734
549.98,9.97951,2.31439,17.7248,11.3323,25.6688,1.61131,-112.61,284.105
550,9.97951,2.38467,17.7248,11.3323,25.6105,1.61131,-112.61,293.133
550.02,9.98111,2.31739,17.7248,11.3323,25.6105,1.62863,-112.61,295.251
550.04,9.98005,2.41248,17.7248,11.4251,25.7272,1.62869,-112.61,296.319
550.06,9.98005,2.45515,17.679,11.4251,25.7272,1.62401,-112.61,299.505
550.08,9.98005,2.33732,17.679,11.3323,25.8438,1.62401,-112.61,296.85
550.1,9.98005,2.27484,17.5414,11.3323,25.8438,1.62401,-112.61,292.071
550.12,9.98058,2.2868,17.5414,11.4251,25.8438,1.62401,-112.61,292.602
550.14,9.98005,2.32979,17.5414,11.4716,25.8438,1.62401,-112.61,292.071
550.16,9.98005,2.37422,17.5414,11.4716,25.902,1.62401,-109.1,289.953
550.18,9.97951,2.51239,17.4956,11.2858,25.9022,1.62401,-109.089,288.354
550.2,9.98058,2.524,17.4956,11.2858,25.9022,1.62401,-109.089,291.009
550.22,9.98005,2.40122,17.4956,11.4247,25.9603,1.62401,-109.089,296.832
550.24,9.98005,2.39257,17.4956,11.4251,25.9605,1.62401,-109.089,303.223
550.26,9.98058,2.38042,17.4497,11.3787,25.7855,1.51557,-109.089,301.63
550.28,9.98058,2.34215,17.4497,11.3787,25.7855,1.51734,-109.089,298.983
550.3,9.98112,2.30163,17.4497,11.1,25.9022,1.51734,-109.089,296.85
550.32,9.98112,2.25606,17.4956,11.1,25.9022,1.51734,-109.089,294.195
550.34,9.98005,2.29674,17.4956,11.2389,25.6114,1.51734,-109.089,291.548
550.36,9.98005,2.28123,17.358,11.2394,25.6105,1.51734,-109.089,289.947
550.38,9.98058,2.35666,17.358,11.2394,25.6105,1.51734,-110.819,286.23
550.4,9.98058,2.321,17.4951,11.2394,25.6105,1.51734,-110.819,284.112
550.42,9.97898,2.27079,17.4956,11.1465,25.4355,1.51734,-110.819,279.326
550.44,9.97791,2.2548,17.4956,11.2858,25.4355,1.51734,-110.819,274.547
550.46,9.97791,2.31661,17.4956,11.2858,25.3773,1.51734,-110.819,270.841
550.48,9.98005,2.30125,17.5873,11.1929,25.2605,1.5715,-110.819,271.892
550.5,9.97898,2.30625,17.679,11.1929,25.2605,1.5715,-110.819,278.795
550.52,9.98005,2.32799,17.679,11.2855,25.3186,1.57918,-110.819,278.795
550.54,9.98005,2.36915,17.7707,11.2858,25.3188,1.57921,-110.819,272.954
550.56,9.97951,2.3971,17.7707,11.2858,25.4938,1.57921,-110.819,267.112
550.58,9.97845,2.46863,17.7248,11.2858,25.4938,1.57921,-110.819,266.05
550.6,9.98058,2.48906,17.7248,11.2858,25.5521,1.57921,-110.263,264.457
550.62,9.98058,2.33934,17.8623,11.2858,25.5521,1.57921,-110.263,261.802
550.64,9.98005,2.46594,17.8623,11.3787,25.7855,1.57921,-110.263,255.96
550.66,9.97845,2.44462,17.9081,11.3787,25.7855,1.57921,-110.263,249.078
550.68,9.97951,2.4851,17.9082,11.3787,26.0772,1.57921,-110.263,250.119
550.7,9.97951,2.35649,17.9082,11.3787,26.1939,1.5234,-110.263,252.243
550.72,9.98005,2.38275,17.9082,11.3787,26.1939,1.5234,-110.263,253.831
550.74,9.98005,2.3659,17.9999,11.4716,26.4856,1.54326,-110.263,254.367
550.76,9.98005,2.35373,18.1374,11.4716,26.4856,1.54326,-110.263,254.898
550.78,9.98271,2.50624,18.1374,11.4253,26.3692,1.54326,-110.263,257.545
550.8,9.98005,2.43137,18.2291,11.4251,26.3689,1.54326,-110.263,257.022
550.82,9.98005,2.37422,18.2291,11.3787,26.3105,1.54326,-108.471,254.898
550.84,9.98005,2.40697,18.2291,11.3787,26.3105,1.54326,-108.471,255.428
550.86,9.97951,2.36637,18.2291,11.518,26.1355,1.54326,-108.471,255.96
550.88,9.98058,2.35654,18.1833,11.3787,26.1355,1.54326,-108.471,253.836
550.9,9.98112,2.3469,18.1833,11.3787,26.0774,1.54326,-108.471,254.366
550.92,9.98112,2.36549,18.3208,11.518,26.0772,1.5091,-108.471,254.898
550.94,9.98005,2.25991,18.3208,11.518,26.1939,1.5091,-108.471,258.084
550.96,9.98165,2.30155,18.4122,11.5643,26.3102,1.54247,-108.471,261.79
550.98,9.98112,2.34676,18.4125,11.5645,26.3105,1.54257,-108.471,265.519
551,9.98112,2.3656,18.5501,11.4251,26.4272,1.54257,-108.471,264.457
551.02,9.98005,2.30713,18.5501,11.4251,26.4272,1.54257,-108.471,263.398
551.04,9.98058,2.31958,18.7335,11.518,26.6022,1.54257,-110.942,263.395
551.06,9.98058,2.39265,18.9627,11.518,26.6022,1.54257,-110.942,264.457
551.08,9.98005,2.36259,18.9627,11.5645,26.7772,1.54257,-110.942,266.581
551.1,9.97898,2.35465,19.3295,11.4716,26.7772,1.54257,-110.942,269.767
551.12,9.98165,2.38768,19.3295,11.4716,27.0106,1.54257,-110.942,266.581
551.14,9.98165,2.39148,19.5587,11.6109,27.0106,1.5092,-110.942,263.395
551.16,9.97952,2.34934,19.5587,11.6109,27.3596,1.5092,-110.942,260.218
551.18,9.98005,2.5277,20.0172,11.6109,27.3606,1.54994,-110.942,257.022
551.2,9.97951,2.50563,20.0172,11.6109,27.8273,1.54994,-110.942,253.305
551.22,9.97951,2.45179,20.2,11.5183,27.8273,1.54994,-110.942,252.776
551.24,9.97898,2.61951,20.2006,11.518,28.1774,1.54994,-108.018,255.96
551.26,9.98112,2.60106,20.4298,11.6574,28.7024,1.54994,-108.018,256.491
551.28,9.98005,2.50861,20.7041,11.6111,28.7024,1.54994,-108.018,256.491
551.3,9.98005,2.61156,20.7049,11.6109,29.1691,1.54994,-108.018,259.678
551.32,9.97951,2.52906,20.98,11.518,29.1691,1.54994,-108.018,255.429
551.34,9.97845,2.51695,20.98,11.518,29.6926,1.54994,-108.018,247.488
551.36,9.97845,2.45105,21.1175,11.518,29.6942,1.4763,-108.018,243.746
551.38,9.97845,2.54762,21.1175,11.518,29.5775,1.4763,-108.018,239.498
551.4,9.97898,2.36528,21.2547,11.518,29.5775,1.52185,-108.018,235.263
551.42,9.98219,2.37885,21.2551,11.518,29.2858,1.52199,-108.018,235.25
551.44,9.97738,2.50292,21.3468,11.4251,29.2858,1.52199,-108.018,235.25
551.46,9.97738,2.42041,21.3468,11.564,28.995,1.52199,-109.784,234.191
551.48,9.97951,2.38675,21.3468,11.5645,28.5857,1.52199,-109.789,235.25
551.5,9.97951,2.39257,21.3926,11.4716,28.5857,1.52199,-109.789,236.312
551.52,9.97951,2.3167,21.3926,11.4716,28.4694,1.52199,-109.789,237.371
551.54,9.97951,2.29615,21.3926,11.4716,28.4691,1.52199,-109.789,243.746
551.56,9.97951,2.33182,21.3926,11.4716,28.294,1.52199,-109.789,247.464
551.58,9.97951,2.3544,21.2551,11.4716,28.294,1.50293,-109.789,251.181
551.6,9.97951,2.3544,21.2551,11.4716,28.3524,1.50293,-109.789,255.429
551.62,9.98058,2.30056,20.9342,11.4716,28.3524,1.51893,-109.789,260.209
551.64,9.97898,2.29842,20.9342,11.4716,28.294,1.51893,-109.789,262.864
551.66,9.98005,2.3696,20.797,11.5179,28.294,1.51893,-109.789,260.217
551.68,9.98005,2.33144,20.7966,11.5645,28.1774,1.51893,-108.574,257.553
551.7,9.97951,2.39899,20.7049,11.5645,28.119,1.51893,-108.574,258.616
551.72,9.98058,2.36148,20.4764,11.5645,28.119,1.51893,-108.574,259.145
551.74,9.97951,2.34154,20.4757,11.5645,28.0607,1.51893,-108.574,253.305
551.76,9.97951,2.38277,20.384,11.5645,28.0607,1.51893,-108.574,258.616
551.78,9.97845,2.39356,20.384,11.5645,27.9444,1.51893,-108.574,263.91
551.8,9.97898,2.41161,20.2923,11.518,27.944,1.50696,-108.574,265.519
551.82,9.97951,2.33473,20.2923,11.518,28.0023,1.50696,-108.574,270.829
551.84,9.97951,2.26745,20.1552,11.6106,28.0023,1.4944,-108.574,271.888
551.86,9.98058,2.38125,20.1547,11.518,27.8273,1.49436,-108.574,277.733
551.88,9.98165,2.35259,20.2006,11.518,27.8273,1.49436,-108.574,284.636
551.9,9.97952,2.30251,20.1092,11.5643,27.7692,1.49436,-108.472,277.225
551.92,9.97951,2.36097,20.1089,11.5645,27.594,1.49436,-108.471,269.767
551.94,9.97898,2.25422,20.1089,11.518,27.594,1.49436,-108.471,261.271
551.96,9.97898,2.29801,20.1089,11.518,27.5358,1.49436,-108.471,252.8
551.98,9.97898,2.30487,20.1089,11.5645,27.5356,1.49436,-108.471,247.464
552,9.98058,2.36438,20.1089,11.5645,27.3606,1.49436,-108.471,251.712
552.02,9.97845,2.33449,20.1546,11.5182,27.3606,1.49608,-108.471,255.418
552.04,9.97684,2.3015,20.1547,11.5645,27.3606,1.49609,-108.471,255.429
552.06,9.97684,2.33213,20.1089,11.5645,27.3606,1.52636,-108.471,257.553
552.08,9.97951,2.35322,20.3381,11.4716,27.419,1.52636,-108.471,257.553
552.1,9.97898,2.36171,20.3381,11.4716,27.3606,1.52636,-109.851,257.553
552.12,9.97845,2.35942,20.4298,11.518,27.3606,1.52636,-109.851,253.305
552.14,9.97845,2.35188,20.4298,11.518,27.419,1.52636,-109.851,249.057
552.16,9.98004,2.40349,20.7498,11.6106,27.419,1.52636,-109.851,253.822
552.18,9.97951,2.40928,20.7508,11.6109,27.4773,1.52636,-109.851,251.181
552.2,9.98005,2.34232,20.8425,11.4716,27.4773,1.52636,-109.851,248.526
552.22,9.98005,2.44016,20.8425,11.4716,27.6518,1.52636,-109.851,249.585
552.24,9.97791,2.45093,21.1175,11.5645,27.6523,1.51624,-109.851,246.933
552.26,9.98219,2.46918,21.1175,11.5645,27.944,1.51624,-109.851,241.091
552.28,9.97952,2.42861,21.209,11.5645,28.1185,1.53368,-109.851,230.503
552.3,9.97951,2.40494,21.3926,11.518,28.119,1.53374,-109.851,225.16
552.32,9.98165,2.49687,21.3926,11.518,28.7024,1.53374,-107.463,231.002
552.34,9.98005,2.49735,21.5755,11.5643,28.7024,1.53374,-107.463,236.296
552.36,9.98112,2.42944,21.576,11.5645,29.1691,1.53374,-107.463,241.622
552.38,9.98112,2.33396,21.7136,11.6574,29.1691,1.53374,-107.463,243.746
552.4,9.98005,2.42275,21.7136,11.6574,29.6344,1.53374,-107.463,244.805
552.42,9.98165,2.36606,21.7594,11.6109,29.6358,1.53374,-107.463,236.312
552.44,9.98272,2.3259,21.7594,11.6109,29.7525,1.53374,-107.463,228.346
552.46,9.98272,2.42354,21.988,11.6109,29.7525,1.49407,-107.463,224.111
552.48,9.98379,2.30438,22.0804,11.6574,29.6358,1.49395,-107.463,223.036
552.5,9.98379,2.26691,22.0804,11.6574,29.5775,1.52842,-107.463,225.691
552.52,9.98432,2.29202,22.2175,11.6574,29.5775,1.52842,-110.768,228.868
552.54,9.98432,2.34747,22.2179,11.6574,29.4608,1.52842,-110.778,233.126
552.56,9.98593,2.35836,22.3554,11.7967,29.4608,1.52842,-110.778,234.188
552.58,9.98539,2.35129,22.3554,11.7967,29.5191,1.52842,-110.778,231.002
552.6,9.98539,2.18537,22.5388,11.7502,29.5191,1.52842,-110.778,227.815
552.62,9.98539,2.32303,22.5388,11.7967,29.5191,1.52842,-110.778,233.126
552.64,9.98753,2.37716,22.493,11.7967,29.5191,1.52842,-110.778,238.967
552.66,9.98806,2.38136,22.5844,11.7967,29.5191,1.52842,-110.778,238.967
552.68,9.98593,2.26061,22.5847,11.7967,29.6358,1.43625,-110.778,242.153
552.7,9.98593,2.38476,22.7681,11.936,29.6358,1.43625,-110.778,244.278
552.72,9.98646,2.37717,22.7681,11.936,29.5195,1.51124,-110.778,241.101
552.74,9.98913,2.41383,22.7222,11.8896,29.5191,1.51146,-109.089,240.56
552.76,9.99074,2.47934,22.7222,11.8896,29.5775,1.51146,-109.089,238.436
552.78,9.9902,2.39142,22.7679,11.9822,29.5775,1.51146,-109.089,236.318
552.8,9.9902,2.37997,22.7681,11.936,29.8108,1.51146,-109.089,236.312
552.82,9.99127,2.37435,22.9056,11.936,29.8108,1.51146,-109.089,236.843
552.84,9.98967,2.34083,22.9056,12.0286,29.869,1.51146,-109.089,241.608
552.86,9.99074,2.43318,22.8598,12.0289,30.1025,1.51146,-109.089,245.871
552.88,9.99074,2.37162,22.7222,12.0289,30.1025,1.51146,-109.089,245.871
552.9,9.98967,2.35787,22.7222,12.0752,30.2188,1.50998,-109.089,242.694
552.92,9.9886,2.40626,22.8598,12.0754,30.2192,1.50998,-109.089,241.622
552.94,9.99074,2.47621,22.8598,12.1218,30.2192,1.5288,-109.089,242.684
552.96,9.99074,2.46835,22.7226,12.1681,30.2192,1.5288,-109.931,243.743
552.98,9.99127,2.34522,22.7222,12.1682,30.2192,1.5288,-109.933,242.153
553,9.99074,2.34521,22.6764,12.2611,30.2192,1.5288,-109.933,242.153
553.02,9.98914,2.36902,22.6764,12.2611,30.0447,1.5288,-109.933,247.448
553.04,9.98913,2.49691,22.6305,12.2147,30.0442,1.5288,-109.933,244.278
553.06,9.99341,2.3329,22.5388,12.2147,29.8108,1.5288,-109.933,238.436
553.08,9.99501,2.33291,22.5388,12.3076,29.4025,1.5288,-109.933,238.436
553.1,9.99287,2.23052,22.4013,12.3076,29.4025,1.5288,-109.933,244.809
553.12,9.99287,2.40195,22.4013,12.4933,29.2275,1.55537,-109.933,253.305
553.14,9.99448,2.34576,22.2637,12.354,29.2275,1.55537,-109.933,261.802
553.16,9.99448,2.35371,22.2637,12.354,28.9366,1.51406,-109.933,261.802
553.18,9.99768,2.44287,22.1262,12.4469,28.9358,1.51393,-110.469,263.926
553.2,9.99768,2.53077,22.1262,12.4469,28.7607,1.51393,-110.469,264.457
553.22,10.003,2.46486,21.9891,12.5395,28.7607,1.51393,-110.469,266.045
553.24,9.99982,2.44604,21.8053,12.5398,28.6441,1.51393,-110.469,269.236
553.26,9.99768,2.36593,21.8053,12.4469,28.4107,1.51393,-110.469,268.174
553.28,9.99768,2.39568,21.6681,12.4469,28.4107,1.51393,-110.469,268.174
553.3,10.003,2.3641,21.6677,12.5862,28.2357,1.51393,-110.469,272.423
553.32,10.0004,2.35161,21.7594,12.6327,28.2357,1.51393,-110.469,276.14
553.34,9.99982,2.32576,21.7594,12.6327,28.0612,1.51545,-110.469,273.493
553.36,9.99982,2.36879,21.5302,12.5862,28.0607,1.48615,-110.469,268.174
553.38,10.002,2.3248,21.5302,12.5862,27.769,1.48615,-110.469,268.174
553.4,10.0025,2.31253,21.6216,12.6788,27.769,1.48615,-108.765,273.998
553.42,10.0052,2.28552,21.5302,12.6791,27.769,1.48615,-108.76,279.857
553.44,10.0052,2.36127,21.5302,12.6791,27.6523,1.48615,-108.76,280.388
553.46,10.0057,2.34125,21.4845,12.6791,27.6523,1.48615,-108.76,276.153
553.48,10.0089,2.34536,21.4843,12.6791,27.7107,1.48615,-108.76,274.547
553.5,10.0068,2.43508,21.3926,12.6791,27.7107,1.48615,-108.76,275.609
553.52,10.0068,2.47512,21.3469,12.818,27.8851,1.48615,-108.76,271.903
553.54,10.0073,2.50055,21.3468,12.6791,27.8857,1.5539,-108.76,267.112
553.56,10.0078,2.52003,21.2551,12.6791,28.1774,1.5539,-108.76,262.864
553.58,10.0078,2.45759,21.2092,12.6791,28.1774,1.52055,-108.76,264.457
553.6,10.0105,2.48288,21.2092,12.6791,28.3524,1.52055,-108.76,262.333
553.62,10.0105,2.393,21.2092,12.772,28.5857,1.52055,-110.778,261.802
553.64,10.0121,2.40168,21.2092,12.772,28.5857,1.52055,-110.778,261.802
553.66,10.0137,2.47392,21.1178,12.6331,28.4694,1.52055,-110.778,260.214
553.68,10.018,2.49166,21.1175,12.6327,28.4691,1.52055,-110.778,263.926
553.7,10.018,2.39013,21.0717,12.7256,28.4691,1.52055,-110.778,262.864
553.72,10.0169,2.41295,21.0717,12.633,28.4691,1.52055,-110.778,261.805
553.74,10.0159,2.38019,21.1634,12.6327,28.4691,1.52055,-110.778,259.678
553.76,10.0164,2.3689,21.1175,12.6791,28.2357,1.49136,-110.778,261.802
553.78,10.0164,2.39551,21.1175,12.6791,28.2939,1.49136,-110.778,269.214
553.8,10.0185,2.44706,21.1634,12.6791,28.294,1.51753,-110.778,271.36
553.82,10.0196,2.44707,21.1634,12.6791,28.2357,1.51753,-110.778,271.36
553.84,10.0159,2.39768,21.0263,12.6791,28.2357,1.51753,-108.663,271.36
553.86,10.0159,2.28533,21.0259,12.6791,28.119,1.51753,-108.657,271.36
553.88,10.0175,2.40583,21.0717,12.6327,28.119,1.51753,-108.657,276.14
553.9,10.0185,2.40583,21.0717,12.7253,28.2353,1.51753,-108.657,280.905
553.92,10.018,2.26091,20.8883,12.7256,28.2357,1.51753,-108.657,281.45
553.94,10.018,2.3902,20.7966,12.6791,28.1774,1.51753,-108.657,280.388
553.96,10.0191,2.31423,20.7966,12.6791,28.1192,1.53817,-108.657,276.682
553.98,10.018,2.28422,20.7049,12.772,28.119,1.53823,-108.657,272.423
554,10.0185,2.38243,20.7049,12.772,28.0607,1.52628,-108.657,270.298
554.02,10.0185,2.33101,20.7049,12.7257,28.0607,1.52628,-108.657,271.887
554.04,10.0217,2.29757,20.7049,12.7256,27.944,1.52628,-109.769,275.078
554.06,10.0223,2.3356,20.5674,12.8185,27.944,1.52628,-109.769,271.892
554.08,10.0217,2.30503,20.5674,12.772,27.8857,1.52628,-109.769,268.705
554.1,10.0217,2.37678,20.6132,12.772,27.8857,1.52628,-109.769,263.395
554.12,10.0207,2.36088,20.6132,12.7256,27.944,1.52628,-109.769,261.802
554.14,10.0212,2.37681,20.4298,12.7256,27.8857,1.52628,-109.769,259.147
554.16,10.0185,2.39184,20.5212,12.8182,27.8857,1.52628,-109.769,258.088
554.18,10.0185,2.33268,20.5215,12.8185,27.8857,1.54403,-109.769,263.395
554.2,10.0228,2.29889,20.2464,12.772,27.8857,1.54403,-109.769,263.395
554.22,10.0201,2.28826,20.2464,12.772,27.8275,1.51195,-109.769,260.748
554.24,10.0223,2.25197,20.2923,12.6327,27.8273,1.51185,-109.769,264.457
554.26,10.0223,2.35898,20.2923,12.7256,27.769,1.51185,-109.666,268.174
554.28,10.0196,2.36239,20.2009,12.7256,27.769,1.51185,-109.666,264.468
554.3,10.0191,2.34538,20.2006,12.5862,27.8273,1.51185,-109.666,260.74
554.32,10.0201,2.29426,20.2006,12.5862,27.8273,1.51185,-109.666,264.457
554.34,10.0191,2.31279,20.1549,12.6325,27.711,1.51185,-109.666,269.751
554.36,10.0191,2.38479,20.1547,12.6327,27.8273,1.51185,-109.666,267.112
554.38,10.0233,2.41776,20.1089,12.6791,27.8273,1.51185,-109.666,267.112
554.4,10.0223,2.22957,20.1089,12.6791,27.6529,1.5599,-109.666,267.642
554.42,10.0212,2.31232,20.1547,12.4933,27.6523,1.56005,-109.666,266.05
554.44,10.0228,2.38343,20.1547,12.4933,27.6523,1.56005,-109.666,264.457
554.46,10.0228,2.36468,19.9719,12.5396,27.6523,1.56005,-109.666,260.751
554.48,10.0223,2.36089,19.9714,12.4933,27.5356,1.56005,-108.286,262.864
554.5,10.0196,2.34972,20.2006,12.4933,27.5356,1.56005,-108.286,266.581
554.52,10.0207,2.22424,20.1549,12.4007,27.5356,1.56005,-108.286,267.111
554.54,10.0201,2.29235,20.1547,12.4005,27.6523,1.56005,-108.286,270.298
554.56,10.0217,2.29235,20.2006,12.354,27.6523,1.56005,-108.286,274.547
554.58,10.0233,2.34715,20.2006,12.354,27.5356,1.56005,-108.286,276.14
554.6,10.0233,2.40252,20.2464,12.3076,27.5356,1.56005,-108.286,271.36
554.62,10.0196,2.35436,20.2464,12.3076,27.6523,1.55337,-108.286,271.36
554.64,10.0207,2.43405,20.384,12.3076,27.6523,1.52376,-108.286,269.767
554.66,10.0212,2.3821,20.384,12.215,27.536,1.52376,-108.286,263.944
554.68,10.0212,2.31877,20.384,12.2147,27.5356,1.52376,-108.286,262.333
554.7,10.0201,2.40034,20.4757,12.2611,27.594,1.52376,-110.386,268.174
554.72,10.0207,2.31522,20.4757,12.2611,27.6521,1.52376,-110.386,269.233
554.74,10.0207,2.37397,20.5215,12.1682,27.6523,1.52376,-110.386,262.864
554.76,10.0207,2.19431,20.5215,12.1682,27.5356,1.52376,-110.386,259.147
554.78,10.0228,2.39334,20.6587,12.2145,27.5356,1.52376,-110.386,263.382
554.8,10.0233,2.366,20.6591,12.2147,27.4773,1.52376,-110.386,267.643
554.82,10.0196,2.37162,20.7049,12.0754,27.4773,1.5408,-110.386,264.457
554.84,10.0196,2.38284,20.7049,12.2606,27.4773,1.5408,-110.386,261.28
554.86,10.0212,2.27333,20.7049,12.2611,27.4773,1.51079,-110.386,266.581
554.88,10.0217,2.24118,20.7508,12.0754,27.594,1.51079,-110.386,272.423
554.9,10.0228,2.39187,20.7508,12.0754,27.4195,1.51079,-110.386,275.07
554.92,10.0228,2.25979,20.8425,12.2147,27.419,1.51079,-107.401,276.14
554.94,10.0217,2.40601,20.8425,12.2147,27.419,1.51079,-107.401,277.733
554.96,10.0223,2.39146,20.751,12.261,27.419,1.51079,-107.401,276.674
554.98,10.0244,2.31727,20.7508,12.2611,27.594,1.51079,-107.401,274.547
555,10.0244,2.35335,20.8883,12.2147,27.594,1.51079,-107.401,275.078
555.02,10.0239,2.41331,20.8883,12.261,27.594,1.51079,-107.401,271.901
555.04,10.0239,2.39896,20.8425,12.2611,27.594,1.50383,-107.401,262.333
555.06,10.0239,2.33496,20.8425,12.3076,27.769,1.50383,-107.401,257.022
555.08,10.0239,2.45529,20.9342,12.3076,28.0607,1.49624,-107.401,263.395
555.1,10.0233,2.3526,20.8883,12.2147,28.0607,1.49624,-107.401,265.519
555.12,10.0244,2.4044,20.8883,12.2147,28.2357,1.49624,-107.401,262.864
555.14,10.0239,2.39677,21.0717,12.2611,28.2357,1.49624,-108.76,264.988
555.16,10.0239,2.37998,21.0717,12.2611,28.5847,1.49624,-108.76,270.812
555.18,10.0249,2.27587,21.1634,12.2147,28.5857,1.49624,-108.76,274.016
555.2,10.0223,2.28035,21.1634,12.354,28.6441,1.49624,-108.76,272.423
555.22,10.0244,2.2904,21.3462,12.354,28.6441,1.49624,-108.76,270.305
555.24,10.0244,2.38201,21.3468,12.354,28.8774,1.49624,-108.76,275.078
555.26,10.0265,2.36323,21.576,12.354,28.8774,1.5612,-108.76,280.919
555.28,10.0244,2.29422,21.9417,12.354,28.9356,1.5612,-108.76,278.272
555.3,10.0265,2.23328,21.9428,12.354,29.1108,1.52239,-108.76,274.547
555.32,10.0265,2.23536,22.0804,12.354,29.1108,1.52239,-108.76,274.016
555.34,10.0271,2.42487,22.0804,12.354,29.2271,1.52239,-108.76,278.251
555.36,10.0271,2.44598,22.5388,12.354,29.2275,1.52239,-108.307,281.981
555.38,10.026,2.27475,22.5388,12.4005,29.3441,1.52239,-108.307,283.043
555.4,10.0255,2.38486,22.8131,12.4005,29.3441,1.52239,-108.307,283.043
555.42,10.0255,2.34326,22.8139,12.354,29.5191,1.52239,-108.307,283.043
555.44,10.0249,2.32446,23.089,12.354,29.5191,1.52239,-108.307,287.823
555.46,10.0281,2.24391,23.1804,12.4003,29.6355,1.52239,-108.307,294.176
555.48,10.0265,2.46063,23.1807,12.4005,30.0442,1.60409,-108.307,301.099
555.5,10.0265,2.34426,23.5016,12.4469,30.0442,1.60409,-108.307,296.319
555.52,10.026,2.35342,23.5016,12.4469,30.335,1.56301,-108.307,288.378
555.54,10.0249,2.47482,23.6392,12.4005,30.3359,1.56288,-108.307,285.167
555.56,10.026,2.40029,23.6392,12.4005,30.4526,1.56288,-107.03,285.698
555.58,10.026,2.34163,23.7767,12.4005,30.4526,1.56288,-107.03,278.795
555.6,10.0276,2.29404,23.7767,12.4469,30.7442,1.56288,-107.03,271.891
555.62,10.0249,2.29404,23.8684,12.4469,30.7442,1.56288,-107.03,267.643
555.64,10.0281,2.40441,23.9143,12.4933,30.8609,1.56288,-107.03,263.926
555.66,10.0281,2.43996,23.9143,12.4933,30.9191,1.56288,-107.03,264.985
555.68,10.0265,2.39856,24.0977,12.4005,30.9193,1.56288,-107.03,264.988
555.7,10.0265,2.39856,24.0977,12.4005,30.7442,1.60219,-107.03,267.643
555.72,10.026,2.28909,24.052,12.4468,30.7442,1.60219,-107.03,271.349
555.74,10.026,2.30773,24.0518,12.4469,30.5109,1.55531,-107.03,267.643
555.76,10.0271,2.29628,24.2352,12.4469,30.5109,1.55531,-107.03,269.236
555.78,10.0281,2.32982,24.2352,12.5395,30.2782,1.55531,-109.637,270.825
555.8,10.0265,2.1998,24.1435,12.5398,30.2775,1.55531,-109.645,274.016
555.82,10.0265,2.36751,24.1894,12.4933,29.9858,1.55531,-109.645,279.326
555.84,10.0265,2.32024,24.1894,12.4933,29.695,1.55531,-109.645,281.973
555.86,10.0276,2.37892,24.0518,12.4469,29.6942,1.55531,-109.645,283.574
555.88,10.0255,2.2972,24.0518,12.4469,29.6358,1.55531,-109.645,285.167
555.9,10.0287,2.3137,24.0061,12.5858,29.6358,1.55531,-109.645,286.226
555.92,10.0287,2.34279,24.006,12.5862,29.4608,1.69819,-109.645,284.105
555.94,10.0281,2.38438,23.9601,12.5398,29.4608,1.70061,-109.645,285.167
555.96,10.0255,2.38814,23.9601,12.6787,29.4026,1.70061,-109.645,289.403
555.98,10.0287,2.3287,23.685,12.6791,29.4025,1.70061,-109.645,285.167
556,10.0287,2.44967,23.7309,12.7256,29.4608,1.70061,-106.474,284.636
556.02,10.0287,2.5009,23.7309,12.7256,29.2863,1.70061,-106.474,288.342
556.04,10.0276,2.46676,23.5475,12.6791,29.2858,1.70061,-106.474,294.195
556.06,10.0271,2.33768,23.5475,12.6791,29.3441,1.70061,-106.474,298.443
556.08,10.0271,2.36929,23.5933,12.772,29.3441,1.70061,-106.474,297.912
556.1,10.026,2.30318,23.5933,12.772,29.1108,1.70061,-106.474,295.788
556.12,10.0271,2.30318,23.4558,12.8185,29.1108,1.45196,-106.474,291.009
556.14,10.0292,2.19562,23.4558,12.8185,29.0524,1.45196,-106.474,292.071
556.16,10.0292,2.33221,23.5929,12.8648,29.0524,1.51126,-106.474,298.424
556.18,10.0281,2.23471,23.5933,12.9578,28.9358,1.51144,-106.474,294.726
556.2,10.026,2.2347,23.5016,12.9578,28.8191,1.51144,-106.474,286.761
556.22,10.0292,2.41797,23.5474,12.9115,28.8191,1.51144,-107.501,279.878
556.24,10.0292,2.29649,23.5475,12.9113,28.9941,1.51144,-107.504,277.202
556.26,10.0271,2.36676,23.5475,12.9113,28.9941,1.51144,-107.504,277.202
556.28,10.0271,2.32465,23.5475,12.9113,29.1104,1.51144,-107.504,270.319
556.3,10.0287,2.3135,23.5933,13.0042,29.1108,1.51144,-107.504,263.395
556.32,10.0287,2.39417,23.5933,13.0042,29.4608,1.51144,-107.504,258.085
556.34,10.0292,2.31995,23.639,13.0505,29.4608,1.55948,-107.504,256.496
556.36,10.0276,2.29865,23.6392,13.0042,29.4608,1.55962,-107.504,254.898
556.38,10.0265,2.43565,23.5933,13.0042,29.4608,1.61103,-107.504,250.65
556.4,10.0265,2.31046,23.5019,13.0042,29.5771,1.61103,-107.504,251.179
556.42,10.0297,2.31682,23.5016,13.0042,29.6942,1.61103,-107.504,252.243
556.44,10.0265,2.3228,23.5475,13.1436,29.6942,1.61103,-107.504,249.057
556.46,10.0276,2.30934,23.5475,13.1436,29.6942,1.61103,-107.504,246.939
556.48,10.0281,2.31545,23.5475,13.0507,29.6942,1.61103,-107.504,246.402
556.5,10.0281,2.36311,23.5475,13.0507,29.8692,1.61103,-107.504,248.526
556.52,10.0281,2.3857,23.5475,13.1896,29.8692,1.61103,-107.504,252.232
556.54,10.0297,2.35207,23.5475,13.1436,29.8108,1.61103,-107.504,255.96
556.56,10.0271,2.31082,23.5016,13.1436,29.8108,1.55906,-107.504,248.526
556.58,10.0271,2.25583,23.685,13.1436,29.6942,1.55906,-107.504,243.215
556.6,10.0276,2.2713,23.685,13.1436,29.6358,1.55021,-107.504,235.781
556.62,10.0255,2.31508,23.6392,13.2829,29.6358,1.55021,-107.504,232.595
556.64,10.0212,2.372,23.6392,13.2829,29.5775,1.55021,-107.504,234.188
556.66,10.0212,2.30015,23.6849,13.144,29.5775,1.55021,-105.8,231.541
556.68,10.0207,2.35289,23.685,13.1436,29.5775,1.55021,-105.795,235.781
556.7,10.0148,2.35288,23.685,13.19,29.5775,1.55021,-105.795,246.933
556.72,10.0116,2.31764,23.685,13.2826,29.6356,1.55021,-105.795,249.05
556.74,10.0116,2.38332,23.7309,13.2829,29.6358,1.55021,-105.795,254.367
556.76,9.99715,2.26669,23.7309,13.3293,29.5775,1.55021,-105.795,259.147
556.78,9.99076,2.26667,23.8223,13.3293,29.752,1.57353,-105.795,258.617
556.8,9.987,2.39197,23.7309,13.2829,29.7525,1.5736,-105.795,257.553
556.82,9.987,2.30968,23.7309,13.2829,29.8692,1.57218,-105.795,260.209
556.84,9.98913,2.22746,23.868,13.2829,29.8692,1.57218,-105.795,262.326
556.86,9.98486,2.21248,23.8684,13.2829,29.9275,1.57218,-105.795,264.457
556.88,9.98219,2.287,23.8226,13.3758,29.9275,1.57218,-108.677,265.519
556.9,9.98219,2.29358,23.8226,13.3758,29.9857,1.57218,-108.677,269.225
556.92,9.97951,2.35322,23.9143,13.3758,29.9858,1.57218,-108.677,267.112
556.94,9.98058,2.36491,23.9143,13.3293,30.0442,1.57218,-108.677,264.988
556.96,9.97952,2.33135,23.8686,13.3293,30.0442,1.57218,-108.677,263.929
556.98,9.97524,2.39889,23.8684,13.2829,30.1025,1.57218,-108.677,268.174
557,9.97524,2.33978,23.8684,13.2829,29.9858,1.57759,-108.677,272.954
557.02,9.97151,2.36984,23.9598,13.2829,29.9858,1.57759,-108.677,279.836
557.04,9.96829,2.34574,23.9601,13.2829,30.0442,1.5783,-108.677,280.919
557.06,9.96615,2.4085,23.9601,13.4222,30.0442,1.5783,-108.677,277.202
557.08,9.96615,2.31449,23.9601,13.4222,30.0442,1.5783,-105.795,277.733
557.1,9.96241,2.28519,23.9601,13.2829,30.0442,1.5783,-105.795,276.14
557.12,9.95707,2.29194,23.9601,13.3293,30.1025,1.5783,-105.795,274.547
557.14,9.95386,2.27312,24.0518,13.3293,30.1025,1.5783,-105.795,275.078
557.16,9.95386,2.29243,24.0975,13.283,29.9862,1.5783,-105.795,270.842
557.18,9.95012,2.3723,24.0977,13.2829,29.9858,1.5783,-105.795,268.705
557.2,9.94531,2.37228,24.0977,13.19,29.9858,1.5783,-105.795,271.891
557.22,9.93892,2.40092,24.0977,13.19,29.9858,1.57291,-105.795,275.068
557.24,9.9389,2.43561,24.006,13.3758,29.9858,1.57289,-105.795,274.547
557.26,9.93462,2.41206,24.006,13.3758,30.0442,1.57218,-105.795,269.767
557.28,9.92983,2.41205,24.0517,13.3295,30.0442,1.57218,-105.795,267.65
557.3,9.92661,2.44707,24.0518,13.2364,30.0442,1.57218,-107.298,265.519
557.32,9.92661,2.33453,23.9601,13.2364,30.0442,1.57218,-107.298,262.333
557.34,9.92607,2.40882,23.9144,13.2827,30.1023,1.57218,-107.298,262.333
557.36,9.92447,2.38541,23.9143,13.2829,30.1025,1.57218,-107.298,264.457
557.38,9.925,2.33677,23.9143,13.2829,30.1025,1.57218,-107.298,265.519
557.4,9.925,2.41176,23.9143,13.2829,29.928,1.57218,-107.298,260.754
557.42,9.925,2.38194,23.8226,13.2829,29.9275,1.57218,-107.298,255.429
557.44,9.92393,2.35496,23.8226,13.2829,29.7525,1.57939,-107.298,247.995
557.46,9.92447,2.49353,23.7769,13.3755,29.7525,1.56704,-107.298,246.406
557.48,9.92447,2.30644,23.7767,13.3758,29.6358,1.567,-107.298,250.65
557.5,9.92607,2.43823,23.685,13.3758,29.6358,1.567,-107.298,250.65
557.52,9.92767,2.46705,23.7307,13.4221,29.6358,1.567,-106.251,245.885
557.54,9.92661,2.32476,23.7309,13.4222,29.5191,1.567,-106.248,241.622
557.56,9.92661,2.45521,23.6392,13.3758,29.5191,1.567,-106.248,244.277
557.58,9.92928,2.34323,23.6392,13.3758,29.3441,1.567,-106.248,244.809
557.6,9.92928,2.33443,23.5933,13.4687,29.3441,1.567,-106.248,243.215
557.62,9.93035,2.31595,23.5933,13.4687,29.2858,1.567,-106.248,242.684
557.64,9.93035,2.28958,23.5475,13.4687,29.2858,1.5852,-106.248,242.153
557.66,9.92981,2.39819,23.5475,13.4687,29.2858,1.5852,-106.248,242.153
557.68,9.93088,2.37936,23.5016,13.5151,29.2858,1.55591,-106.248,245.34
557.7,9.93248,2.37184,23.5016,13.5616,29.1691,1.55591,-106.248,245.871
557.72,9.93248,2.30034,23.5474,13.5616,29.2854,1.55591,-106.248,246.4
557.74,9.93302,2.31456,23.5475,13.4687,29.2858,1.55591,-104.95,245.34
557.76,9.93195,2.33723,23.5475,13.4687,29.2858,1.55591,-104.95,244.278
557.78,9.93195,2.26732,23.5018,13.6076,29.2858,1.55591,-104.95,241.101
557.8,9.93248,2.31162,23.5016,13.608,29.4025,1.55591,-104.95,242.684
557.82,9.93248,2.27247,23.5933,13.5151,29.4025,1.55591,-104.95,250.119
557.84,9.93195,2.30527,23.5933,13.5151,29.6351,1.55591,-104.95,255.943
557.86,9.93302,2.28503,23.5933,13.4687,29.6358,1.67504,-104.95,263.395
557.88,9.93462,2.40188,23.5933,13.5151,29.8108,1.67504,-104.95,270.829
557.9,9.93462,2.42595,23.6848,13.5151,29.8108,1.65308,-104.95,271.888
557.92,9.93248,2.41517,23.7309,13.5151,29.9275,1.65302,-104.95,272.954
557.94,9.93248,2.41108,23.7309,13.5151,29.9858,1.65302,-104.95,268.705
557.96,9.93355,2.30658,23.9137,13.6077,29.9858,1.65302,-107.332,263.94
557.98,9.93355,2.3298,23.9143,13.608,30.2192,1.65302,-107.339,266.05
558,9.93302,2.27988,24.006,13.6544,30.2192,1.65302,-107.339,270.298
558.02,9.93462,2.27988,24.006,13.6544,30.2774,1.65302,-107.339,272.416
558.04,9.93409,2.39851,24.1435,13.7009,30.2775,1.65302,-107.339,273.485
558.06,9.93409,2.41994,24.1435,13.7938,30.4526,1.65302,-107.339,276.671
558.08,9.93195,2.45854,24.1894,13.7938,30.4526,1.62276,-107.339,267.112
558.1,9.93355,2.45855,24.3728,13.7473,30.4526,1.62276,-107.339,258.616
558.12,9.93355,2.42661,24.3728,13.7473,30.6276,1.60992,-107.339,261.271
558.14,9.93355,2.34224,24.5103,13.7938,30.6276,1.60992,-107.339,263.926
558.16,9.93515,2.31851,24.5103,13.7938,30.5694,1.60992,-107.339,266.044
558.18,9.93409,2.33302,24.6937,13.7938,30.5692,1.60992,-104.25,268.174
558.2,9.93355,2.35169,24.6937,13.7938,30.6859,1.60992,-104.25,271.892
558.22,9.93355,2.36616,24.5566,13.8401,30.6859,1.60992,-104.25,270.833
558.24,9.93302,2.31341,24.5561,13.8402,30.7442,1.60992,-104.25,266.05
558.26,9.93355,2.32408,24.602,13.8402,30.7442,1.60992,-104.25,262.864
558.28,9.93462,2.30938,24.602,13.8402,30.8024,1.60992,-104.25,260.217
558.3,9.93088,2.31347,24.6478,13.8402,30.7442,1.62897,-104.25,261.271
558.32,9.93088,2.3323,24.6937,13.8402,30.7442,1.62897,-104.25,262.864
558.34,9.93621,2.37175,24.6937,13.8402,30.9187,1.62529,-104.25,260.217
558.36,9.93462,2.3945,24.602,13.6544,30.9193,1.62528,-104.25,262.864
558.38,9.93142,2.36905,24.602,13.6544,30.8609,1.62528,-104.25,266.581
558.4,9.93142,2.286,24.602,13.747,30.8609,1.62528,-106.693,263.405
558.42,9.93516,2.29468,24.602,13.608,30.6859,1.62528,-106.701,259.678
558.44,9.93195,2.37089,24.5103,13.608,30.6859,1.62528,-106.701,255.96
558.46,9.93461,2.39483,24.5103,13.5154,30.5696,1.62528,-106.701,252.254
558.48,9.93462,2.27027,24.4644,13.5151,30.5692,1.62528,-106.701,254.367
558.5,9.93355,2.3353,24.4644,13.608,30.3942,1.62528,-106.701,268.705
558.52,9.93302,2.3353,24.4644,13.608,30.3361,1.43143,-106.701,276.647
558.54,9.93409,2.25829,24.4644,13.5151,30.3359,1.43084,-106.701,273.485
558.56,9.93409,2.20984,24.4644,13.5151,30.2192,1.43271,-106.701,271.361
558.58,9.93462,2.24653,24.4644,13.5616,30.2192,1.43271,-106.701,269.767
558.6,9.93248,2.24652,24.4644,13.5616,30.0442,1.43271,-105.198,266.581
558.62,9.93409,2.32977,24.4186,13.5151,30.0442,1.43271,-105.198,263.926
558.64,9.93409,2.33268,24.4186,13.5151,30.0442,1.43271,-105.198,261.271
558.66,9.93356,2.24529,24.3272,13.5151,30.0442,1.43271,-105.198,261.271
558.68,9.93355,2.28778,24.3728,13.4687,29.6358,1.43271,-105.198,261.271
558.7,9.93462,2.32853,24.3728,13.4687,29.5191,1.43271,-105.198,262.864
558.72,9.93462,2.37159,24.3728,13.4687,29.5191,1.43271,-105.198,260.746
558.74,9.93409,2.19628,24.3728,13.4687,29.5191,1.67274,-105.198,260.74
558.76,9.93248,2.20867,24.4186,13.4687,29.5191,1.67274,-105.198,264.988
558.78,9.93408,2.37546,24.4186,13.4687,29.6355,1.69123,-105.198,269.223
558.8,9.93409,2.33514,24.3269,13.5151,29.6358,1.69129,-105.198,272.423
558.82,9.93248,2.33852,24.3269,13.5616,29.7525,1.69129,-104.724,274.547
558.84,9.93302,2.37357,24.5554,13.5616,29.7525,1.69129,-104.724,272.429
558.86,9.93569,2.32186,24.5103,13.5151,30.0442,1.69129,-104.724,272.423
558.88,9.93569,2.34082,24.5103,13.5151,30.1609,1.69129,-104.724,277.733
558.9,9.93622,2.29504,24.6474,13.5151,30.1609,1.69129,-104.724,275.086
558.92,9.93462,2.2572,24.6478,13.5151,30.3942,1.69129,-104.724,267.643
558.94,9.93409,2.27046,24.7395,13.6544,30.3942,1.69129,-104.724,266.581
558.96,9.93409,2.34223,24.7395,13.6544,30.1034,1.56914,-104.724,263.405
558.98,9.93302,2.30254,24.7854,13.5616,30.1025,1.58913,-104.724,259.147
559,9.93302,2.27846,24.7854,13.6544,30.0442,1.58913,-104.724,262.333
559.02,9.93568,2.30853,24.8768,13.6544,30.0442,1.58913,-104.724,267.098
559.04,9.93569,2.2952,24.8312,13.6544,30.2775,1.58913,-106.248,269.767
559.06,9.93248,2.34216,24.8312,13.6544,30.3359,1.58913,-106.248,270.298
559.08,9.93355,2.36827,24.7395,13.5616,30.3359,1.58913,-106.248,271.892
559.1,9.93409,2.28017,24.7395,13.5616,30.5692,1.58913,-106.248,273.485
559.12,9.93409,2.21,24.8771,13.7938,30.5692,1.58913,-106.248,273.485
559.14,9.93355,2.20283,24.8771,13.7938,30.9776,1.58913,-106.248,269.236
559.16,9.93409,2.22521,24.74,13.7012,30.9776,1.62805,-106.248,262.883
559.18,9.93409,2.30279,24.7395,13.7009,31.1526,1.62817,-106.248,262.333
559.2,9.93569,2.26835,24.7395,13.7938,31.1526,1.6173,-106.248,261.802
559.22,9.93569,2.233,24.7395,13.8401,31.3271,1.6173,-106.248,258.625
559.24,9.93462,2.28594,24.6478,13.8402,31.4443,1.6173,-106.248,253.836
559.26,9.93409,2.34742,24.602,13.7938,31.4443,1.6173,-103.9,253.836
559.28,9.93249,2.22826,24.602,13.7938,31.328,1.6173,-103.9,258.601
559.3,9.93248,2.30445,24.7395,13.8867,31.3276,1.6173,-103.9,258.085
559.32,9.93248,2.32081,24.7395,13.8867,31.3276,1.6173,-103.9,254.898
559.34,9.93621,2.3311,24.7852,13.8867,31.3276,1.6173,-103.9,256.487
559.36,9.93462,2.37971,24.7854,13.8867,31.3276,1.6173,-103.9,259.678
559.38,9.93462,2.20493,25.0146,13.8402,31.3276,1.61543,-103.9,264.988
559.4,9.93249,2.30454,25.0146,13.8402,31.2113,1.61543,-103.9,266.576
559.42,9.93248,2.30485,25.0146,13.8402,31.211,1.59458,-103.9,268.705
559.44,9.93462,2.21622,25.2439,13.8867,31.0943,1.59458,-103.9,270.829
559.46,9.93462,2.28248,25.2439,13.8867,31.0361,1.59458,-103.9,268.182
559.48,9.93248,2.22302,25.2897,13.7938,31.0359,1.59458,-106.762,267.643
559.5,9.93355,2.22302,25.2897,13.7938,30.8609,1.59458,-106.762,269.767
559.52,9.93302,2.27836,25.4268,13.8864,30.8609,1.59458,-106.762,271.885
559.54,9.93302,2.34975,25.4273,13.8867,30.7442,1.59458,-106.762,270.829
559.56,9.93248,2.24133,25.6565,13.8402,30.7442,1.59458,-106.762,274.016
559.58,9.93409,2.26743,25.6565,13.7938,30.6276,1.59458,-106.762,278.795
559.6,9.93195,2.32651,25.7482,13.7938,30.6276,1.60976,-106.762,272.954
559.62,9.93195,2.30337,25.8857,13.7473,30.6859,1.60976,-106.762,267.112
559.64,9.93302,2.38815,25.8857,13.7473,30.8026,1.5952,-106.762,266.05
559.66,9.93195,2.37604,26.0686,13.7473,30.8026,1.5952,-106.762,267.638
559.68,9.93195,2.32262,26.0691,13.7473,30.9776,1.5952,-106.762,268.705
559.7,9.93195,2.45031,26.115,13.5616,30.9776,1.5952,-104.58,264.988
559.72,9.93302,2.29681,26.115,13.5616,31.1521,1.5952,-104.58,260.223
559.74,9.93302,2.31947,26.2525,13.6544,31.1526,1.5952,-104.58,258.085
559.76,9.93302,2.29555,26.2525,13.5616,31.3276,1.5952,-104.58,262.333
559.78,9.93302,2.38755,26.3896,13.5616,31.3276,1.5952,-104.58,260.215
559.8,9.93088,2.3085,26.3901,13.5616,31.4443,1.5952,-104.58,258.085
559.82,9.93355,2.3032,26.4359,13.5616,31.6193,1.57605,-104.58,258.616
559.84,9.93302,2.37871,26.6644,13.7005,31.6193,1.57605,-104.58,251.204
559.86,9.93302,2.33083,26.6651,13.7009,31.7943,1.57141,-104.58,239.498
559.88,9.93088,2.40262,26.9402,13.608,31.7943,1.57141,-104.58,232.595
559.9,9.93248,2.38488,26.9402,13.608,31.7943,1.57141,-104.58,228.889
559.92,9.93088,2.27204,27.2612,13.7009,31.7943,1.57141,-105.095,222.505
559.94,9.93302,2.47497,27.2612,13.7009,31.8527,1.57141,-105.095,218.788
559.96,9.93302,2.33244,27.4897,13.7472,31.8527,1.57141,-105.095,213.493
559.98,9.93195,2.30824,27.4904,13.8867,31.911,1.57141,-105.095,208.167
560,9.93248,2.27799,27.7197,13.8867,31.911,1.57141,-105.095,209.229
560.02,9.93195,2.42334,28.0853,13.8867,31.9692,1.57141,-105.095,215.053
560.04,9.93195,2.31617,28.0864,13.8867,32.0277,1.57717,-105.095,220.912
560.06,9.93355,2.37199,28.4074,13.8867,32.0277,1.57717,-105.095,224.629
560.08,9.93035,2.39473,28.4074,13.8867,32.3194,1.575,-105.095,227.815
560.1,9.93302,2.43551,28.7742,14.026,32.3194,1.575,-105.095,231.533
560.12,9.93302,2.34675,28.7742,14.026,32.5527,1.575,-105.98,231.533
560.14,9.93462,2.36123,29.2785,14.0724,32.5527,1.575,-105.98,232.595
560.16,9.93356,2.36123,29.2785,14.0724,32.6691,1.575,-105.98,235.242
560.18,9.93409,2.33388,29.5077,14.1189,32.6694,1.575,-105.98,229.409
560.2,9.93409,2.31393,29.8745,14.1189,32.9611,1.575,-105.98,228.346
560.22,9.93089,2.30031,29.8745,14.1189,33.0774,1.575,-105.98,229.935
560.24,9.93035,2.30026,30.2413,14.2582,33.0778,1.575,-105.98,232.595
560.26,9.93409,2.54597,30.2413,14.2582,33.3695,1.58846,-105.98,231.533
560.28,9.93409,2.39691,30.4241,14.2582,33.3695,1.58846,-105.98,234.709
560.3,9.93302,2.3662,30.4247,14.2582,33.7778,1.58529,-105.98,238.967
560.32,9.93302,2.38676,30.6081,14.2118,33.7778,1.58529,-105.98,240.029
560.34,9.93195,2.51475,30.6081,14.2118,34.0686,1.58529,-103.886,242.676
560.36,9.93195,2.47444,30.929,14.3047,34.0695,1.58529,-103.88,242.684
560.38,9.93248,2.34904,31.0207,14.2118,34.4779,1.58529,-103.88,247.995
560.4,9.93248,2.35141,31.0207,14.2118,34.8269,1.58529,-103.88,249.583
560.42,9.93248,2.55984,31.2499,14.2582,34.8279,1.58529,-103.88,243.215
560.44,9.93248,2.45802,31.2499,14.2582,34.9446,1.58529,-103.88,238.436
560.46,9.93195,2.37124,31.5242,14.3971,34.9446,1.58529,-103.88,233.671
560.48,9.93195,2.33663,31.525,14.3975,35.0613,1.56988,-103.88,229.408
560.5,9.93462,2.31835,31.6167,14.2582,35.0613,1.56406,-103.88,225.691
560.52,9.93462,2.384,31.6167,14.2582,35.0031,1.56406,-103.88,225.162
560.54,9.93142,2.34347,31.9377,14.2582,35.0029,1.56406,-103.88,228.346
560.56,9.93302,2.37821,31.9377,14.3047,34.8863,1.56406,-106.968,229.408
560.58,9.93302,2.30975,32.2127,14.3047,34.7112,1.56406,-106.968,228.877
560.6,9.93302,2.32897,32.3503,14.3975,34.7112,1.56406,-106.968,230.471
560.62,9.93088,2.36723,32.3503,14.3975,34.7112,1.56406,-106.968,228.877
560.64,9.93516,2.36586,32.4878,14.2118,34.7112,1.56406,-106.968,224.629
560.66,9.93516,2.34361,32.4878,14.2118,34.7112,1.56406,-106.968,223.57
560.68,9.93516,2.41363,32.5795,14.3047,34.7112,1.566,-106.968,226.222
560.7,9.93195,2.39448,32.5795,14.3047,34.5946,1.566,-106.968,227.284
560.72,9.93355,2.38688,32.6252,14.351,34.5946,1.56467,-106.968,227.284
560.74,9.93302,2.41581,32.6254,14.3511,34.7112,1.56466,-106.968,227.815
560.76,9.93302,2.36436,32.442,14.3511,34.7112,1.56466,-106.968,237.905
560.78,9.93142,2.38822,32.442,14.4437,34.7112,1.56466,-104.156,247.964
560.8,9.93248,2.40342,32.2586,14.444,34.6529,1.56466,-104.147,245.871
560.82,9.93088,2.58517,32.1211,14.3511,34.6529,1.56466,-104.147,247.464
560.84,9.93408,2.32934,32.1211,14.3511,34.5947,1.56466,-104.147,247.464
560.86,9.93409,2.46657,31.846,14.4904,34.5946,1.56466,-104.147,245.871
560.88,9.93409,2.40864,31.846,14.4904,34.5946,1.56466,-104.147,247.464
560.9,9.93249,2.2282,31.6631,14.4904,34.5946,1.5473,-104.147,248.523
560.92,9.93195,2.335,31.6626,14.3975,34.4779,1.54724,-104.147,251.181
560.94,9.93195,2.29882,31.4333,14.3975,34.4779,1.56311,-104.147,255.96
560.96,9.93195,2.28862,31.4333,14.4901,34.3034,1.56311,-104.147,260.725
560.98,9.93195,2.31764,31.1124,14.4904,34.3029,1.56311,-104.147,264.457
561,9.93302,2.37233,30.8373,14.7226,34.3029,1.56311,-105.156,268.174
561.02,9.93302,2.31403,30.8373,14.7226,34.1284,1.56311,-105.156,268.174
561.04,9.93302,2.27113,30.6081,14.6298,34.1279,1.56311,-105.156,271.361
561.06,9.93248,2.27112,30.6081,14.6298,33.9528,1.56311,-105.156,272.954
561.08,9.93516,2.38575,30.2871,14.7691,33.9528,1.56311,-105.156,271.36
561.1,9.93516,2.41804,30.2871,14.7691,33.9528,1.56311,-105.156,270.829
561.12,9.93195,2.34847,29.9662,14.7691,33.9528,1.48079,-105.156,270.829
561.14,9.93248,2.34847,29.9662,14.9084,33.7778,1.48079,-105.156,270.829
561.16,9.93195,2.37406,29.8291,14.9084,33.7778,1.53917,-105.156,271.359
561.18,9.93195,2.31471,29.5994,15.0013,33.6612,1.53935,-105.156,260.74
561.2,9.93035,2.29119,29.5994,15.0013,33.4278,1.53935,-105.156,252.774
561.22,9.93248,2.30156,29.4166,15.0013,33.4278,1.53935,-105.711,256.48
561.24,9.93409,2.33564,29.416,15.0013,33.3111,1.53935,-105.712,259.147
561.26,9.93409,2.38963,29.3243,15.0942,33.3111,1.53935,-105.712,263.395
561.28,9.93089,2.30606,29.3243,15.0942,33.0203,1.53935,-105.712,268.689
561.3,9.93302,2.31488,29.0492,15.2335,33.0194,1.53935,-105.712,270.829
561.32,9.93355,2.28804,29.0492,15.1406,32.9611,1.53935,-105.712,272.423
561.34,9.93355,2.29581,28.9578,15.1406,32.9611,1.39524,-105.712,277.187
561.36,9.93623,2.41176,28.82,15.3729,32.7861,1.3948,-105.712,276.671
561.38,9.94317,2.44104,28.82,15.3729,32.7277,1.55604,-105.712,271.892
561.4,9.95117,2.31703,28.6829,15.3266,32.7277,1.55604,-105.712,270.303
561.42,9.95119,2.36485,28.6825,15.3264,32.6694,1.55604,-105.712,267.112
561.44,9.95921,2.28864,28.4532,15.2335,32.6694,1.55604,-103.962,267.643
561.46,9.96507,2.28325,28.4532,15.2335,32.7276,1.55604,-103.962,267.643
561.48,9.9731,2.33498,28.3157,15.3729,32.7277,1.55604,-103.962,269.236
561.5,9.9731,2.35873,28.3157,15.3729,32.7277,1.55604,-103.962,273.485
561.52,9.97576,2.3732,28.1785,15.3266,32.7277,1.55604,-103.962,281.426
561.54,9.97845,2.35977,27.9489,15.3729,32.7277,1.55604,-103.962,290.478
561.56,9.98058,2.39364,27.9489,15.3729,32.7861,1.28987,-103.962,290.478
561.58,9.98539,2.33146,27.8572,15.2335,32.7861,1.28987,-103.962,289.416
561.6,9.98539,2.37764,27.8572,15.2335,32.6694,1.52984,-103.962,294.726
561.62,9.98593,2.41491,27.5821,15.2335,32.6694,1.52984,-103.962,297.381
561.64,9.98646,2.38074,27.5821,15.2335,32.4361,1.52984,-103.962,296.319
561.66,9.98699,2.31048,27.6278,15.0946,32.4361,1.52984,-107.39,296.319
561.68,9.987,2.37339,27.628,15.0942,32.4944,1.52984,-107.401,296.85
561.7,9.98539,2.38427,27.3529,15.1871,32.4944,1.52984,-107.401,296.319
561.72,9.98646,2.32486,27.2615,15.1871,32.2036,1.52984,-107.401,292.613
561.74,9.98646,2.31082,27.2612,15.1871,32.086,1.52984,-107.401,295.788
561.76,9.987,2.2889,27.1695,15.0942,32.086,1.52984,-107.401,294.195
561.78,9.98646,2.35351,27.1695,15.0942,32.0279,1.3223,-107.401,289.43
561.8,9.98379,2.3537,26.9402,15.1406,32.0277,1.32167,-107.401,288.885
561.82,9.98539,2.28068,26.9402,15.1406,31.911,1.50407,-107.401,284.636
561.84,9.98539,2.44477,26.7574,15.048,31.911,1.50407,-107.401,281.989
561.86,9.98486,2.3469,26.7568,15.0477,31.8527,1.50407,-105.589,279.857
561.88,9.98593,2.3469,26.711,15.0942,31.8527,1.50407,-105.589,279.857
561.9,9.98699,2.2928,26.711,15.0016,31.7945,1.50407,-105.589,279.857
561.92,9.987,2.38938,26.4818,15.0013,31.6777,1.50407,-105.589,275.609
561.94,9.98753,2.39557,26.3442,15.0013,31.6777,1.50407,-105.589,266.581
561.96,9.9854,2.35511,26.3442,15.0013,31.6777,1.50407,-105.589,256.522
561.98,9.98593,2.35122,26.2525,15.0477,31.6777,1.50407,-105.589,255.429
562,9.98593,2.24065,26.2525,15.0477,31.561,1.42358,-105.589,263.926
562.02,9.98593,2.45132,26.2525,15.0014,31.561,1.47984,-105.589,266.044
562.04,9.98486,2.44857,26.2525,15.0013,31.561,1.48001,-105.589,258.616
562.06,9.98539,2.47379,26.2067,14.9084,31.561,1.48001,-105.589,254.898
562.08,9.98539,2.27647,26.2067,14.9549,31.4443,1.48001,-106.495,254.367
562.1,9.987,2.33868,26.115,14.9549,31.4443,1.48001,-106.495,252.243
562.12,9.98646,2.33868,26.115,14.9084,31.386,1.48001,-106.495,250.119
562.14,9.98593,2.36449,26.0691,14.9084,31.3276,1.48001,-106.495,251.712
562.16,9.98593,2.36368,26.1605,14.8621,31.3276,1.48001,-106.495,246.947
562.18,9.98646,2.31919,26.1608,14.862,31.2693,1.48001,-106.495,240.029
562.2,9.98593,2.29263,26.0233,14.862,31.2693,1.48001,-106.495,236.312
562.22,9.98539,2.30934,26.0233,14.862,31.3274,1.45374,-106.495,240.018
562.24,9.987,2.27643,26.115,14.7691,31.3276,1.47668,-106.495,247.464
562.26,9.987,2.33718,26.115,14.7691,31.3276,1.47668,-106.495,249.588
562.28,9.98753,2.38515,26.0236,14.7691,31.3276,1.47668,-106.495,250.647
562.3,9.98753,2.3929,26.0233,14.862,31.5026,1.47668,-107.071,250.119
562.32,9.98539,2.32844,25.9774,14.862,31.5026,1.47668,-107.071,249.057
562.34,9.98539,2.30359,25.9774,14.8157,31.4445,1.47668,-107.071,249.586
562.36,9.9886,2.32316,25.9774,14.8155,31.5026,1.47668,-107.071,250.119
562.38,9.98486,2.38996,25.9774,14.862,31.5026,1.47668,-107.071,251.712
562.4,9.98539,2.32667,25.9774,14.862,31.7353,1.47668,-107.071,254.359
562.42,9.98539,2.30495,25.9774,14.8155,31.736,1.47668,-107.071,247.464
562.44,9.98593,2.39691,25.9774,14.8155,31.6777,1.46608,-107.071,242.684
562.46,9.98326,2.39691,25.9317,14.7692,31.6777,1.4892,-107.071,248.508
562.48,9.98486,2.33974,25.9316,14.862,31.6777,1.48927,-107.071,254.367
562.5,9.98486,2.42286,25.9316,14.862,31.6777,1.48927,-107.071,255.96
562.52,9.98699,2.39605,26.0687,14.8157,31.6777,1.48927,-105.326,258.607
562.54,9.98539,2.39596,26.0691,14.8155,31.736,1.48927,-105.321,260.209
562.56,9.98646,2.38,26.0691,14.7691,31.736,1.48927,-105.321,261.271
562.58,9.98646,2.35609,26.0691,14.7691,31.736,1.48927,-105.321,260.209
562.6,9.987,2.29834,26.0691,14.7691,31.736,1.48927,-105.321,261.271
562.62,9.98219,2.29198,26.0691,14.7691,31.7943,1.48927,-105.321,261.802
562.64,9.98219,2.38607,26.0233,14.6762,31.7943,1.48522,-105.321,254.898
562.66,9.98219,2.41587,26.0233,14.8151,31.6199,1.48522,-105.321,249.604
562.68,9.98272,2.31728,25.9774,14.8155,31.6193,1.47747,-105.321,251.181
562.7,9.98272,2.28922,26.115,14.6762,31.6777,1.47747,-105.321,253.305
562.72,9.98272,2.33929,26.115,14.6762,31.6777,1.47747,-105.321,252.776
562.74,9.98272,2.33978,26.0233,14.7226,31.6777,1.47747,-108.657,252.774
562.76,9.98112,2.31201,26.0233,14.7226,31.561,1.47747,-108.657,251.712
562.78,9.97899,2.36716,26.1147,14.6763,31.561,1.47747,-108.657,250.653
562.8,9.97951,2.44009,26.115,14.6762,31.4443,1.47747,-108.657,252.243
562.82,9.97951,2.4266,25.9316,14.7691,31.4443,1.47747,-108.657,252.774
562.84,9.98058,2.37169,25.9316,14.7691,31.5025,1.47747,-108.657,255.951
562.86,9.97951,2.39277,25.8857,14.5833,31.5026,1.47747,-108.657,254.898
562.88,9.98058,2.4242,25.9774,14.6762,31.5026,1.47747,-108.657,252.774
562.9,9.98058,2.32271,25.9774,14.6762,31.4445,1.49486,-108.657,249.068
562.92,9.98058,2.34237,25.7482,14.5833,31.4443,1.49491,-108.657,246.402
562.94,9.97684,2.34146,25.7482,14.5833,31.5026,1.49491,-108.657,242.153
562.96,9.97897,2.35269,25.7025,14.537,31.5026,1.49491,-105.988,238.977
562.98,9.97898,2.41249,25.7023,14.5369,31.4443,1.49491,-105.98,239.498
563,9.97631,2.29409,25.5648,14.5833,31.4443,1.49491,-105.98,242.153
563.02,9.97524,2.31204,25.5648,14.4907,31.5606,1.49491,-105.98,246.918
563.04,9.9747,2.32243,25.4731,14.4904,31.561,1.49491,-105.98,252.243
563.06,9.97203,2.31973,25.4731,14.5833,31.561,1.49491,-105.98,254.367
563.08,9.97203,2.45526,25.4273,14.5833,31.4443,1.49702,-105.98,250.119
563.1,9.96936,2.42773,25.2439,14.5369,31.4443,1.49702,-105.98,244.278
563.12,9.96615,2.30236,25.2439,14.5369,31.3276,1.49121,-105.98,243.215
563.14,9.96936,2.34039,25.198,14.5369,31.3276,1.49121,-105.98,244.809
563.16,9.96936,2.3555,25.198,14.5369,31.0368,1.49121,-105.98,247.985
563.18,9.96829,2.36504,25.1063,14.4904,31.0359,1.49121,-107.524,252.243
563.2,9.96615,2.3613,25.1063,14.4904,30.6859,1.49121,-107.524,253.305
563.22,9.96775,2.41415,25.0606,14.4904,30.6859,1.49121,-107.524,251.717
563.24,9.96776,2.26143,25.0605,14.4904,30.5109,1.49121,-107.524,250.119
563.26,9.96562,2.31745,24.9688,14.4904,30.5109,1.49121,-107.524,245.34
563.28,9.96882,2.31746,24.8317,14.5367,30.4527,1.49121,-107.524,242.693
563.3,9.96669,2.35048,24.8312,14.5369,30.4526,1.49107,-107.524,242.153
563.32,9.96669,2.23771,24.7395,14.5833,30.4526,1.49107,-107.524,243.215
563.34,9.96616,2.36364,24.7395,14.5833,30.3944,1.50843,-107.524,243.745
563.36,9.96348,2.36402,24.4644,14.5833,30.3942,1.50849,-107.524,245.871
563.38,9.96562,2.43965,24.4644,14.5833,30.3359,1.50849,-107.524,247.995
563.4,9.96562,2.37166,24.3273,14.6296,30.3359,1.50849,-107.422,246.407
563.42,9.96562,2.34804,24.3269,14.5833,30.3359,1.50849,-107.421,243.746
563.44,9.96455,2.3652,24.3269,14.5833,30.3359,1.50849,-107.421,238.436
563.46,9.96508,2.34645,24.3269,14.6759,30.4522,1.50849,-107.421,233.142
563.48,9.96348,2.35518,24.1435,14.6762,30.3359,1.50849,-107.421,229.939
563.5,9.96348,2.35709,24.0977,14.6762,30.3359,1.50849,-107.421,231.533
563.52,9.96561,2.3443,24.0977,14.6762,30.3359,1.50849,-107.421,237.886
563.54,9.96295,2.38937,23.9601,14.6298,30.3359,1.50849,-107.421,239.498
563.56,9.96188,2.39804,23.9601,14.6298,30.3359,1.53172,-107.421,239.498
563.58,9.96188,2.39021,23.8684,14.6762,30.3359,1.53172,-107.421,237.905
563.6,9.95814,2.36286,23.8684,14.7691,30.2192,1.53172,-106.227,240.029
563.62,9.95921,2.39525,23.9601,14.7691,30.2192,1.53172,-106.227,242.684
563.64,9.95921,2.4364,23.8226,14.5833,30.2192,1.53172,-106.227,245.34
563.66,9.95921,2.31202,23.8226,14.5833,30.2192,1.53172,-106.227,242.163
563.68,9.95921,2.37332,23.7767,14.7226,30.2775,1.53172,-106.227,239.498
563.7,9.95707,2.37331,23.7767,14.7226,30.1609,1.53172,-106.227,238.436
563.72,9.9592,2.36257,23.7767,14.5374,30.1609,1.53172,-106.227,235.26
563.74,9.95921,2.30968,23.7767,14.5369,30.2192,1.53022,-106.227,230.471
563.76,9.95653,2.38628,23.7767,14.6762,30.2192,1.53022,-106.227,226.222
563.78,9.95707,2.38628,23.7767,14.6762,30.2192,1.54374,-106.227,226.752
563.8,9.95493,2.23979,23.685,14.5833,30.2192,1.54379,-106.227,227.284
563.82,9.95493,2.3785,23.685,14.5369,29.8692,1.54379,-109.316,231.533
563.84,9.956,2.25695,23.685,14.5369,30.2181,1.54379,-109.316,233.65
563.86,9.95172,2.26939,23.7309,14.6762,30.2192,1.54379,-109.316,236.312
563.88,9.95333,2.33819,23.7309,14.6762,30.2192,1.54379,-109.316,237.905
563.9,9.95333,2.41115,23.6852,14.5373,30.2192,1.54379,-109.316,240.552
563.92,9.95386,2.41967,23.685,14.5369,30.2192,1.54379,-109.316,241.622
563.94,9.95119,2.43801,23.685,14.5833,30.2192,1.54177,-109.316,237.905
563.96,9.95226,2.36367,23.685,14.5833,30.2192,1.54177,-109.316,236.317
563.98,9.95226,2.39876,23.6392,14.6298,30.2192,1.54953,-109.316,236.312
564,9.95119,2.45841,23.6392,14.6762,30.1609,1.54953,-109.316,235.781
564.02,9.95012,2.4419,23.7306,14.6762,30.1609,1.54953,-109.316,232.604
564.04,9.94905,2.24101,23.5475,14.6762,30.0442,1.54953,-106.33,232.064
564.06,9.94905,2.47958,23.5475,14.6762,30.1609,1.54953,-106.33,231.533
564.08,9.94852,2.30923,23.7309,14.7691,30.1609,1.54953,-106.33,236.843
564.1,9.95065,2.23505,23.7309,14.7691,30.0442,1.54953,-106.33,243.215
564.12,9.94745,2.38323,23.8226,14.862,30.0442,1.54953,-106.33,247.995
564.14,9.94745,2.36111,23.8226,14.862,30.1025,1.54953,-106.33,250.119
564.16,9.94905,2.36954,23.8683,14.7694,30.1025,1.54981,-106.33,253.825
564.18,9.94638,2.38789,23.8684,14.7691,30.1025,1.54981,-106.33,258.616
564.2,9.95012,2.4698,23.9143,14.8155,30.1025,1.55369,-106.33,258.616
564.22,9.95012,2.38698,23.8686,14.6303,29.9862,1.55369,-106.33,262.321
564.24,9.94959,2.30707,23.8684,14.6298,30.1609,1.55369,-106.33,259.678
564.26,9.94905,2.36753,23.9143,14.7226,30.1609,1.55369,-107.524,260.209
564.28,9.94958,2.41309,23.9143,14.7226,30.1027,1.55369,-107.524,260.738
564.3,9.94959,2.28891,23.9601,14.5833,30.1025,1.55369,-107.524,262.333
564.32,9.95172,2.33943,23.9601,14.5833,30.2775,1.55369,-107.524,259.678
564.34,9.94906,2.35175,24.0058,14.3055,30.2775,1.55369,-107.524,258.619
564.36,9.94691,2.37422,24.006,14.3047,30.3942,1.55369,-107.524,262.864
564.38,9.94798,2.32172,24.0977,14.2582,30.3942,1.55765,-107.524,264.988
564.4,9.94798,2.36639,24.0977,14.1193,30.3942,1.55765,-107.524,264.459
564.42,9.93729,2.32176,24.1894,14.1189,30.6276,1.57119,-107.524,262.333
564.44,9.92554,2.31068,24.2811,13.8867,30.6276,1.57119,-107.524,259.147
564.46,9.92074,2.33325,24.2811,13.8867,30.802,1.57119,-107.524,256.499
564.48,9.92073,2.37367,24.3269,13.6544,30.8026,1.57119,-107.854,253.836
564.5,9.91912,2.3509,24.3269,13.6544,30.6859,1.57119,-107.854,251.181
564.52,9.91912,2.4346,24.464,13.5155,30.6859,1.57119,-107.854,247.475
564.54,9.91645,2.41308,24.4644,13.5151,30.7442,1.57119,-107.854,246.402
564.56,9.91645,2.45126,24.6478,13.2829,30.7442,1.57119,-107.854,247.995
564.58,9.91699,2.48284,24.6478,13.1436,30.9776,1.57119,-107.854,249.588
564.6,9.92126,2.48285,24.7395,13.1436,30.9776,1.57902,-107.854,247.464
564.62,9.91912,2.4065,24.9229,13.0971,31.0943,1.57902,-107.854,245.34
564.64,9.91912,2.37738,24.9229,13.0971,31.4443,1.57132,-107.854,238.436
564.66,9.91806,2.32451,25.0143,13.0045,31.4443,1.57132,-107.854,234.201
564.68,9.91485,2.32434,25.0146,13.0042,31.4443,1.57132,-107.854,232.064
564.7,9.91912,2.51791,25.198,13.0042,31.4443,1.57132,-106.454,229.939
564.72,9.91912,2.46514,25.198,13.0042,31.5606,1.57132,-106.454,228.881
564.74,9.91645,2.43971,25.5648,12.772,31.561,1.57132,-106.454,232.064
564.76,9.91485,2.4498,25.5648,12.8649,31.736,1.57132,-106.454,233.657
564.78,9.91325,2.36177,25.6105,12.8649,31.736,1.57132,-106.454,229.421
564.8,9.91325,2.3467,25.6106,12.772,31.736,1.57132,-106.454,225.16
564.82,9.90844,2.33585,25.9316,12.772,31.736,1.56633,-106.454,222.505
564.84,9.90844,2.36791,26.1601,12.6331,31.736,1.56633,-106.454,221.976
564.86,9.9079,2.38301,26.1608,12.6327,31.736,1.60884,-106.454,223.567
564.88,9.9079,2.31244,26.3901,12.6327,31.736,1.60884,-106.454,224.629
564.9,9.90577,2.47443,26.3901,12.6327,31.7942,1.60884,-106.454,225.688
564.92,9.9063,2.47694,26.6651,12.5398,31.7943,1.60884,-109.316,226.753
564.94,9.90363,2.28675,26.6651,12.5398,31.8527,1.60884,-109.316,226.222
564.96,9.90416,2.47108,27.0308,12.4935,31.8527,1.60884,-109.316,223.046
564.98,9.90416,2.36903,27.0319,12.5398,32.0277,1.60884,-109.316,221.974
565,9.90309,2.37088,27.4904,12.5398,32.0277,1.60884,-109.316,226.753
565.02,9.90256,2.33011,27.8561,12.3083,32.0858,1.60884,-109.316,234.165
565.04,9.90416,2.35255,27.8572,12.3076,32.261,1.60175,-109.316,236.312
565.06,9.90416,2.37339,28.224,12.4933,32.261,1.60175,-109.316,239.498
565.08,9.90256,2.40333,28.224,12.4933,32.6694,1.59592,-109.316,238.967
565.1,9.90256,2.4703,28.5908,12.354,32.6694,1.59592,-109.316,236.312
565.12,9.90256,2.34328,28.5908,12.354,33.0194,1.59592,-107.071,231.002
565.14,9.90256,2.46332,28.7742,12.2147,33.0194,1.59592,-107.071,224.629
565.16,9.90256,2.46743,28.7742,12.3073,33.6592,1.59592,-107.071,219.864
565.18,9.90256,2.46744,28.7283,12.3076,33.6612,1.59592,-107.071,221.443
565.2,9.9047,2.51431,28.7283,12.3076,34.5362,1.59592,-107.071,223.567
565.22,9.9047,2.48801,28.7283,12.3076,35.525,1.59592,-107.071,221.449
565.24,9.90202,2.55931,28.5449,12.2611,35.528,1.59592,-107.071,220.381
565.26,9.9047,2.55932,28.5449,12.2611,36.6947,1.59574,-107.071,221.974
565.28,9.90363,2.59594,28.5449,12.2611,36.6947,1.59574,-107.071,221.445
565.3,9.90363,2.58034,28.5449,12.2611,37.7448,1.60351,-107.071,224.098
565.32,9.90256,2.51527,28.5449,12.1682,37.7448,1.60351,-107.071,226.753
565.34,9.90256,2.49621,28.5449,12.1682,38.2101,1.60351,-109.473,229.4
565.36,9.89614,2.60355,28.6366,12.2611,38.2115,1.60351,-109.48,229.408
565.38,9.89614,2.53733,28.8658,12.3076,37.5698,1.60351,-109.48,229.408
565.4,9.89508,2.3767,28.8658,12.3076,36.5229,1.60351,-109.48,227.291
565.42,9.89454,2.37422,29.1409,12.1682,36.5197,1.60351,-109.48,219.319
565.44,9.89347,2.49146,29.1409,12.1682,35.4696,1.60351,-109.48,217.726
565.46,9.89347,2.48819,29.3238,12.3534,35.4696,1.60351,-109.48,221.432
565.48,9.89401,2.4774,29.3243,12.354,34.5946,1.60345,-109.48,218.788
565.5,9.89401,2.42193,29.5077,12.4005,34.5946,1.60539,-109.48,219.85
565.52,9.89507,2.56706,29.5077,12.4005,33.8966,1.60539,-109.48,220.909
565.54,9.89508,2.38707,29.6453,12.4005,33.8945,1.60539,-109.48,223.036
565.56,9.89347,2.42502,29.6453,12.5862,33.4278,1.60539,-109.027,225.16
565.58,9.89561,2.43276,29.416,12.5862,33.0778,1.60539,-109.027,227.284
565.6,9.89401,2.35884,29.0492,12.5398,33.0778,1.60539,-109.027,224.629
565.62,9.89401,2.38251,29.0492,12.5398,32.7277,1.60539,-109.027,227.284
565.64,9.89561,2.42594,28.5449,12.6327,32.7277,1.60539,-109.027,234.188
565.66,9.89774,2.4328,28.5449,12.6327,32.6114,1.60539,-109.027,236.305
565.68,9.89668,2.45366,28.1323,12.6791,32.6111,1.60719,-109.027,238.436
565.7,9.89668,2.50412,28.1323,12.6791,32.3194,1.60719,-109.027,240.56
565.72,9.89508,2.40741,27.6752,12.7254,32.3194,1.61105,-109.027,236.854
565.74,9.89294,2.42106,27.6738,12.8185,32.2027,1.61106,-109.027,233.126
565.76,9.89401,2.35244,27.3987,12.8185,32.2027,1.61106,-109.027,230.471
565.78,9.89401,2.33398,27.0331,12.8185,32.0864,1.61106,-109.048,232.059
565.8,9.89454,2.4225,27.0319,12.8185,31.911,1.61106,-109.048,236.843
565.82,9.89347,2.4307,26.8027,12.9113,31.911,1.61106,-109.048,241.622
565.84,9.89134,2.41398,26.8027,12.9113,31.8528,1.61106,-109.048,247.446
565.86,9.89133,2.3055,26.5735,12.9113,31.8527,1.61106,-109.048,243.215
565.88,9.89133,2.45335,26.5735,12.9113,31.911,1.61106,-109.048,238.967
565.9,9.8908,2.46954,26.3449,13.0502,31.911,1.62332,-109.048,241.614
565.92,9.89187,2.44442,26.3442,13.0042,31.911,1.62336,-109.048,244.278
565.94,9.89027,2.28133,26.2067,13.0042,31.911,1.59065,-109.048,246.402
565.96,9.89027,2.45844,26.2067,13.282,31.911,1.59065,-109.048,250.108
565.98,9.88653,2.45995,25.9774,13.2829,32.0277,1.59065,-109.048,255.96
566,9.88866,2.42214,25.8857,13.2829,32.0277,1.59065,-111.498,260.209
566.02,9.88706,2.36438,25.8857,13.2829,31.9695,1.59065,-111.498,260.738
566.04,9.88706,2.41783,25.7482,13.5151,31.9693,1.59065,-111.498,258.616
566.06,9.88653,2.43475,25.7482,13.5151,31.911,1.59065,-111.498,256.491
566.08,9.88546,2.43474,25.6565,13.7938,31.911,1.59065,-111.498,258.616
566.1,9.88706,2.42926,25.6565,13.7938,31.911,1.59065,-111.498,258.085
566.12,9.88706,2.34185,25.6565,13.9331,31.911,1.59787,-111.498,262.333
566.14,9.88492,2.37934,25.6565,14.1189,31.6777,1.59787,-111.498,269.236
566.16,9.88332,2.37933,25.6565,14.1189,31.6777,1.60168,-111.498,272.942
566.18,9.88653,2.41129,25.7023,14.3047,31.6193,1.6017,-111.498,275.609
566.2,9.88653,2.34122,25.7023,14.3047,31.5026,1.6017,-108.904,277.733
566.22,9.88333,2.39651,25.6566,14.351,31.5026,1.6017,-108.904,276.674
566.24,9.88225,2.40849,25.6565,14.3511,31.3276,1.6017,-108.904,280.919
566.26,9.88118,2.32131,25.6565,14.5369,31.3276,1.6017,-108.904,278.795
566.28,9.88118,2.38506,25.6565,14.5369,31.1531,1.6017,-108.904,280.383
566.3,9.88065,2.39242,25.7023,14.5833,31.1526,1.6017,-108.904,281.981
566.32,9.87904,2.36377,25.7023,14.5369,31.1526,1.6017,-108.904,283.043
566.34,9.88011,2.29138,25.6109,14.5369,31.1526,1.60298,-108.904,284.632
566.36,9.88011,2.48423,25.5648,14.6762,31.0359,1.60298,-108.904,286.761
566.38,9.88011,2.45621,25.5648,14.6762,31.1526,1.57046,-108.904,288.354
566.4,9.87905,2.42477,25.4277,14.5836,31.1526,1.57046,-108.904,287.824
566.42,9.88011,2.34142,25.4273,14.5833,31.2693,1.57046,-111.807,288.354
566.44,9.87797,2.34424,25.2439,14.6762,31.2693,1.57046,-111.807,293.133
566.46,9.87797,2.34906,25.2439,14.5836,31.2111,1.57046,-111.807,295.251
566.48,9.8753,2.36745,25.1063,14.5833,31.211,1.57046,-111.807,293.664
566.5,9.87691,2.43692,25.1063,14.5369,31.2693,1.57046,-111.807,292.602
566.52,9.87264,2.41745,24.8321,14.5369,31.2693,1.57046,-111.807,293.131
566.54,9.87263,2.54568,24.6478,14.6762,31.2693,1.57046,-111.807,288.885
566.56,9.8721,2.55845,24.6478,14.6762,31.3276,1.55698,-111.807,285.698
566.58,9.87103,2.33607,24.4644,14.4904,31.3276,1.55698,-111.807,285.698
566.6,9.87156,2.38105,24.4644,14.4904,31.2693,1.59171,-111.807,280.919
566.62,9.87156,2.53525,24.3728,14.6298,31.2693,1.59171,-111.807,281.981
566.64,9.86996,2.46404,24.3728,14.5369,31.3276,1.59171,-110.18,283.043
566.66,9.87102,2.46404,24.327,14.5369,31.3276,1.59171,-110.18,286.749
566.68,9.86889,2.42659,24.3269,14.4904,31.2693,1.59171,-110.18,295.788
566.7,9.86889,2.40907,24.0977,14.4904,31.2693,1.59171,-110.18,292.602
566.72,9.86836,2.32495,24.0977,14.4904,31.153,1.59171,-110.18,289.425
566.74,9.86835,2.32469,24.0977,14.4904,31.3276,1.59171,-110.18,289.416
566.76,9.86889,2.4521,24.006,14.4904,31.3276,1.59171,-110.18,288.885
566.78,9.86889,2.42683,24.006,14.4904,31.0368,1.58487,-110.18,283.591
566.8,9.86782,2.44726,23.8226,14.4904,31.0359,1.58485,-110.18,278.795
566.82,9.86729,2.43516,23.8226,14.3511,31.0359,1.60035,-110.18,276.671
566.84,9.86622,2.46023,23.9597,14.3511,31.0359,1.60035,-110.18,273.494
566.86,9.86622,2.35255,23.9601,14.3975,30.9193,1.60035,-109.583,269.767
566.88,9.86622,2.31562,23.8226,14.3975,30.9193,1.60035,-109.583,264.988
566.9,9.86675,2.31191,23.8226,14.3512,30.6866,1.60035,-109.583,263.929
566.92,9.86301,2.39539,23.8684,14.3511,30.6859,1.60035,-109.583,266.581
566.94,9.86301,2.45038,23.7767,14.3975,30.6859,1.60035,-109.583,267.643
566.96,9.86408,2.42925,23.7767,14.3975,30.4533,1.60035,-109.583,269.761
566.98,9.86515,2.4225,23.7767,14.2118,30.4526,1.60035,-109.583,270.829
567,9.86408,2.3479,23.7767,14.3047,30.4526,1.60058,-109.583,271.891
567.02,9.86408,2.45827,23.5939,14.3047,30.4526,1.60058,-109.583,272.95
567.04,9.86515,2.39126,23.5933,14.2118,30.2775,1.58896,-109.583,268.705
567.06,9.86355,2.38933,23.4558,14.2118,30.2775,1.58896,-109.583,267.643
567.08,9.86675,2.41829,23.4099,14.0724,30.2192,1.58896,-112.281,258.616
567.1,9.86675,2.49165,23.4099,14.0724,30.2192,1.58896,-112.281,248.526
567.12,9.86355,2.31258,23.1807,14.0724,30.1025,1.58896,-112.281,250.65
567.14,9.86461,2.32263,23.1807,14.0724,30.1609,1.58896,-112.281,251.712
567.16,9.86568,2.37852,23.135,14.0261,30.1609,1.58896,-112.281,249.594
567.18,9.86568,2.3502,23.1349,14.026,29.9858,1.58896,-112.281,250.119
567.2,9.86408,2.36558,22.9973,14.026,29.9858,1.58896,-112.281,253.836
567.22,9.86408,2.34134,22.9973,14.026,29.9277,1.59162,-112.281,257.542
567.24,9.86568,2.36346,22.9515,14.026,29.9275,1.59357,-112.281,260.209
567.26,9.86568,2.34128,22.6764,13.8867,29.9858,1.59357,-112.281,262.864
567.28,9.86249,2.31337,22.6764,13.8867,29.9277,1.59357,-112.281,264.982
567.3,9.86515,2.29445,22.6305,13.9795,29.9275,1.59357,-109.666,268.174
567.32,9.86355,2.30908,22.6305,13.9795,29.8692,1.59357,-109.666,270.298
567.34,9.86355,2.26689,22.5391,13.8869,29.8692,1.59357,-109.666,268.71
567.36,9.86461,2.41871,22.5388,13.8867,29.9275,1.59357,-109.666,268.174
567.38,9.86461,2.39267,22.4471,13.8402,29.9275,1.59357,-109.666,266.581
567.4,9.86302,2.40086,22.4471,13.8865,29.753,1.59357,-109.666,261.287
567.42,9.86301,2.41678,22.3096,13.8867,29.7525,1.59309,-109.666,258.085
567.44,9.86461,2.4532,22.2637,13.7473,29.8108,1.59309,-109.666,259.678
567.46,9.86461,2.48158,22.2637,13.7473,29.7527,1.60852,-109.666,260.207
567.48,9.86355,2.43933,22.0804,13.7938,29.7525,1.60857,-109.666,257.553
567.5,9.86355,2.351,22.0804,13.7938,29.7525,1.60857,-109.666,258.616
567.52,9.86355,2.40172,22.0804,13.7012,29.7525,1.60857,-112.683,260.733
567.54,9.86301,2.33468,22.0804,13.7009,29.6942,1.60857,-112.693,260.209
567.56,9.86461,2.34965,22.0345,13.7473,29.6942,1.60857,-112.693,260.74
567.58,9.86301,2.45256,22.0345,13.7473,29.6942,1.60857,-112.693,261.271
567.6,9.86301,2.32511,21.9428,13.7473,29.6942,1.60857,-112.693,258.616
567.62,9.86194,2.36741,21.897,13.6544,29.5191,1.60857,-112.693,257.553
567.64,9.86248,2.44787,21.897,13.6544,29.5775,1.61212,-112.693,257.022
567.66,9.86088,2.35498,21.897,13.6544,29.5775,1.61212,-112.693,254.905
567.68,9.86087,2.44467,21.897,13.6544,29.4608,1.59281,-112.693,254.898
567.7,9.86568,2.37355,21.7594,13.6544,29.4608,1.59281,-112.693,255.429
567.72,9.86355,2.37354,21.7594,13.6544,29.4608,1.59281,-112.693,252.253
567.74,9.86461,2.47044,21.7594,13.5616,29.4608,1.59281,-111.066,250.119
567.76,9.86461,2.38149,21.7594,13.5151,29.2275,1.59281,-111.066,255.429
567.78,9.86195,2.39647,21.7137,13.5151,29.2275,1.59281,-111.066,252.253
567.8,9.86515,2.39652,21.7594,13.5151,29.3441,1.59281,-111.066,249.057
567.82,9.86301,2.44923,21.7594,13.5151,29.4025,1.59281,-111.066,254.898
567.84,9.86301,2.38855,21.7137,13.4225,29.4025,1.59281,-111.066,258.604
567.86,9.86461,2.44597,21.7136,13.4222,29.2275,1.59451,-111.066,259.147
567.88,9.86355,2.46971,21.7136,13.4687,29.2275,1.59451,-111.066,260.74
567.9,9.86514,2.32661,21.7136,13.4687,29.2856,1.60989,-111.066,262.857
567.92,9.86622,2.26184,21.6677,13.5616,29.2858,1.60994,-111.066,261.271
567.94,9.86622,2.29994,21.6677,13.5616,29.2858,1.60994,-111.086,260.74
567.96,9.86622,2.31081,21.622,13.3763,29.2858,1.60994,-111.086,262.857
567.98,9.86675,2.4392,21.6219,13.5151,29.1108,1.60994,-111.086,260.209
568,9.87049,2.36286,21.7136,13.5151,29.3441,1.60994,-111.086,260.209
568.02,9.87049,2.3431,21.7136,13.4688,29.3441,1.60994,-111.086,260.738
568.04,9.87316,2.31871,21.7136,13.4687,29.3441,1.60994,-111.086,260.74
568.06,9.8737,2.37076,21.7136,13.3758,29.3441,1.60994,-111.086,260.209
568.08,9.8737,2.352,21.7136,13.3758,29.2858,1.60501,-111.086,261.271
568.1,9.8737,2.42456,21.576,13.2829,29.2858,1.59534,-111.086,260.209
568.12,9.87263,2.37537,21.576,13.2829,29.4608,1.59534,-111.086,259.147
568.14,9.87477,2.37538,21.6219,13.1436,29.4608,1.59534,-111.086,261.802
568.16,9.87743,2.49441,21.6219,13.051,29.3445,1.59534,-112.79,265.508
568.18,9.87637,2.50992,21.576,13.0507,29.3441,1.59534,-112.796,261.802
568.2,9.87637,2.27806,21.4843,13.0042,29.4025,1.59534,-112.796,264.457
568.22,9.87477,2.27806,21.4843,13.0042,29.4025,1.59534,-112.796,259.163
568.24,9.87904,2.41517,21.3926,12.8185,29.4025,1.59534,-112.796,248.526
568.26,9.87904,2.34142,21.3926,12.8185,29.4608,1.59534,-112.796,246.402
568.28,9.87904,2.35782,21.3926,12.8185,29.4608,1.59534,-112.796,247.46
568.3,9.88118,2.3275,21.3926,12.8185,29.4025,1.59413,-112.796,251.712
568.32,9.88546,2.37967,21.3468,12.5862,29.4025,1.58058,-112.796,255.429
568.34,9.88652,2.37357,21.3468,12.4473,29.3443,1.58058,-112.796,251.194
568.36,9.88653,2.36383,21.2551,12.4469,29.3441,1.58058,-112.796,245.871
568.38,9.88866,2.42568,21.2551,12.3076,29.2275,1.58058,-110.633,243.215
568.4,9.88866,2.42568,21.2551,12.3076,29.3438,1.58058,-110.633,244.804
568.42,9.88813,2.33463,21.0717,12.1218,29.3441,1.58058,-110.633,243.746
568.44,9.88813,2.45522,21.0717,12.1218,29.2858,1.58058,-110.633,240.029
568.46,9.89132,2.36458,21.0717,12.1681,29.2858,1.58058,-110.633,236.853
568.48,9.89133,2.36431,21.0717,12.1682,29.1108,1.58058,-110.633,236.312
568.5,9.8908,2.37646,20.98,12.1682,29.1108,1.58246,-110.633,234.188
568.52,9.8908,2.33705,20.98,12.1682,29.1108,1.58246,-110.633,235.776
568.54,9.89561,2.42216,20.9342,12.0289,29.1108,1.57473,-110.633,237.374
568.56,9.89614,2.36698,20.9342,12.0754,28.8774,1.57473,-110.633,231.533
568.58,9.89828,2.37514,20.8883,12.0754,28.9358,1.57473,-110.633,225.691
568.6,9.89775,2.33857,20.9342,11.936,28.9358,1.57473,-113.537,219.85
568.62,9.89775,2.3872,20.9342,11.936,28.9358,1.57473,-113.537,217.195
568.64,9.89668,2.40046,20.7966,11.9825,28.9358,1.57473,-113.537,222.505
568.66,9.89775,2.27853,20.7966,11.9825,28.8194,1.57473,-113.537,226.74
568.68,9.89721,2.35985,20.8883,11.9825,28.8191,1.57473,-113.537,222.505
568.7,9.89721,2.33849,20.8883,11.9825,28.9358,1.57473,-113.537,223.036
568.72,9.89775,2.32569,20.7512,11.7973,28.9358,1.57229,-113.537,220.389
568.74,9.89935,2.40975,20.7508,11.8896,28.7607,1.57228,-113.537,217.726
568.76,9.89721,2.29142,20.8425,11.8896,28.7607,1.56066,-113.537,218.788
568.78,9.89721,2.45612,20.9339,11.797,28.6444,1.56066,-113.537,219.847
568.8,9.89935,2.30552,20.9342,11.7967,28.7024,1.56066,-113.537,218.257
568.82,9.89882,2.30552,21.0717,11.7967,28.7024,1.56066,-111.89,217.195
568.84,9.90148,2.36545,21.0717,11.7967,28.6442,1.56066,-111.89,215.077
568.86,9.90149,2.3723,21.3468,11.7502,28.6441,1.56066,-111.89,215.601
568.88,9.89935,2.38297,21.3468,11.7502,28.6441,1.56066,-111.89,212.415
568.9,9.90042,2.38297,21.4839,11.7502,28.6441,1.56066,-111.89,206.592
568.92,9.89775,2.36143,21.4843,11.8896,28.8191,1.56066,-111.89,206.043
568.94,9.89775,2.32022,21.7136,11.8896,28.8191,1.55769,-111.89,199.67
568.96,9.89775,2.37207,21.4393,11.797,28.9354,1.55769,-111.89,193.317
568.98,9.89882,2.37502,21.4385,11.7967,29.3441,1.58097,-111.89,194.36
569,9.89775,2.4232,21.2092,11.7967,29.3441,1.58097,-111.89,194.36
569.02,9.89775,2.60297,21.2092,11.7967,29.9257,1.58097,-111.89,197.536
569.04,9.89775,2.63677,20.7508,11.8431,29.9275,1.58097,-113.001,198.608
569.06,9.89614,2.61473,20.7508,11.8431,30.9193,1.58097,-113.001,195.422
569.08,9.89668,2.51395,20.5674,11.7502,30.9193,1.58097,-113.001,193.298
569.1,9.89668,2.65009,20.5674,11.7502,31.9693,1.58097,-113.001,197.546
569.12,9.89561,2.58347,20.384,11.7967,31.9693,1.58097,-113.001,197.015
569.14,9.89561,2.47683,20.384,11.7967,32.9611,1.58097,-113.001,189.581
569.16,9.89668,2.46776,20.3383,11.7967,33.3101,1.58055,-113.001,186.404
569.18,9.89668,2.62945,20.1547,11.6574,33.3111,1.58055,-113.001,187.456
569.2,9.89668,2.437,20.1547,11.6574,32.6694,1.57085,-113.001,191.705
569.22,9.89828,2.4553,20.2919,11.7037,32.6694,1.57085,-113.001,195.94
569.24,9.89989,2.54426,20.2923,11.7038,31.0359,1.57085,-113.001,198.077
569.26,9.89989,2.41762,20.384,11.6574,31.0359,1.57085,-114.01,201.263
569.28,9.90255,2.35175,20.384,11.6574,29.5819,1.57085,-114.01,199.146
569.3,9.90363,2.37481,20.5215,11.6574,29.5775,1.57085,-114.01,200.732
569.32,9.9047,2.40575,20.5215,11.6574,28.8774,1.57085,-114.01,210.291
569.34,9.90523,2.3074,20.7501,11.6574,28.8774,1.57085,-114.01,214.526
569.36,9.90523,2.4125,20.8883,11.5645,28.4691,1.57085,-114.01,217.726
569.38,9.90416,2.42017,20.8883,11.5645,28.2357,1.57383,-114.01,218.788
569.4,9.90256,2.43664,20.7969,11.6571,28.2357,1.57383,-114.01,219.847
569.42,9.90256,2.38722,20.7966,11.6574,28.2357,1.55252,-114.01,223.567
569.44,9.90256,2.41547,20.4757,11.6109,28.2357,1.55252,-114.01,224.098
569.46,9.90522,2.4079,20.4757,11.6109,28.0031,1.55252,-114.01,225.686
569.48,9.90256,2.30547,20.1547,11.7038,28.0023,1.55252,-111.704,231.533
569.5,9.90309,2.29362,20.1547,11.7038,28.0023,1.55252,-111.704,237.374
569.52,9.90309,2.38367,19.8348,11.6575,28.0023,1.55252,-111.704,236.845
569.54,9.90576,2.38115,19.6963,11.7038,27.8857,1.55252,-111.704,242.684
569.56,9.90309,2.38115,19.6963,11.7038,27.8273,1.55252,-111.704,245.34
569.58,9.90309,2.38634,19.6046,11.7038,27.8273,1.55252,-111.704,243.746
569.6,9.90309,2.3627,19.6046,11.7038,27.8857,1.55648,-111.704,241.091
569.62,9.90363,2.48736,19.5587,11.7502,27.8857,1.55648,-111.704,235.25
569.64,9.90416,2.48736,19.5587,11.7502,27.7107,1.55262,-111.704,233.126
569.66,9.90469,2.41822,19.3759,11.6576,27.7107,1.55262,-111.704,233.126
569.68,9.9047,2.36379,19.3753,11.6574,27.5356,1.55262,-111.704,233.657
569.7,9.90363,2.49799,19.467,11.7038,27.5356,1.55262,-115.328,239.498
569.72,9.90309,2.53111,19.467,11.7501,27.5938,1.55262,-115.328,241.086
569.74,9.90363,2.41402,19.2378,11.7502,27.5356,1.55262,-115.328,241.091
569.76,9.90363,2.38101,19.1919,11.7502,27.5356,1.55262,-115.328,241.091
569.78,9.90363,2.40785,19.1919,11.7502,27.7101,1.55262,-115.328,241.091
569.8,9.90416,2.33302,18.9627,11.8431,27.7107,1.55262,-115.328,243.215
569.82,9.90416,2.33302,18.9627,11.8431,27.5356,1.5484,-115.328,245.34
569.84,9.90416,2.36403,19.0084,11.7505,27.5356,1.52908,-115.328,244.81
569.86,9.90416,2.31754,19.0085,11.7502,27.7107,1.52903,-115.328,246.402
569.88,9.9047,2.31979,18.8252,11.8431,27.7107,1.52903,-115.328,246.933
569.9,9.9047,2.29485,18.8252,11.9357,27.7107,1.52903,-112.783,249.05
569.92,9.9047,2.37832,18.7793,11.936,27.7107,1.52903,-112.775,243.747
569.94,9.90363,2.38628,18.7793,11.9825,27.594,1.52903,-112.775,238.436
569.96,9.90416,2.37073,18.6422,11.9825,27.4195,1.52903,-112.775,227.848
569.98,9.90576,2.39529,18.5959,12.1218,27.419,1.52903,-112.775,227.284
570,9.90576,2.43426,18.5959,12.1218,27.1856,1.52903,-112.775,228.346
570.02,9.9047,2.37249,18.5502,12.2144,27.1856,1.52903,-112.775,230.464
570.04,9.90416,2.37892,18.5501,12.2147,27.0689,1.52679,-112.775,233.126
570.06,9.90256,2.37891,18.5959,12.2147,27.0689,1.52291,-112.775,232.064
570.08,9.90256,2.3483,18.5959,12.2147,27.1856,1.52291,-112.775,229.939
570.1,9.90309,2.3958,18.4125,12.2147,27.1856,1.52291,-112.775,227.284
570.12,9.90416,2.39721,18.4125,12.1218,27.3023,1.52291,-113.701,225.16
570.14,9.90363,2.40136,18.4584,12.1218,27.3023,1.52291,-113.701,226.222
570.16,9.90416,2.37183,18.3212,12.1681,27.5349,1.52291,-113.701,220.928
570.18,9.90416,2.47118,18.3208,12.1682,27.4773,1.52291,-113.701,215.601
570.2,9.90256,2.49388,18.3208,12.1682,27.4773,1.52291,-113.701,213.477
570.22,9.90256,2.52665,18.3208,12.1682,27.7099,1.52291,-113.701,214.007
570.24,9.90309,2.36853,18.2291,12.0754,27.7107,1.52291,-113.701,214.539
570.26,9.90309,2.3571,18.2291,12.0754,27.6523,1.52206,-113.701,214.008
570.28,9.90149,2.36607,18.2291,12.0754,27.6523,1.53947,-113.701,211.361
570.3,9.89935,2.42719,18.2291,11.9825,27.5356,1.53953,-113.701,207.636
570.32,9.89721,2.34639,18.1374,11.9825,27.5356,1.53953,-113.701,204.981
570.34,9.89721,2.49965,18.1374,12.0751,27.2448,1.53953,-114.523,209.745
570.36,9.89721,2.3257,18.1374,12.0754,27.1273,1.53953,-114.525,211.884
570.38,9.89775,2.3257,18.0457,11.936,27.1273,1.53953,-114.525,212.946
570.4,9.89828,2.3169,18.0457,11.936,26.8946,1.53953,-114.525,221.946
570.42,9.89828,2.3919,17.9999,11.936,26.8939,1.53953,-114.525,229.408
570.44,9.89882,2.38797,17.9999,11.936,26.9523,1.53953,-114.525,229.939
570.46,9.89456,2.38796,17.8628,11.9823,26.9523,1.53944,-114.525,229.939
570.48,9.89828,2.30725,17.8623,11.9825,26.8356,1.53944,-114.525,233.657
570.5,9.89828,2.46788,17.8165,11.8896,26.8356,1.52974,-114.525,238.436
570.52,9.89828,2.3568,17.6337,11.9359,26.6611,1.52974,-114.525,241.613
570.54,9.89454,2.32932,17.6331,11.936,26.6022,1.52974,-114.525,242.684
570.56,9.89721,2.38393,17.6331,11.8431,26.6022,1.52974,-111.931,244.809
570.58,9.89721,2.35494,17.6331,11.8431,26.4272,1.52974,-111.931,246.933
570.6,9.89401,2.34906,17.4039,11.7502,26.4272,1.52974,-111.931,249.057
570.62,9.89454,2.37832,17.4039,11.7502,26.5439,1.52974,-111.931,251.181
570.64,9.89454,2.38234,17.4039,11.8431,26.5439,1.52974,-111.931,250.65
570.66,9.89454,2.33724,17.4039,11.8431,26.3694,1.52974,-111.931,251.709
570.68,9.89294,2.27322,17.2205,11.7967,26.3689,1.52975,-111.931,253.836
570.7,9.89508,2.27232,17.2663,11.7502,26.3689,1.52975,-111.931,251.712
570.72,9.89188,2.33949,17.2663,11.7502,26.4852,1.53943,-111.931,251.712
570.74,9.89187,2.38249,17.1288,11.7502,26.4856,1.53946,-111.931,249.057
570.76,9.89401,2.37734,17.1288,11.7502,26.3689,1.53946,-111.931,245.34
570.78,9.89241,2.36711,17.1745,11.7039,26.3689,1.53946,-115.4,244.281
570.8,9.8908,2.29741,17.1746,11.7038,26.4856,1.53946,-115.411,242.684
570.82,9.8908,2.41282,17.0829,11.7502,26.4856,1.53946,-115.411,233.126
570.84,9.8908,2.3616,17.0829,11.7502,26.3111,1.53946,-115.411,227.832
570.86,9.8908,2.32518,16.9454,11.7038,26.3105,1.53946,-115.411,229.408
570.88,9.88973,2.51399,16.9454,11.7038,26.3689,1.53946,-115.411,229.939
570.9,9.88973,2.40089,16.9911,11.7038,26.427,1.53946,-115.411,226.763
570.92,9.88973,2.24959,16.9912,11.7502,26.4272,1.53946,-115.411,227.284
570.94,9.8924,2.25178,16.9912,11.7502,26.3689,1.55498,-115.411,227.815
570.96,9.89294,2.3015,16.8998,11.6576,26.3689,1.55498,-115.411,229.933
570.98,9.89294,2.48183,16.8995,11.6574,26.3689,1.55498,-115.411,231.002
571,9.89133,2.46673,16.9454,11.7967,26.3689,1.55498,-112.775,232.064
571.02,9.88974,2.46089,16.9454,11.7967,26.2526,1.55498,-112.775,232.064
571.04,9.8924,2.32655,16.9912,11.7967,26.2522,1.55498,-112.775,232.064
571.06,9.89294,2.33713,16.9912,11.7038,26.1355,1.55498,-112.775,235.25
571.08,9.89294,2.37737,16.9454,11.7038,26.1355,1.55498,-112.775,232.595
571.1,9.8924,2.35268,16.9454,11.8431,26.1939,1.55498,-112.775,229.94
571.12,9.89133,2.33411,16.9454,11.8431,26.2522,1.55497,-112.775,232.595
571.14,9.89027,2.29733,17.0371,11.7967,26.2522,1.55497,-112.775,234.188
571.16,9.89027,2.38176,17.0371,11.7967,26.3685,1.54917,-112.775,238.953
571.18,9.8924,2.36763,16.9912,11.7502,26.3689,1.54915,-112.775,244.809
571.2,9.89133,2.44141,16.9912,11.7502,26.4272,1.54915,-112.775,249.057
571.22,9.89027,2.48792,17.0827,11.8429,26.4272,1.54915,-113.206,253.822
571.24,9.89027,2.35267,17.0829,11.8431,26.5439,1.54915,-113.207,255.429
571.26,9.89027,2.36232,17.1746,11.7502,26.5439,1.54915,-113.207,252.774
571.28,9.8908,2.36232,17.1746,11.7502,26.4857,1.54915,-113.207,251.186
571.3,9.8908,2.38395,17.2205,11.7502,26.4856,1.54915,-113.207,248.526
571.32,9.8908,2.35874,17.3122,11.6574,26.4272,1.54915,-113.207,245.871
571.34,9.8924,2.33367,17.3122,11.6574,26.4854,1.54935,-113.207,242.694
571.36,9.8908,2.33359,17.4956,11.5645,26.4856,1.54935,-113.207,241.091
571.38,9.8908,2.34029,17.4956,11.5645,26.4856,1.55905,-113.207,237.905
571.4,9.8908,2.29282,17.587,11.7034,26.4856,1.55905,-113.207,235.787
571.42,9.8908,2.45716,17.5873,11.7038,26.6022,1.55905,-113.681,234.719
571.44,9.89187,2.49979,17.7707,11.5645,26.6022,1.55905,-113.681,234.719
571.46,9.89187,2.34184,17.7707,11.6571,26.893,1.55905,-113.681,237.366
571.48,9.89187,2.41943,17.9082,11.6574,26.8939,1.55905,-113.681,229.94
571.5,9.89294,2.38581,18.1374,11.6574,26.9523,1.55905,-113.681,226.753
571.52,9.89187,2.36058,18.1374,11.6574,27.1267,1.55905,-113.681,227.812
571.54,9.8924,2.33072,18.3208,11.6109,27.1273,1.55905,-113.681,227.815
571.56,9.8924,2.36058,18.3208,11.6109,27.1273,1.55899,-113.681,224.098
571.58,9.8908,2.43553,18.5042,11.6574,27.1273,1.55899,-113.681,217.195
571.6,9.88973,2.39944,18.5042,11.6574,27.3606,1.57063,-113.681,215.07
571.62,9.8892,2.37067,18.7793,11.6109,27.3606,1.57063,-113.681,214.539
571.64,9.8892,2.38975,18.7793,11.6109,27.6523,1.57063,-111.272,212.415
571.66,9.89133,2.38485,19.0536,11.6109,27.6523,1.57063,-111.272,213.474
571.68,9.89294,2.38672,19.1919,11.7038,27.944,1.57063,-111.272,214.539
571.7,9.8924,2.38296,19.1919,11.7038,28.2357,1.57063,-111.272,218.257
571.72,9.89134,2.35491,19.4662,11.5649,28.2357,1.57063,-111.272,224.08
571.74,9.89133,2.42789,19.467,11.5645,28.5274,1.57063,-111.272,224.629
571.76,9.8924,2.35493,19.5587,11.7038,28.5274,1.57063,-111.272,221.974
571.78,9.89187,2.46056,19.5587,11.7038,28.8182,1.57049,-111.272,220.386
571.8,9.8908,2.44897,19.8797,11.7038,28.8191,1.56855,-111.272,220.381
571.82,9.8908,2.5252,19.8797,11.7038,28.9358,1.56855,-111.272,220.912
571.84,9.88973,2.55076,19.9254,11.5649,28.9358,1.56855,-111.272,220.382
571.86,9.89347,2.42351,19.9255,11.6574,28.8774,1.56855,-114.752,219.85
571.88,9.89027,2.44178,20.1547,11.6574,28.8774,1.56855,-114.752,220.912
571.9,9.89027,2.37599,20.2005,11.6111,28.8774,1.56855,-114.752,228.853
571.92,9.8908,2.38783,20.2006,11.6109,29.1108,1.56855,-114.752,231.533
571.94,9.8908,2.38783,20.3381,11.6109,29.1108,1.56855,-114.752,229.939
571.96,9.8892,2.44528,20.3381,11.6109,29.1108,1.56855,-114.752,233.645
571.98,9.8892,2.38888,20.3381,11.7038,29.1108,1.57044,-114.752,241.091
572,9.89294,2.32042,20.3381,11.7038,29.1691,1.57044,-114.752,244.809
572.02,9.89081,2.32041,20.4296,11.5649,29.1691,1.56851,-114.752,243.75
572.04,9.8908,2.38151,20.4298,11.5645,29.1691,1.5685,-114.752,245.34
572.06,9.8908,2.33305,20.4298,11.6574,29.1691,1.5685,-114.752,248.526
572.08,9.89027,2.40482,20.4757,11.7038,29.2275,1.5685,-111.375,248.526
572.1,9.8924,2.37782,20.4757,11.7038,29.3441,1.5685,-111.375,249.588
572.12,9.89401,2.31792,20.5215,11.5645,29.3441,1.5685,-111.375,246.933
572.14,9.89401,2.42165,20.5215,11.5645,29.3441,1.5685,-111.375,242.153
572.16,9.89134,2.39254,20.6587,11.7497,29.3441,1.5685,-111.375,242.683
572.18,9.89133,2.40421,20.6591,11.7502,29.4025,1.5685,-111.375,244.809
572.2,9.8924,2.32959,20.5674,11.6109,29.4025,1.57314,-111.375,245.871
572.22,9.8924,2.33704,20.5674,11.7498,29.4606,1.57314,-111.375,245.871
572.24,9.89027,2.33025,20.7049,11.7502,29.4608,1.57314,-111.375,245.34
572.26,9.8908,2.33391,20.7049,11.7038,29.4608,1.57314,-111.375,248.526
572.28,9.89027,2.41423,20.7506,11.7038,29.4026,1.57314,-111.375,247.467
572.3,9.89027,2.34701,20.9342,11.6574,29.4025,1.57314,-112.528,242.153
572.32,9.89187,2.38396,20.9342,11.6574,29.5191,1.57314,-112.528,237.374
572.34,9.88921,2.37407,21.0256,11.7037,29.5191,1.57314,-112.528,237.903
572.36,9.89133,2.3703,21.0259,11.7038,29.5191,1.57314,-112.528,241.091
572.38,9.89133,2.33906,21.0259,11.7038,29.5191,1.57314,-112.528,238.967
572.4,9.89187,2.33119,21.0259,11.7038,29.461,1.57314,-112.528,236.32
572.42,9.89027,2.36146,21.1175,11.6574,29.4608,1.57165,-112.528,237.374
572.44,9.8908,2.44168,21.1175,11.7502,29.2858,1.57165,-112.528,239.498
572.46,9.8908,2.31176,21.1633,11.7502,29.2858,1.56008,-112.528,237.381
572.48,9.89027,2.29003,21.2092,11.6109,29.4025,1.56004,-112.528,235.25
572.5,9.89187,2.29693,21.2092,11.6109,29.4608,1.56004,-112.528,236.843
572.52,9.89187,2.35949,21.2092,11.8424,29.4608,1.56004,-112.774,237.372
572.54,9.89027,2.4627,21.2092,11.8431,29.5775,1.56004,-112.775,233.657
572.56,9.89027,2.34927,21.2551,11.6574,29.5775,1.56004,-112.775,232.064
572.58,9.88973,2.35112,21.2551,11.6574,29.5775,1.56004,-112.775,238.967
572.6,9.8908,2.4336,21.1634,11.7038,29.5775,1.56004,-112.775,244.278
572.62,9.89133,2.44027,21.1634,11.7967,29.6358,1.56004,-112.775,246.933
572.64,9.89133,2.32615,21.2551,11.7967,29.6358,1.55659,-112.775,250.65
572.66,9.88974,2.36642,21.2551,11.7041,29.694,1.55659,-112.775,253.297
572.68,9.89187,2.42505,21.3009,11.7038,29.6358,1.57404,-112.775,253.836
572.7,9.88973,2.43243,21.3468,11.8431,29.6358,1.57404,-112.775,258.616
572.72,9.88973,2.47225,21.3468,11.8431,29.5777,1.57404,-112.775,261.263
572.74,9.89133,2.34502,21.5302,11.8896,29.5775,1.57404,-110.819,263.395
572.76,9.88973,2.34501,21.5302,11.8896,29.5191,1.57404,-110.819,263.395
572.78,9.89133,2.34496,21.5302,11.797,29.5191,1.57404,-110.819,260.748
572.8,9.89133,2.42698,21.5302,11.7967,29.6358,1.57404,-110.819,259.147
572.82,9.89027,2.39423,21.6677,11.8896,29.6358,1.57404,-110.819,258.085
572.84,9.89346,2.39424,21.7591,11.797,29.6358,1.57404,-110.819,256.496
572.86,9.88973,2.40954,21.7594,11.7967,29.6358,1.57616,-110.819,258.085
572.88,9.88973,2.42353,21.8053,11.9825,29.6358,1.57616,-110.819,261.271
572.9,9.88973,2.40817,21.8053,11.9825,29.694,1.56457,-110.819,261.8
572.92,9.89294,2.40375,21.8053,11.936,29.6942,1.56454,-110.819,261.802
572.94,9.8908,2.42033,21.8053,11.936,29.8692,1.56454,-110.819,265.519
572.96,9.8908,2.36717,21.8967,11.8897,29.8692,1.56454,-114.35,273.46
572.98,9.8908,2.39342,21.897,11.8896,29.6942,1.56454,-114.36,275.609
573,9.89027,2.38866,21.8511,11.9825,29.6942,1.56454,-114.36,269.236
573.02,9.8908,2.38866,21.8511,12.0288,29.7523,1.56454,-114.36,264.472
573.04,9.8908,2.38345,21.9887,12.0289,29.8108,1.56454,-114.36,260.209
573.06,9.8892,2.32534,21.9887,11.9825,29.8108,1.56454,-114.36,255.96
573.08,9.88759,2.31469,21.9887,11.9825,29.9275,1.57205,-114.36,257.022
573.1,9.86408,2.32567,22.0804,12.0289,29.9275,1.57205,-114.36,256.491
573.12,9.86408,2.35357,22.0804,12.0289,29.9858,1.54122,-114.36,253.305
573.14,9.85179,2.32494,22.1262,11.9825,29.9858,1.54122,-114.36,252.243
573.16,9.8422,2.32082,22.1262,11.9825,30.1603,1.54122,-114.36,251.184
573.18,9.83469,2.3468,22.1262,12.0289,30.1609,1.54122,-111.848,252.243
573.2,9.83469,2.31507,22.1262,12.0289,30.2192,1.54122,-111.848,254.367
573.22,9.82563,2.33944,22.2633,12.1215,30.2192,1.54122,-111.848,255.426
573.24,9.81972,2.34957,22.3096,12.1218,30.2192,1.54122,-111.848,258.085
573.26,9.80797,2.29542,22.3096,12.1218,30.1025,1.54122,-111.848,262.864
573.28,9.80797,2.45317,22.4467,12.2607,30.1025,1.54122,-111.848,263.393
573.3,9.79888,2.42509,22.4471,12.2611,30.2775,1.53898,-111.848,261.802
573.32,9.79621,2.4155,22.4471,12.1682,30.2775,1.53898,-111.848,262.864
573.34,9.78395,2.51584,22.4471,12.1682,30.1612,1.55244,-111.848,261.276
573.36,9.78392,2.27743,22.493,12.354,30.1609,1.55248,-111.848,255.96
573.38,9.78071,2.29748,22.493,12.354,30.2192,1.55248,-112.94,252.243
573.4,9.77645,2.302,22.5387,12.2614,30.2192,1.55248,-112.94,254.361
573.42,9.7743,2.42905,22.5388,12.354,30.4526,1.55248,-112.94,254.898
573.44,9.7743,2.3556,22.6305,12.354,30.4526,1.55248,-112.94,253.836
573.46,9.7743,2.37646,22.7219,12.354,30.4526,1.55248,-112.94,252.777
573.48,9.76949,2.37045,22.7222,12.354,30.4526,1.55248,-112.94,258.085
573.5,9.77109,2.34066,22.6764,12.3076,30.4526,1.55248,-112.94,259.147
573.52,9.76949,2.32082,22.6764,12.3076,30.3362,1.54408,-112.94,255.441
573.54,9.76949,2.33905,22.7681,12.4933,30.3359,1.54405,-112.94,254.367
573.56,9.77002,2.29739,22.7681,12.4933,30.3359,1.54405,-112.94,254.367
573.58,9.77109,2.30836,22.7681,12.4933,30.3359,1.54405,-112.94,254.367
573.6,9.76788,2.55246,22.7681,12.4469,30.3942,1.54405,-113.866,257.022
573.62,9.76788,2.31923,22.9056,12.4469,30.3942,1.54405,-113.866,258.616
573.64,9.76949,2.32974,22.9056,12.4933,30.4526,1.54405,-113.866,255.429
573.66,9.76789,2.41315,22.9056,12.4933,30.4526,1.54405,-113.866,251.194
573.68,9.76468,2.31476,22.9515,12.4933,30.4526,1.54405,-113.866,245.34
573.7,9.76468,2.42289,22.9515,12.4933,30.5109,1.54405,-113.866,243.215
573.72,9.76148,2.32707,23.0886,12.447,30.5109,1.54405,-113.866,243.215
573.74,9.76307,2.32678,23.089,12.4469,30.6276,1.54348,-113.866,246.933
573.76,9.76254,2.41339,23.089,12.5862,30.6276,1.54348,-113.866,253.305
573.78,9.76254,2.37193,23.089,12.5862,30.5694,1.54348,-113.866,254.364
573.8,9.76414,2.43951,23.2724,12.4469,30.5692,1.54348,-113.866,253.836
573.82,9.76254,2.4395,23.2724,12.6327,30.8026,1.54348,-112.075,254.898
573.84,9.76467,2.40445,23.3638,12.6327,30.9189,1.54348,-112.075,253.31
573.86,9.76468,2.3569,23.5933,12.5398,30.9193,1.54348,-112.075,251.712
573.88,9.76254,2.43678,23.5933,12.5398,31.0943,1.54348,-112.075,254.367
573.9,9.76307,2.43974,23.5933,12.5861,31.0943,1.54348,-112.075,250.661
573.92,9.76307,2.39825,23.5933,12.5862,31.211,1.54348,-112.075,253.836
573.94,9.76307,2.27189,23.5933,12.6327,31.211,1.54334,-112.075,261.802
573.96,9.76361,2.42485,23.5933,12.6327,31.2691,1.54334,-112.075,267.625
573.98,9.76468,2.41715,23.7309,12.5862,31.2693,1.55887,-112.075,272.423
574,9.76254,2.39661,23.7309,12.7256,31.2693,1.55887,-112.075,271.891
574.02,9.76254,2.35994,23.6395,12.7256,31.2693,1.55887,-112.075,275.068
574.04,9.76628,2.39212,23.685,12.5862,31.5026,1.55887,-115.184,278.264
574.06,9.76307,2.38059,23.685,12.5862,31.4443,1.55887,-115.184,284.105
574.08,9.76414,2.40946,23.685,12.6327,31.4443,1.55887,-115.184,289.416
574.1,9.76414,2.46864,23.685,12.6327,31.4443,1.55887,-115.184,294.195
574.12,9.76361,2.36747,23.5933,12.7256,31.4443,1.55887,-115.184,295.257
574.14,9.76468,2.36889,23.5933,12.7256,31.3276,1.55887,-115.184,296.319
574.16,9.76361,2.5026,23.639,12.5867,31.3276,1.55916,-115.184,293.672
574.18,9.76414,2.38615,23.6392,12.8185,30.9776,1.55916,-115.184,291.009
574.2,9.76414,2.44829,23.5475,12.8185,30.9776,1.5514,-115.184,293.664
574.22,9.76361,2.4522,23.4561,12.7722,30.8613,1.5514,-115.184,297.37
574.24,9.76521,2.4431,23.4558,12.772,30.7442,1.5514,-115.184,293.133
574.26,9.76254,2.29955,23.3641,12.7256,30.7442,1.5514,-112.569,293.133
574.28,9.76254,2.37939,23.3641,12.7256,30.7442,1.5514,-112.569,292.604
574.3,9.76147,2.38011,23.3183,12.772,30.7442,1.5514,-112.569,289.947
574.32,9.76361,2.49665,23.3183,12.772,30.6276,1.5514,-112.569,292.602
574.34,9.76521,2.50295,23.1811,12.772,30.6276,1.5514,-112.569,288.367
574.36,9.76521,2.33493,23.1807,12.772,30.3942,1.5514,-112.569,281.981
574.38,9.76094,2.45401,23.0432,12.8649,30.3942,1.55309,-112.569,277.733
574.4,9.76254,2.45401,23.0432,12.9112,30.4524,1.55309,-112.569,276.145
574.42,9.76254,2.44421,22.9973,12.9113,30.5109,1.55891,-112.569,274.547
574.44,9.76254,2.41724,22.9056,12.9113,30.5109,1.55891,-112.569,266.581
574.46,9.76307,2.54843,22.9056,12.9113,30.3364,1.55891,-112.569,259.699
574.48,9.76147,2.54883,22.8598,13.0042,30.3359,1.55891,-113.557,254.898
574.5,9.76254,2.44242,22.8598,13.0042,30.3359,1.55891,-113.557,247.995
574.52,9.76254,2.40981,22.8141,13.0042,30.3359,1.55891,-113.557,241.642
574.54,9.7604,2.3175,22.8139,13.0042,30.3359,1.55891,-113.557,235.25
574.56,9.76361,2.34435,22.8598,13.0507,30.3359,1.55891,-113.557,228.877
574.58,9.76307,2.35179,22.8598,13.0507,30.2192,1.55891,-113.557,231.533
574.6,9.76307,2.51848,22.8139,13.1436,30.2192,1.5608,-113.557,234.188
574.62,9.76307,2.4887,22.8139,13.2829,30.1609,1.5608,-113.557,231.002
574.64,9.76254,2.51452,22.8139,13.2829,30.3359,1.57048,-113.557,226.753
574.66,9.75988,2.52861,22.6311,13.4218,30.3359,1.57048,-113.557,228.871
574.68,9.75987,2.42188,22.6305,13.4222,30.3359,1.57048,-113.557,227.815
574.7,9.76468,2.39874,22.5847,13.4222,30.3359,1.57048,-113.784,227.284
574.72,9.76255,2.42106,22.5847,13.4222,30.394,1.57048,-113.784,230.99
574.74,9.76254,2.44207,22.6305,13.608,30.3942,1.57048,-113.784,229.409
574.76,9.76254,2.44067,22.6305,13.608,30.5109,1.57048,-113.784,230.471
574.78,9.76467,2.47495,22.4934,13.5617,30.5109,1.57048,-113.784,233.647
574.8,9.76575,2.45544,22.4471,13.7473,30.5692,1.57048,-113.784,233.657
574.82,9.76628,2.35409,22.4471,13.7473,30.6276,1.57246,-113.784,233.126
574.84,9.76628,2.58711,22.3557,13.7473,30.6276,1.57246,-113.784,237.891
574.86,9.76575,2.49449,22.3554,13.7473,30.3942,1.55118,-113.784,243.215
574.88,9.76628,2.48036,22.3096,13.7473,30.3942,1.55118,-113.784,247.464
574.9,9.76628,2.38862,22.3096,13.7473,30.2197,1.55118,-113.784,252.758
574.92,9.76628,2.51553,22.2179,13.9331,30.2192,1.55118,-112.425,260.209
574.94,9.76682,2.2817,22.2179,13.9331,30.1025,1.55118,-112.425,262.333
574.96,9.76362,2.28535,22.1265,13.7479,30.1025,1.55118,-112.425,264.451
574.98,9.76361,2.34053,22.1262,13.7473,29.8108,1.55118,-112.425,269.767
575,9.76361,2.39631,22.0804,13.7473,29.7525,1.55118,-112.425,259.678
575.02,9.76574,2.44551,21.9432,13.701,29.7525,1.55118,-112.425,249.619
575.04,9.76628,2.40935,21.9428,13.7009,29.5775,1.55206,-112.425,253.836
575.06,9.76628,2.45916,21.897,13.608,29.5775,1.55206,-112.425,258.085
575.08,9.76628,2.3627,21.897,13.608,29.3441,1.58299,-112.425,261.802
575.1,9.76628,2.46483,21.6219,13.7473,29.3441,1.58299,-112.425,268.705
575.12,9.76682,2.44408,21.6219,13.7473,29.1691,1.58299,-112.425,276.671
575.14,9.76575,2.46702,21.7136,13.5151,29.1691,1.58299,-115.081,280.388
575.16,9.76575,2.45399,21.7136,13.6077,29.111,1.58299,-115.081,282.506
575.18,9.76575,2.32823,21.6219,13.608,29.1108,1.58299,-115.081,281.981
575.2,9.76575,2.37186,21.6219,13.5616,28.9941,1.58299,-115.081,284.636
575.22,9.76735,2.38707,21.6676,13.5616,28.9941,1.58299,-115.081,285.166
575.24,9.76682,2.41509,21.576,13.4687,28.9941,1.58299,-115.081,283.574
575.26,9.76682,2.33331,21.576,13.4687,28.9358,1.58003,-115.081,279.326
575.28,9.76309,2.3787,21.6674,13.6076,28.9358,1.58003,-115.081,274.561
575.3,9.7604,2.56426,21.6677,13.608,28.8191,1.58196,-115.081,276.671
575.32,9.75987,2.34592,21.7136,13.4222,28.8191,1.58196,-115.081,277.733
575.34,9.75987,2.47485,21.7136,13.4222,28.9354,1.58196,-111.673,282.498
575.36,9.75773,2.40853,21.8511,13.608,28.9358,1.58196,-111.663,292.602
575.38,9.7572,2.40852,21.8511,13.5151,28.8191,1.58196,-111.663,296.319
575.4,9.75986,2.57068,21.9425,13.5151,28.8191,1.58196,-111.663,296.849
575.42,9.75987,2.41073,22.0345,13.4222,28.7607,1.58196,-111.663,298.975
575.44,9.75933,2.43625,22.0345,13.4222,28.8191,1.58196,-111.663,310.657
575.46,9.75827,2.43625,22.1716,13.4222,28.8191,1.58196,-111.663,313.834
575.48,9.75933,2.35952,22.1721,13.4222,28.7024,1.58054,-111.663,311.188
575.5,9.75933,2.48172,22.1262,13.2829,28.7024,1.58054,-111.663,309.064
575.52,9.75827,2.40731,22.1262,13.2829,28.8187,1.56894,-111.663,305.888
575.54,9.7572,2.38442,22.1262,13.2829,28.8191,1.56891,-111.663,301.63
575.56,9.7572,2.33979,22.1262,13.3293,28.9358,1.56891,-113.475,297.381
575.58,9.7572,2.38942,22.0345,13.3293,28.9358,1.56891,-113.475,294.726
575.6,9.75826,2.52406,21.9887,13.0507,29.1108,1.56891,-113.475,291.009
575.62,9.7588,2.52508,21.9887,13.0507,29.3441,1.56891,-113.475,288.354
575.64,9.75826,2.48322,21.6677,13.1436,29.3441,1.56891,-113.475,291.009
575.66,9.75826,2.40016,21.6677,13.1436,29.3441,1.56891,-113.475,289.421
575.68,9.7588,2.32551,21.6677,12.9113,29.3441,1.56891,-113.475,290.478
575.7,9.75826,2.36158,21.6677,12.9113,29.5191,1.57165,-113.475,294.726
575.72,9.7588,2.43,21.5306,12.9113,29.5191,1.562,-113.475,292.079
575.74,9.7588,2.31384,21.5302,12.9113,29.6942,1.56198,-113.475,287.292
575.76,9.75773,2.42801,21.3926,12.8649,29.6942,1.56198,-113.475,278.795
575.78,9.7572,2.40763,21.3926,12.6797,29.636,1.56198,-113.044,272.442
575.8,9.75987,2.39111,21.3926,12.6791,29.8108,1.56198,-113.043,266.581
575.82,9.75933,2.41993,21.3009,12.6791,29.8108,1.56198,-113.043,260.74
575.84,9.75933,2.52334,21.3009,12.6791,29.9272,1.56198,-113.043,260.74
575.86,9.75826,2.49785,21.3468,12.4469,29.9275,1.56198,-113.043,251.181
575.88,9.75826,2.55663,21.3468,12.4469,29.9275,1.56198,-113.043,242.153
575.9,9.75826,2.36495,21.3011,12.5858,29.9275,1.56213,-113.043,238.977
575.92,9.75773,2.40822,21.3009,12.5862,30.0442,1.56213,-113.043,240.029
575.94,9.7572,2.35788,21.4385,12.4469,30.0442,1.56213,-113.043,242.153
575.96,9.75986,2.34985,21.4385,12.308,30.0442,1.56213,-113.043,240.036
575.98,9.75987,2.42846,21.4385,12.3076,30.3942,1.56213,-113.043,239.498
576,9.75826,2.53071,21.6219,12.4005,30.3942,1.56213,-111.478,238.967
576.02,9.75826,2.3444,21.6219,12.4005,30.3361,1.56213,-111.478,240.555
576.04,9.7588,2.34383,21.576,12.3076,30.3359,1.56213,-111.478,237.905
576.06,9.7588,2.42895,21.576,12.3076,30.3359,1.56213,-111.478,236.843
576.08,9.75773,2.43795,21.6677,12.354,30.3359,1.56213,-111.478,240.029
576.1,9.76094,2.43116,21.6677,12.354,30.3942,1.56213,-111.478,238.436
576.12,9.76254,2.44896,21.6677,12.2611,30.3942,1.55711,-111.478,233.657
576.14,9.76254,2.44321,21.6677,12.1682,30.3942,1.55711,-111.478,231.002
576.16,9.76361,2.31756,21.622,12.1682,30.3942,1.56292,-111.478,230.472
576.18,9.76361,2.32274,21.6219,12.2147,30.3942,1.56293,-111.478,229.408
576.2,9.76682,2.33632,21.6219,12.2147,30.3942,1.56293,-111.478,230.47
576.22,9.76682,2.31073,21.5305,12.1221,30.3942,1.56293,-115.091,237.353
576.24,9.76949,2.42922,21.5302,12.1218,30.3942,1.56293,-115.102,242.153
576.26,9.76842,2.46929,21.4843,12.0754,30.3942,1.56293,-115.102,245.871
576.28,9.77002,2.42739,21.4843,12.0754,30.3942,1.56293,-115.102,244.282
576.3,9.76788,2.39633,21.3009,12.0754,30.3942,1.56293,-115.102,242.153
576.32,9.76788,2.36601,21.3009,12.0754,30.3942,1.56293,-115.102,245.871
576.34,9.76842,2.38956,21.2552,11.9827,30.3942,1.56272,-115.102,245.341
576.36,9.77109,2.4917,21.2551,12.0754,30.1025,1.56272,-115.102,238.967
576.38,9.76788,2.43412,21.2092,12.0754,30.1025,1.56272,-115.102,236.843
576.4,9.76788,2.39303,21.3007,12.0754,30.1025,1.56272,-115.102,232.608
576.42,9.77216,2.36769,21.3009,12.0754,29.9275,1.56272,-115.102,232.595
576.44,9.76949,2.31112,21.3009,12.0289,29.9275,1.56272,-111.622,231.533
576.46,9.77109,2.33854,21.3009,12.0289,29.753,1.56272,-111.622,232.062
576.48,9.77109,2.37125,21.3926,12.2147,29.7525,1.56272,-111.622,231.002
576.5,9.77216,2.36765,21.3926,12.2147,29.8108,1.56272,-111.622,226.753
576.52,9.77163,2.36765,21.4841,12.1221,29.8108,1.56272,-111.622,227.283
576.54,9.77163,2.43268,21.4843,12.1218,30.0442,1.56272,-111.622,226.222
576.56,9.77163,2.46162,21.4843,12.2611,30.0442,1.56378,-111.622,223.036
576.58,9.77109,2.44147,21.576,12.2611,30.1025,1.56378,-111.622,224.098
576.6,9.77056,2.44147,21.576,12.2611,30.3359,1.54827,-111.622,221.443
576.62,9.76949,2.32915,21.5302,12.354,30.3359,1.54827,-111.622,214.539
576.64,9.76949,2.52671,21.5302,12.354,30.7442,1.54827,-111.622,208.167
576.66,9.76896,2.42977,21.6673,12.5392,30.7442,1.54827,-114.188,203.932
576.68,9.77056,2.44563,21.6677,12.5398,30.9193,1.54827,-114.196,201.794
576.7,9.77163,2.40412,21.6219,12.4469,30.9193,1.54827,-114.196,204.981
576.72,9.77163,2.52126,21.6219,12.4469,31.0937,1.54827,-114.196,205.51
576.74,9.77163,2.60435,21.7594,12.6791,31.0943,1.54827,-114.196,200.201
576.76,9.76949,2.5963,21.7594,12.6791,30.9776,1.54827,-114.196,194.891
576.78,9.77002,2.42881,21.7594,12.6791,30.6868,1.55153,-114.196,199.126
576.8,9.77163,2.47475,21.8053,12.7256,30.6859,1.55154,-114.196,203.388
576.82,9.77163,2.34091,21.8053,12.7256,30.6276,1.51671,-114.196,206.043
576.84,9.77163,2.31613,21.7596,12.8182,30.6276,1.51671,-114.196,204.455
576.86,9.76949,2.37935,21.7594,12.8185,30.3359,1.51671,-114.196,201.263
576.88,9.77163,2.40225,21.7594,12.8649,30.3359,1.51671,-112.94,196.484
576.9,9.77163,2.29906,21.7594,12.8649,30.3359,1.51671,-112.94,192.249
576.92,9.77269,2.31028,21.7136,13.0042,30.3359,1.51671,-112.94,191.174
576.94,9.77269,2.38515,21.7136,12.9578,30.2192,1.51671,-112.94,191.705
576.96,9.77216,2.35115,21.5307,12.9578,30.1029,1.51671,-112.94,192.234
576.98,9.77216,2.36808,21.3926,13.0042,30.1025,1.51671,-112.94,192.767
577,9.77056,2.41221,21.3926,13.0042,29.8692,1.51627,-112.94,190.112
577.02,9.77269,2.41221,21.2098,13.1431,29.8692,1.51627,-112.94,191.7
577.04,9.7743,2.37419,21.2092,13.1436,29.7525,1.52014,-112.94,192.767
577.06,9.7743,2.40827,21.1175,13.0042,29.7525,1.52014,-112.94,193.298
577.08,9.77216,2.36576,21.1175,13.0042,29.6358,1.52014,-112.94,194.36
577.1,9.77483,2.36577,20.98,13.2364,29.6358,1.52014,-111.313,193.298
577.12,9.77323,2.41475,20.98,13.2829,29.4025,1.52014,-111.313,191.174
577.14,9.77323,2.46144,20.9342,13.2829,29.4025,1.52014,-111.313,191.705
577.16,9.77376,2.40981,20.9342,13.3755,29.1117,1.52014,-111.313,192.764
577.18,9.77216,2.39758,20.7966,13.3758,28.9941,1.52014,-111.313,197.015
577.2,9.77483,2.33186,20.8425,13.5151,28.9941,1.52014,-111.313,197.546
577.22,9.77483,2.34638,20.8425,13.5151,28.8778,1.52103,-111.313,198.605
577.24,9.77216,2.36028,20.7049,13.4687,28.8774,1.52103,-111.313,201.794
577.26,9.77323,2.38027,20.7049,13.4687,28.7024,1.49975,-111.313,202.326
577.28,9.77483,2.52002,20.6135,13.6076,28.7024,1.49975,-111.313,204.443
577.3,9.77483,2.46145,20.6132,13.608,28.5857,1.49975,-113.187,205.512
577.32,9.77323,2.39517,20.6132,13.7009,28.5857,1.49975,-113.187,206.043
577.34,9.7695,2.39756,20.6132,13.7935,28.6439,1.49975,-113.187,208.69
577.36,9.77002,2.50699,20.5215,13.7938,28.6441,1.49975,-113.187,209.76
577.38,9.77002,2.46155,20.5215,13.7938,28.4107,1.49975,-113.187,209.76
577.4,9.76682,2.4544,20.5215,13.7938,28.2944,1.49975,-113.187,207.113
577.42,9.76895,2.4122,20.4757,13.8402,28.294,1.49975,-113.187,203.388
577.44,9.77002,2.42055,20.4757,13.8402,28.3524,1.49817,-113.187,202.857
577.46,9.77002,2.4134,20.2471,13.8865,28.3524,1.49817,-113.187,202.857
577.48,9.76949,2.38964,20.2464,13.8867,28.3524,1.52141,-113.187,202.326
577.5,9.77056,2.37412,20.2923,13.8867,28.3524,1.52141,-113.187,201.263
577.52,9.76843,2.39844,20.2923,13.8867,28.4105,1.52141,-109.759,204.44
577.54,9.76842,2.41581,20.2006,13.8402,28.4107,1.52141,-109.748,208.698
577.56,9.76895,2.38472,20.063,13.7938,28.3524,1.52141,-109.748,208.167
577.58,9.76949,2.38329,20.063,13.7938,28.1774,1.52141,-109.748,207.105
577.6,9.76949,2.45865,19.9714,13.7473,28.1774,1.52141,-109.748,202.857
577.62,9.76949,2.37459,19.9714,13.7473,28.119,1.52141,-109.748,198.077
577.64,9.77002,2.32933,19.9255,13.7473,28.119,1.52141,-109.748,192.767
577.66,9.76842,2.30157,19.9255,13.7473,28.119,1.51911,-109.748,191.708
577.68,9.76735,2.4297,19.788,13.6544,28.119,1.54044,-109.748,193.298
577.7,9.76895,2.33369,19.788,13.6544,27.8857,1.54044,-109.748,190.643
577.72,9.76895,2.36519,19.788,13.7933,27.8857,1.54044,-109.748,189.054
577.74,9.76735,2.37143,19.6046,13.7009,28.0023,1.54044,-112.796,185.863
577.76,9.76521,2.39611,19.6046,13.7009,27.944,1.54044,-112.796,183.739
577.78,9.76894,2.4048,19.696,13.6083,27.944,1.54044,-112.796,181.621
577.8,9.76895,2.42274,19.6963,13.608,27.769,1.54044,-112.796,184.801
577.82,9.77109,2.40936,19.6504,13.7009,27.769,1.54044,-112.796,190.643
577.84,9.76789,2.46774,19.6504,13.7009,27.769,1.54044,-112.796,195.407
577.86,9.76949,2.30851,19.6504,13.6544,27.769,1.54222,-112.796,197.015
577.88,9.76949,2.54382,19.6504,13.6544,27.5356,1.54222,-112.796,194.891
577.9,9.76842,2.35582,19.6504,13.6544,27.5356,1.49973,-112.796,193.303
577.92,9.76949,2.35525,19.6504,13.5616,27.419,1.4996,-112.796,190.112
577.94,9.76682,2.38027,19.6046,13.5616,27.5356,1.4996,-112.796,182.677
577.96,9.76682,2.34607,19.5589,13.7005,27.5356,1.4996,-111.153,180.559
577.98,9.76949,2.42472,19.5587,13.7009,27.419,1.4996,-111.148,182.146
578,9.77056,2.42472,19.5129,13.5151,27.419,1.4996,-111.148,183.739
578.02,9.77056,2.50775,19.5129,13.5151,27.6516,1.4996,-111.148,187.975
578.04,9.77056,2.40874,19.467,13.5151,27.6523,1.4996,-111.148,192.767
578.06,9.76949,2.43899,19.467,13.5151,27.8273,1.4996,-111.148,191.174
578.08,9.76949,2.48755,19.3295,13.4222,27.8273,1.50107,-111.148,185.332
578.1,9.77002,2.42829,19.3295,13.4687,27.8273,1.50107,-111.148,183.208
578.12,9.77002,2.4102,19.2836,13.4687,27.8273,1.53979,-111.148,185.332
578.14,9.77056,2.44953,19.2836,13.4687,27.8857,1.53979,-111.148,185.332
578.16,9.77002,2.43195,19.1922,13.4687,27.7694,1.53979,-111.148,188.509
578.18,9.76842,2.34011,19.1002,13.4222,27.769,1.53979,-110.736,188.519
578.2,9.76842,2.40898,19.1002,13.4222,27.594,1.53979,-110.736,188.519
578.22,9.77002,2.2498,19.0545,13.3296,27.594,1.53979,-110.736,185.871
578.24,9.77056,2.21917,19.0544,13.3293,27.4773,1.53979,-110.736,183.739
578.26,9.76949,2.29446,19.0544,13.3293,27.4773,1.53979,-110.736,182.677
578.28,9.76949,2.31158,19.0544,13.3293,27.4191,1.53979,-110.736,176.854
578.3,9.76895,2.34014,18.9169,13.2829,27.419,1.53993,-110.736,174.712
578.32,9.76949,2.3554,18.9169,13.19,27.5356,1.53993,-110.736,176.305
578.34,9.77109,2.28183,18.9626,13.19,27.5356,1.5573,-110.736,179.481
578.36,9.77109,2.38167,19.0085,13.1436,27.8273,1.55735,-110.736,185.332
578.38,9.77002,2.36349,19.0085,13.1436,28.0607,1.55735,-110.736,186.394
578.4,9.76842,2.38295,19.1,13.051,28.0607,1.55735,-112.317,188.512
578.42,9.76895,2.36778,19.1002,13.0507,28.2357,1.55735,-112.322,185.863
578.44,9.76895,2.49954,19.1002,13.0971,28.2357,1.55735,-112.322,180.553
578.46,9.76895,2.38376,19.1002,13.0971,28.5265,1.55735,-112.322,175.788
578.48,9.76735,2.3458,19.2378,13.0971,28.5274,1.55735,-112.322,177.367
578.5,9.76949,2.44535,19.2378,13.0971,28.7024,1.55735,-112.322,185.332
578.52,9.76896,2.39879,19.4663,13.0045,28.7024,1.56034,-112.322,189.568
578.54,9.76895,2.45586,19.6504,13.1436,28.8191,1.56035,-112.322,190.112
578.56,9.77056,2.43747,19.6504,13.1436,29.1691,1.56614,-112.322,191.705
578.58,9.76949,2.42079,19.788,13.0507,29.1691,1.56614,-112.322,191.705
578.6,9.76895,2.37428,19.788,13.0507,29.4025,1.56614,-112.322,191.174
578.62,9.76895,2.41197,19.9255,13.1436,29.4025,1.56614,-108.739,190.643
578.64,9.77002,2.36782,19.9255,13.1436,29.6358,1.56614,-108.739,193.298
578.66,9.76949,2.36782,20.0169,13.0973,29.6358,1.56614,-108.739,195.416
578.68,9.76949,2.48568,20.0172,13.0971,29.9858,1.56614,-108.739,198.077
578.7,9.76949,2.45742,20.0172,13.1436,29.9858,1.56614,-108.739,205.512
578.72,9.77002,2.42076,20.0629,13.0973,30.2185,1.56614,-108.739,212.394
578.74,9.76628,2.42063,20.063,13.0971,30.3942,1.57414,-108.739,215.601
578.76,9.76735,2.34574,20.0172,13.0042,30.3942,1.57414,-108.739,219.319
578.78,9.76735,2.37021,20.0172,13.0042,30.6269,1.57989,-108.739,219.848
578.8,9.76628,2.39419,20.1547,13.1436,30.6276,1.57991,-108.739,219.85
578.82,9.76788,2.40532,20.1547,13.1436,30.2775,1.57991,-108.739,217.195
578.84,9.76629,2.44261,20.2005,12.9584,30.2775,1.57991,-111.387,219.312
578.86,9.76628,2.44763,20.2006,12.9578,29.8692,1.57991,-111.395,220.912
578.88,9.76735,2.44483,20.384,13.0042,29.8692,1.57991,-111.395,221.974
578.9,9.76682,2.47205,20.384,13.0505,29.5784,1.57991,-111.395,222.503
578.92,9.76842,2.49063,20.5674,13.0507,29.4025,1.57991,-111.395,216.664
578.94,9.76842,2.39305,20.7966,13.0042,29.4025,1.57991,-111.395,211.884
578.96,9.76469,2.40069,20.7966,13.0042,29.228,1.58241,-111.395,215.061
578.98,9.76628,2.40654,21.1175,13.0507,29.2275,1.58242,-111.395,219.319
579,9.75185,2.4702,21.1175,13.0507,29.2275,1.57474,-111.395,217.195
579.02,9.75185,2.41425,21.3004,12.9581,29.2275,1.57474,-111.395,215.606
579.04,9.74918,2.37166,21.3009,12.9578,29.1108,1.57474,-111.395,216.664
579.06,9.75025,2.35468,21.6677,13.0507,29.1108,1.57474,-109.419,214.539
579.08,9.75078,2.50107,21.6677,13.0507,29.1691,1.57474,-109.419,211.884
579.1,9.75078,2.42818,21.9428,13.0042,29.1691,1.57474,-109.419,208.698
579.12,9.74865,2.46423,21.9428,13.0507,29.5775,1.57474,-109.419,206.574
579.14,9.74971,2.41366,22.3554,13.0507,29.7525,1.57474,-109.419,207.105
579.16,9.74865,2.35254,22.7211,13.097,29.7525,1.57474,-109.419,207.634
579.18,9.74865,2.45286,22.7222,13.0971,30.3942,1.56867,-109.419,201.263
579.2,9.74971,2.32488,23.089,13.0042,30.3942,1.56867,-109.419,195.422
579.22,9.75131,2.39423,23.089,13.0042,30.9177,1.59748,-109.419,198.069
579.24,9.75078,2.42889,23.5933,13.1436,30.9193,1.59757,-109.419,203.388
579.26,9.75078,2.38067,23.5933,13.1436,31.2693,1.59757,-109.419,206.574
579.28,9.74705,2.41612,24.0047,13.051,31.2693,1.59757,-108.413,210.28
579.3,9.75025,2.45778,24.006,13.0507,31.736,1.59757,-108.41,210.822
579.32,9.74811,2.46201,24.5103,13.0507,31.736,1.59757,-108.41,215.601
579.34,9.74811,2.30621,25.1045,13.0507,32.1431,1.59757,-108.41,220.366
579.36,9.75025,2.30375,25.1063,13.0507,32.3194,1.59757,-108.41,218.257
579.38,9.75025,2.27531,25.7023,12.9578,32.3194,1.59757,-108.41,211.884
579.4,9.75185,2.3005,25.7023,12.9578,32.4939,1.59852,-108.41,206.061
579.42,9.74811,2.33125,26.2067,13.0042,32.4944,1.59852,-108.41,206.574
579.44,9.74811,2.34744,26.2067,13.0042,32.9028,1.59082,-108.41,211.884
579.46,9.74705,2.36108,26.7095,12.9116,32.9028,1.59082,-108.41,214.531
579.48,9.74651,2.3574,26.711,12.9113,33.2528,1.59082,-110.345,215.07
579.5,9.7449,2.3543,27.0778,13.0507,33.2528,1.59082,-110.345,216.133
579.52,9.7449,2.28732,27.352,12.9118,33.6017,1.59082,-110.345,218.25
579.54,9.74223,2.32199,27.3529,12.9113,33.9528,1.59082,-110.345,217.195
579.56,9.74651,2.35487,27.6738,13.0507,33.9528,1.59082,-110.345,214.008
579.58,9.74437,2.3625,27.6738,13.0507,34.3612,1.59082,-110.345,212.946
579.6,9.74437,2.37273,27.903,13.0507,34.3612,1.59082,-110.345,218.257
579.62,9.73742,2.34438,27.903,13.0507,34.4779,1.58963,-110.345,223.036
579.64,9.73796,2.34438,28.1323,13.0507,34.4779,1.57036,-110.345,219.319
579.66,9.73849,2.3635,28.1323,13.0507,34.7105,1.57036,-110.345,214.554
579.68,9.73849,2.40736,28.4074,13.1436,34.7112,1.57036,-110.345,211.884
579.7,9.73903,2.39156,28.4074,13.1436,34.9446,1.57036,-106.598,209.76
579.72,9.73583,2.39156,28.6359,13.1436,34.8864,1.57036,-106.598,215.054
579.74,9.73635,2.46321,28.8658,13.3293,34.8863,1.57036,-106.598,216.664
579.76,9.73635,2.25101,28.8658,13.3293,35.178,1.57036,-106.598,211.884
579.78,9.73422,2.47139,29.0487,13.283,35.178,1.57036,-106.598,212.943
579.8,9.73315,2.43283,29.0492,13.2829,35.1196,1.57036,-106.598,215.601
579.82,9.73101,2.35726,29.1868,13.3293,35.1196,1.56967,-106.598,217.726
579.84,9.73101,2.43355,29.1868,13.3293,35.2941,1.56967,-106.598,226.196
579.86,9.73048,2.34105,29.2785,13.5151,35.2946,1.56003,-106.598,229.939
579.88,9.7278,2.3434,29.2785,13.5151,35.353,1.56003,-106.598,222.505
579.9,9.7278,2.39312,29.3699,13.5151,35.353,1.56003,-106.598,217.211
579.92,9.7278,2.41519,29.2785,13.6544,35.353,1.56003,-109.625,218.788
579.94,9.7278,2.46926,29.2785,13.6544,35.2946,1.56003,-109.625,219.319
579.96,9.72887,2.46007,29.2328,13.6081,35.2946,1.56003,-109.625,221.966
579.98,9.7262,2.48273,29.2326,13.608,35.4113,1.56003,-109.625,224.098
580,9.7262,2.39498,29.2785,13.7473,35.4113,1.56003,-109.625,224.098
580.02,9.7278,2.40993,29.2785,13.7473,35.3531,1.56003,-109.625,225.157
580.04,9.72406,2.382,29.2326,13.6544,35.353,1.55913,-109.625,226.753
580.06,9.72567,2.26082,29.2326,13.6544,35.353,1.55913,-109.625,229.408
580.08,9.72567,2.3699,29.1868,13.7009,35.353,1.54756,-109.625,233.126
580.1,9.72727,2.42569,29.1868,13.7009,35.353,1.54756,-109.625,234.188
580.12,9.72727,2.45938,29.1868,13.7009,35.2363,1.54756,-109.625,239.498
580.14,9.72673,2.36132,29.1409,13.4687,35.2363,1.54756,-107.215,240.56
580.16,9.72673,2.32373,29.1409,13.4687,35.2944,1.54756,-107.215,234.207
580.18,9.72673,2.38624,29.1868,13.608,35.2946,1.54756,-107.215,234.188
580.2,9.72673,2.3886,29.1868,13.608,35.353,1.54756,-107.215,235.25
580.22,9.7262,2.41225,29.2782,13.3302,35.353,1.54756,-107.215,234.72
580.24,9.7262,2.38578,29.2785,13.3293,35.4696,1.54756,-107.215,234.719
580.26,9.72727,2.37913,29.1868,13.19,35.4696,1.53994,-107.215,228.346
580.28,9.72514,2.33678,29.1868,13.0048,35.4115,1.53994,-107.215,221.993
580.3,9.72139,2.41731,29.2326,13.0042,35.4113,1.56126,-107.215,228.346
580.32,9.72139,2.34404,29.2785,12.8185,35.6447,1.56126,-107.215,234.719
580.34,9.72246,2.33423,29.2785,12.8185,35.7028,1.56126,-107.215,229.954
580.36,9.72139,2.34554,29.3702,12.8185,35.703,1.56126,-107.504,225.16
580.38,9.72192,2.51071,29.3702,12.8185,35.9363,1.56126,-107.504,223.567
580.4,9.72033,2.39718,29.5073,12.8185,35.9363,1.56126,-107.504,222.508
580.42,9.72032,2.37781,29.5077,12.8185,35.7613,1.56126,-107.504,219.85
580.44,9.72139,2.38806,29.6911,12.8649,35.7613,1.56126,-107.504,216.132
580.46,9.72032,2.37675,29.6911,12.9112,35.7032,1.56126,-107.504,211.897
580.48,9.71925,2.35254,29.8287,12.9113,35.703,1.56047,-107.504,206.574
580.5,9.71925,2.42388,29.8287,13.0042,35.5863,1.56047,-107.504,200.732
580.52,9.72032,2.41577,30.0572,13.0042,35.5863,1.57207,-107.504,198.085
580.54,9.71925,2.38714,30.2413,13.0507,35.5863,1.5721,-107.504,190.643
580.56,9.71765,2.22573,30.2413,13.0507,35.353,1.5721,-107.504,186.925
580.58,9.71765,2.4161,30.5622,13.0507,35.353,1.5721,-108.863,190.643
580.6,9.71925,2.43983,30.5622,13.0507,35.4696,1.5721,-108.863,191.174
580.62,9.71925,2.43983,30.6998,13.1436,35.4696,1.5721,-108.863,190.643
580.64,9.71818,2.28772,30.6998,13.1436,35.4696,1.5721,-108.863,190.643
580.66,9.71818,2.43713,31.0197,13.1899,35.4696,1.5721,-108.863,190.113
580.68,9.71925,2.28295,31.0207,13.2364,35.4696,1.5721,-108.863,194.891
580.7,9.72032,2.28295,31.2499,13.2364,35.4696,1.57435,-108.863,195.953
580.72,9.71979,2.40637,31.4785,13.3291,35.5278,1.57435,-108.863,195.424
580.74,9.71979,2.28224,31.4792,13.3293,35.6447,1.56467,-108.863,188.519
580.76,9.71925,2.33068,31.7084,13.2829,35.6447,1.56467,-108.863,185.863
580.78,9.72085,2.28793,31.7084,13.2829,35.9936,1.56467,-108.863,186.922
580.8,9.72032,2.39097,31.9377,13.3758,35.9947,1.56467,-106.721,184.801
580.82,9.72032,2.52787,31.9377,13.3758,36.1114,1.56467,-106.721,181.084
580.84,9.71979,2.34418,32.1205,13.4221,36.1114,1.56467,-106.721,178.966
580.86,9.71979,2.33618,32.1211,13.3758,36.4031,1.56467,-106.721,177.898
580.88,9.71765,2.36264,32.0294,13.3758,36.4031,1.56467,-106.721,175.774
580.9,9.71765,2.38846,31.7094,13.4684,36.8102,1.56467,-106.721,173.656
580.92,9.72032,2.49227,31.7084,13.4687,37.3365,1.56904,-106.721,171.525
580.94,9.71872,2.48981,31.2958,13.5151,37.3365,1.56904,-106.721,168.87
580.96,9.71872,2.56606,31.2958,13.5151,37.9181,1.56904,-106.721,169.929
580.98,9.71872,2.56589,30.9749,13.5151,37.9198,1.56904,-106.721,167.277
581,9.71605,2.61488,30.9749,13.5151,38.7366,1.56904,-106.721,165.684
581.02,9.71924,2.55773,30.7463,13.654,38.7366,1.56904,-110.252,167.272
581.04,9.71872,2.52154,30.7456,13.6544,39.495,1.56904,-110.263,168.339
581.06,9.71872,2.57889,30.6539,13.608,39.495,1.56904,-110.263,168.87
581.08,9.72192,2.4131,30.6998,13.608,40.1367,1.56904,-110.263,168.339
581.1,9.72032,2.38872,30.6998,13.608,39.9617,1.56904,-110.263,163.56
581.12,9.71872,2.41433,30.7456,13.7473,39.9617,1.56904,-110.263,162.498
581.14,9.71872,2.52942,30.7456,13.7473,39.2033,1.57449,-110.263,166.215
581.16,9.72032,2.46855,30.8827,13.7473,39.2033,1.57449,-110.263,176.274
581.18,9.71765,2.46529,30.8832,13.7473,38.2699,1.57256,-110.263,184.27
581.2,9.72086,2.3397,31.0665,13.7009,38.2699,1.57256,-110.263,188.519
581.22,9.72086,2.39736,31.0665,13.7009,37.7464,1.57256,-107.758,193.813
581.24,9.71979,2.43253,31.3875,13.7473,37.7448,1.57256,-107.751,200.732
581.26,9.71818,2.45323,31.3875,13.8402,37.3365,1.57256,-107.751,207.636
581.28,9.72138,2.41075,31.4789,13.8402,37.0457,1.57256,-107.751,207.107
581.3,9.72139,2.50086,31.525,13.8402,37.0448,1.57256,-107.751,208.167
581.32,9.72139,2.29546,31.525,13.8402,36.6947,1.57256,-107.751,212.415
581.34,9.72086,2.32019,31.1594,13.7476,36.6947,1.57256,-107.751,217.18
581.36,9.72086,2.4859,31.1582,13.7473,36.5197,1.57282,-107.751,221.974
581.38,9.72086,2.36782,30.6081,13.7473,36.5197,1.57282,-107.751,223.036
581.4,9.72352,2.34975,30.6081,13.7473,36.2289,1.57282,-107.751,222.507
581.42,9.72139,2.35349,30.0579,13.7473,36.228,1.57282,-107.751,220.912
581.44,9.72246,2.25732,30.0579,13.7473,35.878,1.57282,-108.348,221.443
581.46,9.72246,2.37804,29.5094,13.7473,35.878,1.57282,-108.348,222.502
581.48,9.7246,2.34522,29.0951,13.7009,35.4113,1.57282,-108.348,223.567
581.5,9.72299,2.33124,29.0951,13.7009,35.0029,1.57282,-108.348,225.16
581.52,9.72353,2.33124,28.638,13.7935,35.0029,1.57282,-108.348,225.69
581.54,9.7246,2.38669,28.6366,13.7938,34.5946,1.57282,-108.348,226.222
581.56,9.7246,2.35982,28.1781,13.7938,34.5946,1.57282,-108.348,221.974
581.58,9.72406,2.38809,28.1781,13.7938,34.3612,1.57387,-108.348,219.319
581.6,9.72353,2.40838,27.903,13.7938,34.3612,1.57964,-108.348,218.788
581.62,9.72246,2.38715,27.903,13.7938,34.1279,1.57964,-108.348,218.788
581.64,9.72246,2.28145,27.4904,13.7938,34.1279,1.57964,-108.348,217.726
581.66,9.72406,2.30658,27.4904,13.8864,34.0115,1.57964,-109.395,214.549
581.68,9.7246,2.38765,27.1236,13.8867,33.8362,1.57964,-109.398,211.884
581.7,9.72353,2.36562,26.9861,14.026,33.8362,1.57964,-109.398,215.601
581.72,9.72353,2.33327,26.9861,14.026,33.6035,1.57964,-109.398,218.778
581.74,9.72299,2.35591,26.711,13.9795,33.6028,1.57964,-109.398,218.788
581.76,9.72406,2.35591,26.711,13.9795,33.6612,1.57964,-109.398,216.664
581.78,9.72513,2.36188,26.5739,14.1648,33.6612,1.58212,-109.398,214.546
581.8,9.72513,2.36044,26.5735,14.1653,33.3695,1.58213,-109.398,215.601
581.82,9.72567,2.36471,26.2984,14.1653,33.3695,1.58789,-109.398,218.257
581.84,9.72194,2.3647,26.2984,14.2579,33.2531,1.58789,-109.398,220.904
581.86,9.72353,2.43926,26.2067,14.2582,33.2528,1.58789,-109.398,218.257
581.88,9.72353,2.3508,26.115,14.3975,33.3695,1.58789,-106.433,215.601
581.9,9.72406,2.29135,26.115,14.3975,33.4858,1.58789,-106.433,213.484
581.92,9.7246,2.28984,25.8399,14.4904,33.4861,1.58789,-106.433,211.884
581.94,9.7246,2.31784,25.8399,14.4904,33.4861,1.58789,-106.433,214.008
581.96,9.7246,2.3407,25.7485,14.4441,33.4861,1.58789,-106.433,216.126
581.98,9.72139,2.29698,25.7482,14.444,33.4861,1.58789,-106.433,217.726
582,9.72299,2.2934,25.519,14.5369,33.4861,1.58649,-106.433,212.946
582.02,9.72246,2.37332,25.519,14.5832,33.3117,1.58649,-106.433,208.181
582.04,9.7262,2.4818,25.3814,14.5833,33.3111,1.56919,-106.433,208.698
582.06,9.7262,2.39133,25.1522,14.5369,33.1945,1.56919,-106.433,209.229
582.08,9.72246,2.38077,25.1522,14.5369,33.1945,1.56919,-106.433,215.07
582.1,9.7262,2.24742,25.0605,14.5833,33.1945,1.56919,-109.83,220.381
582.12,9.7262,2.41545,25.0605,14.5833,33.0778,1.56919,-109.83,221.443
582.14,9.7262,2.36959,24.8771,14.5833,33.0778,1.56919,-109.83,223.036
582.16,9.72194,2.37429,24.8771,14.5833,33.0778,1.56919,-109.83,227.801
582.18,9.7246,2.36207,24.7854,14.4904,33.0778,1.56919,-109.83,234.719
582.2,9.72299,2.41323,24.7854,14.4904,32.8444,1.56919,-109.83,238.436
582.22,9.72299,2.35558,24.6483,14.6756,32.8444,1.57424,-109.83,239.495
582.24,9.72406,2.34476,24.6478,14.4904,32.6694,1.57425,-109.83,240.56
582.26,9.72406,2.34476,24.5103,14.4904,32.6111,1.56468,-109.83,241.622
582.28,9.7246,2.47535,24.5103,14.6293,32.6111,1.56468,-109.83,245.858
582.3,9.7246,2.36048,24.5103,14.6298,32.3194,1.56468,-109.83,244.809
582.32,9.72353,2.3722,24.4644,14.5369,32.3194,1.56468,-106.886,243.215
582.34,9.72353,2.3722,24.4644,14.5369,32.2612,1.56468,-106.886,245.863
582.36,9.72567,2.49255,24.4644,14.5833,32.261,1.56468,-106.886,244.809
582.38,9.72567,2.32703,24.4644,14.5833,32.4361,1.56468,-106.886,245.34
582.4,9.72353,2.31975,24.3273,14.6759,32.4361,1.56468,-106.886,241.634
582.42,9.72406,2.28508,24.3269,14.5833,32.3777,1.56468,-106.886,242.684
582.44,9.72406,2.36742,24.3269,14.5833,32.3777,1.5625,-106.886,251.712
582.46,9.72406,2.59144,24.2812,14.7685,32.4359,1.5625,-106.886,254.889
582.48,9.72353,2.30963,24.2811,14.7691,32.3194,1.54141,-106.886,254.367
582.5,9.72727,2.30179,24.2352,14.6762,32.3194,1.54141,-106.886,250.65
582.52,9.72674,2.28008,24.2352,14.6762,32.2612,1.54141,-106.886,245.885
582.54,9.72673,2.37634,24.1894,14.7691,32.261,1.54141,-106.948,245.34
582.56,9.72513,2.31602,24.1894,14.7691,31.911,1.54141,-106.948,243.747
582.58,9.72299,2.306,24.2352,14.6762,31.911,1.54141,-106.948,238.967
582.6,9.72353,2.44155,24.2352,14.6762,31.736,1.54141,-106.948,234.719
582.62,9.72353,2.43079,24.0977,14.7691,31.736,1.54141,-106.948,234.719
582.64,9.72513,2.50615,24.1894,14.6762,31.9693,1.54141,-106.948,234.188
582.66,9.72566,2.47937,24.1894,14.6762,31.7949,1.53261,-106.948,232.6
582.68,9.72513,2.58036,24.0977,14.7226,31.7943,1.53258,-106.948,231.002
582.7,9.72513,2.28725,24.0977,14.7226,31.9693,1.55186,-106.948,229.409
582.72,9.72566,2.40056,24.052,14.8615,31.9693,1.55186,-106.948,233.114
582.74,9.7246,2.37905,24.0518,14.862,32.1444,1.55186,-107.195,236.843
582.76,9.72513,2.37905,24.1435,14.6762,32.1444,1.55186,-107.195,232.595
582.78,9.72513,2.48093,24.1435,14.6762,32.1444,1.55186,-107.195,228.359
582.8,9.71818,2.40765,24.0977,14.9084,32.1444,1.55186,-107.195,228.877
582.82,9.71872,2.40333,24.0977,14.862,32.2027,1.55186,-107.195,234.188
582.84,9.71872,2.5232,24.3262,14.862,32.3772,1.55186,-107.195,233.658
582.86,9.71872,2.40915,24.3269,14.7691,32.3777,1.55186,-107.195,225.16
582.88,9.71872,2.39351,24.3269,14.7691,32.4361,1.54993,-107.195,223.567
582.9,9.71765,2.38014,24.5554,14.9543,32.4361,1.54993,-107.195,225.685
582.92,9.71979,2.39243,24.5561,14.9549,32.4361,1.55186,-107.195,225.16
582.94,9.72086,2.48825,24.6937,14.862,32.4361,1.55186,-107.195,228.877
582.96,9.72086,2.35268,24.6937,14.862,32.4942,1.55186,-104.075,232.583
582.98,9.71925,2.36514,24.6937,14.9549,32.4944,1.55186,-104.065,232.595
583,9.71818,2.37728,24.6937,14.9084,32.4944,1.55186,-104.065,232.595
583.02,9.71925,2.35694,24.648,14.9084,32.4944,1.55186,-104.065,232.595
583.04,9.71925,2.28265,24.8312,15.0942,32.4361,1.55186,-104.065,231.533
583.06,9.71711,2.30093,24.8312,15.0942,32.3777,1.55186,-104.065,232.595
583.08,9.71711,2.52692,24.6937,14.9084,32.3777,1.55186,-104.065,234.719
583.1,9.71925,2.31282,24.6937,14.9084,32.3777,1.55166,-104.065,234.719
583.12,9.71925,2.47835,24.6937,14.9084,32.3777,1.55166,-104.065,236.312
583.14,9.71925,2.35681,24.6937,14.9549,32.4361,1.55359,-104.065,237.905
583.16,9.72085,2.35682,24.6023,14.9549,32.4361,1.55359,-104.065,240.552
583.18,9.71925,2.55224,24.602,15.0013,32.4944,1.55359,-106.289,246.933
583.2,9.71925,2.43783,24.5103,15.0013,32.4944,1.55359,-106.289,247.464
583.22,9.71872,2.42474,24.5103,14.8624,32.5526,1.55359,-106.289,241.64
583.24,9.71925,2.4247,24.4644,14.862,32.3194,1.55359,-106.289,241.091
583.26,9.71872,2.38842,24.3269,14.862,32.3194,1.55359,-106.289,246.402
583.28,9.71872,2.48432,24.3269,14.862,32.3194,1.55359,-106.289,248.519
583.3,9.71979,2.42396,24.2811,14.7691,32.3194,1.55359,-106.289,245.871
583.32,9.71979,2.43715,24.2811,14.7691,32.2027,1.54878,-106.289,243.215
583.34,9.71979,2.5231,24.2811,14.7691,32.2027,1.56229,-106.289,242.686
583.36,9.71979,2.42422,24.2811,14.4904,32.3194,1.56234,-106.289,238.967
583.38,9.72032,2.3574,24.2352,14.4904,32.3194,1.56234,-106.289,238.436
583.4,9.71979,2.36302,24.2352,14.6756,32.2612,1.56234,-103.21,242.671
583.42,9.72032,2.39989,24.2352,14.6762,32.261,1.56234,-103.2,243.746
583.44,9.72032,2.49149,24.006,14.3511,32.261,1.56234,-103.2,244.278
583.46,9.71979,2.39649,24.006,14.3511,32.1447,1.56234,-103.2,248.513
583.48,9.71925,2.42762,23.8684,14.3975,32.1444,1.56234,-103.2,250.65
583.5,9.71711,2.38621,23.8684,14.3975,32.0277,1.56234,-103.2,247.995
583.52,9.72031,2.45369,23.777,14.3512,32.0277,1.56234,-103.2,249.583
583.54,9.72032,2.44676,23.7767,14.1653,32.086,1.56375,-103.2,249.588
583.56,9.71818,2.42325,23.5933,14.1653,32.086,1.58891,-103.2,251.181
583.58,9.71872,2.295,23.5933,14.1653,32.2027,1.58891,-103.2,251.712
583.6,9.72032,2.40628,23.5016,14.1653,32.2027,1.58891,-103.2,250.65
583.62,9.72032,2.41785,23.3183,14.1189,32.3194,1.58891,-104.415,255.429
583.64,9.71925,2.42374,23.3183,14.1189,32.2027,1.58891,-104.415,261.271
583.66,9.71925,2.34504,23.2268,14.1652,32.2027,1.58891,-104.415,261.8
583.68,9.71925,2.45808,23.2266,14.1653,32.2027,1.58891,-104.415,262.333
583.7,9.71925,2.40353,23.1807,14.0724,32.2027,1.58891,-104.415,268.174
583.72,9.71712,2.52471,23.1807,14.0724,31.7956,1.58891,-104.415,271.88
583.74,9.71765,2.52508,23.1349,14.0724,31.7943,1.60021,-104.415,276.14
583.76,9.71818,2.37898,23.1807,14.1189,31.561,1.60021,-104.415,280.919
583.78,9.71818,2.46154,23.1807,14.1189,31.561,1.59063,-104.415,276.154
583.8,9.71658,2.37475,23.1349,14.1653,31.3276,1.59061,-104.415,274.016
583.82,9.71765,2.37476,23.1349,14.1653,31.3276,1.59061,-104.415,271.892
583.84,9.71499,2.45858,23.1806,14.2579,31.3276,1.59061,-104.046,272.421
583.86,9.71498,2.41081,23.1807,14.2582,31.2693,1.59061,-104.044,272.954
583.88,9.71391,2.35697,23.1807,14.3047,31.2693,1.59061,-104.044,267.643
583.9,9.71444,2.34998,23.1807,14.4899,31.2693,1.59061,-104.044,262.349
583.92,9.71231,2.49532,23.0432,14.4904,31.2693,1.59061,-104.044,262.333
583.94,9.71231,2.47985,23.0432,14.444,31.5026,1.59061,-104.044,260.209
583.96,9.71177,2.39232,22.9975,14.444,31.619,1.59788,-104.044,260.738
583.98,9.7107,2.40543,22.9056,14.6762,31.6193,1.5979,-104.044,257.022
584,9.7091,2.32013,22.9056,14.6762,31.9693,1.5501,-104.044,253.305
584.02,9.7091,2.35982,22.9513,14.7688,31.9693,1.5501,-104.044,252.776
584.04,9.70696,2.40693,22.9515,14.7691,32.3194,1.5501,-102.48,252.243
584.06,9.70589,2.40982,22.9056,14.7691,32.3194,1.5501,-102.48,246.402
584.08,9.70375,2.38101,22.9056,14.862,32.4361,1.5501,-102.48,240.56
584.1,9.70375,2.37602,22.9973,14.862,32.4361,1.5501,-102.48,234.719
584.12,9.70429,2.3463,22.9973,14.7691,32.3777,1.5501,-102.48,226.753
584.14,9.7075,2.37804,23.1807,14.7691,32.3777,1.5501,-102.48,221.443
584.16,9.70323,2.37803,23.3635,14.8617,32.3777,1.5501,-102.48,215.619
584.18,9.70322,2.39007,23.3641,14.862,32.3777,1.55184,-102.48,208.167
584.2,9.69627,2.4974,23.685,14.862,32.3777,1.55184,-102.48,211.353
584.22,9.69361,2.50038,23.685,14.862,32.4359,1.55374,-102.48,208.706
584.24,9.69307,2.41953,24.006,14.9084,32.4361,1.55375,-102.48,209.76
584.26,9.69307,2.48752,24.006,14.9084,32.6111,1.55375,-105.506,211.353
584.28,9.69307,2.27966,24.3259,14.9084,32.6111,1.55375,-105.506,212.412
584.3,9.692,2.28261,24.3269,14.9084,32.9028,1.55375,-105.506,215.601
584.32,9.68772,2.40908,24.6937,14.9084,32.9028,1.55375,-105.506,216.664
584.34,9.68559,2.42371,24.6937,14.9547,33.3099,1.55375,-105.506,215.605
584.36,9.68558,2.53985,24.9229,14.9549,33.6028,1.55375,-105.506,214.539
584.38,9.68826,2.51528,25.2439,15.0942,33.6028,1.55375,-105.506,211.884
584.4,9.68399,2.34442,25.2439,15.0942,34.0099,1.5454,-105.506,211.884
584.42,9.68131,2.49186,25.7023,15.3264,34.0112,1.54537,-105.506,210.822
584.44,9.68131,2.35007,25.7023,15.28,34.1862,1.56264,-105.506,208.167
584.46,9.68184,2.33244,26.0223,15.28,34.1862,1.56264,-105.506,205.52
584.48,9.68024,2.33606,26.0233,15.5122,34.3029,1.56264,-102.006,207.105
584.5,9.67703,2.50773,26.4818,15.5122,34.3029,1.56264,-102.006,212.415
584.52,9.67703,2.4985,26.756,15.5585,34.2447,1.56264,-102.006,217.709
584.54,9.67596,2.4651,26.7568,15.5586,34.2445,1.56264,-102.006,223.036
584.56,9.66848,2.46508,27.0319,15.6515,34.4779,1.56264,-102.006,225.691
584.58,9.65833,2.3413,27.0319,15.6515,34.4196,1.56264,-102.006,222.505
584.6,9.65833,2.40848,27.2153,15.6051,34.4196,1.56264,-102.006,222.505
584.62,9.6439,2.40925,27.2153,15.6051,34.4779,1.55858,-102.006,221.443
584.64,9.64016,2.40924,27.2153,15.6051,34.4779,1.55858,-102.006,220.912
584.66,9.64016,2.51682,27.2153,15.5125,34.7105,1.55475,-102.006,216.676
584.68,9.63856,2.45707,27.2153,15.5122,34.7112,1.55473,-104.044,212.415
584.7,9.63856,2.4856,27.2153,15.5586,34.5362,1.55473,-104.044,208.698
584.72,9.63643,2.51165,27.2153,15.5586,34.2454,1.55473,-104.044,202.874
584.74,9.63535,2.37295,27.0319,15.5586,34.2445,1.55473,-104.044,201.794
584.76,9.63535,2.41936,27.0319,15.5586,34.1279,1.55473,-104.044,202.326
584.78,9.63535,2.3088,26.8034,15.5586,34.1279,1.55473,-104.044,201.267
584.8,9.63481,2.31168,26.8027,15.5586,33.8945,1.55473,-104.044,199.139
584.82,9.63749,2.34832,26.711,15.5586,33.8945,1.55014,-104.044,200.732
584.84,9.63376,2.29487,26.711,15.6512,33.5455,1.55014,-104.044,203.379
584.86,9.63375,2.37986,26.3901,15.6515,33.5445,1.55207,-104.044,206.574
584.88,9.63588,2.28338,26.1608,15.7908,33.0778,1.55207,-104.044,209.76
584.9,9.63428,2.28337,26.1608,15.7908,32.8451,1.55207,-104.044,211.878
584.92,9.63481,2.32035,26.0233,15.9766,32.8444,1.55207,-102.727,207.636
584.94,9.63481,2.39214,26.0233,16.0695,32.5527,1.55207,-102.727,203.388
584.96,9.63641,2.30053,25.7947,16.0695,32.5527,1.55207,-102.727,200.74
584.98,9.63642,2.30025,25.794,16.2553,32.4944,1.55207,-102.727,198.077
585,9.63481,2.38284,25.6565,16.2553,32.4944,1.55207,-102.727,199.67
585.02,9.63481,2.31436,25.6565,16.4868,32.6689,1.55207,-102.727,199.67
585.04,9.63375,2.31912,25.6106,16.4875,32.6694,1.54554,-102.727,197.015
585.06,9.63588,2.36677,25.6106,16.5339,32.7861,1.54554,-102.727,193.829
585.08,9.63481,2.35544,25.6106,16.5339,32.9028,1.56299,-102.727,196.484
585.1,9.63481,2.39114,25.5648,16.7197,32.9028,1.56299,-102.727,199.139
585.12,9.63214,2.34902,25.5648,16.7197,33.0194,1.56299,-101.121,198.077
585.14,9.6284,2.36484,25.5648,16.7197,33.0194,1.56299,-101.121,199.139
585.16,9.62627,2.40617,25.5648,16.766,33.2521,1.56299,-101.121,200.728
585.18,9.62626,2.36579,25.5648,16.7662,33.2528,1.56299,-101.121,203.388
585.2,9.62092,2.44503,25.5648,16.5804,33.1945,1.56299,-101.121,207.636
585.22,9.62305,2.48428,25.5191,16.5804,33.1945,1.56299,-101.121,209.754
585.24,9.62252,2.44175,25.519,16.5339,33.1945,1.56299,-101.121,208.167
585.26,9.62252,2.31426,25.3814,16.5339,33.3111,1.56075,-101.121,206.043
585.28,9.62359,2.43724,25.0614,16.3487,33.3111,1.56075,-101.121,203.396
585.3,9.61985,2.43042,25.0605,16.3482,33.4278,1.56269,-101.121,200.201
585.32,9.62092,2.41512,24.6937,16.0695,33.4278,1.56269,-101.121,198.077
585.34,9.62092,2.43469,24.6937,15.9769,33.4278,1.56269,-104.508,195.43
585.36,9.61825,2.35225,24.3269,15.9766,33.4278,1.56269,-104.518,192.767
585.38,9.61504,2.34719,24.3269,15.7444,33.1945,1.56269,-104.518,197.546
585.4,9.61717,2.42568,24.0527,15.7444,33.1945,1.56269,-104.518,202.311
585.42,9.61451,2.34773,23.685,15.6051,32.7277,1.56269,-104.518,200.201
585.44,9.61451,2.42322,23.685,15.6051,32.7277,1.56269,-104.518,199.139
585.46,9.61557,2.46264,23.5479,15.4199,32.088,1.56269,-104.518,200.728
585.48,9.61664,2.34668,23.5475,15.2335,31.3276,1.56661,-104.518,203.388
585.5,9.61397,2.41442,23.3641,15.2335,31.3276,1.56661,-104.518,200.201
585.52,9.61397,2.37158,23.3641,15.0483,30.8623,1.55889,-104.518,198.613
585.54,9.61664,2.3747,23.1807,15.0477,30.8609,1.55886,-104.518,200.732
585.56,9.61451,2.40691,22.9973,14.9549,30.6276,1.55886,-101.285,202.326
585.58,9.61664,2.58404,22.9973,14.9549,30.6276,1.55886,-101.285,200.732
585.6,9.61504,2.54612,22.6764,14.7691,30.6276,1.55886,-101.285,195.422
585.62,9.61504,2.43315,22.6764,14.7691,30.8026,1.55886,-101.285,190.112
585.64,9.61718,2.43316,22.4471,14.4904,30.8026,1.55886,-101.285,187.456
585.66,9.61398,2.52759,22.4471,14.4904,30.6863,1.55886,-101.285,186.398
585.68,9.61344,2.38105,22.3554,14.444,30.6859,1.55886,-101.285,185.863
585.7,9.61344,2.54163,22.3554,14.444,30.6276,1.57492,-101.285,184.27
585.72,9.59959,2.54159,22.2183,14.2588,30.6276,1.59021,-101.285,183.211
585.74,9.57549,2.52132,22.1721,14.1653,30.6859,1.59025,-101.285,183.208
585.76,9.51511,2.41849,22.1721,14.1653,30.2775,1.59025,-101.285,186.394
585.78,9.51511,2.32154,21.8521,14.0727,30.2775,1.59025,-103.605,189.041
585.8,9.51297,2.47223,21.8511,14.0724,29.7525,1.59025,-103.612,182.677
585.82,9.5119,2.47222,21.6219,14.0724,29.7525,1.59025,-103.612,176.305
585.84,9.5135,2.47147,21.6219,14.0724,29.2872,1.59025,-103.612,179.481
585.86,9.5135,2.50411,21.3009,14.026,29.2858,1.59025,-103.612,181.615
585.88,9.51243,2.39933,21.3009,13.9795,28.8191,1.59025,-103.612,183.208
585.9,9.51243,2.39933,20.8439,13.9795,28.8191,1.58995,-103.612,183.738
585.92,9.51404,2.32178,20.8425,14.1189,28.7607,1.58995,-103.612,185.863
585.94,9.51404,2.39855,20.4298,14.1189,28.5857,1.58611,-103.612,186.394
585.96,9.51723,2.32711,19.8813,13.8874,28.5857,1.58611,-103.612,187.983
585.98,9.5135,2.31097,19.8797,13.8867,28.3524,1.58611,-103.612,190.112
586,9.50442,2.36908,19.3753,13.9331,28.3524,1.58611,-103.715,190.112
586.02,9.50442,2.30092,19.3753,13.9331,28.2361,1.58611,-103.715,192.759
586.04,9.48037,2.3991,18.7793,13.9331,28.2357,1.58611,-103.715,192.767
586.06,9.47289,2.40777,18.7793,14.026,28.4691,1.58611,-103.715,198.608
586.08,9.46861,2.40365,18.3667,14.026,28.4691,1.58611,-103.715,202.857
586.1,9.46808,2.48473,17.9999,14.1189,28.4691,1.58611,-103.715,203.388
586.12,9.46808,2.46469,17.9999,14.1189,28.4691,1.59698,-103.715,204.981
586.14,9.46327,2.47456,17.679,14.026,28.7607,1.59698,-103.715,209.229
586.16,9.45581,2.36384,17.679,14.026,29.0515,1.62357,-103.715,212.406
586.18,9.44349,2.43361,17.4497,14.1189,29.0524,1.62365,-103.715,214.008
586.2,9.44349,2.5473,17.4497,14.1189,29.2858,1.62365,-103.715,216.132
586.22,9.44189,2.55911,17.3126,13.9337,29.2858,1.62365,-102.689,217.191
586.24,9.43922,2.46059,17.3122,13.9331,29.3441,1.62365,-102.686,218.257
586.26,9.43548,2.41848,17.0829,14.026,29.3441,1.62365,-102.686,217.726
586.28,9.43548,2.57066,17.0829,14.026,29.2278,1.62365,-102.686,217.196
586.3,9.43334,2.3159,17.1288,14.0724,28.9358,1.62365,-102.686,219.319
586.32,9.43601,2.3159,17.1288,14.026,28.9358,1.62365,-102.686,221.443
586.34,9.40937,2.42105,17.1288,14.026,28.7613,1.60701,-102.686,221.443
586.36,9.40929,2.33212,17.0829,13.8402,28.7607,1.60696,-102.686,220.912
586.38,9.27462,2.28548,17.0829,13.8402,28.4107,1.6551,-102.686,219.319
586.4,9.2256,2.28534,17.0829,13.5624,28.4107,1.6551,-102.686,216.672
586.42,9.22278,2.45798,17.0829,13.5616,27.944,1.6551,-102.686,216.133
586.44,9.20301,2.42408,17.1288,13.4687,27.944,1.6551,-106.165,216.133
586.46,9.20301,2.39044,17.1288,13.4687,27.595,1.6551,-106.165,218.78
586.48,9.16132,2.37568,17.0371,13.1436,27.594,1.6551,-106.165,211.884
586.5,9.23614,2.48976,17.1288,13.1436,27.244,1.6551,-106.165,204.981
586.52,9.50733,2.34244,17.1288,13.1436,27.244,1.6551,-106.165,205.51
586.54,9.50816,2.50116,17.2205,13.1436,26.8356,1.6551,-106.165,206.043
586.56,9.43227,2.56266,17.2205,12.9578,26.6606,1.64261,-106.165,202.325
586.58,9.0352,2.52785,17.1288,12.8649,26.6606,1.64261,-106.165,198.608
586.6,8.8364,2.38463,17.1288,12.8649,26.4272,1.69113,-106.165,200.732
586.62,8.8364,2.4096,17.358,12.8185,26.4272,1.69113,-106.165,198.608
586.64,8.84815,2.35241,17.358,12.8185,26.4856,1.69113,-106.165,197.546
586.66,8.8716,2.35247,17.2666,12.6795,26.4856,1.69113,-106.165,201.252
586.68,8.8706,2.34404,17.358,12.6791,26.4856,1.69113,-102.562,205.512
586.7,8.8706,2.40896,17.358,12.7256,26.3689,1.69113,-102.562,206.574
586.72,8.87433,2.36897,17.4037,12.7256,26.3689,1.69113,-102.562,205.515
586.74,8.8893,2.36889,17.4039,12.5862,26.4272,1.69113,-102.562,205.512
586.76,8.93259,2.33573,17.5873,12.5862,26.4272,1.69113,-102.562,206.043
586.78,8.94538,2.38291,17.5873,12.6325,26.4854,1.73522,-102.562,209.749
586.8,8.94542,2.18946,17.679,12.4933,26.4856,1.71267,-102.562,213.477
586.82,8.94381,2.17565,17.679,12.4933,26.5439,1.71267,-102.562,218.257
586.84,8.94275,2.27044,17.7704,12.4933,26.5439,1.71267,-102.562,220.904
586.86,8.94168,2.24994,17.7707,12.4933,26.6606,1.71267,-102.562,223.036
586.88,8.94168,2.37252,17.8623,12.5398,26.7772,1.71267,-102.562,219.85
586.9,8.94221,2.35688,17.8623,12.5398,26.7772,1.71267,-105.538,219.85
586.92,8.93152,2.4212,18.0457,12.4933,27.1856,1.71267,-105.548,221.443
586.94,8.87274,2.21898,18.0457,12.4933,27.1856,1.71267,-105.548,223.036
586.96,8.87274,2.29302,18.0457,12.5396,27.7672,1.71267,-105.548,224.624
586.98,8.84281,2.40899,17.9999,12.4933,27.769,1.81938,-105.548,230.471
587,8.8209,2.40892,17.9999,12.4933,28.3524,1.81938,-105.548,236.312
587.02,8.79213,2.53638,17.7256,12.5396,28.3524,1.68044,-105.548,232.077
587.04,8.79204,2.34961,17.7248,12.5398,29.4025,1.68001,-105.548,232.064
587.06,8.74501,2.55662,17.6331,12.5398,29.4025,1.68001,-105.548,238.436
587.08,8.5585,2.55599,17.6331,12.5398,30.5109,1.68001,-105.548,240.029
587.1,8.46177,2.33861,17.4956,12.6791,30.5109,1.68001,-105.548,238.967
587.12,8.46177,2.3985,17.4956,12.6791,31.3276,1.68001,-104.395,243.215
587.14,8.35275,2.4452,17.4497,12.7256,32.3777,1.68001,-104.395,247.464
587.16,8.35275,2.44141,17.4497,12.7256,32.3777,1.68001,-104.395,250.111
587.18,8.35168,2.399,17.2663,12.772,33.5445,1.68001,-104.395,252.774
587.2,8.35168,2.39785,17.2663,13.0042,33.5445,1.68001,-104.395,250.119
587.22,8.35168,2.39653,17.2663,13.0042,34.5914,1.76427,-104.395,247.472
587.24,8.35061,2.37332,17.2205,12.772,34.5946,1.74625,-104.395,243.215
587.26,8.04332,2.33503,17.2205,12.772,35.5863,1.74625,-104.395,245.34
587.28,8.04332,2.40795,17.2205,13.0498,35.5863,1.74625,-104.395,247.457
587.3,7.92361,2.31258,17.2205,13.0507,35.9947,1.74625,-104.395,254.367
587.32,7.93109,2.33005,17.2205,12.9113,35.9947,1.74625,-102.562,261.271
587.34,7.93589,2.41929,17.2205,12.9113,36.3436,1.74625,-102.562,266.565
587.36,7.9359,2.36089,17.358,12.9578,36.3447,1.74625,-102.562,268.174
587.38,7.94071,2.37149,17.358,12.9578,36.1114,1.74625,-102.562,269.236
587.4,7.94338,2.33703,17.678,12.9115,36.1695,1.74625,-102.562,267.648
587.42,7.95087,2.30008,18.1374,12.9113,36.1697,1.74625,-102.562,260.209
587.44,7.95354,2.41625,18.1374,12.8649,36.1114,1.82361,-102.562,258.616
587.46,7.95354,2.40957,18.4574,12.8649,36.1114,1.82361,-102.562,257.557
587.48,7.96049,2.42187,18.4584,12.7256,36.3447,1.70963,-102.562,250.119
587.5,7.9653,2.34573,18.7335,12.4933,36.3447,1.70963,-102.562,243.746
587.52,7.96636,2.401,18.7335,12.4933,36.1121,1.70963,-102.562,242.688
587.54,7.96636,2.39219,18.9627,12.3076,36.1114,1.70963,-104.909,239.498
587.56,7.96957,2.40672,18.9627,12.3076,35.9947,1.70963,-104.909,237.905
587.58,7.9685,2.45883,19.1461,12.0754,35.9947,1.70963,-104.909,236.843
587.6,7.97224,2.41731,19.3753,12.0754,35.8197,1.70963,-104.909,237.374
587.62,7.97652,2.39949,19.3753,11.7502,35.5863,1.70963,-104.909,240.56
587.64,7.97652,2.41387,19.4212,11.7502,35.5863,1.70963,-104.909,241.622
587.66,7.98025,2.41388,19.4212,11.5187,35.1792,1.72512,-104.909,244.269
587.68,7.98507,2.40342,19.5587,11.518,35.178,1.72517,-104.909,238.967
587.7,7.98988,2.33141,19.5587,11.2394,35.178,1.50688,-104.909,232.064
587.72,7.98988,2.40322,19.6501,11.2394,35.178,1.50688,-104.909,225.711
587.74,7.99148,2.40344,19.6504,11.2394,35.2363,1.50688,-104.909,221.974
587.76,7.99415,2.43027,19.7421,11.1,35.2363,1.50688,-100.771,218.257
587.78,7.99415,2.58073,19.7421,11.1,35.3526,1.50688,-100.771,217.727
587.8,7.99683,2.49421,19.6504,10.9143,35.7613,1.50688,-100.771,217.726
587.82,8.00217,2.49434,19.7421,10.9143,35.7613,1.50688,-100.771,212.415
587.84,8.00217,2.49434,19.7421,10.9143,35.994,1.50688,-100.771,212.945
587.86,8.00217,2.53727,19.6504,10.9143,35.9947,1.50688,-100.771,213.477
587.88,8.00324,2.54113,19.6504,10.9607,36.2864,1.49863,-100.771,213.477
587.9,8.00697,2.54112,19.7418,10.9607,36.2864,1.37888,-100.771,215.066
587.92,8.00698,2.54112,19.7421,10.9143,36.2864,1.37851,-100.771,221.443
587.94,8.00805,2.40711,19.6963,11.1,36.2864,1.37851,-100.771,225.16
587.96,8.01604,2.43433,19.6963,11.1,36.1119,1.37851,-100.771,223.042
587.98,8.01927,2.43694,19.7421,11.2858,36.1114,1.37851,-103.674,219.319
588,8.01927,2.44693,19.7421,11.2858,35.7613,1.37851,-103.674,216.133
588.02,8.0262,2.47862,19.7878,11.5173,35.4124,1.37851,-103.674,211.368
588.04,8.03156,2.38385,19.788,11.518,35.4113,1.37851,-103.674,208.698
588.06,8.03691,2.40573,19.788,11.6574,35.0029,1.37851,-103.674,208.167
588.08,8.03691,2.42577,19.788,11.6574,35.0029,1.37851,-103.674,209.229
588.1,8.04065,2.4706,19.6963,11.6574,34.7112,1.41613,-103.674,214.008
588.12,8.04065,2.44977,19.467,11.8431,34.7112,1.38539,-103.674,220.381
588.14,8.04225,2.40605,19.467,11.8431,34.4779,1.38539,-103.674,222.505
588.16,8.04225,2.29333,19.1014,11.7505,34.4779,1.38539,-103.674,221.976
588.18,8.04172,2.22749,19.1002,11.7502,34.4779,1.38539,-103.674,225.16
588.2,8.04332,2.24734,18.6418,11.7967,34.4779,1.38539,-102.583,225.16
588.22,8.04385,2.29891,18.6418,11.7967,34.4779,1.38539,-102.583,229.925
588.24,8.04385,2.35411,18.2291,11.7502,34.4779,1.38539,-102.583,240.029
588.26,8.04332,2.20661,18.2291,11.5645,35.0029,1.38539,-102.583,244.809
588.28,8.04492,2.24435,17.9549,11.5645,35.0029,1.38539,-102.583,249.573
588.3,8.04653,2.28981,17.954,11.6109,35.6447,1.38539,-102.583,259.147
588.32,8.04653,2.25487,17.8623,11.6109,36.1114,1.36838,-102.583,267.112
588.34,8.04493,2.24409,17.8623,11.4257,36.1114,1.36838,-102.583,268.171
588.36,8.04706,2.29106,17.7707,11.4251,36.053,1.36721,-102.583,266.581
588.38,8.04867,2.23873,17.9082,11.4716,36.053,1.36721,-102.583,270.829
588.4,8.04867,2.4237,17.9082,11.4253,36.053,1.36721,-102.583,272.418
588.42,8.0508,2.27588,18.0916,11.4251,36.053,1.36721,-101.656,273.485
588.44,8.05241,2.2986,18.0916,11.518,36.228,1.36721,-101.656,274.016
588.46,8.05081,2.27086,18.4573,11.518,36.228,1.36721,-101.656,272.427
588.48,8.0508,2.34013,18.4584,11.4716,36.5781,1.36721,-101.656,271.891
588.5,8.05401,2.34744,18.7793,11.4716,36.5781,1.36721,-101.656,269.767
588.52,8.05294,2.33233,18.7793,11.4716,36.9852,1.36721,-101.656,266.591
588.54,8.05347,2.36339,19.2836,11.4716,36.9864,1.35798,-101.656,264.457
588.56,8.05347,2.42,19.8797,11.5645,37.2781,1.35798,-101.656,266.581
588.58,8.05294,2.4868,19.8797,11.5645,37.6865,1.37951,-101.656,268.174
588.6,8.05454,2.48581,20.6132,11.6109,37.6865,1.37951,-101.656,266.05
588.62,8.05561,2.43519,20.6132,11.6109,37.6282,1.37951,-101.656,261.802
588.64,8.05561,2.52852,21.1175,11.7038,37.6282,1.37951,-104.539,252.774
588.66,8.05508,2.56561,21.1175,11.7501,37.8608,1.37951,-104.539,246.95
588.68,8.05508,2.51043,21.4385,11.7502,37.8615,1.37951,-104.539,246.402
588.7,8.05561,2.45217,21.897,11.7502,38.0365,1.37951,-104.539,246.933
588.72,8.05561,2.49522,21.897,11.7502,38.0365,1.37951,-104.539,242.168
588.74,8.05722,2.57078,22.0804,11.7038,38.0949,1.37951,-104.539,237.374
588.76,8.05828,2.60748,22.0804,11.7038,37.8032,1.36594,-104.539,236.843
588.78,8.05722,2.49352,22.4003,11.7501,37.8032,1.36594,-104.539,238.961
588.8,8.05722,2.54086,22.4013,11.7502,37.2198,1.38823,-104.539,238.967
588.82,8.05668,2.44217,22.5388,11.6109,37.2198,1.38823,-104.539,241.622
588.84,8.05562,2.40133,22.5388,11.7498,36.58,1.38823,-104.539,245.858
588.86,8.05615,2.33898,22.5847,11.7502,36.5781,1.38823,-99.9675,243.215
588.88,8.05615,2.36564,22.6305,11.5645,36.1114,1.38823,-99.9675,240.56
588.9,8.05721,2.41086,22.6305,11.5645,35.6461,1.38823,-99.9675,244.796
588.92,8.05561,2.41543,22.5847,11.6109,35.6447,1.38823,-99.9675,249.057
588.94,8.05668,2.44672,22.5847,11.6109,35.353,1.38823,-99.9675,249.588
588.96,8.05668,2.34298,22.539,11.7498,35.353,1.38823,-99.9675,249.058
588.98,8.05615,2.37203,22.5388,11.7502,35.2946,1.31866,-99.9675,246.402
589,8.05775,2.32227,22.4471,11.5645,35.2946,1.38921,-99.9675,244.278
589.02,8.05828,2.2755,22.3557,11.5645,35.4109,1.38921,-99.9675,241.101
589.04,8.05828,2.41681,22.3554,11.7038,35.4113,1.38921,-99.9675,240.029
589.06,8.05615,2.28208,22.4471,11.6109,35.703,1.38921,-104.106,239.498
589.08,8.05882,2.31724,22.4471,11.6109,36.4031,1.38921,-104.106,231.533
589.1,8.05882,2.42724,22.3554,11.7038,36.4031,1.38921,-104.106,223.567
589.12,8.05828,2.50059,22.3554,11.7038,37.3365,1.38921,-104.106,220.381
589.14,8.05668,2.6331,22.3554,11.8431,37.3365,1.38921,-104.106,217.726
589.16,8.05721,2.62423,22.3554,11.8431,38.5578,1.38921,-104.106,215.608
589.18,8.05722,2.46655,22.4013,11.7038,38.5616,1.27054,-104.106,210.291
589.2,8.05668,2.52605,22.4013,11.7038,39.7283,1.27054,-104.106,201.794
589.22,8.05775,2.54847,22.447,11.9353,40.9497,1.40332,-104.106,195.441
589.24,8.05935,2.55466,22.4471,11.936,40.9534,1.40373,-104.106,191.705
589.26,8.05935,2.68362,22.6305,11.936,41.8285,1.40373,-104.106,187.987
589.28,8.05829,2.73786,22.7677,12.0286,41.8285,1.40373,-101.602,191.693
589.3,8.05668,2.67896,22.7681,12.0289,41.9452,1.40373,-101.594,200.201
589.32,8.05935,2.67236,23.1349,12.1218,41.9452,1.40373,-101.594,200.732
589.34,8.05935,2.53307,23.1349,12.1218,41.3054,1.40373,-101.594,195.968
589.36,8.05668,2.564,23.3641,12.1218,41.3035,1.40373,-101.594,195.953
589.38,8.05722,2.54066,23.3641,12.1218,39.845,1.40373,-101.594,200.201
589.4,8.05722,2.56909,23.5469,12.0755,39.845,1.26009,-101.594,206.554
589.42,8.05722,2.55709,23.5475,12.0754,38.0949,1.25965,-101.594,213.477
589.44,8.05615,2.52407,23.7767,12.0289,38.0949,1.40602,-101.594,221.443
589.46,8.05721,2.51085,23.6396,12.0289,36.8153,1.40602,-101.594,229.384
589.48,8.05775,2.24954,23.6392,12.0754,36.3447,1.40602,-101.594,231.533
589.5,8.05775,2.31892,23.3183,12.0754,36.3447,1.40602,-101.285,237.905
589.52,8.05775,2.32133,23.3183,12.0754,36.3447,1.40602,-101.285,246.905
589.54,8.05668,2.30738,22.9056,12.0754,36.3447,1.40602,-101.285,250.119
589.56,8.05775,2.23239,22.9056,12.0754,36.6947,1.40602,-101.285,249.588
589.58,8.05722,2.24243,22.4471,12.0754,36.6947,1.40602,-101.285,248.526
589.6,8.05722,2.33341,22.4471,12.0754,37.1614,1.40602,-101.285,252.774
589.62,8.05508,2.3361,21.897,11.9825,37.1614,1.33777,-101.285,260.209
589.64,8.05561,2.24581,21.897,11.9825,37.7448,1.33777,-101.285,266.05
589.66,8.05721,2.27222,21.3485,11.9825,37.9193,1.38934,-101.285,272.933
589.68,8.05561,2.32284,21.0259,11.8896,37.9198,1.3895,-101.285,278.264
589.7,8.05561,2.32061,21.0259,11.8896,38.1532,1.3895,-101.285,278.795
589.72,8.05828,2.36865,20.7973,11.8433,38.1532,1.3895,-103.995,274.56
589.74,8.05561,2.2685,20.7966,11.8431,38.0949,1.3895,-104.003,268.174
589.76,8.05401,2.33003,20.7049,11.8896,38.0949,1.3895,-104.003,267.112
589.78,8.05401,2.27166,20.7049,11.8896,38.2693,1.3895,-104.003,267.642
589.8,8.05722,2.27149,20.6591,11.7502,38.2699,1.3895,-104.003,263.914
589.82,8.05722,2.39243,20.6591,11.7502,37.9782,1.3895,-104.003,254.346
589.84,8.05615,2.32767,20.6591,11.6576,37.9782,1.37353,-104.003,244.277
589.86,8.05561,2.29058,20.6591,11.7038,37.7448,1.37348,-104.003,235.046
589.88,8.05561,2.32453,20.6591,11.7038,37.5115,1.43748,-104.003,225.844
589.9,8.05401,2.31057,20.6134,11.7501,37.5115,1.43748,-104.003,224.653
589.92,8.05347,2.29018,20.6132,11.7502,37.3365,1.43748,-104.003,223.454
589.94,8.05401,2.23917,20.6591,11.8431,37.3365,1.43748,-100.029,219.603
589.96,8.05401,2.28383,20.6591,11.8431,37.1038,1.43748,-100.029,215.764
589.98,8.05454,2.28396,20.5674,12.0754,37.1031,1.43748,-100.029,213.822
590,8.06203,2.25146,18.6418,17.4164,64.4054,1.51203,-93.9139,211.892
590.02,8.06362,2.29785,18.6418,17.1386,64.4054,1.51203,-93.9139,209.6
590.04,8.06363,2.3219,18.5501,17.1377,64.0554,1.51203,-93.9139,207.293
590.06,8.06203,2.33567,18.5501,17.0448,64.0554,1.51203,-93.9139,203.892
590.08,8.06203,2.29728,18.5501,17.0448,63.822,1.51203,-93.9139,196.773
590.1,8.06256,2.3563,18.5501,16.6733,63.822,1.51203,-95.9524,189.205
590.12,8.06256,2.38942,18.5042,16.6733,63.8804,1.51203,-95.9524,186.417
590.14,8.06042,2.38564,18.5042,16.8126,63.8804,1.51203,-95.9524,186.323
590.16,8.06042,2.36045,18.5042,16.8126,64.2293,1.51203,-95.9524,188.348
590.18,8.06096,2.26143,18.8252,17.0913,64.2304,1.51203,-95.9524,187.69
590.2,8.06096,2.25706,18.8252,17.0913,64.6388,1.51203,-95.9524,185.432
590.22,8.06202,2.31492,18.8709,16.1189,64.6388,1.55594,-95.9524,185.88
590.24,8.06203,2.28599,18.871,16.116,64.9888,1.55608,-95.9524,192.17
590.26,8.05882,2.33338,18.5959,16.116,64.9888,1.52719,-95.9524,195.315
590.28,8.05882,2.34167,18.5959,16.6253,64.9306,1.52719,-95.9524,197.554
590.3,8.05828,2.33802,18.2291,16.6268,64.9304,1.52719,-95.9524,198.909
590.32,8.05828,2.3311,18.2291,17.7879,64.6971,1.52719,-95.9524,197.561
590.34,8.05828,2.30197,18.4577,17.7879,64.6971,1.52719,-95.9524,197.113
590.36,8.05828,2.30143,18.4584,16.9055,64.6971,1.52719,-95.7465,196.663
590.38,8.05401,2.28324,18.3208,16.9055,64.5221,1.52719,-95.7465,197.112
590.4,8.05401,2.28458,18.3208,16.6277,64.5221,1.52719,-95.7465,199.351
590.42,8.05027,2.32467,18.2291,16.6268,63.997,1.52719,-95.7465,201.155
590.44,8.05027,2.30664,18.2291,17.0913,63.997,1.52719,-95.7465,198.01
590.46,8.04601,2.28859,18.3205,17.0913,62.9501,1.52719,-95.7465,193.532
590.48,8.04599,2.31232,18.3208,17.1377,62.9469,1.56548,-95.7465,191.721
590.5,8.04385,2.40953,18.0457,17.1377,61.8385,1.56548,-95.7465,191.721
590.52,8.04385,2.37218,18.0457,16.1654,61.8385,1.55232,-95.7465,192.169
590.54,8.04279,2.37206,18.0457,16.1624,60.9634,1.55228,-95.7465,189.475
590.56,8.04279,2.37492,18.1833,16.9055,60.9634,1.55228,-95.7465,184.085
590.58,8.04225,2.3266,18.1833,16.9055,60.6718,1.55228,-95.7465,178.245
590.6,8.04225,2.35709,18.2291,16.9055,60.6718,1.55228,-95.7465,175.101
590.62,8.04225,2.48079,18.2291,17.6021,60.2634,1.55228,-89.0957,174.651
590.64,8.04225,2.44002,18.1374,17.6021,60.2634,1.55228,-89.0957,171.507
590.66,8.04225,2.29006,18.1374,17.3243,59.7399,1.55228,-89.0957,171.059
590.68,8.04225,2.30476,18.1833,17.3235,59.7383,1.55228,-89.0957,173.753
590.7,8.04172,2.23461,18.1833,18.0666,59.33,1.55228,-89.0957,173.753
590.72,8.04172,2.27246,17.909,18.0666,59.33,1.57306,-89.0957,174.649
590.74,8.04172,2.31834,17.9082,18.2059,59.33,1.57312,-89.0957,179.144
590.76,8.04172,2.29008,17.954,18.2059,59.3883,1.52788,-89.0957,182.737
590.78,8.03692,2.35291,17.954,18.7615,59.3883,1.52788,-89.0957,183.633
590.8,8.03691,2.35915,18.1833,18.7632,59.855,1.52788,-89.0957,183.636
590.82,8.02194,2.27412,18.1833,18.531,59.855,1.52788,-89.0957,185.882
590.84,8.02194,2.27368,17.909,18.531,60.3785,1.52788,-89.0957,188.569
590.86,8.00484,2.38712,17.9082,19.2277,60.3801,1.52788,-103.097,184.983
590.88,8.00484,2.42584,17.9082,19.2277,60.6134,1.52788,-103.097,182.737
590.9,7.99738,2.42582,18.1824,18.2553,60.6134,1.52788,-103.097,183.185
590.92,7.99736,2.40378,18.1833,18.2524,60.7301,1.52788,-103.097,181.839
590.94,7.99309,2.49576,18.6418,18.4381,60.7301,1.52788,-103.097,180.94
590.96,7.99309,2.4554,18.6418,18.4381,59.7414,1.52788,-103.097,183.18
590.98,7.99309,2.41004,18.5501,18.2988,59.7383,1.58913,-103.097,185.432
591,7.98667,2.4013,18.5501,18.2988,58.2215,1.58913,-103.097,188.128
591.02,7.98667,2.45523,18.7786,18.2988,58.2215,1.56767,-103.097,190.815
591.04,7.9824,2.4263,18.7793,17.5093,56.8214,1.5676,-103.097,187.678
591.06,7.9824,2.40401,19.0544,17.5093,56.8214,1.5676,-103.097,184.534
591.08,7.98026,2.37131,19.0544,18.3917,56.8214,1.5676,-103.097,180.94
591.1,7.98026,2.33648,19.2836,18.3917,56.4131,1.5676,-103.097,177.347
591.12,7.97972,2.31496,19.2836,18.9026,56.4131,1.5676,-98.2791,175.999
591.14,7.97972,2.19297,19.1461,18.9026,57.5215,1.5676,-98.2791,174.651
591.16,7.9728,2.21712,19.1461,19.4119,57.5215,1.5676,-98.2791,168.382
591.18,7.97278,2.21719,19.5587,19.4135,59.7383,1.5676,-98.2791,162.074
591.2,7.97117,2.03429,19.5587,20.1101,59.7383,1.5676,-98.2791,159.378
591.22,7.96691,2.03428,19.5587,20.1101,63.1116,1.5676,-98.2791,156.691
591.24,7.9669,2.08442,19.9255,19.3206,63.122,1.62019,-98.2791,152.64
591.26,7.9653,2.08442,19.9255,19.3206,66.6223,1.62019,-98.2791,148.597
591.28,7.9653,2.27196,20.154,19.5521,66.6223,1.58068,-98.2791,147.254
591.3,7.9653,2.27253,20.1547,19.5528,69.7142,1.58056,-98.2791,145.902
591.32,7.96049,2.43836,20.6591,19.9708,69.7142,1.58056,-98.2791,143.207
591.34,7.96049,2.43836,20.6591,19.9708,70.354,1.58056,-98.2791,140.52
591.36,7.95461,2.28161,21.0717,18.8097,70.3559,1.58056,-98.2791,136.469
591.38,7.95461,2.39144,21.0717,18.8097,68.8974,1.58056,-88.0867,132.426
591.4,7.94981,2.50916,21.5288,18.8097,68.8974,1.58056,-88.0867,130.635
591.42,7.9498,2.59778,21.5302,19.9243,68.8974,1.58056,-88.0867,128.832
591.44,7.94819,2.59778,21.7136,19.9243,66.7973,1.58056,-88.0867,127.036
591.46,7.94819,2.7957,21.7136,19.878,66.7973,1.58056,-88.0867,128.379
591.48,7.94392,2.79628,21.9887,19.8779,64.9304,1.62497,-88.0867,131.977
591.5,7.94392,2.72232,21.9887,19.2741,64.9304,1.62497,-88.0867,133.324
591.52,7.94339,2.64979,21.7144,19.2741,64.3488,1.62497,-88.0867,131.981
591.54,7.94338,2.58919,21.7136,17.6486,64.3471,1.58028,-88.0867,131.078
591.56,7.94125,2.76849,21.576,17.6486,65.2805,1.58028,-88.0867,129.731
591.58,7.94125,2.59665,21.576,16.9984,65.2805,1.58028,-88.0867,129.731
591.6,7.94338,2.54877,20.8883,16.9984,67.3807,1.58028,-88.0867,131.078
591.62,7.94338,2.54877,20.8883,18.0201,67.3807,1.58028,-102.459,131.528
591.64,7.94178,2.58574,20.8883,18.0201,69.3642,1.58028,-102.459,131.078
591.66,7.94178,2.58574,19.4256,18.3906,69.3642,1.58028,-102.459,129.735
591.68,7.94232,2.62284,19.4212,18.3917,70.7059,1.58028,-102.459,128.832
591.7,7.94232,2.63003,18.6418,18.3917,70.7059,1.58028,-102.459,131.528
591.72,7.93965,2.75935,18.6418,17.2341,73.3813,1.58028,-102.459,136.006
591.74,7.93964,2.73125,18.4584,17.2306,73.3895,1.61059,-102.459,139.164
591.76,7.93964,2.68168,18.4584,16.4411,79.865,1.61059,-102.459,140.512
591.78,7.93964,2.6759,18.5041,16.4411,79.865,1.56286,-102.459,142.751
591.8,7.94125,2.75619,18.5042,15.8837,87.0406,1.56271,-102.459,143.656
591.82,7.94125,2.72965,18.7335,15.8837,87.0406,1.56271,-102.459,142.309
591.84,7.94018,2.81018,18.7335,16.4857,87.0406,1.56271,-102.459,144.1
591.86,7.94018,2.77976,18.8252,16.4875,86.6906,1.56271,-102.459,145.902
591.88,7.94071,2.63509,18.8252,16.2088,86.6906,1.56271,-98.0938,148.148
591.9,7.94071,2.60505,19.0994,16.2088,72.5576,1.56271,-98.0938,148.148
591.92,7.93857,2.73928,19.1002,15.5586,72.5144,1.56271,-98.0938,146.801
591.94,7.93857,2.72039,19.7421,15.5586,63.472,1.56271,-98.0938,148.148
591.96,7.93751,2.52909,19.7421,16.4384,63.472,1.56271,-98.0938,153.074
591.98,7.93751,2.51686,20.063,16.4411,61.6635,1.56271,-98.0938,158.48
592,7.93751,2.5295,20.063,17.0448,61.6635,1.61793,-98.0938,162.523
592.02,7.93751,2.50911,20.063,17.0448,62.2451,1.61793,-98.0938,165.21
592.04,7.93804,2.31757,20.7966,15.3264,62.2469,1.60039,-98.0938,168.363
592.06,7.93804,2.31705,20.7966,15.3264,64.1721,1.60039,-98.0938,172.405
592.08,7.93857,2.19108,20.2923,16.3946,64.1721,1.60039,-98.0938,176.448
592.1,7.93857,2.2342,20.2923,16.3946,67.6723,1.60039,-98.0938,180.042
592.12,7.93644,2.23793,18.8252,16.3946,67.6723,1.60039,-98.0938,180.042
592.14,7.93644,2.3426,18.8252,16.3482,73.0978,1.60039,-95.767,178.245
592.16,7.9391,2.537,17.9567,16.3482,73.0978,1.60039,-95.767,176.006
592.18,7.93911,2.61515,17.954,16.8591,80.5068,1.60039,-95.767,175.55
592.2,7.93857,2.91046,17.5414,16.8591,80.5068,1.60039,-95.767,174.651
592.22,7.93857,2.93759,17.5414,16.3034,80.5068,1.60039,-95.767,175.099
592.24,7.93751,2.81983,17.8623,16.3017,89.6659,1.59444,-95.767,175.55
592.26,7.93751,2.83089,17.8623,15.0942,89.6659,1.59444,-95.767,172.855
592.28,7.93591,2.9158,18.2737,15.0942,93.33,1.57227,-95.767,172.407
592.3,7.9359,2.76713,18.275,15.3264,93.3412,1.5722,-95.767,171.507
592.32,7.93751,2.74382,18.275,15.3264,83.4237,1.5722,-95.767,171.058
592.34,7.93751,2.63174,18.6864,15.7894,83.4237,1.5722,-95.767,171.953
592.36,7.93644,2.66842,18.6876,15.7908,75.723,1.5722,-95.767,175.101
592.38,7.93644,2.64821,19.4212,17.2306,75.723,1.5722,-98.2997,174.651
592.4,7.93804,2.77781,19.4212,17.2306,74.2108,1.5722,-98.2997,172.412
592.42,7.93804,2.67536,20.7508,17.4628,74.2062,1.5722,-98.2997,171.507
592.44,7.93644,2.94603,20.7508,17.4628,75.548,1.5722,-98.2997,171.058
592.46,7.93644,2.97607,22.5334,16.0275,75.548,1.5722,-98.2997,170.162
592.48,7.93537,2.51446,22.5388,16.0231,78.9316,1.5722,-98.2997,165.218
592.5,7.93537,2.47995,23.2266,16.0231,78.9316,1.55122,-98.2997,160.277
592.52,7.9343,2.41273,21.8553,15.56,84.515,1.55617,-98.2997,157.142
592.54,7.9343,2.47834,21.8511,15.5586,84.5321,1.55619,-98.2997,157.582
592.56,7.93804,2.35871,21.8511,15.5586,84.5321,1.55619,-98.2997,154.437
592.58,7.93804,2.46201,21.8511,15.7908,84.5321,1.55619,-98.2997,151.742
592.6,7.93857,2.58191,20.9342,15.7908,91.2993,1.55619,-98.2997,151.293
592.62,7.93857,2.68201,20.9342,16.5339,91.2993,1.55619,-98.2997,151.293
592.64,7.93751,2.79468,20.7508,16.5339,97.9499,1.55619,-98.2997,150.843
592.66,7.93751,2.75167,20.7508,15.1449,97.9499,1.55619,-100.866,150.396
592.68,7.93537,2.90065,19.9714,15.1406,104.484,1.55619,-100.874,150.844
592.7,7.93537,2.86152,19.9714,16.4875,104.484,1.55619,-100.874,149.047
592.72,7.93643,2.81829,19.9714,16.4875,107.217,1.55619,-100.874,146.808
592.74,7.93644,2.84163,19.9714,16.3482,107.226,1.55619,-100.874,144.105
592.76,7.93857,2.87664,19.9714,16.3482,97.1915,1.55619,-100.874,144.555
592.78,7.93857,2.84784,19.8799,17.1816,97.1915,1.54731,-100.874,142.763
592.8,7.94232,2.81318,19.8797,17.1842,78.99,1.54728,-100.874,138.715
592.82,7.94232,2.78635,20.0172,15.5122,78.99,1.55104,-100.874,136.469
592.84,7.94658,2.84683,20.0172,15.5122,67.8813,1.55104,-100.874,134.678
592.86,7.94659,2.80005,19.6963,15.5122,67.8474,1.55104,-100.874,132.426
592.88,7.95514,2.6062,19.6963,14.8155,62.8886,1.55104,-100.874,132.426
592.9,7.95514,2.57113,19.4677,14.8155,62.8886,1.55104,-100.874,136.457
592.92,7.96102,2.55797,19.467,15.4193,60.1467,1.55104,-97.7232,139.613
592.94,7.96102,2.57289,19.6504,15.4193,60.1467,1.55104,-97.7232,140.961
592.96,7.97541,2.46925,19.6504,15.4656,60.1467,1.55104,-97.7232,145.439
592.98,7.97545,2.46217,19.5587,15.4657,58.6299,1.55104,-97.7232,153.539
593,7.98186,2.29351,19.5587,15.4657,58.6299,1.55104,-97.7232,160.726
593.02,7.98186,2.36465,19.4216,15.4657,57.583,1.51598,-97.7232,165.652
593.04,7.99041,2.46804,19.4212,16.4875,57.5798,1.51588,-97.7232,170.609
593.06,7.99041,2.52689,18.9627,16.4875,56.9381,1.51588,-97.7232,175.999
593.08,8.00164,2.38557,18.9627,16.7197,56.9381,1.52103,-97.7232,180.94
593.1,8.00164,2.42741,18.3208,16.7197,56.4131,1.52103,-97.7232,184.983
593.12,8.01286,2.62843,18.3208,15.8373,56.4131,1.52103,-97.7232,189.475
593.14,8.01286,2.64432,18.3208,15.8373,56.4714,1.52103,-97.7232,194.417
593.16,8.02618,2.38967,18.138,15.9762,56.4714,1.52103,-90.6821,198.895
593.18,8.02622,2.37334,18.1374,15.9766,56.9381,1.52103,-90.6606,200.256
593.2,8.0337,2.39469,17.9999,17.4628,56.9381,1.52103,-90.6606,200.705
593.22,8.0337,2.40112,17.9999,17.4628,57.2289,1.52103,-90.6606,203.392
593.24,8.04011,2.45058,18.0457,17.4628,57.2298,1.52103,-90.6606,206.096
593.26,8.04011,2.43193,18.0457,15.7444,57.4632,1.52103,-90.6606,206.545
593.28,8.04118,2.49444,17.4972,15.7444,57.4632,1.48247,-90.6606,206.993
593.3,8.04118,2.50497,17.4956,16.4411,57.5798,1.48235,-90.6606,206.545
593.32,8.04065,2.47487,17.7707,16.4411,57.5798,1.49165,-90.6606,206.096
593.34,8.04065,2.46775,17.7707,15.7928,57.5798,1.49165,-90.6606,210.574
593.36,8.04385,2.50274,17.6331,15.7908,57.9882,1.49165,-90.6606,215.08
593.38,8.04385,2.48466,17.6331,15.698,57.9882,1.49165,-90.6606,212.834
593.4,8.04385,2.31663,17.6788,15.698,58.3953,1.49165,-90.6606,210.595
593.42,8.04492,2.31081,17.679,15.3729,58.3966,1.49165,-103.962,210.139
593.44,8.04492,2.49876,16.9912,15.3729,58.4549,1.49165,-103.962,209.69
593.46,8.04812,2.51451,16.9912,15.9748,58.4549,1.49165,-103.962,207.898
593.48,8.04813,2.44487,16.9912,15.9766,58.1049,1.49165,-103.962,206.096
593.5,8.05187,2.43576,16.6245,15.3729,58.1049,1.49165,-103.962,208.342
593.52,8.05187,2.3052,16.6245,15.3729,57.8141,1.49165,-103.962,210.581
593.54,8.05401,2.32228,16.5786,16.2088,57.8132,1.4973,-103.962,209.24
593.56,8.05401,2.39627,16.5786,16.2088,57.6382,1.4973,-103.962,207.893
593.58,8.05454,2.38748,16.3035,17.0913,57.6382,1.53365,-103.962,201.604
593.6,8.05454,2.38748,16.3035,17.0913,57.7548,1.53365,-103.962,195.315
593.62,8.05722,2.26957,16.3952,17.0913,57.7548,1.53365,-103.962,197.112
593.64,8.05722,2.26957,16.3952,18.0666,57.6965,1.53365,-103.962,198.909
593.66,8.05828,2.21212,16.4866,18.0666,57.6965,1.53365,-103.962,194.43
593.68,8.05828,2.21194,16.4869,16.9984,57.6965,1.53365,-97.4143,191.721
593.7,8.05775,2.29728,16.762,16.9984,58.1049,1.53365,-97.4143,192.17
593.72,8.05775,2.29728,16.762,17.7392,58.1049,1.53365,-97.4143,191.275
593.74,8.05828,2.39544,16.6703,17.7415,58.1632,1.53365,-97.4143,190.823
593.76,8.05828,2.39544,16.6703,16.9519,58.1632,1.53365,-97.4143,186.331
593.78,8.05935,2.33833,16.9903,16.9519,57.4071,1.53365,-97.4143,180.509
593.8,8.05935,2.34592,16.9912,16.3017,57.4048,1.49954,-97.4143,178.245
593.82,8.05668,2.40342,17.679,16.3017,56.7048,1.49954,-97.4143,178.694
593.84,8.05668,2.37652,17.679,15.5146,56.7048,1.49399,-97.4143,178.246
593.86,8.05935,2.42168,17.679,15.5122,56.7631,1.49398,-97.4143,177.796
593.88,8.05935,2.43144,17.4956,15.5122,56.7631,1.49398,-97.4143,178.694
593.9,8.05989,2.43973,17.4956,15.5122,56.9376,1.49398,-97.4143,176.455
593.92,8.05989,2.41167,18.1833,16.2088,56.9381,1.49398,-97.4143,170.609
593.94,8.05882,2.55228,18.1833,16.2088,56.6464,1.49398,-87.5102,167.464
593.96,8.05882,2.51872,18.549,17.6905,56.6464,1.49398,-87.5102,167.464
593.98,8.05828,2.43713,18.5501,17.695,56.238,1.49398,-87.5102,167.015
594,8.05828,2.39269,18.4125,17.695,56.238,1.49398,-87.5102,171.956
594.02,8.05828,2.4969,18.4125,18.297,56.238,1.49398,-87.5102,175.539
594.04,8.05828,2.52812,18.4125,18.2988,56.238,1.51854,-87.5102,171.956
594.06,8.05989,2.50294,18.4125,17.6021,56.238,1.51854,-87.5102,170.159
594.08,8.05989,2.48342,18.5959,17.6021,56.4714,1.53504,-87.5102,174.651
594.1,8.05935,2.51337,18.5959,17.1377,56.4714,1.53504,-87.5102,176.448
594.12,8.05935,2.47436,18.4584,17.1377,57.4632,1.53504,-87.5102,175.101
594.14,8.05989,2.47436,18.4584,17.5557,57.4632,1.53504,-87.5102,174.651
594.16,8.05989,2.4927,18.6412,17.5557,58.9172,1.53504,-87.5102,173.756
594.18,8.05989,2.51947,18.6418,17.1842,58.9216,1.53504,-104.93,174.651
594.2,8.05989,2.54823,18.9169,17.1842,59.155,1.53504,-104.93,176.897
594.22,8.06095,2.46148,18.9169,16.86,59.155,1.53504,-104.93,179.137
594.24,8.06096,2.46474,18.9169,16.8591,57.2881,1.53504,-104.93,178.694
594.26,8.05935,2.4747,19.3295,17.6486,57.2881,1.53504,-104.93,178.245
594.28,8.05935,2.46149,19.3295,17.6486,54.9036,1.53504,-104.93,177.797
594.3,8.06149,2.47138,19.2836,18.2059,54.8963,1.50273,-104.93,175.101
594.32,8.06149,2.44044,19.2836,18.2059,53.3795,1.50273,-104.93,175.55
594.34,8.05989,2.47958,19.5122,18.2059,53.3795,1.51403,-104.93,179.133
594.36,8.05989,2.48184,19.5129,17.8344,53.3795,1.51406,-104.93,180.042
594.38,8.05882,2.53589,19.1461,17.8344,53.3795,1.51406,-104.93,178.245
594.4,8.05882,2.52824,19.1461,16.7231,53.6703,1.51406,-104.93,176.902
594.42,8.05882,2.56724,18.8252,16.7197,53.6712,1.51406,-104.93,174.202
594.44,8.05882,2.54749,18.8252,17.277,53.6712,1.51406,-99.3498,172.855
594.46,8.05989,2.58389,18.2767,17.277,53.7293,1.51406,-99.3498,176.437
594.48,8.05989,2.62752,18.275,16.3017,53.7295,1.51406,-99.3498,178.245
594.5,8.05935,2.46671,17.9999,16.3017,53.4962,1.51406,-99.3498,175.999
594.52,8.05935,2.43003,17.9999,16.8111,53.4962,1.51406,-99.3498,176.447
594.54,8.05989,2.47996,17.8165,16.8126,52.7378,1.51406,-99.3498,180.491
594.56,8.05989,2.49056,17.8165,16.7662,52.7378,1.53939,-99.3498,183.636
594.58,8.05882,2.56226,17.8165,16.7662,52.0377,1.53939,-99.3498,184.534
594.6,8.05882,2.54533,17.8165,16.2088,52.0377,1.53939,-99.3498,183.636
594.62,8.06042,2.42429,17.8165,16.2088,51.571,1.53939,-99.3498,181.39
594.64,8.06042,2.47137,17.7707,17.5093,51.571,1.53939,-99.3498,179.143
594.66,8.05989,2.43694,17.7707,17.5093,51.571,1.53939,-99.3498,175.113
594.68,8.05989,2.40778,17.3122,16.8591,51.571,1.53939,-99.3498,171.058
594.7,8.06042,2.47118,17.3122,16.8591,51.571,1.53939,-94.6757,168.363
594.72,8.06042,2.48339,17.0379,16.8591,51.571,1.53939,-94.6757,167.915
594.74,8.05722,2.40558,17.0371,16.3482,51.5127,1.53939,-94.6757,171.058
594.76,8.05722,2.44291,17.1746,16.3482,51.5127,1.53939,-94.6757,171.058
594.78,8.05828,2.27446,17.1746,17.1353,51.629,1.53939,-94.6757,169.714
594.8,8.05828,2.28272,17.1288,17.1377,51.6293,1.52867,-94.6757,171.058
594.82,8.05989,2.25426,17.1288,16.5339,51.6293,1.52867,-94.6757,172.855
594.84,8.05989,2.26114,17.0831,16.5339,51.9783,1.50914,-94.6757,175.989
594.86,8.05882,2.33182,17.0829,15.7444,51.9794,1.50908,-94.6757,180.042
594.88,8.05882,2.33278,17.5873,15.7444,51.8627,1.50908,-94.6757,179.143
594.9,8.06095,2.32086,17.5873,16.3463,51.8627,1.50908,-94.6757,179.591
594.92,8.06096,2.31559,17.954,16.3482,51.6877,1.50908,-94.6757,184.085
594.94,8.05722,2.30765,17.954,18.5775,51.6877,1.50908,-104.23,188.577
594.96,8.05722,2.33291,17.954,18.5775,51.1642,1.50908,-104.23,189.472
594.98,8.05882,2.33299,18.0916,18.2524,51.1626,1.50908,-104.23,190.374
595,8.05882,2.36214,18.0916,18.2524,51.1626,1.50908,-104.23,193.518
595.02,8.05775,2.28479,18.0459,16.4466,51.1626,1.50908,-104.23,197.996
595.04,8.05775,2.23492,18.0457,16.4411,51.0459,1.50908,-104.23,203.85
595.06,8.05989,2.23846,18.4125,18.0201,51.0459,1.56276,-104.23,207.444
595.08,8.05989,2.27473,18.4125,18.0201,51.571,1.56276,-104.23,212.834
595.1,8.05828,2.38879,18.5501,18.0201,51.571,1.56276,-104.23,218.224
595.12,8.05828,2.37427,18.5501,17.1842,52.7378,1.56276,-104.23,222.267
595.14,8.05882,2.33393,18.7335,17.1842,52.7378,1.56276,-104.23,222.717
595.16,8.05882,2.36486,18.8706,17.925,54.1336,1.56276,-104.23,219.582
595.18,8.05775,2.40593,18.871,17.9273,54.1379,1.56276,-104.23,217.775
595.2,8.05775,2.40115,18.871,17.9273,54.1379,1.56276,-104.23,217.326
595.22,8.05882,2.35634,18.871,16.8623,54.1379,1.56276,-106.796,216.878
595.24,8.05882,2.33226,18.5042,16.8591,55.4213,1.56276,-106.804,212.385
595.26,8.05935,2.27768,18.5042,16.2553,55.4213,1.56276,-106.804,207.893
595.28,8.05935,2.29369,18.3214,16.2553,57.108,1.56276,-106.804,206.101
595.3,8.05989,2.53941,18.3208,17.0448,57.1131,1.56276,-106.804,204.299
595.32,8.05989,2.52026,17.9082,17.0448,59.68,1.56276,-106.804,198.459
595.34,8.05669,2.50506,17.9082,16.8133,59.68,1.60512,-106.804,191.742
595.36,8.05668,2.48932,17.9082,16.8126,63.7637,1.60525,-106.804,184.983
595.38,8.05882,2.6718,17.9999,17.3699,63.7637,1.58321,-106.804,181.839
595.4,8.05882,2.69437,17.9999,17.3699,68.1839,1.58321,-106.804,178.704
595.42,8.05882,2.70732,18.6876,17.3699,68.1974,1.58321,-106.804,172.855
595.44,8.05882,2.71184,18.6876,17.3699,71.5227,1.58321,-106.804,165.218
595.46,8.05935,2.69254,19.0076,17.1847,71.5227,1.58321,-106.804,157.605
595.48,8.05935,2.64373,19.0085,17.1842,68.8391,1.58321,-104.621,151.293
595.5,8.05828,2.61303,19.5129,17.1842,68.8391,1.58321,-104.621,145.902
595.52,8.05828,2.56905,19.5129,16.7674,60.9875,1.58321,-104.621,140.528
595.54,8.05935,2.75313,20.4298,16.7662,60.9634,1.58321,-104.621,135.57
595.56,8.05935,2.67452,20.4298,15.9766,60.9634,1.58321,-104.621,134.223
595.58,8.05882,2.62616,21.8053,15.9766,55.888,1.59486,-104.621,132.426
595.6,8.05882,2.58432,21.8053,17.6486,55.888,1.59486,-104.621,133.324
595.62,8.05882,2.57772,22.8139,17.6486,54.0212,1.59486,-104.621,133.324
595.64,8.05882,2.54283,22.8139,17.5557,54.0212,1.59486,-104.621,133.324
595.66,8.05882,2.65409,23.5453,17.5557,53.4396,1.59486,-104.621,138.251
595.68,8.05989,2.70679,23.5475,16.7197,53.4378,1.59486,-104.621,144.105
595.7,8.05989,2.43942,24.8771,16.7197,53.9629,1.59486,-104.621,143.207
595.72,8.06202,2.43887,24.8771,16.4882,53.9629,1.59486,-102.24,142.311
595.74,8.06203,2.37827,24.8771,16.4875,54.6046,1.59486,-102.233,141.859
595.76,8.06416,2.46124,24.7854,17.6486,54.6046,1.59486,-102.233,144.555
595.78,8.06416,2.37681,24.7854,17.6486,54.9535,1.59486,-102.233,148.137
595.8,8.06683,2.39854,24.7854,17.6486,54.9546,1.59486,-102.233,148.148
595.82,8.06683,2.51481,24.7854,18.2988,55.3046,1.59486,-102.233,150.394
595.84,8.06683,2.51957,24.2826,18.2988,55.3046,1.54311,-102.233,152.186
595.86,8.06683,2.51959,24.2811,17.5093,55.2463,1.54295,-102.233,156.234
595.88,8.06897,2.49832,24.0518,17.5093,55.2463,1.55754,-102.233,160.277
595.9,8.06897,2.49832,24.0518,18.6668,55.13,1.55754,-102.233,165.651
595.92,8.07058,2.57497,24.2352,18.6704,55.1296,1.55754,-102.233,167.464
595.94,8.07058,2.57497,24.2352,19.4135,55.1296,1.55754,-102.233,169.71
595.96,8.07271,2.59679,24.1438,19.4135,54.897,1.55754,-102.233,168.814
595.98,8.07271,2.59686,24.1435,19.2741,54.8963,1.55754,-114.237,167.913
596,8.07378,2.59237,24.0518,19.2741,54.5462,1.55754,-114.237,171.058
596.02,8.07378,2.59237,24.0518,19.3204,54.5462,1.55754,-114.237,171.506
596.04,8.07592,2.40424,23.9601,19.3206,54.1962,1.55754,-114.237,171.956
596.06,8.07592,2.43906,23.9601,19.4135,54.1962,1.55754,-114.237,172.405
596.08,8.07752,2.50903,23.7767,19.4135,54.3129,1.55754,-114.237,168.812
596.1,8.07752,2.51167,23.7767,18.8097,54.3129,1.51305,-114.237,170.609
596.12,8.0802,2.63326,23.7767,18.8097,54.3712,1.51305,-114.237,168.363
596.14,8.0802,2.6143,23.5016,18.3917,54.3712,1.56464,-114.237,166.117
596.16,8.08073,2.63899,23.5016,18.3917,53.8478,1.56464,-114.237,165.221
596.18,8.08073,2.65938,23.0432,20.1566,53.8462,1.56464,-114.237,163.87
596.2,8.08287,2.56813,23.0432,20.1566,53.4962,1.56464,-114.237,163.87
596.22,8.08287,2.55526,23.2717,20.1566,53.4962,1.56464,-114.237,163.87
596.24,8.0834,2.4256,23.2724,20.1566,53.0878,1.56464,-107.38,163.421
596.26,8.0834,2.41321,23.1349,20.1566,53.0878,1.56464,-107.38,163.87
596.28,8.08447,2.4871,23.1349,19.7398,52.797,1.56464,-107.38,162.975
596.3,8.08447,2.50329,22.7681,19.7386,52.7961,1.56464,-107.38,162.074
596.32,8.08661,2.46297,22.7681,20.8997,52.7961,1.56464,-107.38,161.175
596.34,8.08661,2.47118,22.5395,20.8997,52.6798,1.50146,-107.38,164.31
596.36,8.08768,2.40001,22.5388,19.8779,52.6794,1.50126,-107.38,162.972
596.38,8.08768,2.40855,22.7222,19.8779,52.9711,1.57936,-107.38,164.32
596.4,8.08714,2.41297,22.7222,18.3962,52.9711,1.57936,-107.38,169.694
596.42,8.08714,2.40492,22.7222,18.3917,53.7878,1.57936,-107.38,171.058
596.44,8.09195,2.52879,22.7222,20.7603,53.7878,1.57936,-107.38,167.464
596.46,8.09195,2.53572,22.7222,20.7603,54.951,1.57936,-107.38,164.777
596.48,8.09409,2.45871,22.2637,20.203,54.9546,1.57936,-98.9792,162.972
596.5,8.09409,2.46338,22.2637,20.203,56.6464,1.57936,-98.9792,162.074
596.52,8.09462,2.508,22.4923,22.194,56.6464,1.57936,-98.9792,156.7
596.54,8.09462,2.5223,22.493,22.2001,57.9882,1.57936,-98.9792,158.48
596.56,8.09409,2.4475,22.6305,21.8285,57.9882,1.57936,-98.9792,158.929
596.58,8.09409,2.45101,22.6305,21.8285,58.2799,1.57936,-98.9792,162.523
596.6,8.09302,2.41075,22.6764,21.8285,58.2799,1.51249,-98.9792,165.218
596.62,8.09302,2.42018,22.6764,19.8314,58.2799,1.51249,-98.9792,165.667
596.64,8.09783,2.58573,22.8598,19.8314,58.1049,1.59478,-98.9792,167.015
596.66,8.09783,2.57716,22.8598,20.2482,58.1049,1.59478,-98.9792,164.776
596.68,8.09943,2.44356,23.0432,20.2494,56.9381,1.59478,-98.9792,167.913
596.7,8.09943,2.4275,23.0432,20.1101,56.9381,1.59478,-98.9792,170.609
596.72,8.09517,2.51055,23.0889,20.1101,55.6004,1.59478,-98.9792,169.265
596.74,8.09516,2.49338,23.089,20.3888,55.5963,1.59478,-115.658,164.769
596.76,8.09783,2.67525,23.1349,20.3888,54.3712,1.59478,-115.658,160.726
596.78,8.09783,2.67525,23.1349,21.0833,54.3712,1.59478,-115.658,160.726
596.8,8.09623,2.5422,23.7309,21.0854,53.6712,1.59478,-115.658,160.726
596.82,8.09623,2.54274,23.7309,22.293,53.6712,1.59478,-115.658,160.277
596.84,8.09783,2.54826,23.7309,22.293,53.4385,1.59478,-115.658,159.381
596.86,8.09783,2.51535,23.7309,21.5499,53.4378,1.5048,-115.658,162.972
596.88,8.09837,2.35873,23.7309,21.5499,53.4378,1.5048,-115.658,166.566
596.9,8.09837,2.40717,23.5938,22.2444,53.4378,1.53418,-115.658,164.774
596.92,8.09997,2.44334,23.5933,22.2465,53.4378,1.53427,-115.658,168.812
596.94,8.09997,2.42695,23.7767,22.2465,53.4378,1.53427,-115.658,173.304
596.96,8.09997,2.31979,23.7767,22.3854,53.3797,1.53427,-115.658,177.782
596.98,8.09997,2.32767,23.4558,22.3858,53.3795,1.53427,-115.658,179.593
597,8.10104,2.40859,23.4558,22.5716,53.1461,1.53427,-105.959,182.288
597.02,8.10104,2.41365,23.1358,22.5716,53.1461,1.53427,-105.959,180.944
597.04,8.10264,2.51029,23.1349,21.7356,53.1461,1.53427,-105.959,179.593
597.06,8.10264,2.53278,23.8226,21.7356,53.2628,1.53427,-105.959,175.999
597.08,8.10318,2.34118,23.8226,21.9214,53.2628,1.53427,-105.959,175.101
597.1,8.10318,2.35896,23.9601,21.9214,53.3795,1.52321,-105.959,172.405
597.12,8.10104,2.39124,23.9601,21.9214,53.3795,1.52321,-105.959,169.71
597.14,8.10104,2.40867,24.7395,21.9214,53.2045,1.52321,-105.959,172.855
597.16,8.10104,2.34393,24.7395,22.1992,53.2045,1.56699,-105.959,177.333
597.18,8.10104,2.32409,24.9229,22.2001,53.1461,1.56712,-105.959,182.737
597.2,8.10157,2.47346,24.9229,23.4076,53.1461,1.56712,-105.959,188.128
597.22,8.10157,2.4491,24.9229,23.4076,52.6808,1.56712,-105.959,187.68
597.24,8.10211,2.46385,24.7854,22.5252,52.6794,1.56712,-102.912,185.432
597.26,8.10211,2.496,24.7854,22.5252,52.6794,1.56712,-102.912,186.331
597.28,8.10264,2.32756,25.3339,21.8769,52.6794,1.56712,-102.912,186.331
597.3,8.10264,2.304,25.3356,21.875,52.7378,1.56712,-102.912,188.128
597.32,8.10211,2.38898,25.7023,21.875,52.7378,1.56712,-102.912,192.62
597.34,8.10211,2.38169,25.7023,19.7914,52.9122,1.56712,-102.912,193.963
597.36,8.10371,2.55047,26.0233,19.785,52.9128,1.54434,-102.912,193.069
597.38,8.10371,2.54679,26.0233,19.4135,53.2045,1.54434,-102.912,188.577
597.4,8.10318,2.49485,26.4804,19.4135,53.2045,1.51587,-102.912,187.681
597.42,8.10318,2.49726,26.4818,19.785,53.2045,1.51578,-102.912,182.737
597.44,8.10318,2.48227,26.711,19.785,53.7878,1.51578,-102.912,184.085
597.46,8.10318,2.47258,26.711,19.4146,53.7878,1.51578,-102.912,185.428
597.48,8.10478,2.55611,26.4359,19.4135,54.5462,1.51578,-102.912,184.534
597.5,8.10478,2.58878,26.4359,19.1348,54.5462,1.51578,-109.81,183.636
597.52,8.10478,2.60574,26.4359,19.1348,55.3605,1.51578,-109.81,182.292
597.54,8.10478,2.58359,26.4359,18.4381,55.363,1.51578,-109.81,180.94
597.56,8.10585,2.70024,26.4359,18.4381,55.6547,1.51578,-109.81,178.245
597.58,8.10585,2.64209,26.3901,19.4599,55.6547,1.51578,-109.81,176.897
597.6,8.10638,2.70416,26.3901,19.4599,55.363,1.51578,-109.81,170.609
597.62,8.10585,2.716,26.115,19.2741,55.363,1.53079,-109.81,164.32
597.64,8.10585,2.75277,26.115,19.2741,54.5462,1.53079,-109.81,163.421
597.66,8.10532,2.7378,25.4294,18.024,54.5462,1.50797,-109.81,163.421
597.68,8.10531,2.65295,25.4273,18.0201,53.3211,1.5079,-109.81,161.175
597.7,8.10424,2.58487,24.7395,18.0201,53.3211,1.5079,-109.81,158.929
597.72,8.10424,2.7118,24.7395,18.2054,52.3324,1.5079,-109.81,156.69
597.74,8.10424,2.70489,24.2352,18.2059,52.3294,1.5079,-109.81,154.437
597.76,8.10531,2.55846,24.2352,19.1812,52.3294,1.5079,-107.895,153.988
597.78,8.10531,2.5417,23.5496,19.1812,52.2712,1.5079,-107.895,153.54
597.8,8.10638,2.53573,23.2266,19.9708,52.5627,1.5079,-107.895,155.785
597.82,8.10638,2.42857,23.2266,19.9708,52.5627,1.5079,-107.895,156.234
597.84,8.10798,2.42858,23.2266,19.9708,52.5627,1.5079,-107.895,159.369
597.86,8.10692,2.42098,23.2266,20.3888,52.5627,1.5079,-107.895,159.378
597.88,8.10692,2.42098,22.4471,20.3888,52.7378,1.5079,-107.895,163.421
597.9,8.10585,2.3084,22.4471,19.3701,52.7378,1.60549,-107.895,164.765
597.92,8.10692,2.30806,21.8511,19.367,52.7961,1.60579,-107.895,165.218
597.94,8.10692,2.36192,21.8511,18.3917,52.7961,1.53864,-107.895,164.769
597.96,8.10425,2.2506,21.8511,18.3917,52.9706,1.53864,-107.895,165.217
597.98,8.10424,2.28151,20.6132,18.949,52.9711,1.53864,-107.895,167.464
598,8.10692,2.38113,20.6132,18.949,53.2628,1.53864,-107.895,168.812
598.02,8.10532,2.38113,19.9733,21.0326,53.2628,1.53864,-107.895,172.394
598.04,8.10585,2.36227,19.9714,21.039,53.2045,1.53864,-104.889,175.101
598.06,8.10585,2.26374,19.788,21.2248,53.2045,1.53864,-104.889,178.694
598.08,8.10692,2.27684,19.788,21.2248,53.0294,1.53864,-104.889,177.796
598.1,8.10745,2.38416,19.6963,21.2248,53.0294,1.53864,-104.889,176.897
598.12,8.10478,2.33083,19.6963,19.0883,53.2628,1.53864,-104.889,181.39
598.14,8.10478,2.34262,19.5129,19.0883,53.2628,1.68753,-104.889,180.042
598.16,8.10851,2.30795,19.5129,17.6067,53.2628,1.68753,-104.889,181.385
598.18,8.10585,2.29015,19.5129,17.6021,53.4962,1.56951,-104.889,180.042
598.2,8.10478,2.31666,19.5129,14.9084,53.4962,1.56951,-104.889,176.897
598.22,8.10478,2.3825,20.0157,14.9084,53.9033,1.56951,-104.889,176.002
598.24,8.10531,2.36902,20.0172,14.862,53.9045,1.56951,-104.889,174.651
598.26,8.10531,2.36902,20.384,14.862,54.5462,1.56951,-104.889,171.507
598.28,8.10638,2.35084,20.384,14.0748,54.5462,1.56951,-99.2025,172.403
598.3,8.10638,2.36982,20.4298,14.0724,55.188,1.56951,-99.1851,168.812
598.32,8.10424,2.50005,20.4298,14.3975,55.188,1.56951,-99.1851,168.812
598.34,8.10691,2.45187,20.4298,14.3975,55.944,1.56951,-99.1851,168.812
598.36,8.10585,2.34041,20.98,14.444,55.9464,1.56951,-99.1851,172.405
598.38,8.10585,2.52448,20.98,14.444,56.5881,1.56951,-99.1851,172.405
598.4,8.10585,2.35026,21.8485,15.5089,56.5881,1.59664,-99.1851,169.271
598.42,8.10692,2.36087,21.8511,15.5122,57.4048,1.59672,-99.1851,168.812
598.44,8.10585,2.28697,22.493,15.5122,57.4048,1.50254,-99.1851,168.363
598.46,8.10585,2.45128,22.493,13.6601,58.1027,1.50254,-99.1851,167.915
598.48,8.10585,2.5337,23.1349,13.6544,58.1049,1.50254,-99.1851,169.261
598.5,8.10478,2.55493,23.1349,13.6544,58.5716,1.50254,-99.1851,167.913
598.52,8.10371,2.54466,23.272,13.6544,58.5716,1.50254,-99.1851,166.57
598.54,8.10745,2.45618,23.2724,13.4687,58.5716,1.50254,-110.489,165.218
598.56,8.10745,2.39339,23.2266,13.4687,58.4549,1.50254,-110.489,161.624
598.58,8.10478,2.50672,23.2266,12.772,58.4549,1.50254,-110.489,158.48
598.6,8.10692,2.50673,23.4558,12.772,58.1049,1.50254,-110.489,155.336
598.62,8.10478,2.53346,23.4558,10.4498,58.1049,1.50254,-110.489,158.031
598.64,8.10478,2.41078,23.9143,10.4498,57.6965,1.50254,-110.489,159.378
598.66,8.10691,2.45695,23.9143,11.3759,57.6965,1.61437,-110.489,162.513
598.68,8.10531,2.45709,23.4558,11.3787,57.2298,1.61472,-110.489,165.667
598.7,8.10638,2.43646,23.4558,12.4005,57.2298,1.62189,-110.489,168.812
598.72,8.10638,2.48515,23.4558,12.4005,56.8808,1.62189,-110.489,166.573
598.74,8.10531,2.54442,22.0345,12.2611,56.8798,1.62189,-110.489,168.363
598.76,8.10478,2.51669,22.0345,12.2611,56.7048,1.62189,-110.489,170.159
598.78,8.10531,2.38953,19.9776,12.2148,56.7048,1.62189,-110.489,167.472
598.8,8.10531,2.4219,19.9714,12.2147,56.7048,1.62189,-104.23,167.464
598.82,8.10371,2.43283,17.2663,12.2147,56.7048,1.62189,-104.23,171.058
598.84,8.10478,2.4242,17.2663,13.187,56.6466,1.62189,-104.23,172.849
598.86,8.10424,2.3214,15.4324,13.19,56.6464,1.62189,-104.23,176.448
598.88,8.10424,2.37436,15.4324,11.1929,56.2964,1.62189,-104.23,180.491
598.9,8.10211,2.33759,14.1983,11.1929,56.2964,1.6694,-104.23,180.939
598.92,8.10264,2.36982,14.1945,8.63852,56.2964,1.66955,-104.23,185.882
598.94,8.09943,2.27398,13.6902,8.63852,55.4213,1.61099,-104.23,189.026
598.96,8.09943,2.32921,13.6902,8.40701,55.4213,1.61099,-104.23,185.891
598.98,8.09943,2.25349,13.4151,8.4063,54.4296,1.61099,-104.23,191.272
599,8.09783,2.23537,13.4151,9.38162,54.4296,1.61099,-104.23,195.315
599.02,8.0973,2.3229,13.5979,9.38162,53.3827,1.61099,-104.23,198.45
599.04,8.0973,2.40768,13.5985,9.79961,53.3795,1.61099,-93.0697,196.213
599.06,8.09462,2.31063,13.5985,9.79961,53.0294,1.61099,-93.0697,197.561
599.08,8.09302,2.29877,13.1859,10.7749,53.0294,1.61099,-93.0697,199.807
599.1,8.09142,2.13515,13.1859,10.7749,52.0377,1.61099,-93.0697,198.909
599.12,8.09142,2.24074,13.4609,11.0071,52.0377,1.61099,-93.0697,194.866
599.14,8.08928,2.18463,13.4609,11.0071,51.1043,1.61099,-93.0697,198.909
599.16,8.09088,2.211,13.8266,12.674,51.1043,1.6691,-93.0697,201.596
599.18,8.08714,2.29813,13.8277,12.6791,50.6959,1.66928,-93.0697,198.909
599.2,8.085,2.23944,14.2862,12.6791,50.6959,1.61991,-93.0697,200.705
599.22,8.085,2.27882,14.2862,11.4753,50.5214,1.61991,-93.0697,201.601
599.24,8.08073,2.27542,14.2862,11.4716,50.5209,1.61991,-93.0697,199.807
599.26,8.0802,2.23422,14.2862,12.5398,50.5209,1.61991,-93.0697,198.01
599.28,8.07593,2.19909,14.469,12.5398,50.7535,1.61991,-93.0697,194.427
599.3,8.07592,2.18221,14.4696,13.8867,50.7543,1.61991,-112.548,189.924
599.32,8.07539,2.17202,14.3321,13.8867,50.7543,1.61991,-112.548,186.78
599.34,8.07325,2.31437,14.3321,13.6551,50.7543,1.61991,-112.548,186.332
599.36,8.07111,2.23251,14.0111,13.6544,50.6376,1.61991,-112.548,184.534
599.38,8.07111,2.20465,14.0111,13.2364,50.6376,1.61991,-112.548,184.534
599.4,8.07111,2.20261,13.7369,13.2364,50.2305,1.61991,-112.548,187.221
599.42,8.06951,2.2026,13.736,11.5645,50.2292,1.59978,-112.548,189.924
599.44,8.06844,2.22465,13.736,11.5645,49.3541,1.59978,-112.548,190.374
599.46,8.06844,2.21205,13.7817,12.1664,49.3541,1.5741,-112.548,191.717
599.48,8.0663,2.27276,13.7819,12.1682,48.4791,1.57402,-112.548,188.128
599.5,8.06416,2.27276,13.3234,13.0042,48.4791,1.57402,-112.548,184.534
599.52,8.0631,2.26386,13.3234,13.0042,47.6648,1.57402,-112.548,184.086
599.54,8.06309,2.25446,12.8191,12.1218,47.6623,1.57402,-112.548,185.882
599.56,8.05989,2.35634,12.8191,12.1218,46.8456,1.57402,-106.042,184.983
599.58,8.06042,2.35183,12.8649,12.1218,46.8456,1.57402,-106.042,184.085
599.6,8.05935,2.27874,12.8649,11.8896,46.2622,1.57402,-106.042,193.069
599.62,8.05935,2.29362,13.2317,11.8896,46.2622,1.57402,-106.042,191.272
599.64,8.05935,2.16493,13.2317,11.7967,46.2622,1.57402,-106.042,187.229
599.66,8.05935,2.15698,13.3688,11.7967,45.5061,1.66291,-106.042,183.199
599.68,8.05615,2.34003,13.3693,13.7473,45.5038,1.66318,-106.042,180.94
599.7,8.05615,2.31967,13.736,13.7473,44.8621,1.6519,-106.042,180.042
599.72,8.05348,2.30671,13.736,13.9325,44.8621,1.6519,-106.042,179.594
599.74,8.0492,2.27667,13.8277,13.9331,44.5121,1.6519,-106.042,179.143
599.76,8.04706,2.28992,13.8277,13.9331,44.5121,1.6519,-106.042,178.245
599.78,8.04706,2.38622,14.2391,13.9331,44.8029,1.6519,-106.042,180.036
599.8,8.04546,2.41811,14.2404,15.9302,44.8038,1.6519,-101.841,180.491
599.82,8.04385,2.38756,14.2404,15.9302,45.2705,1.6519,-101.841,175.999
599.84,8.04279,2.42034,14.0118,15.6524,45.2705,1.6519,-101.841,174.656
599.86,8.04279,2.30779,14.0111,15.6515,46.1455,1.6519,-101.841,174.651
599.88,8.04279,2.35141,14.4696,16.2088,46.1455,1.6519,-101.841,173.753
599.9,8.04172,2.36188,14.4696,16.2088,47.1343,1.6519,-101.841,174.201
599.92,8.04118,2.48272,15.1573,16.2088,47.1373,1.64147,-101.841,175.999
599.94,8.04065,2.39902,15.1573,17.1842,48.4791,1.64147,-101.841,174.202
599.96,8.04065,2.38611,15.2944,17.1842,48.4791,1.62058,-101.841,170.172
599.98,8.04011,2.35743,15.2949,16.6733,49.9959,1.62051,-101.841,166.566
600,8.03958,2.32564,15.4783,16.6733,49.9959,1.62051,-101.841,163.87
600.02,8.03958,2.38368,15.4783,14.2193,49.9959,1.62051,-101.841,156.257
600.04,8.03958,2.29276,15.4324,14.2118,51.4543,1.62051,-101.841,154.886
600.06,8.03958,2.51156,15.4324,15.7908,51.4543,1.62051,-107.874,156.683
600.08,8.03958,2.51156,15.7992,15.7908,54.3129,1.62051,-107.874,160.277
600.1,8.03905,2.50289,15.7992,15.8837,54.3129,1.62051,-107.874,159.378
600.12,8.03905,2.41898,16.3952,15.8837,58.3966,1.62051,-107.874,158.031
600.14,8.04118,2.53422,16.3952,15.698,58.3966,1.62051,-107.874,157.582
600.16,8.03905,2.53421,16.4409,15.698,62.8749,1.62051,-107.874,154.447
600.18,8.03851,2.51768,16.4411,14.7691,62.8886,1.617,-107.874,149.945
600.2,8.03851,2.60264,16.4411,14.7691,66.6806,1.617,-107.874,144.555
600.22,8.04011,2.55279,16.2125,15.8803,66.6806,1.60266,-107.874,139.628
600.24,8.03851,2.54506,16.2118,15.8837,66.5639,1.60262,-107.874,139.164
600.26,8.03905,2.50659,16.0284,15.9766,66.5639,1.60262,-107.874,133.774
600.28,8.03905,2.78782,16.0284,15.9766,60.8642,1.60262,-107.874,124.817
600.3,8.03958,2.84201,16.1201,14.0724,60.8468,1.60262,-107.874,123.891
600.32,8.03637,2.77758,16.1201,14.0724,53.0294,1.60262,-109.46,122.993
600.34,8.03584,2.83434,15.7545,14.0724,53.0294,1.60262,-109.46,121.201
600.36,8.03584,2.72092,15.7533,14.1653,49.4708,1.60262,-109.46,121.196
600.38,8.0353,2.73698,15.3866,14.1653,49.4708,1.60262,-109.46,121.645
600.4,8.03903,2.67848,15.3866,15.6933,49.4708,1.60262,-109.46,122.093
600.42,8.03637,2.64694,15.5241,15.698,48.8874,1.62215,-109.46,120.747
600.44,8.03637,2.60785,15.0656,17.2306,48.8874,1.61755,-109.46,124.79
600.46,8.03797,2.54943,15.0656,17.2306,48.8874,1.61755,-109.46,129.716
600.48,8.03477,2.54079,15.0656,17.2306,48.8874,1.61755,-109.46,130.629
600.5,8.03744,2.41393,15.0656,16.0695,48.8874,1.61755,-109.46,131.078
600.52,8.03744,2.5726,14.7914,16.0695,49.0619,1.61755,-109.46,137.348
600.54,8.03637,2.50256,14.7905,15.0477,49.0624,1.61755,-109.46,140.961
600.56,8.03691,2.5371,14.7905,15.0477,48.9458,1.61755,-109.46,144.555
600.58,8.03744,2.32841,14.8362,13.2883,48.9458,1.61755,-104.451,149.481
600.6,8.03744,2.31025,14.8364,13.2829,49.0041,1.61755,-104.436,154.886
600.62,8.03637,2.24336,14.5613,12.1682,49.0041,1.61755,-104.436,163.87
600.64,8.0353,2.24892,14.5613,12.1682,49.4708,1.61755,-104.436,172.855
600.66,8.03957,2.27734,13.83,10.2236,49.4708,1.61755,-104.436,171.959
600.68,8.03958,2.31544,13.8277,10.2176,49.4125,1.61755,-104.436,173.753
600.7,8.03798,2.37874,14.2862,13.9331,49.4125,1.6354,-104.436,184.085
600.72,8.03798,2.40416,14.2862,13.9331,49.6451,1.6354,-104.436,187.667
600.74,8.03851,2.5259,14.2862,13.9331,49.6458,1.62652,-104.436,189.924
600.76,8.03851,2.37505,14.2862,14.9549,49.6458,1.62652,-104.436,190.823
600.78,8.03585,2.34744,14.1948,14.9549,50.2274,1.62652,-104.436,193.958
600.8,8.0353,2.39293,14.1945,14.6298,50.2292,1.62652,-104.436,195.764
600.82,8.03744,2.27154,13.8736,14.6298,50.4626,1.62652,-104.436,198.909
600.84,8.03904,2.30113,13.8736,14.3519,50.4626,1.62652,-99.6322,202.939
600.86,8.03905,2.35307,14.057,14.3511,50.6959,1.62652,-99.6175,204.299
600.88,8.03798,2.36729,14.057,14.3975,50.6959,1.62652,-99.6175,205.647
600.9,8.03798,2.44209,13.9198,14.3975,50.7541,1.62652,-99.6175,209.677
600.92,8.03744,2.27087,13.9194,13.7938,50.7543,1.62652,-99.6175,211.037
600.94,8.03744,2.33192,13.2776,13.7938,50.7543,1.62652,-99.6175,206.994
600.96,8.03584,2.35701,13.2776,13.3771,50.7543,1.62294,-99.6175,204.755
600.98,8.03744,2.29966,13.2776,13.3758,51.1626,1.62292,-99.6175,202.951
601,8.03477,2.34574,13.14,13.2829,51.1626,1.59731,-99.6175,202.951
601.02,8.03477,2.29208,13.14,13.2829,51.8024,1.59731,-99.6175,206.086
601.04,8.03744,2.22126,13.5068,11.8431,51.8043,1.59731,-99.6175,206.994
601.06,8.03317,2.22125,13.5068,11.8431,52.271,1.59731,-99.6175,205.647
601.08,8.0353,2.34536,13.9639,11.8431,52.271,1.59731,-99.6175,204.303
601.1,8.0353,2.27407,13.9653,10.7749,52.2127,1.59731,-111.622,204.748
601.12,8.03637,2.2574,13.5526,10.7749,52.2127,1.59731,-111.622,202.053
601.14,8.03637,2.2574,13.5526,13.4687,51.6877,1.59731,-111.622,200.705
601.16,8.03637,2.26607,13.2327,13.4687,51.6877,1.59731,-111.622,199.362
601.18,8.03637,2.29548,13.2317,12.0754,51.6877,1.59731,-111.622,199.807
601.2,8.03584,2.24793,12.7732,12.0754,51.6293,1.6247,-111.622,199.807
601.22,8.03531,2.206,12.7732,14.2979,51.6293,1.6247,-111.622,200.703
601.24,8.0353,2.27793,12.5898,14.3047,51.746,1.59953,-111.622,199.358
601.26,8.0353,2.31237,12.5898,13.7938,51.746,1.59953,-111.622,202.053
601.28,8.03158,2.24911,12.2242,13.7938,51.2226,1.59953,-111.622,202.501
601.3,8.03477,2.21624,12.2231,13.9331,51.221,1.59953,-111.622,194.417
601.32,8.03103,2.28899,13.1859,13.9331,50.6376,1.59953,-111.622,191.272
601.34,8.03103,2.25764,13.1859,16.3408,50.6376,1.59953,-107.927,194.407
601.36,8.03263,2.31115,13.1859,16.3482,49.9959,1.59953,-107.916,199.807
601.38,8.03103,2.30621,13.6443,16.1624,49.9959,1.59953,-107.916,202.502
601.4,8.0305,2.22975,13.6443,16.1624,50.1122,1.59953,-107.916,207.876
601.42,8.03049,2.36491,13.5526,15.0942,50.1125,1.59953,-107.916,211.486
601.44,8.02782,2.34552,13.5526,15.0942,50.6959,1.59953,-107.916,208.342
601.46,8.02782,2.36576,13.5526,15.0942,50.6959,1.61804,-107.916,205.207
601.48,8.03049,2.34718,13.5526,16.5339,51.0459,1.6181,-107.916,204.299
601.5,8.03049,2.40821,13.736,16.5339,51.0459,1.62949,-107.916,211.037
601.52,8.03103,2.34613,13.736,18.2934,50.348,1.62949,-107.916,215.516
601.54,8.02889,2.31913,13.736,18.2988,50.3459,1.62949,-107.916,220.021
601.56,8.02729,2.36018,13.736,14.4904,50.3459,1.62949,-107.916,220.021
601.58,8.02729,2.31382,14.056,14.4904,49.3572,1.62949,-107.916,222.26
601.6,8.02568,2.39323,14.057,13.7473,49.3541,1.62949,-100.05,225.412
601.62,8.02622,2.35468,14.3321,13.7473,49.3541,1.62949,-100.05,228.556
601.64,8.02622,2.32131,14.3321,15.5586,49.3541,1.62949,-100.05,229.455
601.66,8.02622,2.29282,14.1492,15.5586,50.1684,1.62949,-100.05,229.902
601.68,8.02408,2.31103,14.1487,14.8155,50.1709,1.62949,-100.05,223.615
601.7,8.02622,2.36724,14.1487,14.8155,51.4543,1.62949,-100.05,217.326
601.72,8.02409,2.18681,14.2401,15.8342,51.4543,1.55607,-100.05,219.565
601.74,8.02408,2.1804,14.2404,15.8373,53.1461,1.55585,-100.05,222.267
601.76,8.02408,2.34358,15.0656,16.0231,53.1461,1.5816,-100.05,215.529
601.78,8.02408,2.32702,15.0656,16.0231,55.7633,1.5816,-100.05,208.812
601.8,8.02462,2.26995,14.8822,16.2088,55.7713,1.5816,-100.05,202.951
601.82,8.02301,2.42937,14.8822,16.2088,59.4467,1.5816,-100.05,195.315
601.84,8.02301,2.61507,15.5221,16.2088,59.4467,1.5816,-100.05,188.15
601.86,8.02996,2.62454,15.5241,15.8837,61.6052,1.5816,-115.761,183.186
601.88,8.02782,2.5328,15.5241,15.8837,61.6052,1.5816,-115.761,179.593
601.9,8.02516,2.74639,15.5241,17.8284,61.6052,1.5816,-115.761,174.666
601.92,8.02515,2.84694,15.7533,17.8344,60.0884,1.5816,-115.761,165.218
601.94,8.01927,2.82276,15.7533,12.3076,60.0884,1.5816,-115.761,155.336
601.96,8.0262,2.74721,16.439,12.3076,57.2967,1.5816,-115.761,149.066
601.98,8.02355,2.71543,16.4411,12.4933,57.2881,1.5816,-115.761,146.351
602,8.02355,2.55457,16.4411,12.4933,54.6629,1.5816,-115.761,146.801
602.02,8.02515,2.74711,16.4411,13.049,54.6629,1.58725,-115.761,145.457
602.04,8.02622,2.7477,16.2577,13.0507,52.2127,1.58727,-115.761,141.859
602.06,8.02568,2.68733,16.2577,12.354,52.2127,1.58727,-115.761,137.367
602.08,8.02568,2.52355,16.2577,12.354,50.2934,1.58727,-115.761,136.024
602.1,8.01927,2.61017,16.6703,12.354,50.2876,1.58727,-110.798,137.367
602.12,8.02194,2.61018,16.6703,12.354,49.7042,1.58727,-110.798,139.613
602.14,8.02408,2.4267,17.0829,14.2582,49.7042,1.58727,-110.798,138.266
602.16,8.02408,2.64683,17.0829,14.2582,50.2276,1.58727,-110.798,135.579
602.18,8.02087,2.59082,15.7992,17.4164,50.2292,1.58727,-110.798,137.367
602.2,8.02248,2.61567,15.7992,17.4164,51.1626,1.58727,-110.798,136.469
602.22,8.01981,2.53317,15.4335,17.4164,51.1626,1.63043,-110.798,135.125
602.24,8.01981,2.69523,15.4324,17.6486,50.4626,1.63057,-110.798,134.672
602.26,8.02568,2.70704,15.4783,17.6486,50.4626,1.61898,-110.798,135.121
602.28,8.02302,2.74035,15.4783,16.7226,50.4626,1.61898,-110.798,134.673
602.3,8.02248,2.61065,14.7905,16.7197,48.8291,1.61898,-110.798,135.121
602.32,8.02248,2.61395,14.7905,16.6268,48.8291,1.61898,-110.798,136.02
602.34,8.02621,2.645,14.562,16.6268,47.5496,1.61898,-110.798,139.155
602.36,8.01981,2.65458,14.5613,15.4657,47.5457,1.61898,-101.821,141.41
602.38,8.02675,2.53933,13.9653,15.4657,46.4372,1.61898,-101.821,142.758
602.4,8.02675,2.42983,13.9653,14.0767,46.4372,1.61898,-101.821,143.206
602.42,8.02355,2.43166,13.4151,14.0724,45.8538,1.61898,-101.821,139.613
602.44,8.02408,2.41094,13.4151,13.7938,45.8538,1.61898,-101.821,140.961
602.46,8.02408,2.45494,13.4151,13.7938,46.6099,1.61898,-101.821,138.722
602.48,8.02408,2.38619,12.9108,16.2088,46.6122,1.61716,-101.821,140.961
602.5,8.02355,2.48214,12.9108,16.2088,47.429,1.61716,-101.821,141.41
602.52,8.02461,2.51172,13.0936,14.6809,47.429,1.60123,-101.821,142.754
602.54,8.02301,2.41323,13.0942,14.6762,47.7207,1.60119,-101.821,137.816
602.56,8.02301,2.3408,11.3519,14.6762,47.7207,1.60119,-101.821,142.309
602.58,8.02568,2.34035,11.3519,15.1392,47.2554,1.60119,-101.821,140.965
602.6,8.02675,2.39225,11.3519,15.1406,47.254,1.60119,-101.821,139.613
602.62,8.02301,2.3599,11.3519,14.3047,46.5539,1.60119,-108.266,144.105
602.64,8.02301,2.34783,11.4436,14.3047,46.5539,1.60119,-108.266,147.699
602.66,8.02994,2.5173,11.4436,13.8416,46.5539,1.60119,-108.266,146.803
602.68,8.01981,2.49932,11.2144,13.8402,46.0289,1.60119,-108.266,145.902
602.7,8.02301,2.39136,11.2144,15.0013,46.0289,1.60119,-108.266,147.699
602.72,8.02408,2.29758,11.1687,15.0013,45.8544,1.61402,-108.266,151.73
602.74,8.02408,2.33978,11.1686,12.2611,45.8538,1.61406,-108.266,153.539
602.76,8.02889,2.319,11.7187,12.2611,45.0954,1.61406,-108.266,155.336
602.78,8.02569,2.28643,11.7187,13.6502,45.0954,1.61225,-108.266,156.231
602.8,8.02462,2.30591,12.7274,13.6544,44.7454,1.61224,-108.266,158.48
602.82,8.02462,2.30999,12.7274,14.862,44.7454,1.61224,-108.266,160.726
602.84,8.02142,2.27846,12.7274,14.862,44.222,1.61224,-108.266,162.965
602.86,8.02462,2.31439,12.7732,13.4687,44.2204,1.61224,-113.001,164.769
602.88,8.02462,2.37353,12.7732,13.4687,43.3453,1.61224,-113.001,168.363
602.9,8.02462,2.40403,12.5447,12.5889,43.3453,1.61224,-113.001,169.258
602.92,8.02568,2.44232,12.544,12.5862,42.9369,1.61224,-113.001,170.159
602.94,8.02408,2.44232,12.544,12.5862,42.9369,1.61224,-113.001,168.812
602.96,8.02195,2.2458,12.544,12.3084,42.9369,1.61224,-113.001,172.394
602.98,8.02194,2.29785,12.4064,12.3076,42.9369,1.61224,-113.001,168.812
603,8.02462,2.24781,12.4064,12.4005,43.462,1.61224,-113.001,168.363
603.02,8.02462,2.24781,12.1779,12.4005,43.462,1.60751,-113.001,168.81
603.04,8.02782,2.41856,12.1772,13.19,43.462,1.6075,-113.001,165.218
603.06,8.02782,2.33512,12.4523,13.19,44.2787,1.6075,-113.001,166.117
603.08,8.02569,2.31001,13.1836,14.3013,44.9766,1.6075,-113.001,169.251
603.1,8.02355,2.41171,13.1859,14.3047,44.9788,1.6075,-113.001,175.55
603.12,8.02622,2.32609,13.1859,14.3047,44.9788,1.6075,-113.001,175.999
603.14,8.02622,2.415,13.1859,14.3047,44.9788,1.6075,-113.001,171.507
603.16,8.02462,2.39472,13.1859,13.4712,44.9788,1.6075,-113.268,170.163
603.18,8.02515,2.37529,12.7732,13.4687,45.6788,1.6075,-113.269,169.261
603.2,8.02301,2.42797,12.7732,13.19,45.6788,1.6075,-113.269,170.159
603.22,8.02301,2.46351,12.7732,13.19,46.4349,1.6075,-113.269,167.025
603.24,8.02729,2.50111,13.0025,13.2829,46.4372,1.6075,-113.269,164.32
603.26,8.02248,2.5011,13.0025,13.2829,47.954,1.6075,-113.269,159.378
603.28,8.02408,2.53716,12.8653,12.1253,47.954,1.63515,-113.269,150.422
603.3,8.02408,2.53269,12.8649,12.1218,50.4626,1.63523,-113.269,145.453
603.32,8.02782,2.67508,12.8649,12.772,50.4626,1.63239,-113.269,140.961
603.34,8.02196,2.68227,12.8649,12.772,52.789,1.63239,-113.269,135.587
603.36,8.02782,2.87527,13.1859,12.772,52.7961,1.63239,-113.269,132.875
603.38,8.02782,2.66001,13.1859,11.0071,52.7961,1.63239,-113.269,131.078
603.4,8.02516,2.83511,12.3631,11.0071,52.7961,1.63239,-113.269,130.631
603.42,8.02836,2.78329,12.3606,11.1,52.7961,1.63239,-109.089,127.934
603.44,8.02622,2.8687,12.7274,11.1,50.4042,1.63239,-109.089,127.036
603.46,8.02622,2.58384,12.7274,11.6094,50.4042,1.63239,-109.089,129.275
603.48,8.02943,2.51272,12.9108,11.6109,47.0789,1.63239,-109.089,128.832
603.5,8.02568,2.51659,12.9108,12.0289,47.0789,1.63239,-109.089,128.383
603.52,8.02835,2.71908,12.4537,12.0289,45.2178,1.63239,-109.089,122.113
603.54,8.02836,2.53512,12.4523,12.6791,45.2121,1.5972,-109.089,122.543
603.56,8.02568,2.61651,12.2689,12.6791,44.6287,1.5972,-109.089,121.645
603.58,8.02355,2.62847,12.2689,11.1975,44.6287,1.59492,-109.089,120.749
603.6,8.02943,2.57516,12.2689,11.1929,43.637,1.59491,-109.089,118.501
603.62,8.02943,2.40876,12.1314,9.38162,43.637,1.59491,-109.089,120.297
603.64,8.03317,2.33218,12.1314,9.38162,43.287,1.59491,-109.089,126.137
603.66,8.0321,2.36593,11.9942,12.2523,43.287,1.59491,-121.858,131.959
603.68,8.0353,2.3755,11.9938,12.2611,43.462,1.59491,-121.897,132.875
603.7,8.0353,2.31797,12.1314,12.8649,43.462,1.59491,-121.897,133.774
603.72,8.0353,2.36008,12.1314,12.8649,43.7528,1.59491,-121.897,141.835
603.74,8.03584,2.41851,12.3148,12.8649,43.7537,1.59491,-121.897,149.945
603.76,8.03744,2.39177,12.3148,15.1406,44.3954,1.59491,-121.897,153.09
603.78,8.03744,2.31841,12.1776,15.1406,44.3954,1.61339,-121.897,155.329
603.8,8.03424,2.34188,12.1772,14.3511,44.3954,1.61345,-121.897,157.132
603.82,8.03691,2.38432,12.1314,14.3511,44.8621,1.6058,-121.897,158.929
603.84,8.03797,2.45125,12.1314,13.4714,44.8621,1.6058,-121.897,163.408
603.86,8.04011,2.28147,12.1314,13.4687,44.8621,1.6058,-121.897,164.32
603.88,8.04011,2.35721,12.1314,12.8649,44.8621,1.6058,-121.897,163.421
603.9,8.04224,2.32803,11.8114,12.8649,44.5131,1.6058,-121.897,163.869
603.92,8.04118,2.33981,11.8104,11.5645,44.5121,1.6058,-117.449,165.218
603.94,8.04172,2.33162,11.9938,11.5645,44.2204,1.6058,-117.449,169.261
603.96,8.04172,2.34928,11.9938,10.268,44.2204,1.6058,-117.449,173.291
603.98,8.04172,2.36376,11.9938,10.2641,44.3954,1.6058,-117.449,179.143
604,8.04225,2.43649,11.5812,12.4469,44.3954,1.6058,-117.449,182.737
604.02,8.04332,2.38101,11.5812,12.4469,45.2096,1.6058,-117.449,190.35
604.04,8.04332,2.41852,11.5812,13.1436,45.2121,1.60766,-117.449,191.721
604.06,8.04385,2.50168,11.5812,13.1436,46.3206,1.60766,-117.449,189.026
604.08,8.04439,2.50169,11.9468,13.051,46.3206,1.60401,-117.449,187.682
604.1,8.04599,2.36614,11.948,13.0507,46.9623,1.604,-117.449,189.475
604.12,8.04599,2.37072,12.0397,13.0507,46.9623,1.604,-117.449,192.62
604.14,8.04385,2.36184,12.0397,11.9825,47.0206,1.604,-117.449,188.577
604.16,8.04599,2.36184,12.3139,11.9825,47.0206,1.604,-117.449,182.307
604.18,8.04653,2.38735,12.3148,14.1189,47.0206,1.604,-110.716,180.94
604.2,8.04653,2.36831,11.9938,14.1189,46.6706,1.604,-110.716,180.042
604.22,8.04706,2.29567,11.9938,13.6096,46.6706,1.604,-110.716,179.146
604.24,8.04599,2.28893,11.7646,13.608,46.7289,1.604,-110.716,180.042
604.26,8.04546,2.38685,11.7646,14.2582,46.7289,1.604,-110.716,180.491
604.28,8.04546,2.44526,12.633,14.2582,46.9616,1.604,-110.716,178.252
604.3,8.0492,2.30168,12.6357,14.2118,46.9623,1.61895,-110.716,175.55
604.32,8.04813,2.30027,13.0025,14.2118,47.4873,1.61895,-110.716,173.304
604.34,8.04653,2.38409,13.0025,13.6098,47.4873,1.60118,-110.716,171.065
604.36,8.04653,2.56782,13.0025,13.608,47.954,1.60112,-110.716,167.464
604.38,8.04706,2.48476,13.8277,13.8402,47.954,1.60112,-110.716,161.175
604.4,8.04919,2.4725,13.8277,13.8402,48.4775,1.60112,-110.716,158.04
604.42,8.04973,2.44001,13.8277,15.0013,48.4791,1.60112,-110.716,156.234
604.44,8.04973,2.56568,13.8277,15.0013,48.8291,1.60112,-125.685,150.843
604.46,8.0492,2.50104,13.6906,14.7698,48.8291,1.60112,-125.685,147.709
604.48,8.04867,2.48683,13.6902,14.7691,48.8874,1.60112,-125.685,144.105
604.5,8.04706,2.53208,13.6443,14.7691,48.8874,1.60112,-125.685,139.164
604.52,8.04706,2.49537,13.6443,13.7967,48.8293,1.60112,-125.685,138.268
604.54,8.04867,2.41504,13.3234,13.7938,48.8291,1.59167,-125.685,135.57
604.56,8.0476,2.37935,13.3234,13.2364,48.8291,1.59167,-125.685,134.672
604.58,8.04866,2.49499,12.8206,13.2364,48.7709,1.5921,-125.685,133.776
604.6,8.04867,2.59741,12.8191,12.3076,48.7708,1.59211,-125.685,133.774
604.62,8.05134,2.54252,13.3693,12.3076,48.6541,1.59211,-125.685,134.672
604.64,8.05187,2.54034,13.3693,14.0724,48.6541,1.59211,-125.685,135.57
604.66,8.05134,2.35782,13.5521,14.0724,49.003,1.59211,-125.685,134.675
604.68,8.05134,2.42647,13.5526,14.0724,49.0041,1.59211,-121.382,134.672
604.7,8.05027,2.37746,13.4609,14.0724,49.1791,1.59211,-121.382,138.266
604.72,8.05027,2.38198,13.4609,15.3689,49.1791,1.59211,-121.382,141.848
604.74,8.05241,2.47289,13.4609,15.3729,48.7708,1.59211,-121.382,141.41
604.76,8.05241,2.28853,13.1859,14.7691,48.7708,1.59211,-121.382,140.063
604.78,8.05347,2.50579,13.1859,14.7691,48.2473,1.59211,-121.382,144.989
604.8,8.05347,2.50913,13.5985,14.0724,48.2457,1.60911,-121.382,149.945
604.82,8.05668,2.4177,13.5985,14.0724,47.7207,1.60911,-121.382,149.496
604.84,8.05668,2.49636,13.4157,13.5168,47.7207,1.62093,-121.382,151.287
604.86,8.05668,2.36983,13.4151,13.5151,47.7207,1.62096,-121.382,154.437
604.88,8.06149,2.39083,13.5526,13.5151,47.7207,1.62096,-121.382,157.582
604.9,8.06096,2.46268,13.5526,12.6817,48.0115,1.62096,-121.382,162.508
604.92,8.06096,2.34585,13.5068,12.6791,48.0124,1.62096,-121.382,164.769
604.94,8.06363,2.33093,13.5068,13.2364,48.0124,1.62096,-115.143,166.566
604.96,8.0631,2.3017,13.4154,13.2364,48.0705,1.62096,-115.143,168.357
604.98,8.0647,2.30161,13.4151,11.1,48.0707,1.62096,-115.143,170.609
605,8.06416,2.4631,13.5985,11.1,48.1874,1.62096,-115.143,170.609
605.02,8.06416,2.37335,13.5985,14.5727,48.1874,1.62096,-115.143,173.743
605.04,8.06683,2.34889,13.9194,14.5833,47.8957,1.62096,-115.143,175.101
605.06,8.06416,2.32901,13.9194,15.3264,47.8957,1.59097,-115.143,172.405
605.08,8.06896,2.44319,13.8737,15.3264,47.8375,1.59097,-115.143,174.197
605.1,8.06897,2.23527,13.8736,15.28,47.8373,1.59448,-115.143,178.245
605.12,8.06523,2.2437,13.8736,15.28,47.8957,1.59448,-115.143,182.288
605.14,8.06897,2.38715,13.7819,15.5586,47.8957,1.59448,-115.143,177.796
605.16,8.06844,2.38715,13.7819,15.5586,48.012,1.59448,-115.143,183.17
605.18,8.06844,2.38801,13.8277,13.6544,48.0124,1.59448,-115.143,187.229
605.2,8.06897,2.34461,13.8277,13.6544,48.3624,1.59448,-124.388,188.128
605.22,8.06791,2.34461,13.6449,13.6544,48.3624,1.59448,-124.388,189.023
605.24,8.06844,2.4196,13.6443,13.8402,48.8874,1.59448,-124.388,187.678
605.26,8.06844,2.3853,14.2862,13.8402,48.8874,1.59448,-124.388,186.331
605.28,8.06897,2.31899,14.2862,15.0441,49.1782,1.59448,-124.388,184.092
605.3,8.06951,2.31879,14.4238,15.0477,49.1791,1.60009,-124.388,181.839
605.32,8.07004,2.35162,14.4238,13.608,49.1791,1.60009,-124.388,182.288
605.34,8.07004,2.35104,14.8808,13.608,49.121,1.60059,-124.388,182.288
605.36,8.06844,2.37756,14.8822,11.2394,49.1208,1.60059,-124.388,181.39
605.38,8.06897,2.36169,14.8822,11.2394,49.1791,1.60059,-124.388,180.491
605.4,8.07004,2.49248,14.8822,11.5635,49.1791,1.60059,-124.388,180.043
605.42,8.07004,2.54259,14.9281,11.5645,49.2375,1.60059,-124.388,185.882
605.44,8.06683,2.45239,14.9281,12.0289,49.2375,1.60059,-123.358,180.491
605.46,8.06897,2.44397,15.0195,12.0289,50.1099,1.60059,-123.358,175.117
605.48,8.07058,2.36692,15.0198,10.4034,50.1125,1.60059,-123.358,175.999
605.5,8.07058,2.39138,15.0198,10.4034,51.0459,1.60059,-123.358,171.507
605.52,8.07058,2.44005,15.0198,9.43104,51.0459,1.60059,-123.358,168.372
605.54,8.06897,2.40877,15.0198,9.42806,51.3376,1.60059,-123.358,165.218
605.56,8.07004,2.56377,15.2949,13.608,51.3376,1.59499,-123.358,170.609
605.58,8.07004,2.42946,15.2949,13.608,51.454,1.59499,-123.358,162.995
605.6,8.07004,2.41068,14.7905,13.608,51.4543,1.60182,-123.358,165.218
605.62,8.07004,2.42664,14.7905,12.4933,51.6877,1.60182,-123.358,165.667
605.64,8.07058,2.50733,15.7992,12.4933,51.6877,1.60182,-123.358,164.769
605.66,8.07058,2.66037,15.7992,12.447,52.0366,1.60182,-123.358,163.873
605.68,8.07058,2.47474,15.9826,12.4469,52.0377,1.60182,-123.358,160.726
605.7,8.06951,2.45422,15.9826,13.0042,52.0377,1.60182,-119.961,157.582
605.72,8.07057,2.47395,16.1197,13.0042,52.7938,1.60182,-119.961,154.895
605.74,8.07058,2.46629,16.166,14.2118,52.9711,1.60182,-119.961,152.191
605.76,8.06844,2.49679,16.166,14.2118,52.9711,1.60182,-119.961,150.844
605.78,8.06737,2.5336,16.166,14.2118,52.9711,1.60182,-119.961,150.843
605.8,8.07164,2.51165,16.166,16.0695,52.9711,1.60182,-119.961,152.191
605.82,8.07164,2.41443,15.5241,16.0695,52.9711,1.60182,-119.961,146.351
605.84,8.07218,2.39035,15.5241,17.5049,52.9711,1.63153,-119.961,143.664
605.86,8.07111,2.40306,15.5241,17.5093,52.6794,1.63162,-119.961,149.047
605.88,8.07218,2.48574,15.6616,16.6733,52.6794,1.63322,-119.961,154.437
605.9,8.07111,2.5654,15.6616,16.6733,52.4468,1.63322,-119.961,157.124
605.92,8.07111,2.30985,15.7075,17.9273,52.4461,1.63322,-119.961,158.48
605.94,8.07058,2.29873,15.7075,17.9273,53.0878,1.63322,-119.961,155.336
605.96,8.07164,2.43666,15.2504,13.2044,53.0878,1.63322,-119.961,153.096
605.98,8.07271,2.43854,15.249,13.19,53.6712,1.63322,-120.682,150.394
606,8.07271,2.41402,14.7447,13.19,53.6712,1.63322,-120.682,156.234
606.02,8.07325,2.43525,14.7447,12.6807,53.5548,1.63322,-120.682,153.547
606.04,8.07325,2.42641,14.8364,12.6791,53.5545,1.63322,-120.682,149.945
606.06,8.07111,2.28877,14.8364,13.2829,53.5545,1.63322,-120.682,146.801
606.08,8.07111,2.43059,15.0649,13.2829,53.031,1.60725,-120.682,150.831
606.1,8.07218,2.30561,15.0656,14.444,53.0294,1.60717,-120.682,155.785
606.12,8.07325,2.30561,14.7905,14.444,52.5044,1.61159,-120.682,162.972
606.14,8.07378,2.45642,14.7905,14.9084,52.5044,1.61159,-120.682,163.87
606.16,8.07378,2.47278,14.6991,14.9084,52.0391,1.61159,-120.682,158.944
606.18,8.07325,2.3546,14.6988,15.5586,52.0377,1.61159,-120.682,159.378
606.2,8.07164,2.35459,15.9367,15.5586,51.8627,1.61159,-120.682,159.828
606.22,8.07164,2.51421,15.9367,15.0493,51.8627,1.61159,-128.359,160.723
606.24,8.07164,2.41234,15.9367,15.0477,52.2127,1.61159,-128.383,165.218
606.26,8.07164,2.351,15.7075,16.4411,52.2127,1.61159,-128.383,162.972
606.28,8.07431,2.37494,15.7075,16.4411,53.783,1.61159,-128.383,160.733
606.3,8.07271,2.51517,15.7533,17.9273,53.7878,1.61159,-128.383,157.582
606.32,8.07271,2.52103,15.7533,17.9273,54.9546,1.61159,-128.383,158.031
606.34,8.07271,2.597,16.119,17.9273,54.9546,1.61899,-128.383,156.239
606.36,8.07271,2.53182,16.1201,16.7197,55.7713,1.61901,-128.383,154.437
606.38,8.07218,2.39739,16.6245,16.7197,55.7713,1.61569,-128.383,154.886
606.4,8.07218,2.57114,16.6245,13.9879,56.4111,1.61569,-128.383,153.095
606.42,8.07325,2.55577,17.4039,13.9795,56.4131,1.61569,-128.383,155.785
606.44,8.07164,2.53426,17.4039,13.6544,56.4131,1.61569,-128.383,158.48
606.46,8.07324,2.59633,17.9067,13.6544,55.8315,1.61569,-128.383,157.137
606.48,8.07325,2.57559,17.9082,13.9795,55.8297,1.61569,-124.82,160.726
606.5,8.07058,2.47771,18.0916,13.9795,54.7213,1.61569,-124.82,158.929
606.52,8.07217,2.52711,18.0916,10.8773,54.7213,1.61569,-124.82,157.138
606.54,8.07218,2.57733,18.5959,10.8678,53.4962,1.61569,-124.82,153.09
606.56,8.07218,2.49673,18.5959,13.7009,53.4962,1.61569,-124.82,154.437
606.58,8.07271,2.6633,17.4532,13.7009,53.089,1.61569,-124.82,157.572
606.6,8.07271,2.64428,17.4497,13.608,53.0878,1.64174,-124.82,157.132
606.62,8.07271,2.55079,17.4497,13.608,53.2628,1.64174,-124.82,156.234
606.64,8.07271,2.51979,17.4039,14.1653,53.2628,1.645,-124.82,153.539
606.66,8.07058,2.60602,17.4039,14.1653,53.7862,1.645,-124.82,153.539
606.68,8.07325,2.62037,17.5873,13.5616,53.7878,1.645,-124.82,155.336
606.7,8.07218,2.55357,17.5873,13.5616,53.7295,1.645,-124.82,156.234
606.72,8.07218,2.61063,17.9986,14.6728,53.7295,1.645,-124.82,159.369
606.74,8.07271,2.5663,17.9999,14.6762,53.0294,1.645,-118.252,160.726
606.76,8.07058,2.55963,18.0916,14.6762,53.0294,1.645,-118.252,166.566
606.78,8.07164,2.53219,18.0916,15.417,51.8662,1.645,-118.252,171.492
606.8,8.07164,2.63731,18.3208,15.4193,51.8627,1.645,-118.252,172.855
606.82,8.07271,2.54286,18.3208,14.862,51.8627,1.645,-118.252,177.347
606.84,8.07431,2.5058,18.2751,14.862,50.9903,1.62649,-118.252,175.555
606.86,8.07271,2.55641,18.275,16.4875,50.9876,1.62643,-118.252,172.405
606.88,8.07271,2.50545,18.7335,16.4875,50.5792,1.62259,-118.252,174.651
606.9,8.06845,2.50533,18.7335,17.0431,50.5792,1.62259,-118.252,172.412
606.92,8.06577,2.50747,19.1919,17.0448,50.8126,1.62259,-118.252,172.855
606.94,8.06096,2.47503,19.1919,18.7168,50.8126,1.62259,-118.252,175.55
606.96,8.06096,2.48551,19.1919,18.7168,51.6268,1.62259,-118.252,174.206
606.98,8.05775,2.48055,19.0544,17.9273,51.6293,1.62259,-127.888,175.101
607,8.05187,2.5213,19.0544,17.9273,53.3795,1.62259,-127.888,175.999
607.02,8.04548,2.5422,18.4145,17.1864,53.3795,1.62259,-127.888,175.103
607.04,8.04492,2.49554,18.4125,17.1842,55.8297,1.62259,-127.888,179.144
607.06,8.04492,2.56355,18.3667,17.3235,55.8297,1.62259,-127.888,179.593
607.08,8.04333,2.53712,18.3667,17.3235,57.5745,1.62259,-127.888,178.249
607.1,8.04172,2.61705,18.5959,17.3235,57.5798,1.61515,-127.888,177.347
607.12,8.04065,2.56928,18.5959,18.1595,57.4048,1.61515,-127.888,175.55
607.14,8.04065,2.67006,17.9999,18.1595,57.4048,1.61086,-127.888,171.058
607.16,8.03958,2.64632,17.9999,18.391,57.4048,1.61086,-127.888,165.236
607.18,8.03905,2.57263,18.7335,18.3917,55.9464,1.61086,-127.888,161.175
607.2,8.03637,2.72645,18.7335,18.0201,55.9464,1.61086,-127.888,158.929
607.22,8.03637,2.63916,18.8249,18.0201,54.2015,1.61086,-127.888,157.586
607.24,8.0353,2.51848,18.8252,19.1348,54.1962,1.61086,-123.008,157.582
607.26,8.02248,2.51844,19.0085,19.1348,53.8462,1.61086,-123.008,157.582
607.28,8.00969,2.54074,19.0085,16.0326,53.8462,1.61086,-123.008,157.134
607.3,8.00965,2.54787,18.7793,16.0231,54.3129,1.61086,-123.008,157.132
607.32,8.0027,2.5997,18.7793,15.3729,54.3129,1.61086,-123.008,153.539
607.34,8.00164,2.59969,18.8707,15.3729,55.3598,1.61086,-123.008,149.956
607.36,8.00484,2.4842,18.871,16.1624,55.363,1.64632,-123.008,146.351
607.38,8.00484,2.43991,18.871,16.1624,56.1797,1.64632,-123.008,147.699
607.4,8.00431,2.51923,18.7796,15.6068,56.1797,1.65372,-123.008,149.938
607.42,8.00324,2.5473,18.7793,15.6051,56.0047,1.65375,-123.008,152.191
607.44,8.00324,2.51437,18.3667,14.444,56.0047,1.65375,-123.008,158.031
607.46,8.00324,2.58606,18.3667,14.444,55.1905,1.65375,-123.008,153.105
607.48,8.00217,2.56192,18.5959,14.6298,55.188,1.65375,-123.008,155.336
607.5,8.0027,2.53395,18.5959,14.6298,53.7295,1.65375,-111.992,157.582
607.52,8.00111,2.54495,18.6416,14.6298,53.7295,1.65375,-111.992,157.134
607.54,8.0011,2.52558,18.6418,16.4875,52.3294,1.65375,-111.992,159.828
607.56,8.0011,2.50429,18.871,16.4875,52.3294,1.65375,-111.992,163.421
607.58,8.00057,2.53399,18.871,13.7557,52.3294,1.65375,-111.992,167.004
607.6,7.99896,2.5231,18.4584,13.7473,51.2793,1.63331,-111.992,170.159
607.62,7.99843,2.48494,18.4584,15.3264,51.2793,1.63331,-111.992,173.304
607.64,7.99843,2.50051,17.954,15.3264,50.4042,1.64537,-111.992,172.855
607.66,8.00109,2.54305,17.954,14.1226,50.4042,1.64537,-111.992,170.615
607.68,8.00057,2.26623,17.8165,14.1189,50.4626,1.64537,-111.992,171.058
607.7,8.00164,2.36431,17.8165,15.8837,50.4626,1.64537,-111.992,172.405
607.72,8.00164,2.33585,17.8165,15.8837,50.7534,1.64537,-111.992,172.853
607.74,7.99843,2.37067,17.7707,15.6051,50.7543,1.64537,-118.458,177.347
607.76,8.00003,2.36187,17.7707,15.6051,50.8126,1.64537,-118.458,184.085
607.78,8.0011,2.35497,17.5421,16.8089,50.8126,1.64537,-118.458,187.667
607.8,8.0011,2.38982,17.5414,16.8126,51.1626,1.64537,-118.458,185.882
607.82,8.00057,2.32912,17.2205,15.8373,51.1626,1.64537,-118.458,181.39
607.84,7.99844,2.32912,17.2205,15.8373,51.1626,1.64537,-118.458,182.285
607.86,8.00057,2.3936,17.4039,15.8373,51.1626,1.62694,-118.458,177.347
607.88,8.00057,2.38096,17.4039,15.28,50.8709,1.62694,-118.458,185.882
607.9,8.00057,2.36796,16.5811,15.28,50.8709,1.63747,-118.458,186.329
607.92,7.9995,2.36792,16.5786,13.9795,50.8709,1.6375,-118.458,186.78
607.94,7.99896,2.40496,16.3494,13.9795,50.6376,1.6375,-118.458,186.78
607.96,7.99896,2.31933,16.3494,13.4702,50.6376,1.6375,-118.458,185.884
607.98,7.9995,2.3482,16.5328,13.4687,50.1125,1.6375,-118.458,184.085
608,8.0027,2.31941,16.5328,13.1436,50.1125,1.6375,-117.758,182.288
608.02,7.99844,2.30753,16.4413,13.1436,49.4146,1.6375,-117.758,180.944
608.04,7.99843,2.23922,16.4411,12.354,49.4125,1.6375,-117.758,178.245
608.06,7.9995,2.40969,16.166,12.354,49.0624,1.6375,-117.758,180.042
608.08,8.00003,2.41652,16.166,12.817,49.0624,1.6375,-117.758,181.833
608.1,7.99896,2.27774,16.2118,12.8185,48.8291,1.6375,-117.758,178.694
608.12,7.99896,2.33022,16.2118,14.1653,48.8291,1.59913,-117.758,184.085
608.14,8.00003,2.2757,16.2118,14.1653,48.8291,1.59913,-117.758,185.882
608.16,8.00003,2.27027,16.806,12.0817,48.8291,1.66921,-117.758,187.673
608.18,7.9995,2.34066,16.8078,12.0754,48.5957,1.66943,-117.758,185.432
608.2,7.9995,2.31986,16.166,13.9795,48.5957,1.66943,-117.758,184.534
608.22,8.00056,2.37955,16.166,13.9795,48.2468,1.66943,-117.758,188.564
608.24,7.99896,2.4216,16.762,13.9795,48.2457,1.66943,-117.758,192.62
608.26,7.99843,2.35626,16.762,14.9549,48.129,1.66943,-114.093,191.721
608.28,7.99843,2.3853,16.8991,14.9549,48.129,1.66943,-114.093,191.721
608.3,8.00057,2.32416,16.8995,16.6733,48.129,1.66943,-114.093,185.882
608.32,7.99843,2.32788,17.7248,16.6733,48.129,1.66943,-114.093,184.534
608.34,8.00056,2.30233,17.7248,17.8308,48.129,1.66943,-114.093,183.638
608.36,8.00057,2.31025,18.1374,17.8344,48.3624,1.59295,-114.093,180.491
608.38,7.99843,2.31402,19.0085,16.7197,48.7708,1.68235,-114.093,179.593
608.4,7.99896,2.30178,19.0085,16.7197,48.7708,1.68235,-114.093,180.041
608.42,8.00003,2.34558,19.0085,16.7197,48.7708,1.68235,-114.093,179.593
608.44,8.00003,2.5074,19.0085,15.9302,48.7708,1.68235,-114.093,180.042
608.46,7.9995,2.40935,19.3285,15.9302,50.0503,1.68235,-114.093,178.698
608.48,8.0011,2.43908,19.3295,14.3047,50.0542,1.68235,-114.093,175.999
608.5,7.99683,2.4653,19.3295,14.3047,51.6877,1.68235,-114.093,175.999
608.52,7.99683,2.59777,19.878,18.2403,51.6877,1.68235,-114.442,174.208
608.54,7.9995,2.4886,19.8797,18.2524,53.5545,1.68235,-114.443,166.117
608.56,7.9979,2.50416,20.2006,16.7197,53.5545,1.68235,-114.443,161.624
608.58,8.00003,2.71008,20.2006,16.7197,54.6014,1.68235,-114.443,155.803
608.6,8.00003,2.90048,20.5674,15.6051,54.6046,1.68235,-114.443,150.394
608.62,8.00003,2.7958,20.5674,15.6051,54.7796,1.68235,-114.443,147.25
608.64,7.99843,2.77846,20.8425,15.6051,54.7796,1.58219,-114.443,143.656
608.66,7.99683,2.74842,20.8425,17.5961,54.1398,1.58219,-114.443,136.939
608.68,8.00003,2.72004,20.8883,17.6021,54.1379,1.66212,-114.443,135.57
608.7,8.00003,2.72783,20.8883,17.6486,54.1379,1.66212,-114.443,130.629
608.72,7.99737,2.68298,21.0711,17.6486,53.7889,1.66212,-114.443,128.838
608.74,7.9995,2.69783,21.0717,15.9766,53.7878,1.66212,-114.443,127.036
608.76,8.00057,2.68318,21.3468,15.9766,53.6128,1.66212,-114.443,122.993
608.78,8.00057,2.58588,21.3468,13.1985,53.6128,1.66212,-121.545,125.232
608.8,7.99843,2.63671,20.7049,13.19,53.2045,1.66212,-121.567,126.137
608.82,7.9995,2.63671,20.7049,13.4687,53.2045,1.66212,-121.567,127.036
608.84,8.00056,2.62032,20.9335,13.4687,52.2739,1.66212,-121.567,129.275
608.86,8.00057,2.53298,20.9342,14.026,52.271,1.66212,-121.567,123.891
608.88,7.9995,2.66495,20.9342,14.026,51.4543,1.66212,-121.567,123.891
608.9,7.9995,2.66495,20.8427,13.8871,51.4543,1.60975,-121.567,123.891
608.92,7.99896,2.52433,20.8425,13.8867,51.0459,1.60959,-121.567,120.297
608.94,7.99896,2.50015,20.98,16.3017,51.0459,1.66448,-121.567,123.442
608.96,8.00163,2.56026,20.98,16.3017,50.7551,1.66448,-121.567,123.442
608.98,8.0011,2.57586,20.7966,16.3017,50.7543,1.66448,-121.567,123.442
609,7.9995,2.58918,20.7966,15.9302,50.5792,1.66448,-121.567,127.485
609.02,7.9995,2.51636,20.1567,15.9302,50.5792,1.66448,-121.567,135.994
609.04,8.00217,2.45529,20.1547,15.0942,50.5792,1.66448,-117.449,140.063
609.06,8.00805,2.44364,19.7421,15.0942,50.5792,1.66448,-117.449,144.105
609.08,8.01284,2.44365,19.7421,17.0852,50.5792,1.66448,-117.449,149.927
609.1,8.01286,2.52484,19.1919,17.0913,50.8126,1.66448,-117.449,146.801
609.12,8.01179,2.41301,19.1919,16.5339,50.8126,1.66448,-117.449,153.988
609.14,8.01019,2.4089,20.2464,16.5339,50.8126,1.57889,-117.449,156.683
609.16,8.01338,2.45742,20.2464,16.8581,50.8126,1.57889,-117.449,157.579
609.18,8.01339,2.4799,19.8797,16.8591,50.5209,1.57889,-117.449,162.523
609.2,8.01874,2.54824,19.8797,16.2553,50.5209,1.70121,-117.449,167.015
609.22,8.02034,2.57013,19.6968,16.2553,50.1719,1.70121,-117.449,170.15
609.24,8.02301,2.47612,19.6963,17.5093,50.1709,1.70121,-117.449,171.507
609.26,8.02301,2.42673,19.6963,17.5093,50.1709,1.70121,-117.449,176.448
609.28,8.02141,2.44306,20.2448,14.9626,50.1709,1.70121,-108.643,180.927
609.3,8.02034,2.43283,20.2464,14.9549,50.1125,1.70121,-108.616,182.288
609.32,8.02087,2.35742,20.4298,15.7444,50.1125,1.70121,-108.616,184.983
609.34,8.02087,2.38968,20.4298,15.7444,50.4033,1.70121,-108.616,189.462
609.36,8.02462,2.39616,20.0172,14.1653,50.4042,1.70121,-108.616,189.924
609.38,8.02622,2.3854,20.0172,14.1653,50.7543,1.70121,-108.616,192.17
609.4,8.02782,2.36783,19.2859,14.1653,50.7543,1.55798,-108.616,195.305
609.42,8.02782,2.4867,19.2836,14.3975,52.0377,1.55755,-108.616,197.561
609.44,8.02675,2.4983,19.467,14.3975,52.0377,1.65493,-108.616,192.17
609.46,8.02835,2.47734,19.467,15.4625,52.0377,1.65493,-108.616,188.588
609.48,8.03049,2.30918,19.5587,15.4657,53.5545,1.65493,-108.616,185.432
609.5,8.03049,2.36581,19.5587,17.0448,53.5545,1.65493,-108.616,180.042
609.52,8.03209,2.49491,19.3302,17.0448,54.8922,1.65493,-108.616,180.49
609.54,8.03156,2.50349,19.3295,15.8373,54.8963,1.65493,-124.388,177.347
609.56,8.0353,2.56487,19.788,15.8373,55.4213,1.65493,-124.388,174.202
609.58,8.0353,2.47732,19.788,15.1428,55.4213,1.65493,-124.388,176.441
609.6,8.03584,2.45116,19.788,15.1406,54.8379,1.65493,-124.388,175.101
609.62,8.03424,2.4673,19.6504,13.3293,54.8379,1.65493,-124.388,172.855
609.64,8.03584,2.50738,19.6504,13.3293,53.9629,1.65493,-124.388,171.956
609.66,8.03158,2.56585,19.2848,14.1628,53.9629,1.54482,-124.388,170.165
609.68,8.03156,2.47444,19.2836,14.1653,52.3877,1.54448,-124.388,165.667
609.7,8.03263,2.41556,19.6963,15.0942,52.3877,1.62947,-124.388,166.566
609.72,8.03583,2.35184,19.6963,15.0942,50.4103,1.62947,-124.388,168.805
609.74,8.03156,2.549,19.3295,15.1406,50.4042,1.62947,-124.388,170.159
609.76,8.03156,2.393,19.3295,15.1406,48.5374,1.62947,-124.388,165.218
609.78,8.03316,2.38396,19.1466,15.1406,48.5374,1.62947,-124.388,165.218
609.8,8.03477,2.47726,19.1461,15.3264,48.5374,1.62947,-119.59,165.218
609.82,8.03584,2.54244,18.8252,15.3264,47.0789,1.62947,-119.59,162.074
609.84,8.03584,2.52331,18.8252,15.9746,47.0789,1.62947,-119.59,157.595
609.86,8.03637,2.38461,18.871,15.9766,46.2622,1.62947,-119.59,158.48
609.88,8.03744,2.38462,18.871,18.2524,46.2622,1.62947,-119.59,159.378
609.9,8.03584,2.36467,18.094,18.2524,45.8551,1.62947,-119.59,160.722
609.92,8.03584,2.3679,18.0916,18.2524,45.8538,1.62793,-119.59,168.363
609.94,8.03156,2.35407,18.0916,18.2524,45.3871,1.62793,-119.59,171.058
609.96,8.0257,2.35405,18.0916,17.0948,45.3871,1.66709,-119.59,173.745
609.98,8.01286,2.25473,17.5873,17.0913,45.3871,1.66721,-119.59,177.796
610,8.01286,2.39114,17.5873,17.8808,45.3871,1.66721,-119.59,175.55
610.02,8.007,2.33781,17.5873,17.8808,45.2127,1.66721,-119.59,178.237
610.04,8.00377,2.34049,17.4497,19.6921,45.2121,1.66721,-114.093,180.94
610.06,7.99736,2.31492,17.4497,19.6921,44.5704,1.66721,-114.093,178.245
610.08,7.99736,2.37531,17.6325,16.451,44.5704,1.66721,-114.093,177.349
610.1,7.99629,2.37312,17.6331,16.4411,44.2787,1.66721,-114.093,177.347
610.12,7.99148,2.36744,17.7707,16.6268,44.2787,1.66721,-114.093,177.347
610.14,7.98453,2.40017,17.7707,16.6268,44.3371,1.66721,-114.093,178.245
610.16,7.98453,2.38962,17.1764,16.6268,44.3371,1.69789,-114.093,176.454
610.18,7.98186,2.46296,17.1746,15.2335,44.5704,1.69798,-114.093,178.694
610.2,7.97972,2.45595,16.9454,15.2335,44.5704,1.67167,-114.093,180.94
610.22,7.97653,2.30546,16.9454,15.002,44.5704,1.67167,-114.093,183.18
610.24,7.97652,2.35982,16.2577,15.0013,45.1538,1.67167,-114.093,186.331
610.26,7.97331,2.51431,16.2577,14.4904,45.1538,1.67167,-114.093,188.577
610.28,7.96852,2.47933,16.3491,14.4904,45.6191,1.67167,-114.093,189.473
610.3,7.96583,2.27748,16.3494,16.2553,45.6205,1.67167,-123.132,190.374
610.32,7.96209,2.26518,16.6703,16.2553,45.6205,1.67167,-123.132,191.721
610.34,7.96209,2.30965,16.6703,14.6347,45.6205,1.67167,-123.132,191.721
610.36,7.96155,2.30511,16.6703,14.6298,45.2705,1.67167,-123.132,194.866
610.38,7.96049,2.31599,16.6703,12.6791,45.2705,1.67167,-123.132,198.01
610.4,7.95622,2.27468,16.6703,12.6791,44.747,1.67167,-123.132,197.115
610.42,7.95621,2.25816,16.9454,13.8402,44.7454,1.68879,-123.132,200.256
610.44,7.95514,2.29787,16.9454,13.8402,43.9287,1.68879,-123.132,199.358
610.46,7.95195,2.34564,17.2653,13.4235,43.9287,1.60469,-123.132,198.462
610.48,7.95033,2.39,17.2663,13.4222,43.6953,1.60443,-123.132,197.112
610.5,7.95033,2.57102,17.9999,13.4222,43.6953,1.60443,-123.132,200.256
610.52,7.94767,2.38372,17.9999,16.2929,43.9861,1.60443,-123.132,206.974
610.54,7.94713,2.38314,18.0916,16.3017,43.987,1.60443,-123.132,213.732
610.56,7.94873,2.3287,18.0916,16.116,44.6871,1.60443,-119.611,215.978
610.58,7.94873,2.31462,17.863,16.116,44.6871,1.60443,-119.611,219.561
610.6,7.94659,2.34987,17.8623,15.0013,44.6871,1.60443,-119.611,221.818
610.62,7.94659,2.34987,17.9999,15.0013,45.9122,1.60443,-119.611,220.47
610.64,7.94659,2.30753,17.9999,16.3482,45.9122,1.60443,-119.611,220.47
610.66,7.94659,2.25731,18.457,16.3482,46.8428,1.70246,-119.611,218.231
610.68,7.94659,2.4255,18.4584,15.0477,46.8456,1.70276,-119.611,215.529
610.7,7.94499,2.44945,17.4497,15.0477,46.9039,1.70276,-119.611,213.283
610.72,7.94232,2.44944,17.4497,16.5757,46.9039,1.64383,-119.611,215.075
610.74,7.94232,2.39175,17.3122,16.5804,46.6706,1.64365,-119.611,209.69
610.76,7.94445,2.47026,17.3122,16.9055,46.6706,1.64365,-119.611,204.299
610.78,7.94285,2.43938,17.3122,16.9055,46.1471,1.64365,-119.611,198.029
610.8,7.94178,2.47123,16.8537,14.862,46.1455,1.64365,-115.04,197.112
610.82,7.94178,2.41581,16.8537,14.862,45.5038,1.64365,-115.04,196.213
610.84,7.94231,2.40618,16.9451,14.3063,45.5038,1.64365,-115.04,196.213
610.86,7.94018,2.3797,16.9454,14.3047,45.4455,1.64365,-115.04,196.663
610.88,7.94018,2.33502,16.762,16.116,45.4455,1.64365,-115.04,198.909
610.9,7.94018,2.28599,16.762,16.116,45.271,1.64365,-115.04,203.387
610.92,7.94232,2.27668,17.4039,16.116,45.2705,1.76663,-115.04,204.748
610.94,7.93751,2.29202,17.4039,14.9084,45.6205,1.76663,-115.04,197.561
610.96,7.93964,2.29561,16.9468,14.9084,45.6205,1.69007,-115.04,190.396
610.98,7.93964,2.44062,16.9454,16.1624,45.6205,1.68984,-115.04,192.17
611,7.93857,2.18368,16.762,16.1624,45.4455,1.68984,-115.04,188.128
611.02,7.93857,2.2367,17.2191,17.3199,45.2128,1.68984,-115.04,189.919
611.04,7.93804,2.32475,17.2205,17.3235,45.2121,1.68984,-115.04,191.721
611.06,7.93804,2.28393,17.2205,17.3235,45.2121,1.68984,-115.04,190.374
611.08,7.94017,2.27745,17.2205,18.5273,45.2121,1.68984,-115.861,195.3
611.1,7.93751,2.28057,17.4956,18.531,44.9788,1.68984,-115.864,199.807
611.12,7.93537,2.33907,17.4956,17.1377,44.9788,1.68984,-115.864,204.299
611.14,7.93644,2.28929,17.4956,17.1377,45.4455,1.68984,-115.864,202.502
611.16,7.93644,2.32858,18.6383,16.5358,45.4455,1.68984,-115.864,205.189
611.18,7.93483,2.2892,18.6418,16.5339,45.9122,1.68984,-115.864,209.69
611.2,7.93537,2.41622,19.0544,16.4875,45.9122,1.76825,-115.864,214.182
611.22,7.9327,2.38894,19.0544,16.4875,46.8428,1.76825,-115.864,214.182
611.24,7.9327,2.32754,19.3753,13.7938,46.8456,1.66823,-115.864,215.08
611.26,7.93323,2.29381,19.3753,13.7938,48.1874,1.66823,-115.864,217.326
611.28,7.93643,2.34115,20.3352,15.1828,48.1874,1.66823,-115.864,219.565
611.3,7.93216,2.24548,20.3381,15.1871,49.8208,1.66823,-115.864,219.123
611.32,7.93216,2.31888,20.7508,15.1871,49.8208,1.66823,-115.864,218.224
611.34,7.93163,2.29113,20.7508,17.2707,49.8208,1.66823,-121.406,214.642
611.36,7.93323,2.29105,22.2637,17.277,52.4461,1.66823,-121.423,213.732
611.38,7.93376,2.28488,22.2637,16.6268,52.4461,1.66823,-121.423,212.385
611.4,7.93376,2.3689,23.8178,16.6268,55.4122,1.66823,-121.423,207.459
611.42,7.93323,2.34466,23.8226,16.3482,55.4213,1.66823,-121.423,206.545
611.44,7.93056,2.34465,25.1063,16.3482,59.2716,1.66823,-121.423,202.502
611.46,7.93216,2.42689,25.1063,14.0794,59.2716,1.72295,-121.423,195.785
611.48,7.93216,2.33813,26.9861,14.0724,64.4637,1.72312,-121.423,194.417
611.5,7.93163,2.41016,26.9861,13.9795,64.4637,1.67384,-121.423,189.475
611.52,7.93269,2.39733,29.6372,13.9795,70.0471,1.67384,-121.423,185.893
611.54,7.92949,2.55956,29.6453,15.28,70.0642,1.67384,-121.423,180.94
611.56,7.92949,2.59131,29.6453,15.28,76.1897,1.67384,-121.423,176.897
611.58,7.93056,2.74013,31.6564,15.8356,76.1897,1.67384,-117.358,175.106
611.6,7.93109,2.66877,31.6626,15.8373,82.1402,1.67384,-117.346,167.015
611.62,7.93002,2.68776,34.1842,17.5557,82.1402,1.67384,-117.346,158.929
611.64,7.93002,2.75514,34.1842,17.5557,87.099,1.67384,-117.346,153.09
611.66,7.92843,2.68016,36.104,17.5557,87.099,1.67384,-117.346,149.059
611.68,7.93163,2.68965,36.1098,17.277,89.9575,1.67384,-117.346,139.164
611.7,7.93056,2.79942,37.5311,17.277,89.9575,1.69399,-117.346,129.282
611.72,7.93056,3.01825,37.5311,16.1658,90.4228,1.69399,-117.346,119.429
611.74,7.93163,2.79679,37.256,16.1624,90.4242,1.63678,-117.346,112.661
611.76,7.9327,2.75537,37.256,16.0231,90.4242,1.63678,-117.346,108.618
611.78,7.93003,2.81972,36.3419,16.0231,87.1673,1.63678,-117.346,104.588
611.8,7.93002,2.88149,36.3391,17.5557,87.1573,1.63678,-117.346,101.431
611.82,7.93216,2.9069,34.7802,17.5557,81.7319,1.63678,-117.346,96.9387
611.84,7.93269,2.90262,34.7802,16.4908,81.7319,1.63678,-110.633,96.4909
611.86,7.93002,3.03689,32.1211,16.4875,74.7313,1.63678,-110.613,96.0403
611.88,7.93002,2.91624,32.1211,15.4193,74.7313,1.63678,-110.613,101.431
611.9,7.93109,2.92546,30.7041,15.4193,67.5775,1.63678,-110.613,98.7438
611.92,7.93109,2.9182,30.6998,16.5804,67.5557,1.63678,-110.613,99.1848
611.94,7.92896,2.64596,30.6998,16.5804,61.2551,1.63678,-110.613,99.634
611.96,7.93055,2.68474,29.5571,16.8119,61.2551,1.71946,-110.613,99.634
611.98,7.93056,2.53873,29.5536,16.8126,56.5881,1.71971,-110.613,104.126
612,7.93056,2.5511,27.8113,16.6733,56.5881,1.68756,-110.613,106.372
612.02,7.93162,2.47336,27.8113,16.6733,53.5056,1.68756,-110.613,111.746
612.04,7.93163,2.51238,26.115,16.6733,53.4962,1.68756,-110.613,118.501
612.06,7.93002,2.65276,26.115,17.4164,51.9794,1.68756,-110.613,124.34
612.08,7.92843,2.6899,24.0581,17.4164,51.9794,1.68756,-110.613,128.819
612.1,7.92949,2.4999,24.0518,17.695,51.571,1.68756,-122.967,135.57
612.12,7.92949,2.50298,22.5388,17.695,51.571,1.68756,-122.967,138.266
612.14,7.93002,2.43064,22.5388,17.695,51.571,1.68756,-122.967,145.004
612.16,7.93056,2.39754,21.9903,17.695,51.7455,1.68756,-122.967,150.826
612.18,7.93376,2.39744,21.9887,18.8097,51.746,1.68756,-122.967,156.234
612.2,7.93163,2.37381,21.3926,18.8097,52.3294,1.66918,-122.967,158.031
612.22,7.93163,2.43458,21.3926,17.9762,52.3294,1.66918,-122.967,162.509
612.24,7.92949,2.45377,21.3926,17.9737,53.1461,1.66918,-122.967,166.566
612.26,7.9327,2.49353,21.3926,18.2988,53.1461,1.63282,-122.967,168.812
612.28,7.93376,2.4155,21.3926,18.2988,54.3093,1.63282,-122.967,171.051
612.3,7.93376,2.28794,20.7508,17.4164,54.3129,1.63282,-122.967,169.71
612.32,7.93216,2.34778,20.7508,17.4164,55.363,1.63282,-122.967,175.101
612.34,7.93216,2.2944,20.248,18.3887,55.363,1.63282,-115.495,178.236
612.36,7.93376,2.26914,20.2464,18.3917,56.4131,1.63282,-115.472,180.94
612.38,7.93376,2.34163,20.1547,18.3452,56.4131,1.63282,-115.472,180.94
612.4,7.9327,2.44415,20.1547,18.3452,58.216,1.63282,-115.472,183.627
612.42,7.93537,2.44447,20.7966,16.6268,58.2215,1.63282,-115.472,183.186
612.44,7.93483,2.56583,20.7966,16.6268,60.5551,1.63282,-115.472,182.737
612.46,7.93483,2.52778,20.9337,16.6268,60.5551,1.69774,-115.472,183.185
612.48,7.93376,2.58175,20.9342,19.1812,60.5551,1.69794,-115.472,181.39
612.5,7.9343,2.58176,20.98,19.1812,61.5468,1.64711,-115.472,178.245
612.52,7.93483,2.55751,20.98,18.6256,61.5468,1.64711,-115.472,175.11
612.54,7.93483,2.48087,21.4843,18.6239,60.1467,1.64711,-115.472,175.101
612.56,7.93537,2.48242,21.4843,18.0666,60.1467,1.64711,-115.472,175.101
612.58,7.93484,2.41243,21.85,18.0666,58.4601,1.64711,-115.472,173.757
612.6,7.93697,2.57787,21.8511,18.7168,58.4549,1.64711,-107.916,172.405
612.62,7.9343,2.50628,21.9428,18.7168,57.4632,1.64711,-107.916,175.999
612.64,7.9343,2.52843,21.9428,16.8591,57.4632,1.64711,-107.916,177.796
612.66,7.93696,2.48682,21.9428,16.8591,56.2999,1.64711,-107.916,178.692
612.68,7.93537,2.48131,22.2637,17.7415,56.2964,1.64711,-107.916,180.042
612.7,7.93644,2.51145,22.2637,17.7415,55.3046,1.64711,-107.916,178.694
612.72,7.93644,2.36363,22.3095,17.1859,55.3046,1.67726,-107.916,182.725
612.74,7.9359,2.40048,22.3096,17.1842,53.8462,1.67736,-107.916,181.39
612.76,7.93697,2.4391,21.897,17.5093,53.8462,1.63256,-107.916,180.042
612.78,7.93484,2.36757,21.897,17.5093,51.9851,1.63256,-107.916,180.938
612.8,7.93483,2.37723,21.6677,17.5093,51.9794,1.63256,-107.916,185.882
612.82,7.93751,2.27646,21.6677,18.2524,50.8709,1.63256,-107.916,184.534
612.84,7.93644,2.27645,20.7993,18.2524,50.8709,1.63256,-107.916,187.669
612.86,7.93697,2.47919,20.7966,18.113,50.8709,1.63256,-120.043,187.678
612.88,7.93697,2.29219,20.5215,18.113,50.2292,1.63256,-120.043,187.678
612.9,7.93644,2.41244,20.5215,17.8815,50.2292,1.63256,-120.043,188.126
612.92,7.93751,2.41281,19.788,17.8808,50.0542,1.63256,-120.043,191.272
612.94,7.93857,2.38556,19.788,16.0231,50.0542,1.63256,-120.043,193.518
612.96,7.93857,2.23553,19.6965,16.0231,50.345,1.63256,-120.043,196.653
612.98,7.93804,2.20538,19.6963,16.3946,50.3459,1.61975,-120.043,196.663
613,7.93751,2.19628,19.467,16.3946,50.7543,1.61975,-120.043,202.053
613.02,7.93697,2.26828,19.467,15.6075,50.7543,1.60444,-120.043,207.427
613.04,7.93697,2.25493,18.9169,15.6051,51.4543,1.60439,-120.043,209.24
613.06,7.93857,2.26959,18.9169,16.9984,51.4543,1.60439,-120.043,210.588
613.08,7.93751,2.27591,18.9169,16.9984,52.2686,1.60439,-120.043,207.453
613.1,7.93644,2.29249,19.6046,14.8155,52.271,1.60439,-116.296,204.299
613.12,7.93644,2.22126,19.6046,14.8155,52.5627,1.60439,-116.296,208.791
613.14,7.93751,2.30406,19.5587,15.0013,52.5627,1.60439,-116.296,208.342
613.16,7.93697,2.31123,19.5587,15.0013,52.3883,1.60439,-116.296,210.581
613.18,7.93911,2.28765,19.4212,15.0013,52.3877,1.60439,-116.296,212.834
613.2,7.93911,2.36417,19.4212,14.9549,52.1544,1.60439,-116.296,213.732
613.22,7.93858,2.32041,19.7868,14.9549,52.1544,1.63387,-116.296,212.389
613.24,7.93964,2.27017,19.788,14.5369,51.6877,1.63396,-116.296,210.588
613.26,7.93751,2.18354,19.6046,14.5369,51.6877,1.64044,-116.296,208.791
613.28,7.93751,2.27408,19.6046,16.1574,51.6877,1.64044,-116.296,211.03
613.3,7.93911,2.22772,19.9255,16.1624,51.746,1.64044,-116.296,213.283
613.32,7.93751,2.23376,19.9255,17.6486,51.746,1.64044,-116.296,212.385
613.34,7.93751,2.22723,19.6513,17.6486,51.5134,1.64044,-116.296,211.489
613.36,7.93857,2.15874,19.6504,15.3729,51.5127,1.64044,-113.454,208.791
613.38,7.93857,2.20725,19.3295,15.3729,51.6877,1.64044,-113.454,210.139
613.4,7.93751,2.2346,19.3295,13.7523,51.6877,1.64044,-113.454,211.482
613.42,7.93911,2.15886,19.3295,13.7473,51.8043,1.64044,-113.454,209.24
613.44,7.93857,2.24472,19.1919,14.026,51.8043,1.64044,-113.454,208.791
613.46,7.93857,2.2327,19.1919,14.026,51.9207,1.64044,-113.454,211.926
613.48,7.93804,2.23989,18.5959,13.4687,51.921,1.61283,-113.454,208.791
613.5,7.93911,2.24593,18.5959,13.4687,52.3877,1.61283,-113.454,209.69
613.52,7.93804,2.40263,18.0474,13.3761,52.3877,1.61777,-113.454,213.272
613.54,7.93804,2.21584,18.0457,13.3758,52.6794,1.61778,-113.454,211.486
613.56,7.93804,2.19116,17.1288,12.772,52.6794,1.61778,-113.454,208.342
613.58,7.93911,2.19116,17.1288,12.772,52.9121,1.61778,-113.454,205.655
613.6,7.93804,2.17008,16.8537,12.772,52.9128,1.61778,-113.454,204.748
613.62,7.93804,2.21521,16.8537,13.19,52.9128,1.61778,-115.781,201.604
613.64,7.93804,2.27197,16.5786,13.19,52.7961,1.61778,-115.781,201.155
613.66,7.93591,2.27196,16.8986,13.7456,51.4584,1.61778,-115.781,201.602
613.68,7.93911,2.23694,16.8995,13.7473,51.4543,1.61778,-115.781,204.748
613.7,7.93911,2.16844,16.8995,13.7473,51.4543,1.61778,-115.781,202.502
613.72,7.94017,2.18979,16.8995,14.5808,51.4543,1.61778,-115.781,196.68
613.74,7.94178,2.21584,16.4411,14.5833,49.8792,1.61778,-115.781,193.518
613.76,7.93751,2.20384,16.4411,15.698,49.8792,1.61595,-115.781,197.561
613.78,7.93751,2.1429,16.6239,15.698,48.6578,1.61595,-115.781,201.144
613.8,7.93857,2.15434,16.6245,13.7938,48.6541,1.6147,-115.781,200.256
613.82,7.93857,2.16466,16.6245,13.7938,47.779,1.6147,-115.781,199.358
613.84,7.93911,2.20139,16.9901,14.2105,47.779,1.6147,-115.781,196.671
613.86,7.93911,2.19503,16.9912,14.2118,46.9039,1.6147,-115.781,194.866
613.88,7.93644,2.27673,17.2663,13.5151,46.9039,1.6147,-121.752,185.882
613.9,7.9359,2.25728,17.2663,13.5151,46.206,1.6147,-121.752,185.434
613.92,7.93804,2.26027,18.1833,13.8402,46.2039,1.6147,-121.752,184.983
613.94,7.93804,2.15319,18.1833,13.8402,45.5038,1.6147,-121.752,182.288
613.96,7.93964,2.24265,18.6861,14.2569,45.5038,1.6147,-121.752,180.497
613.98,7.93857,2.23381,18.6876,14.2582,45.6205,1.6147,-121.752,180.042
614,7.93697,2.29075,18.275,14.2582,45.6205,1.61103,-121.752,179.593
614.02,7.9375,2.23484,18.275,14.2119,45.6205,1.61103,-121.752,178.249
614.04,7.93751,2.33196,17.7707,14.2118,46.2622,1.61739,-121.752,175.101
614.06,7.93697,2.35748,17.7707,16.2088,46.2622,1.61739,-121.752,173.753
614.08,7.93644,2.2286,17.8164,16.2088,47.1346,1.61739,-121.752,172.41
614.1,7.93697,2.30041,17.8165,16.4875,47.1373,1.61739,-121.752,166.117
614.12,7.93697,2.38193,17.7248,16.4875,48.6541,1.61739,-121.752,164.32
614.14,7.93804,2.41008,17.7248,17.8808,48.6541,1.61739,-114.978,169.71
614.16,7.93591,2.37984,17.5877,17.8808,50.1663,1.61739,-114.978,175.084
614.18,7.93697,2.43593,17.5873,18.4381,50.1709,1.61739,-114.978,168.363
614.2,7.93697,2.52429,17.358,18.4381,51.0459,1.61739,-114.978,166.566
614.22,7.93591,2.41565,17.358,17.9751,51.0459,1.61739,-114.978,163.879
614.24,7.93751,2.41532,17.358,17.9737,50.7543,1.61739,-114.978,161.175
614.26,7.9359,2.39007,17.4039,16.8591,50.7543,1.63384,-114.978,160.726
614.28,7.9359,2.53458,17.4039,16.8591,49.4747,1.63384,-114.978,159.383
614.3,7.93537,2.36869,17.5873,16.8591,49.4708,1.62816,-114.978,161.175
614.32,7.93697,2.3687,17.5873,15.9302,47.7207,1.62816,-114.978,159.828
614.34,7.93537,2.39893,17.9072,15.9302,47.7207,1.62816,-114.978,162.067
614.36,7.93537,2.46835,17.9082,16.3482,46.2039,1.62816,-114.978,163.87
614.38,7.9343,2.47872,18.3667,16.3482,46.2039,1.62816,-114.978,164.769
614.4,7.9359,2.45297,18.3667,17.6909,45.2151,1.62816,-111.222,165.665
614.42,7.93323,2.43324,17.7248,17.695,45.2121,1.62816,-111.21,164.32
614.44,7.93323,2.51038,17.7248,17.7879,45.2121,1.62816,-111.21,165.218
614.46,7.93217,2.33661,17.7705,17.7879,44.805,1.62816,-111.21,169.696
614.48,7.93376,2.368,17.7707,16.8126,44.8038,1.62816,-111.21,172.405
614.5,7.9359,2.39447,17.3122,16.8126,44.3371,1.70177,-111.21,174.202
614.52,7.9359,2.43333,17.3122,16.8589,44.3371,1.70177,-111.21,177.337
614.54,7.93376,2.31971,17.1288,16.8591,44.1037,1.70177,-111.21,178.694
614.56,7.93163,2.35776,17.1288,16.5804,44.1037,1.70476,-111.21,174.202
614.58,7.93482,2.33374,16.9917,16.5804,44.3945,1.70476,-111.21,171.067
614.6,7.93483,2.32941,16.9912,16.0695,44.3954,1.70476,-111.21,172.855
614.62,7.93109,2.32816,16.9912,16.0695,45.0954,1.70476,-111.21,171.956
614.64,7.93376,2.34889,16.8078,14.9549,45.0954,1.70476,-122.617,172.405
614.66,7.93217,2.49001,16.8078,14.9549,46.026,1.70476,-122.617,173.301
614.68,7.9343,2.35351,17.4497,14.5833,46.0289,1.70476,-122.617,178.245
614.7,7.9343,2.33358,17.4497,14.5833,46.7873,1.70476,-122.617,181.39
614.72,7.93217,2.35079,17.724,14.5833,46.7873,1.70476,-122.617,187.211
614.74,7.93056,2.37493,17.7248,15.1871,47.0206,1.70476,-122.617,189.924
614.76,7.93056,2.33721,18.5959,15.1871,47.0206,1.62031,-122.617,188.128
614.78,7.93322,2.32025,18.5959,16.2057,47.2533,1.62031,-122.617,189.023
614.8,7.93216,2.34635,19.4212,16.2088,47.254,1.62222,-122.617,189.924
614.82,7.93163,2.22497,19.4212,18.0666,47.254,1.62222,-122.617,190.823
614.84,7.93056,2.29189,20.3353,18.0666,48.01,1.62222,-122.617,193.062
614.86,7.93056,2.35788,20.3381,17.3699,48.0124,1.62222,-122.617,190.374
614.88,7.93163,2.24068,21.0259,17.3699,49.5292,1.62222,-122.617,185.882
614.9,7.93216,2.24068,21.0259,16.4439,49.5292,1.62222,-114.057,181.403
614.92,7.93163,2.52138,21.0259,16.4411,52.3294,1.62222,-114.031,177.347
614.94,7.93163,2.33351,21.7594,16.3482,52.3294,1.62222,-114.031,173.304
614.96,7.93216,2.36364,21.7594,16.3482,56.6333,1.62222,-114.031,171.512
614.98,7.93056,2.47468,22.5847,16.0231,56.6464,1.62222,-114.031,169.71
615,7.93216,2.65592,22.5847,16.0231,60.8468,1.62222,-114.031,166.566
615.02,7.93216,2.6628,23.4531,18.0604,60.8468,1.68251,-114.031,162.535
615.04,7.93109,2.48749,23.4558,18.0666,64.5221,1.68269,-114.031,159.828
615.06,7.93109,2.48851,23.8684,15.5122,64.5221,1.67601,-114.031,157.132
615.08,7.93269,3.15901,23.8684,15.5122,66.3251,1.67601,-114.031,151.31
615.1,7.9327,2.83895,23.8226,15.5122,66.3306,1.67601,-114.031,145.902
615.12,7.93216,2.87979,23.8226,17.5093,66.3306,1.67601,-114.031,142.309
615.14,7.93216,2.87979,23.9143,17.5093,66.0389,1.67601,-114.031,138.715
615.16,7.93216,2.89914,23.9143,16.3054,66.0389,1.67601,-108.057,131.55
615.18,7.93216,2.78765,23.5933,16.3017,63.8804,1.67601,-108.039,130.629
615.2,7.93002,2.79439,23.5933,17.6021,63.8804,1.67601,-108.039,124.34
615.22,7.93216,2.82863,23.182,17.6021,60.5071,1.67601,-108.039,118.518
615.24,7.92949,2.9484,23.1807,16.9519,60.4967,1.67601,-108.039,112.661
615.26,7.92949,2.80874,22.6764,16.9519,56.4131,1.67601,-108.039,109.517
615.28,7.93109,2.78629,22.6764,17.415,56.4131,1.66315,-108.039,111.756
615.3,7.92789,2.78135,22.1721,17.4164,53.2045,1.66311,-108.039,115.805
615.32,7.93002,2.72621,22.1721,16.2553,53.2045,1.6428,-108.039,116.255
615.34,7.93002,2.75712,22.1721,16.2553,51.6341,1.6428,-108.039,118.046
615.36,7.93163,2.63877,21.8053,17.0913,51.6293,1.6428,-108.039,121.645
615.38,7.93056,2.65341,21.8053,17.0913,51.1043,1.6428,-108.039,121.196
615.4,7.93269,2.43832,21.5767,17.0913,51.1043,1.6428,-108.039,120.748
615.42,7.92896,2.66291,21.576,17.0913,51.571,1.6428,-118.396,122.543
615.44,7.92896,2.43334,21.4843,16.7662,51.571,1.6428,-118.396,128.383
615.46,7.93055,2.49259,21.4843,16.7662,53.025,1.6428,-118.396,135.101
615.48,7.93163,2.33854,20.7966,16.7662,53.0294,1.6428,-118.396,141.859
615.5,7.93056,2.24155,20.7966,14.3511,54.1962,1.6428,-118.396,146.801
615.52,7.93056,2.40969,20.0196,14.3511,54.1962,1.65396,-118.396,149.936
615.54,7.93109,2.45109,20.0172,13.608,54.1962,1.65399,-118.396,149.496
615.56,7.93056,2.33132,19.6963,13.608,55.1296,1.63436,-118.396,149.047
615.58,7.93109,2.45354,19.6963,15.136,55.1296,1.63436,-118.396,154.421
615.6,7.93109,2.38299,19.3295,15.1406,55.7713,1.63436,-118.396,158.929
615.62,7.93002,2.50054,19.3295,14.2118,55.7713,1.63436,-118.396,162.972
615.64,7.93056,2.50055,19.7421,14.2118,55.8297,1.63436,-118.396,167.015
615.66,7.93269,2.41299,19.7421,15.786,55.8297,1.63436,-114.167,174.18
615.68,7.9327,2.30799,18.871,15.7908,55.4213,1.63436,-114.154,176.897
615.7,7.93109,2.3603,18.871,16.2088,55.4213,1.63436,-114.154,174.651
615.72,7.93163,2.3603,18.871,16.2088,54.6071,1.63436,-114.154,172.412
615.74,7.93109,2.42527,19.1461,17.8808,54.6046,1.63436,-114.154,175.101
615.76,7.93109,2.46781,19.1461,17.8808,54.1962,1.63436,-114.154,175.55
615.78,7.93109,2.3257,18.5062,18.1586,54.1962,1.66826,-114.154,175.102
615.8,7.9327,2.36182,18.5042,18.1595,54.0212,1.66836,-114.154,178.245
615.82,7.93056,2.39838,18.5501,17.8344,54.0212,1.64392,-114.154,181.39
615.84,7.93056,2.36212,18.5501,17.8344,54.0794,1.64392,-114.154,181.39
615.86,7.93109,2.19435,18.1374,17.8344,54.0795,1.64392,-114.154,179.143
615.88,7.9327,2.21172,18.1374,18.0201,53.7878,1.64392,-114.154,175.55
615.9,7.93057,2.48594,17.9089,18.0201,53.7878,1.64392,-114.154,173.758
615.92,7.93056,2.32519,17.9082,16.3017,53.7878,1.64392,-111.539,175.999
615.94,7.93056,2.34113,17.4039,16.3017,53.6712,1.64392,-111.539,176.897
615.96,7.93269,2.33034,17.4039,15.6998,53.6712,1.64392,-111.539,179.584
615.98,7.93376,2.29348,17.4497,15.698,53.0294,1.64392,-111.539,177.347
616,7.93376,2.31797,17.4497,16.8126,53.0294,1.64392,-111.539,181.39
616.02,7.9311,2.24861,17.404,16.8126,52.2152,1.64392,-111.539,181.39
616.04,7.93109,2.24883,17.4039,16.5339,52.2127,1.64392,-111.539,184.534
616.06,7.9327,2.26863,17.358,16.5339,51.4543,1.64392,-111.539,185.882
616.08,7.9327,2.36018,17.358,15.932,51.4543,1.63304,-111.539,187.225
616.1,7.9327,2.2449,17.358,15.9302,51.1043,1.633,-111.539,186.331
616.12,7.93109,2.251,16.8995,16.9984,51.1043,1.633,-111.539,186.78
616.14,7.93163,2.21224,16.8995,16.9984,50.3459,1.633,-111.539,186.331
616.16,7.93163,2.30422,16.8995,16.3039,50.3459,1.633,-111.539,185.883
616.18,7.93056,2.26059,16.8995,16.3017,49.6458,1.633,-115.534,187.678
616.2,7.93216,2.25611,17.4956,16.3017,49.6458,1.633,-115.534,189.475
616.22,7.9311,2.30045,17.4956,15.1442,49.0642,1.633,-115.534,192.61
616.24,7.93109,2.31292,17.4497,15.1406,49.0624,1.633,-115.534,189.475
616.26,7.9327,2.37843,17.4497,15.0013,48.3624,1.633,-115.534,189.475
616.28,7.9327,2.43698,18.0439,15.0013,48.3624,1.6407,-115.534,188.58
616.3,7.93002,2.29849,18.275,16.0695,47.8957,1.64294,-115.534,186.78
616.32,7.93109,2.39888,18.275,16.0695,47.8957,1.64294,-115.534,184.534
616.34,7.93109,2.37504,18.275,16.0695,47.8957,1.64294,-115.534,185.43
616.36,7.93163,2.39921,18.275,16.5339,47.8957,1.64294,-115.534,182.288
616.38,7.93163,2.43656,18.9169,16.5339,48.0707,1.64294,-115.534,179.143
616.4,7.93163,2.44782,18.9169,17.4137,48.0707,1.64294,-115.534,182.278
616.42,7.93163,2.39926,19.1002,17.4164,48.4207,1.64294,-115.534,179.143
616.44,7.93216,2.36869,19.1002,19.5528,48.4207,1.64294,-116.749,177.347
616.46,7.93163,2.52602,19.1917,19.5528,49.1768,1.64294,-116.749,175.555
616.48,7.93216,2.49208,19.1919,17.0448,49.1791,1.64294,-116.749,171.058
616.5,7.93216,2.30346,19.1919,17.0448,50.0542,1.64294,-116.749,164.769
616.52,7.93003,2.45069,19.4662,16.9522,50.0542,1.64294,-116.749,164.769
616.54,7.9327,2.45115,19.467,16.9519,49.6458,1.64294,-116.749,164.769
616.56,7.93163,2.39938,19.3753,17.7879,49.6458,1.62173,-116.749,166.566
616.58,7.93163,2.4843,19.3753,17.7879,49.1805,1.62173,-116.749,164.327
616.6,7.93163,2.44555,19.6504,16.6733,49.1791,1.64815,-116.749,162.523
616.62,7.93056,2.44555,19.6504,16.6733,49.5292,1.64815,-116.749,160.726
616.64,7.93109,2.52565,20.2006,16.6733,49.5292,1.64815,-116.749,159.378
616.66,7.93109,2.45952,20.2006,14.8212,50.3434,1.64815,-116.749,164.305
616.68,7.93109,2.39284,20.5215,14.8155,50.3459,1.64815,-116.749,162.074
616.7,7.93109,2.36545,20.5215,14.7226,50.3459,1.64815,-113.743,159.828
616.72,7.93003,2.31065,20.4758,14.7226,52.6723,1.64815,-113.743,160.723
616.74,7.93002,2.39222,20.4757,15.1871,52.6794,1.64815,-113.743,165.218
616.76,7.93163,2.44653,20.6591,15.1871,56.7048,1.64815,-113.743,164.769
616.78,7.92896,2.46469,20.6591,15.2334,56.7048,1.64815,-113.743,166.56
616.8,7.93216,2.51994,20.2923,15.2335,62.6553,1.64815,-113.743,165.667
616.82,7.93216,2.55342,20.2923,16.7197,62.6553,1.61402,-113.743,163.421
616.84,7.93163,2.63788,20.2923,16.7197,69.9835,1.61402,-113.743,158.495
616.86,7.93109,2.61172,19.7421,16.2553,70.0059,1.6436,-113.743,151.742
616.88,7.93216,2.58899,19.7421,16.2553,77.2398,1.6436,-113.743,147.699
616.9,7.93216,2.66966,19.605,15.4218,77.2398,1.6436,-113.743,147.251
616.92,7.93163,2.94082,19.6046,15.4193,82.6069,1.6436,-113.743,141.859
616.94,7.93163,2.91527,20.063,16.4875,82.6069,1.6436,-111.519,135.121
616.96,7.93163,2.91527,20.063,16.4875,82.8396,1.6436,-111.519,132.434
616.98,7.93163,2.8134,20.5215,16.4875,82.8403,1.6436,-111.519,129.282
617,7.93109,2.98837,20.5215,17.0448,77.2398,1.6436,-111.519,127.485
617.02,7.93163,2.96006,21.2529,17.0448,77.2398,1.6436,-111.519,123.454
617.04,7.93216,3.05597,21.2551,17.4164,77.2398,1.6436,-111.519,119.399
617.06,7.93216,2.7487,22.3096,17.4164,67.8474,1.62127,-111.519,114.009
617.08,7.93056,2.68004,22.3096,16.8144,67.8474,1.62127,-111.519,113.561
617.1,7.93323,2.66665,21.897,16.8126,59.0383,1.62347,-111.519,118.501
617.12,7.93163,2.64423,21.897,16.2553,59.0383,1.62347,-111.519,123.442
617.14,7.93163,2.55472,21.8511,16.2553,53.5545,1.62347,-111.519,122.993
617.16,7.93056,2.58353,21.8511,15.5608,53.5545,1.62347,-111.519,118.514
617.18,7.93109,2.62117,21.8511,15.5586,51.0459,1.62347,-111.519,117.153
617.2,7.93163,2.48336,21.8511,13.7473,51.0459,1.62347,-122.061,115.805
617.22,7.93269,2.45841,21.0741,13.7473,50.4062,1.62347,-122.061,119.388
617.24,7.9327,2.44838,21.0717,15.2335,50.4042,1.62347,-122.061,118.501
617.26,7.93216,2.49802,21.0717,15.2335,50.2292,1.62347,-122.061,120.747
617.28,7.93269,2.44882,19.7462,16.4837,50.2292,1.62347,-122.061,122.986
617.3,7.9327,2.51312,19.7421,16.4875,50.3459,1.62347,-122.061,127.036
617.32,7.9327,2.40419,19.1461,16.2088,50.3459,1.63647,-122.061,130.629
617.34,7.93323,2.46588,19.1461,16.2088,50.6367,1.63647,-122.061,137.795
617.36,7.93323,2.43192,18.9169,16.2088,50.6376,1.6415,-122.061,145.004
617.38,7.93163,2.33991,18.9169,15.1871,50.5209,1.6415,-122.061,147.25
617.4,7.93163,2.37629,18.5512,15.1871,50.5209,1.6415,-122.061,151.28
617.42,7.93323,2.36655,18.5501,14.9084,50.2292,1.6415,-122.061,155.336
617.44,7.9327,2.36655,18.5959,14.9084,50.2292,1.6415,-122.061,160.277
617.46,7.93376,2.48575,18.5959,15.0473,50.2292,1.6415,-114.794,161.173
617.48,7.93376,2.41657,18.3667,15.0477,50.2292,1.6415,-114.772,166.117
617.5,7.93537,2.38816,18.3667,15.28,50.2292,1.6415,-114.772,165.667
617.52,7.93217,2.38815,18.2753,15.28,51.0435,1.6415,-114.772,164.772
617.54,7.9343,2.33877,18.275,16.0231,51.0459,1.6415,-114.772,161.624
617.56,7.9343,2.45045,18.6418,16.0231,52.9128,1.6415,-114.772,167.913
617.58,7.93323,2.34222,18.6418,15.1896,52.9128,1.65258,-114.772,171.048
617.6,7.93376,2.35278,18.6418,15.1871,54.5462,1.65262,-114.772,173.304
617.62,7.9327,2.36086,18.8252,15.9766,54.5462,1.6572,-114.772,172.855
617.64,7.9327,2.49668,18.8252,15.9766,55.2463,1.6572,-114.772,169.261
617.66,7.93376,2.47691,18.9623,14.3097,55.2463,1.6572,-114.772,174.187
617.68,7.93323,2.48392,18.9627,14.3047,55.363,1.6572,-114.772,179.593
617.7,7.9343,2.42478,18.7793,15.3729,55.363,1.6572,-109.542,185.882
617.72,7.9343,2.42815,18.7793,15.3729,55.1885,1.6572,-109.542,183.195
617.74,7.93376,2.42728,18.6418,14.6298,55.188,1.6572,-109.542,182.288
617.76,7.9343,2.45749,18.6418,14.6298,55.4213,1.6572,-109.542,181.39
617.78,7.93643,2.43479,18.5503,14.6298,55.4213,1.6572,-109.542,179.15
617.8,7.93163,2.48036,18.5501,14.3511,55.4213,1.6572,-109.542,180.94
617.82,7.93163,2.39659,18.2291,14.3511,55.0713,1.6535,-109.542,182.288
617.84,7.93429,2.3591,18.2291,15.6476,55.0713,1.6535,-109.542,184.975
617.86,7.93376,2.44119,18.5501,15.6515,54.8963,1.64722,-109.542,188.128
617.88,7.93216,2.44652,18.5501,16.5339,54.8963,1.64722,-109.542,189.924
617.9,7.93216,2.37408,18.7786,16.5339,55.0126,1.64722,-109.542,193.507
617.92,7.9359,2.38008,18.7793,17.3699,55.0129,1.64722,-109.542,196.213
617.94,7.93323,2.30508,18.5042,17.3699,55.4797,1.64722,-109.542,198.909
617.96,7.93536,2.38043,18.5042,18.2034,55.4797,1.64722,-121.243,206.522
617.98,7.93537,2.30785,18.5042,18.2059,56.0047,1.64722,-121.279,205.647
618,7.93376,2.32109,17.8623,16.6268,56.0047,1.64722,-121.279,203.401
618.02,7.93376,2.32109,17.8623,16.6268,56.4118,1.64722,-121.279,201.161
618.04,7.93537,2.30139,17.3122,16.5804,56.4131,1.64722,-121.279,202.951
618.06,7.93537,2.33005,17.3122,16.5804,56.9964,1.64722,-121.279,209.24
618.08,7.93484,2.28116,17.1293,16.5341,56.9964,1.66017,-121.279,209.24
618.1,7.9343,2.28101,17.1288,16.5339,57.4632,1.66021,-121.279,209.24
618.12,7.9343,2.35188,17.1288,16.5339,57.4632,1.65801,-121.279,204.299
618.14,7.9343,2.28629,17.1288,17.1377,57.8132,1.65801,-121.279,206.545
618.16,7.93217,2.32562,17.2202,17.1377,57.8132,1.65801,-121.279,209.232
618.18,7.93483,2.29028,17.2205,18.2524,57.8132,1.65801,-121.279,211.936
618.2,7.93216,2.24024,17.0371,18.2524,57.8715,1.65801,-121.279,215.08
618.22,7.93216,2.20089,17.0371,17.6041,57.8715,1.65801,-115.367,213.289
618.24,7.9343,2.24015,17.2663,17.6021,57.2881,1.65801,-115.349,211.936
618.26,7.93216,2.29054,17.2663,17.3235,57.2881,1.65801,-115.349,210.588
618.28,7.93269,2.287,16.9007,17.3235,56.0086,1.65801,-115.349,207.453
618.3,7.9327,2.26161,16.8995,18.2988,56.0047,1.65801,-115.349,209.24
618.32,7.9343,2.29952,17.1746,18.2988,54.8379,1.65801,-115.349,207.893
618.34,7.93323,2.29099,17.1746,18.9933,54.8379,1.64319,-115.349,206.101
618.36,7.93537,2.34089,16.9912,18.9955,53.8462,1.64315,-115.349,204.299
618.38,7.93537,2.32253,16.9912,17.7415,53.8462,1.65224,-115.349,199.807
618.4,7.93377,2.42029,16.9912,17.7415,53.4972,1.65224,-115.349,197.568
618.42,7.93323,2.44408,16.9454,15.8837,53.4962,1.65224,-115.349,198.01
618.44,7.93323,2.28544,16.9454,15.8837,53.5545,1.65224,-115.349,198.459
618.46,7.93323,2.3686,17.3111,17.2265,53.5545,1.65224,-109.56,197.116
618.48,7.9327,2.31252,17.3122,17.2306,54.0795,1.65224,-109.542,189.924
618.5,7.93376,2.307,17.7248,15.6051,54.0795,1.65224,-109.542,188.128
618.52,7.9343,2.37416,17.7248,15.6051,54.7193,1.65224,-109.542,186.336
618.54,7.9343,2.37703,18.275,15.6051,54.7213,1.65224,-109.542,189.026
618.56,7.93323,2.35495,18.275,16.9519,54.3129,1.65224,-109.542,187.678
618.58,7.93483,2.35018,18.8692,16.9519,54.3129,1.66145,-109.542,181.409
618.6,7.93376,2.34209,18.871,17.4164,54.3129,1.66147,-109.542,175.101
618.62,7.93376,2.36679,18.871,17.4164,53.9629,1.668,-109.542,170.609
618.64,7.93323,2.29202,18.871,18.6239,53.9629,1.668,-109.542,167.913
618.66,7.9343,2.27917,19.2824,18.6239,54.1373,1.668,-109.542,163.883
618.68,7.93376,2.308,19.2836,19.0883,54.1379,1.668,-109.542,159.828
618.7,7.93376,2.43922,19.6046,19.0883,55.4797,1.668,-109.542,160.277
618.72,7.93376,2.45053,19.6046,18.3012,55.4797,1.668,-115.228,158.038
618.74,7.93216,2.48145,19.6046,18.2988,56.7048,1.668,-115.246,152.64
618.76,7.93216,2.46306,20.063,18.8097,56.7048,1.668,-115.246,149.047
618.78,7.93429,2.50149,20.063,18.8097,56.9374,1.668,-115.246,144.12
618.8,7.9343,2.61316,20.4298,18.9026,56.9381,1.668,-115.246,139.164
618.82,7.9343,2.58158,20.4298,18.9026,56.8214,1.668,-115.246,132.875
618.84,7.93483,2.52021,20.2013,19.1341,56.8214,1.63682,-115.246,127.501
618.86,7.9343,2.58262,20.2006,19.1348,56.5297,1.63673,-115.246,125.688
618.88,7.9343,2.66318,20.063,17.7415,56.5297,1.63734,-115.246,127.036
618.9,7.93483,2.60564,20.063,17.7415,56.2971,1.63734,-115.246,129.723
618.92,7.93323,2.51352,20.063,17.7415,56.2964,1.63734,-115.246,129.282
618.94,7.93376,2.51945,20.063,18.0201,56.2964,1.63734,-115.246,125.688
618.96,7.93376,2.68535,19.9716,18.9462,55.7148,1.63734,-115.41,123.001
618.98,7.93537,2.66709,19.9714,18.949,55.713,1.63734,-115.411,123.891
619,7.9343,2.66709,19.9714,18.949,55.713,1.63734,-115.411,129.282
619.02,7.93483,2.52201,19.9714,18.949,55.713,1.63734,-115.411,134.656
619.04,7.93483,2.51838,19.2836,18.949,54.8963,1.63734,-115.411,140.063
619.06,7.93537,2.47509,19.2836,18.2988,54.8963,1.63734,-115.411,140.512
619.08,7.93537,2.47509,18.598,18.2988,54.1983,1.63734,-115.411,141.855
619.1,7.9343,2.3476,18.5959,18.5775,54.1962,1.63734,-115.411,143.207
619.12,7.9343,2.44006,19.1002,18.5775,53.4378,1.63734,-115.411,143.207
619.14,7.9359,2.46203,19.1002,18.0666,53.4378,1.65205,-115.411,147.699
619.16,7.9359,2.46407,18.9631,18.0666,53.496,1.65205,-115.411,149.043
619.18,7.93537,2.37995,18.9627,18.8097,53.4962,1.6621,-115.411,150.394
619.2,7.93537,2.45198,18.9627,18.8097,54.3129,1.6621,-115.411,154.437
619.22,7.93697,2.55273,19.694,18.4393,54.3129,1.6621,-115.411,158.02
619.24,7.93537,2.52346,19.6963,18.4381,55.6547,1.6621,-115.411,162.972
619.26,7.9359,2.4023,19.9255,20.1566,55.6547,1.6621,-112.775,167.913
619.28,7.9359,2.31258,19.9255,20.1566,57.2832,1.6621,-112.775,167.913
619.3,7.9359,2.41823,20.6591,20.7603,57.2881,1.6621,-112.775,163.87
619.32,7.93857,2.43272,20.6591,20.7603,58.5716,1.6621,-112.775,162.972
619.34,7.93911,2.38812,20.8419,20.7603,58.5716,1.6621,-112.775,162.076
619.36,7.93911,2.59826,20.8425,20.2959,60.0884,1.6621,-112.775,162.972
619.38,7.93697,2.48495,20.8883,20.2959,60.0884,1.6621,-112.775,162.074
619.4,7.9407,2.48753,20.8883,19.694,60.0884,1.6621,-112.775,159.387
619.42,7.93911,2.68521,21.1634,19.6921,62.2469,1.66998,-112.775,156.234
619.44,7.94392,2.48088,21.1634,19.9708,62.2469,1.66998,-112.775,153.09
619.46,7.94392,2.43275,21.5291,19.9708,64.0499,1.66998,-112.775,154.881
619.48,7.94285,2.4424,21.5302,20.7603,64.0554,1.66998,-112.775,157.582
619.5,7.94178,2.48176,21.8053,20.7603,65.3971,1.66998,-112.775,156.683
619.52,7.94231,2.46936,21.8053,20.8066,65.3971,1.66998,-110.229,155.788
619.54,7.94232,2.61204,21.4843,20.8068,65.5722,1.66998,-110.222,155.785
619.56,7.94071,2.58434,21.4843,19.8779,65.5722,1.66998,-110.222,149.945
619.58,7.94071,2.51343,21.4843,19.8779,65.165,1.66998,-110.222,147.258
619.6,7.94445,2.48302,21.576,19.3206,65.1638,1.66998,-110.222,146.351
619.62,7.94445,2.34247,21.576,19.3206,64.6388,1.66998,-110.222,146.801
619.64,7.94392,2.40759,21.8511,19.9708,64.6388,1.67908,-110.222,146.351
619.66,7.94445,2.40759,21.8511,19.9708,64.2887,1.67908,-110.222,146.801
619.68,7.94392,2.54858,21.7136,19.9708,64.2887,1.6706,-110.222,147.25
619.7,7.94392,2.38131,21.7136,19.3206,64.1137,1.6706,-110.222,148.148
619.72,7.94339,2.39294,21.7136,19.3206,64.1137,1.6706,-110.222,151.731
619.74,7.94659,2.39298,21.7136,18.4846,64.8721,1.6706,-110.222,153.988
619.76,7.94445,2.47546,21.6677,18.4846,64.8721,1.6706,-110.222,156.234
619.78,7.94445,2.41294,21.6677,17.9753,64.8721,1.6706,-119.664,159.817
619.8,7.94445,2.36949,22.0345,17.9737,65.6888,1.6706,-119.693,163.87
619.82,7.94552,2.38505,22.0345,16.7662,65.6888,1.6706,-119.693,165.667
619.84,7.94606,2.36866,22.3088,16.7662,66.0378,1.6706,-119.693,167.459
619.86,7.94606,2.38657,22.3096,17.7879,66.0389,1.6706,-119.693,170.159
619.88,7.94873,2.33789,23.0432,17.7879,65.9222,1.6706,-119.693,166.117
619.9,7.94766,2.44107,23.0432,17.0934,65.9222,1.65056,-119.693,171.491
619.92,7.94659,2.49785,23.5475,17.0913,65.9805,1.65049,-119.693,178.694
619.94,7.94659,2.25421,23.5475,17.1377,65.9805,1.64856,-119.693,184.085
619.96,7.94712,2.43948,23.5475,17.1377,66.6785,1.64856,-119.693,183.637
619.98,7.94766,2.43562,23.8226,17.7415,66.6806,1.64856,-119.693,189.475
620,7.94819,2.38345,23.8226,17.7415,67.9057,1.64856,-119.693,195.315
620.02,7.94819,2.42969,23.914,19.7325,67.9057,1.64856,-112.262,200.689
620.04,7.94819,2.35733,23.9143,19.7386,69.8892,1.64856,-112.24,199.807
620.06,7.94926,2.35198,24.3269,19.785,69.8892,1.64856,-112.24,202.951
620.08,7.95033,2.38402,24.3269,19.785,71.6922,1.64856,-112.24,205.191
620.1,7.95033,2.43231,24.6937,19.785,71.6977,1.64856,-112.24,203.401
620.12,7.95087,2.51789,24.6937,19.0883,72.5728,1.64856,-112.24,200.256
620.14,7.9498,2.4855,24.9229,19.0883,72.5728,1.65405,-112.24,194.866
620.16,7.95087,2.61693,24.9229,19.3206,72.5728,1.65405,-112.24,188.577
620.18,7.95087,2.53336,24.8312,19.3206,71.8144,1.65988,-112.24,186.78
620.2,7.9514,2.51857,24.8312,19.0419,71.8144,1.65988,-112.24,184.983
620.22,7.953,2.52117,24.9684,19.0419,69.8951,1.65988,-112.24,182.744
620.24,7.953,2.48102,24.9688,18.2988,69.8892,1.65988,-112.24,182.288
620.26,7.953,2.57004,25.0146,18.2988,67.7307,1.65988,-112.24,186.331
620.28,7.95194,2.43624,25.0146,19.6879,67.7307,1.65988,-99.9023,184.987
620.3,7.95247,2.41957,25.0146,19.6921,66.2722,1.65988,-99.8646,185.882
620.32,7.95407,2.45377,24.6478,20.0637,66.2722,1.65988,-99.8646,181.39
620.34,7.95247,2.32247,24.6478,20.0637,65.9233,1.65988,-99.8646,176.463
620.36,7.95247,2.23647,24.0518,18.2059,65.9222,1.65988,-99.8646,171.956
620.38,7.95194,2.2432,24.0518,18.2059,66.2722,1.65988,-99.8646,175.101
620.4,7.95087,2.37363,23.5033,18.067,66.2722,1.66352,-99.8646,177.788
620.42,7.953,2.3081,23.5016,18.0666,67.2056,1.66353,-99.8646,180.491
620.44,7.953,2.35679,22.8139,17.3235,67.2056,1.66353,-99.8646,179.593
620.46,7.95194,2.34799,22.8139,17.3235,67.6709,1.66353,-99.8646,177.354
620.48,7.95461,2.2887,22.5388,17.3235,67.6723,1.66353,-99.8646,174.651
620.5,7.95407,2.29293,22.5388,15.7908,67.6723,1.66353,-99.8646,171.956
620.52,7.95407,2.30913,22.1732,15.7908,68.1376,1.66353,-99.8646,172.852
620.54,7.953,2.31527,22.1721,17.0913,68.139,1.66353,-115.658,176.897
620.56,7.953,2.31527,21.8053,17.0913,67.9057,1.66353,-115.658,183.636
620.58,7.95247,2.40183,21.8053,16.9524,67.9057,1.66353,-115.658,190.353
620.6,7.95247,2.33921,21.7594,16.9519,67.2056,1.66353,-115.658,196.663
620.62,7.95354,2.25127,21.7594,17.4628,67.2056,1.66353,-115.658,196.663
620.64,7.95407,2.25127,22.0804,17.4628,66.4472,1.66353,-115.658,201.155
620.66,7.95461,2.27564,22.0804,16.8591,66.4472,1.6162,-115.658,205.647
620.68,7.95461,2.17734,21.9428,16.8591,66.2722,1.6162,-115.658,202.053
620.7,7.953,2.3107,21.9428,16.4411,66.2722,1.63298,-115.658,202.951
620.72,7.95407,2.29529,21.9428,16.4411,66.1559,1.63298,-115.658,205.638
620.74,7.95514,2.16417,21.8511,16.8126,66.1555,1.63298,-115.658,208.342
620.76,7.953,2.18219,21.8511,16.8126,66.2139,1.63298,-115.658,210.588
620.78,7.953,2.19356,21.8968,16.4422,66.2139,1.63298,-110.197,212.379
620.8,7.95247,2.20952,21.897,16.4411,66.1555,1.63298,-110.18,209.69
620.82,7.95247,2.14452,21.897,15.6051,66.1555,1.63298,-110.18,205.647
620.84,7.95407,2.23855,21.897,15.6051,65.8066,1.63298,-110.18,199.377
620.86,7.95407,2.2092,21.8511,15.6051,65.8055,1.63298,-110.18,197.112
620.88,7.95354,2.14249,21.8511,17.3235,65.5138,1.63298,-110.18,204.299
620.9,7.95141,2.13668,22.3996,17.3235,65.5138,1.64195,-110.18,205.195
620.92,7.95514,2.16032,22.4013,18.2524,65.5138,1.64197,-110.18,206.096
620.94,7.95514,2.12518,22.6764,18.2524,65.1638,1.66365,-110.18,205.647
620.96,7.95195,2.15748,22.6764,17.7893,65.1638,1.66365,-110.18,208.334
620.98,7.95194,2.15758,22.1262,17.7879,65.2805,1.66365,-110.18,205.647
621,7.95354,2.26245,22.1262,17.1377,65.2805,1.66365,-110.18,202.951
621.02,7.95354,2.2599,22.1719,17.1377,65.9202,1.66365,-110.18,196.682
621.04,7.953,2.1799,22.1721,15.6515,65.9222,1.66365,-100.894,196.213
621.06,7.9514,2.17989,21.9887,15.6515,66.5056,1.66365,-100.894,192.62
621.08,7.95193,2.16621,21.9887,15.7904,66.5056,1.66365,-100.894,189.037
621.1,7.95194,2.26729,21.9887,15.7908,67.2056,1.66365,-100.894,190.823
621.12,7.95194,2.24342,21.576,13.608,67.2056,1.66365,-100.894,192.17
621.14,7.95087,2.25633,21.576,13.608,67.9057,1.66365,-100.894,189.924
621.16,7.95194,2.23515,21.7594,14.2118,67.9057,1.67431,-100.894,187.678
621.18,7.95194,2.23773,21.7594,14.2118,68.9558,1.67431,-100.894,186.331
621.2,7.95087,2.18439,21.6219,15.3729,68.9558,1.68849,-100.894,186.78
621.22,7.94927,2.19884,21.6219,15.3729,69.6537,1.68849,-100.894,184.093
621.24,7.94819,2.16042,21.7136,15.3729,69.6558,1.68849,-100.894,181.39
621.26,7.94819,2.15337,21.7136,14.3047,70.4726,1.68849,-100.894,182.288
621.28,7.94926,2.09972,21.6222,14.3047,70.4726,1.68849,-100.894,181.84
621.3,7.94606,2.09403,21.6219,13.9795,70.4726,1.68849,-110.428,173.753
621.32,7.94926,2.14729,21.6219,13.9795,70.5893,1.68849,-110.428,169.71
621.34,7.94926,2.13289,21.6219,13.4239,70.5893,1.68849,-110.428,171.054
621.36,7.9498,2.14059,21.9887,13.4222,70.5893,1.68849,-110.428,175.101
621.38,7.94873,2.11713,21.9887,13.9795,70.5893,1.68849,-110.428,171.956
621.4,7.94979,2.14924,21.9887,13.9795,69.8913,1.68849,-110.428,172.404
621.42,7.9498,2.07865,21.9887,15.1406,69.8892,1.64627,-110.428,174.651
621.44,7.9498,2.11654,22.0804,15.1406,68.8391,1.64627,-110.428,175.101
621.46,7.94713,2.15118,22.0804,14.9091,68.8391,1.65712,-110.428,177.788
621.48,7.94873,2.13098,22.0804,14.9084,67.964,1.65715,-110.428,179.593
621.5,7.94926,2.24288,22.7681,14.1189,67.964,1.65715,-110.428,177.347
621.52,7.94926,2.24962,22.7681,14.1189,66.51,1.65715,-110.428,172.42
621.54,7.94713,2.253,23.1349,14.026,66.5056,1.65715,-109.13,171.058
621.56,7.94713,2.09942,23.1349,14.026,65.2805,1.65715,-109.13,169.71
621.58,7.94926,2.10348,22.8606,13.2389,65.2805,1.65715,-109.13,168.367
621.6,7.94926,2.17234,22.8598,13.2364,64.6388,1.65715,-109.13,168.812
621.62,7.94766,2.22015,22.0804,14.1189,64.5804,1.65715,-109.13,167.913
621.64,7.94606,2.22015,22.0804,14.1189,64.5804,1.65715,-109.13,172.855
621.66,7.94445,2.07496,22.0804,14.1189,64.5804,1.65715,-109.13,177.796
621.68,7.94445,2.22388,20.5215,14.1189,64.5804,1.6991,-109.13,180.042
621.7,7.94338,2.06688,20.5215,14.3511,64.5804,1.6991,-109.13,180.042
621.72,7.94338,2.06688,19.1046,14.3511,64.5804,1.70913,-109.13,183.177
621.74,7.94338,2.19387,19.1002,15.0942,64.5804,1.70916,-109.13,186.331
621.76,7.94338,2.15281,17.4497,15.0942,64.7554,1.70916,-109.13,188.577
621.78,7.94285,2.22345,17.4497,16.3443,64.7554,1.70916,-109.13,188.577
621.8,7.94071,2.22831,17.0829,16.3482,64.9304,1.70916,-109.13,190.823
621.82,7.94178,2.21331,17.0829,16.0695,64.9304,1.70916,-103.18,193.069
621.84,7.94178,2.19122,17.2201,16.0695,64.756,1.70916,-103.18,189.486
621.86,7.94071,2.23161,17.2205,16.3017,64.7554,1.70916,-103.18,187.678
621.88,7.93857,2.26241,17.2205,16.3017,64.0554,1.70916,-103.18,184.983
621.9,7.93964,2.19014,16.8548,16.5795,64.0554,1.70916,-103.18,182.296
621.92,7.94018,2.10362,16.8537,16.5804,63.5303,1.70916,-103.18,188.128
621.94,7.94018,2.19713,16.9454,16.5804,63.5303,1.6935,-103.18,192.17
621.96,7.93858,2.18367,16.9454,16.5804,63.6466,1.6935,-103.18,194.41
621.98,7.93857,2.13465,17.2205,17.6021,63.647,1.71279,-103.18,197.112
622,7.93857,2.2676,17.2205,17.6021,63.2386,1.71279,-103.18,195.764
622.02,7.93911,2.21341,18.0432,17.6021,63.2386,1.71279,-103.18,196.66
622.04,7.93751,2.26579,18.0457,18.949,62.8303,1.71279,-103.18,200.256
622.06,7.93644,2.31792,19.4212,18.949,62.8303,1.71279,-103.18,201.155
622.08,7.93697,2.15435,19.4212,17.0043,62.8303,1.71279,-103.282,198.915
622.1,7.93697,2.22562,20.8883,16.9984,61.9552,1.71279,-103.283,195.764
622.12,7.93537,2.30318,20.8883,17.8344,61.9552,1.71279,-103.283,198.909
622.14,7.93644,2.30319,21.8053,17.8344,61.2551,1.71279,-103.283,202.053
622.16,7.93323,2.28542,21.8053,17.8808,61.2551,1.71279,-103.283,202.502
622.18,7.93323,2.17708,22.1262,17.8808,60.205,1.71279,-103.283,194.417
622.2,7.93163,2.18268,22.1262,18.2988,60.205,1.70249,-103.283,196.213
622.22,7.93056,2.18561,21.852,18.2988,59.1582,1.70249,-103.283,198.9
622.24,7.93109,2.25416,21.8511,17.6021,59.155,1.69356,-103.283,196.663
622.26,7.93109,2.31115,21.8511,17.6021,58.8049,1.69356,-103.283,201.155
622.28,7.92896,2.18149,22.2625,18.4356,58.8049,1.69356,-103.283,201.155
622.3,7.93376,2.23661,22.2637,18.4381,60.0884,1.69356,-103.283,202.951
622.32,7.93056,2.29962,22.5388,18.6704,60.0884,1.69356,-112.507,204.748
622.34,7.93056,2.27839,22.5388,18.6704,62.7056,1.69356,-112.507,203.405
622.36,7.92789,2.34543,22.9515,18.4846,62.7136,1.69356,-112.507,200.705
622.38,7.92949,2.34543,22.9515,18.4846,66.0389,1.69356,-112.507,194.417
622.4,7.92683,2.46159,23.5,18.4846,66.0389,1.69356,-112.507,188.147
622.42,7.92682,2.42909,23.5016,18.9026,67.5557,1.69356,-112.507,187.229
622.44,7.92521,2.41146,23.685,18.9026,67.5557,1.74378,-112.507,182.288
622.46,7.92628,2.4424,23.685,19.5045,67.5557,1.74378,-112.507,176.018
622.48,7.92468,2.52884,23.9143,19.5063,67.3807,1.72778,-112.507,169.71
622.5,7.92468,2.46862,23.9143,18.6239,67.3807,1.72778,-112.507,170.609
622.52,7.92361,2.53182,24.3256,18.6239,65.8685,1.72778,-112.507,170.161
622.54,7.92415,2.52687,24.3269,18.6704,65.8639,1.72778,-112.507,164.769
622.56,7.92361,2.47686,24.7854,18.6704,64.2887,1.72778,-112.507,159.378
622.58,7.92361,2.51334,24.7854,18.5314,64.2887,1.72778,-104.276,156.244
622.6,7.92254,2.49262,25.198,18.531,63.2386,1.72778,-104.25,158.48
622.62,7.92147,2.48369,25.198,19.1348,63.2386,1.72778,-104.25,156.234
622.64,7.92254,2.51625,25.198,19.1348,63.5303,1.72778,-104.25,153.988
622.66,7.92254,2.50553,25.1522,19.8779,63.5303,1.72778,-104.25,153.09
622.68,7.9204,2.62787,25.1522,19.8779,64.6388,1.72778,-104.25,148.597
622.7,7.92147,2.60491,24.3269,21.5963,64.6388,1.72953,-104.25,149.496
622.72,7.92041,2.58039,24.3269,21.5963,65.2785,1.72953,-104.25,147.705
622.74,7.9204,2.61147,24.0518,21.7821,65.2805,1.73036,-104.25,145.902
622.76,7.9204,2.69149,24.0518,21.7821,65.3971,1.73036,-104.25,141.41
622.78,7.91987,2.71439,23.6862,23.1711,65.3971,1.73036,-104.25,144.545
622.8,7.92147,2.55853,23.685,23.1754,65.5722,1.73036,-104.25,149.945
622.82,7.91827,2.51389,23.4099,23.1754,65.5722,1.73036,-104.25,154.437
622.84,7.91827,2.67488,23.4099,23.1291,65.5722,1.73036,-96.9835,158.02
622.86,7.91827,2.65919,23.089,23.1289,65.7472,1.73036,-96.9613,158.031
622.88,7.91934,2.55804,23.089,24.5223,65.7472,1.73036,-96.9613,158.031
622.9,7.9188,2.48043,23.0433,24.5223,65.3401,1.73036,-96.9613,162.061
622.92,7.9188,2.4662,23.0432,26.6587,65.3388,1.73036,-96.9613,159.828
622.94,7.91773,2.44872,23.0432,26.6587,64.9888,1.73036,-96.9613,163.421
622.96,7.91773,2.43292,23.0432,26.5198,64.9888,1.72686,-96.9613,167.452
622.98,7.91773,2.31141,23.1349,26.5193,64.5804,1.72685,-96.9613,171.507
623,7.91773,2.48271,23.1349,25.6369,64.5804,1.7211,-96.9613,172.405
623.02,7.91667,2.43773,23.1349,25.6369,64.3478,1.7211,-96.9613,174.645
623.04,7.91827,2.43759,23.5475,22.9896,64.3471,1.7211,-96.9613,169.71
623.06,7.9188,2.4202,23.5475,22.9896,64.7554,1.7211,-96.9613,164.769
623.08,7.9188,2.43823,23.8217,22.6192,64.7554,1.7211,-113.917,167.456
623.1,7.9188,2.57609,23.8226,22.6181,66.1555,1.7211,-113.969,167.464
623.12,7.91773,2.57609,23.5933,21.5034,66.1555,1.7211,-113.969,168.363
623.14,7.91773,2.35258,23.5933,21.5034,68.3141,1.7211,-113.969,169.261
623.16,7.91773,2.47965,23.4558,22.1536,68.3141,1.7211,-113.969,167.464
623.18,7.91827,2.43309,23.4558,22.1536,70.7059,1.7211,-113.969,168.812
623.2,7.9188,2.42711,23.5475,22.1536,70.7059,1.73518,-113.969,168.812
623.22,7.9204,2.44944,23.5475,22.0147,70.7059,1.73518,-113.969,168.812
623.24,7.9204,2.38101,23.5933,22.0143,72.6894,1.71706,-113.969,167.015
623.26,7.91827,2.46146,23.5933,21.7356,72.6894,1.71706,-113.969,164.769
623.28,7.9188,2.42604,23.7305,21.7356,74.3179,1.71706,-113.969,164.321
623.3,7.9188,2.42112,23.7309,21.8285,74.3229,1.71706,-113.969,163.87
623.32,7.91987,2.59094,24.006,21.8285,75.2563,1.71706,-113.969,162.523
623.34,7.91987,2.65119,24.006,21.5044,75.2563,1.71706,-107.893,161.627
623.36,7.91827,2.61996,24.2811,21.5034,74.9646,1.71706,-107.874,162.523
623.38,7.9188,2.58298,24.2811,20.7603,74.9646,1.71706,-107.874,163.421
623.4,7.9188,2.57702,24.921,20.7603,74.0341,1.71706,-107.874,160.734
623.42,7.9188,2.54254,24.9229,20.8997,74.0312,1.71706,-107.874,159.378
623.44,7.9188,2.52227,24.9229,20.8997,72.6311,1.71706,-107.874,159.828
623.46,7.91827,2.46471,25.2429,20.946,72.6311,1.76866,-107.874,163.41
623.48,7.9172,2.50138,25.2439,20.9461,70.8226,1.76882,-107.874,165.218
623.5,7.9172,2.51848,25.794,20.6674,70.8226,1.75643,-107.874,165.218
623.52,7.9188,2.63317,25.794,20.6674,68.438,1.75643,-107.874,162.531
623.54,7.91827,2.63352,26.2984,20.6674,68.4307,1.75643,-107.874,163.421
623.56,7.91827,2.598,26.2984,20.8068,66.6223,1.75643,-107.874,164.32
623.58,7.91827,2.47615,26.1155,20.8068,66.6223,1.75643,-107.874,164.768
623.6,7.91827,2.42077,26.115,21.6892,65.2221,1.75643,-100.112,163.421
623.62,7.9188,2.42077,25.5648,21.6892,65.2221,1.75643,-100.112,164.769
623.64,7.91827,2.36397,25.5648,19.6921,65.2221,1.75643,-100.112,166.117
623.66,7.91827,2.40308,24.2811,19.6921,65.0471,1.75643,-100.112,169.71
623.68,7.9188,2.50927,24.2811,20.8997,65.0471,1.75643,-100.112,171.058
623.7,7.91987,2.50767,23.7309,20.8997,65.9805,1.73483,-100.112,171.058
623.72,7.91774,2.38819,23.7309,20.2051,65.9805,1.73483,-100.112,171.058
623.74,7.91773,2.44788,23.0432,20.203,67.7307,1.73483,-100.112,171.507
623.76,7.91827,2.23911,23.0432,20.4352,67.7307,1.727,-100.112,173.304
623.78,7.91827,2.28951,22.6318,20.4352,69.5336,1.727,-100.112,174.199
623.8,7.9172,2.38656,22.6305,20.6674,69.5392,1.727,-100.112,175.101
623.82,7.9172,2.36914,22.6305,20.6674,71.1726,1.727,-100.112,179.593
623.84,7.9188,2.44288,22.2192,20.6674,71.1726,1.727,-112.942,183.175
623.86,7.91773,2.48337,22.2179,20.6674,72.2227,1.727,-112.981,180.94
623.88,7.91827,2.34006,21.8053,20.0637,72.2227,1.727,-112.981,178.694
623.9,7.91827,2.34964,21.8053,20.0637,72.7462,1.727,-112.981,183.173
623.92,7.91934,2.4522,21.7594,20.203,72.7478,1.727,-112.981,184.534
623.94,7.91934,2.38359,21.7594,20.203,72.7478,1.727,-112.981,189.475
623.96,7.91987,2.44136,21.6223,20.203,72.7478,1.7216,-112.981,188.58
623.98,7.9172,2.39184,21.6219,20.8997,72.5144,1.72158,-112.981,188.128
624,7.9172,2.299,21.6219,20.8997,72.5144,1.72799,-112.981,188.128
624.02,7.91933,2.32387,21.6219,21.4553,72.5144,1.72799,-112.981,192.158
624.04,7.91827,2.3399,21.6677,21.457,72.2227,1.72799,-112.981,191.272
624.06,7.91827,2.36465,21.6677,21.2248,72.2227,1.72799,-112.981,189.924
624.08,7.91827,2.29949,21.7134,21.2248,71.6411,1.72799,-112.981,189.924
624.1,7.9172,2.29791,21.7136,21.5963,71.6393,1.72799,-109.686,191.272
624.12,7.9188,2.30578,21.7594,21.5963,70.5309,1.72799,-109.686,195.764
624.14,7.9188,2.3367,21.7594,21.2712,70.5309,1.72799,-109.686,198.01
624.16,7.9188,2.32929,21.7594,21.2712,68.8974,1.72799,-109.686,196.663
624.18,7.91666,2.39029,21.897,21.7356,68.8974,1.72799,-109.686,197.112
624.2,7.91506,2.39029,21.897,21.7356,67.789,1.72799,-109.686,194.416
624.22,7.91719,2.34409,22.0798,20.9948,67.789,1.74414,-109.686,193.521
624.24,7.9172,2.31338,22.0804,20.9925,66.7973,1.74419,-109.686,187.678
624.26,7.9172,2.24456,21.6219,20.2959,66.6223,1.75216,-109.686,189.475
624.28,7.91613,2.24456,21.6219,20.2959,66.6223,1.75216,-109.686,192.61
624.3,7.91613,2.45842,21.6219,20.2959,66.6223,1.75216,-109.686,193.518
624.32,7.91613,2.33401,21.9887,20.9461,66.6223,1.75216,-109.686,187.229
624.34,7.91666,2.2986,21.9887,20.9461,67.262,1.75216,-109.686,184.542
624.36,7.9156,2.32248,21.8511,22.3394,67.264,1.75216,-109.686,184.534
624.38,7.9156,2.36394,21.8511,22.3394,67.264,1.75216,-105.136,186.331
624.4,7.9156,2.36969,21.9425,22.3394,68.369,1.75216,-105.136,189.466
624.42,7.9156,2.33577,21.9428,21.1319,68.3724,1.75216,-105.136,192.62
624.44,7.91453,2.35771,22.3554,21.1319,69.6558,1.75216,-105.136,191.721
624.46,7.91399,2.55256,22.3554,20.9467,69.6558,1.75216,-105.136,188.139
624.48,7.91399,2.42831,22.6305,20.9461,70.0059,1.75216,-105.136,186.331
624.5,7.91292,2.54469,22.6305,20.7603,70.0059,1.7235,-105.136,180.491
624.52,7.91346,2.51181,23.0876,20.7603,69.4824,1.7235,-105.136,179.595
624.54,7.91399,2.44272,23.089,21.1783,69.4808,1.72127,-105.136,178.694
624.56,7.91399,2.47349,23.7767,21.1783,68.0224,1.72127,-105.136,180.491
624.58,7.91506,2.54821,23.7767,21.0394,68.0224,1.72127,-105.136,182.73
624.6,7.91185,2.53084,23.7767,21.039,66.3306,1.72127,-105.136,186.331
624.62,7.91346,2.51058,24.602,20.9461,66.3306,1.72127,-106.124,189.924
624.64,7.91346,2.50235,24.602,20.9461,64.7554,1.72127,-106.124,187.678
624.66,7.91292,2.75498,25.0605,21.5963,64.7554,1.72127,-106.124,190.823
624.68,7.91292,2.71367,25.0605,21.5963,64.4637,1.72127,-106.124,191.721
624.7,7.91346,2.58349,24.9229,22.0607,64.4637,1.72127,-106.124,192.62
624.72,7.91239,2.50948,24.9229,22.0607,65.7433,1.72127,-106.124,195.307
624.74,7.91239,2.84419,24.6937,22.0607,65.7472,1.72843,-106.124,197.112
624.76,7.91025,2.83203,24.6937,23.1289,67.4973,1.72843,-106.124,198.909
624.78,7.91078,2.52021,24.2823,23.1289,67.4973,1.7277,-106.124,200.7
624.8,7.91185,2.58355,24.2811,24.1507,67.4973,1.7277,-106.124,198.459
624.82,7.91185,2.63895,24.1435,24.1507,69.7142,1.7277,-106.124,198.459
624.84,7.91132,2.597,24.1435,24.197,69.7142,1.7277,-106.124,194.877
624.86,7.91239,2.37059,23.5933,24.1972,71.756,1.7277,-106.124,191.272
624.88,7.90972,2.54236,23.5933,22.4787,71.756,1.7277,-108.986,192.17
624.9,7.90972,2.57561,23.3648,22.4787,72.0468,1.7277,-108.986,188.588
624.92,7.90972,2.57284,23.3641,23.3147,72.0477,1.7277,-108.986,192.17
624.94,7.91132,2.57285,23.5475,23.3147,70.5309,1.7277,-108.986,191.721
624.96,7.91079,2.44898,23.5475,23.0369,70.5309,1.7277,-108.986,190.378
624.98,7.91079,2.50411,24.2811,23.0361,68.6058,1.7277,-108.986,193.967
625,7.91025,2.5807,24.2811,22.4787,68.6058,1.73308,-108.986,195.315
625.02,7.90919,2.5807,24.2811,22.4787,67.0354,1.73308,-108.986,195.763
625.04,7.90972,2.5333,24.6478,22.0607,67.0306,1.72158,-108.986,196.213
625.06,7.90972,2.54704,24.6478,22.0607,66.6223,1.72158,-108.986,194.866
625.08,7.90759,2.39742,25.1049,22.2923,66.6223,1.72158,-108.986,193.522
625.1,7.90704,2.3985,25.1063,22.293,66.7973,1.72158,-108.986,186.331
625.12,7.90865,2.56301,25.2897,22.293,66.7973,1.72158,-102.13,179.143
625.14,7.90865,2.49354,25.2897,22.293,68.3724,1.72158,-102.13,175.101
625.16,7.90918,2.59802,25.2439,22.293,68.3724,1.72158,-102.13,174.651
625.18,7.90811,2.63933,25.2439,21.8285,70.3559,1.72158,-102.13,170.159
625.2,7.90758,2.67707,25.0146,21.8285,70.3559,1.72158,-102.13,165.667
625.22,7.90758,2.65709,25.0146,21.6433,70.3559,1.72158,-102.13,162.085
625.24,7.90865,2.67391,24.5103,21.6427,71.6393,1.75956,-102.13,154.886
625.26,7.90918,2.64743,24.5103,22.3394,71.6393,1.75956,-102.13,153.539
625.28,7.90865,2.54675,24.1446,22.3394,73.0352,1.75751,-102.13,152.195
625.3,7.90865,2.57292,24.1435,22.6645,73.0395,1.75751,-102.13,158.031
625.32,7.90811,2.53634,23.7767,22.6645,72.8061,1.75751,-102.13,160.726
625.34,7.90971,2.54132,23.7767,22.2478,72.8061,1.75751,-102.13,163.413
625.36,7.90865,2.66943,23.7767,22.2465,70.3559,1.75751,-102.13,166.117
625.38,7.90865,2.67792,23.4558,22.4787,70.3559,1.75751,-97.6614,168.812
625.4,7.90811,2.57283,23.4558,22.4787,66.6336,1.75751,-97.6614,163.438
625.42,7.90865,2.53632,23.2724,23.2683,66.6223,1.75751,-97.6614,160.277
625.44,7.90972,2.67264,23.2724,23.2683,64.2304,1.75751,-97.6614,155.336
625.46,7.90759,2.50712,23.0896,23.0368,64.2304,1.75751,-97.6614,154.888
625.48,7.90758,2.41992,23.089,23.0361,62.2469,1.75751,-97.6614,156.234
625.5,7.90811,2.43231,22.493,22.9432,62.2469,1.74482,-97.6614,157.132
625.52,7.90865,2.41131,22.493,22.9432,61.0837,1.74482,-97.6614,161.611
625.54,7.90758,2.41709,22.493,22.9432,61.0801,1.74005,-97.6614,165.218
625.56,7.90758,2.35381,22.493,22.5252,61.0801,1.74005,-97.6614,169.71
625.58,7.90758,2.37701,22.0816,22.5252,60.4404,1.74005,-97.6614,174.636
625.6,7.90758,2.29683,22.0804,22.2465,60.4384,1.74005,-97.6614,180.94
625.62,7.90918,2.29585,21.8053,22.2465,61.1385,1.74005,-97.6614,183.186
625.64,7.90918,2.30537,21.8053,22.293,61.1385,1.74005,-113.001,193.967
625.66,7.90918,2.33483,21.3926,22.293,63.3553,1.74005,-113.001,197.561
625.68,7.90704,2.33482,21.3926,22.4787,63.3553,1.74005,-113.001,201.604
625.7,7.90704,2.27115,21.2551,22.4787,66.0972,1.74005,-113.001,209.69
625.72,7.90704,2.28743,21.2551,22.7102,66.0972,1.74005,-113.001,204.315
625.74,7.90651,2.29558,21.0259,22.711,68.4891,1.74005,-113.001,205.647
625.76,7.90865,2.29558,21.0259,22.8967,68.4891,1.73642,-113.001,204.299
625.78,7.90758,2.29066,21.0259,22.8967,70.8736,1.73642,-113.001,202.956
625.8,7.90758,2.29742,21.0259,22.3858,70.8809,1.73173,-113.001,202.502
625.82,7.90811,2.3024,21.0259,22.3858,73.6812,1.73173,-113.001,207.893
625.84,7.90758,2.32109,21.163,22.3395,73.6812,1.73173,-113.001,207.445
625.86,7.90651,2.34324,21.1634,22.3394,76.7731,1.73173,-113.001,206.994
625.88,7.90651,2.28245,21.7594,22.293,76.7731,1.73173,-103.53,202.502
625.9,7.90758,2.26899,21.7594,22.293,79.5648,1.73173,-103.53,202.502
625.92,7.90865,2.30409,22.4013,22.8038,79.5733,1.73173,-103.53,202.951
625.94,7.90651,2.32619,22.4013,22.8038,82.4319,1.73173,-103.53,203.401
625.96,7.91024,2.31703,22.9041,22.8038,82.4319,1.73173,-103.53,202.505
625.98,7.91025,2.26537,22.9056,22.8038,82.4319,1.73173,-103.53,200.705
626,7.90758,2.3231,23.7309,22.8038,85.1155,1.73902,-103.53,197.112
626.02,7.90811,2.56898,23.7309,22.8964,85.1155,1.73902,-103.53,193.529
626.04,7.90865,2.42712,24.7395,22.8967,87.0406,1.74707,-103.53,193.518
626.06,7.90865,2.49972,24.7395,21.457,87.0406,1.74707,-103.53,181.39
626.08,7.90705,2.52185,25.4709,21.457,86.7498,1.74707,-103.53,177.807
626.1,7.90811,2.44483,25.4731,21.5499,86.7489,1.74707,-103.53,174.202
626.12,7.90758,2.6766,26.2525,21.5499,81.2652,1.74707,-103.53,171.956
626.14,7.90758,2.58376,26.2525,21.4105,81.2652,1.74707,-97.7643,176.897
626.16,7.90704,2.58269,26.2525,21.4105,74.9063,1.74707,-97.7643,178.245
626.18,7.90758,2.58269,26.711,21.7356,74.9063,1.74707,-97.7643,178.245
626.2,7.90811,2.7526,26.711,21.7356,69.6558,1.74707,-97.7643,173.753
626.22,7.90811,2.66632,26.9395,21.9208,69.6558,1.74707,-97.7643,174.649
626.24,7.90758,2.53079,26.9402,21.9214,66.7973,1.74707,-97.7643,174.651
626.26,7.90758,2.53079,26.6651,22.7574,66.7973,1.73801,-97.7643,174.651
626.28,7.90811,2.62008,26.6651,22.7574,65.8085,1.73801,-97.7643,174.651
626.3,7.90811,2.44708,26.4359,22.7574,65.8055,1.72727,-97.7643,173.304
626.32,7.90811,2.33857,26.4359,23.2218,66.5639,1.72727,-97.7643,172.855
626.34,7.90705,2.36877,26.116,23.2218,66.5639,1.72727,-97.7643,175.989
626.36,7.90758,2.29246,26.115,22.2001,66.5639,1.72727,-97.7643,179.143
626.38,7.90758,2.3953,25.9774,22.2001,68.139,1.72727,-97.7643,183.636
626.4,7.90758,2.4307,25.9774,22.9872,68.139,1.72727,-113.16,184.083
626.42,7.90918,2.42525,25.4731,22.9896,69.6558,1.72727,-113.207,186.331
626.44,7.90704,2.49937,25.4731,22.5716,69.6558,1.72727,-113.207,188.577
626.46,7.90704,2.41332,25.4731,22.5716,70.1793,1.72727,-113.207,191.264
626.48,7.90811,2.30518,25.4731,22.7574,70.1809,1.72727,-113.207,195.764
626.5,7.90758,2.3381,25.4273,22.7574,70.4142,1.72727,-113.207,199.807
626.52,7.90758,2.33016,25.4273,22.387,70.4142,1.73819,-113.207,203.837
626.54,7.90758,2.38987,25.6106,22.3858,71.406,1.73822,-113.207,201.155
626.56,7.90651,2.30999,25.6106,23.3147,71.406,1.73953,-113.207,196.663
626.58,7.90864,2.2713,25.6106,23.3147,73.2671,1.73953,-113.207,193.528
626.6,7.90865,2.39338,25.8399,24.29,73.2728,1.73953,-113.207,190.374
626.62,7.90865,2.31396,25.8399,24.29,75.6063,1.73953,-113.207,191.721
626.64,7.90811,2.21764,26.2067,25.4047,75.6063,1.73953,-106.948,190.374
626.66,7.90704,2.22712,26.2067,25.4047,77.8232,1.73953,-106.948,184.534
626.68,7.90811,2.45978,26.2067,24.5223,77.8232,1.73953,-106.948,184.085
626.7,7.90811,2.3469,26.2067,24.5223,79.7484,1.73953,-106.948,184.085
626.72,7.90758,2.35672,26.5266,24.5223,79.7484,1.73953,-106.948,184.98
626.74,7.90811,2.37054,26.5276,24.6616,80.6818,1.73953,-106.948,186.331
626.76,7.90811,2.32664,26.8027,24.6616,80.6818,1.70856,-106.948,183.636
626.78,7.90811,2.34164,26.8027,24.569,80.6818,1.70856,-106.948,178.262
626.8,7.90918,2.42539,27.0778,24.5687,79.5733,1.7237,-106.948,174.202
626.82,7.90972,2.4501,27.0778,24.5687,79.5733,1.7237,-106.948,174.202
626.84,7.90865,2.47291,27.4434,24.5687,77.5377,1.7237,-106.948,173.307
626.86,7.90865,2.45224,27.4446,24.8009,77.5315,1.7237,-106.948,168.363
626.88,7.90704,2.42306,27.8572,24.8009,77.1231,1.7237,-106.948,163.87
626.9,7.90651,2.41774,27.8572,24.6157,77.8211,1.7237,-101.241,164.318
626.92,7.90758,2.4919,27.8572,24.6151,77.8232,1.7237,-101.224,163.421
626.94,7.90704,2.6079,27.8572,24.6151,77.8232,1.7237,-101.224,160.726
626.96,7.90704,2.49188,27.9943,25.0319,77.8232,1.7237,-101.224,159.383
626.98,7.90811,2.49101,27.9947,25.0331,78.3482,1.7237,-101.224,155.785
627,7.90758,2.48605,27.628,24.5687,78.3482,1.7237,-101.224,153.988
627.02,7.91024,2.52823,27.628,24.5687,77.4758,1.7237,-101.224,158.914
627.04,7.91025,2.42722,27.7655,24.9867,77.4732,1.74536,-101.224,161.624
627.06,7.90918,2.43445,27.7655,24.9867,76.3064,1.74536,-101.224,164.769
627.08,7.90758,2.4054,27.7198,24.1996,76.3064,1.7331,-101.224,170.143
627.1,7.90758,2.46738,27.7197,24.1972,75.7814,1.73306,-101.224,167.913
627.12,7.90758,2.25443,27.8572,24.1972,75.7814,1.73306,-101.224,173.753
627.14,7.90704,2.38253,27.8572,24.2436,75.7814,1.73306,-101.224,178.245
627.16,7.90865,2.38253,28.2698,24.2436,75.9564,1.73306,-101.224,177.796
627.18,7.90758,2.35954,28.2698,24.3365,75.9564,1.73306,-108.43,177.347
627.2,7.90758,2.33766,29.1868,24.3365,75.9564,1.73306,-108.43,181.839
627.22,7.90705,2.20513,29.1868,23.9198,75.9564,1.73306,-108.43,184.974
627.24,7.90865,2.20473,29.6911,23.9185,76.4814,1.73306,-108.43,180.491
627.26,7.90758,2.2983,29.6911,24.6616,76.4814,1.73306,-108.43,175.999
627.28,7.90758,2.23418,30.4681,24.6616,77.2375,1.73306,-108.43,180.925
627.3,7.90811,2.34086,30.4705,24.1972,77.2398,1.72578,-108.43,178.694
627.32,7.90758,2.37905,30.6998,24.1972,78.9316,1.72578,-108.43,180.491
627.34,7.90864,2.4143,30.6998,23.1785,78.9316,1.71095,-108.43,182.282
627.36,7.90865,2.3343,30.6998,23.1754,81.0318,1.71091,-108.43,184.534
627.38,7.90972,2.39412,31.3416,23.1289,81.0318,1.71091,-108.43,187.229
627.4,7.90759,2.35593,31.3416,23.1289,83.7653,1.71091,-108.43,187.677
627.42,7.90758,2.5274,31.7084,23.7327,83.7737,1.71091,-108.657,188.128
627.44,7.90704,2.48317,31.7084,23.7327,85.9905,1.71091,-108.657,181.839
627.46,7.90704,2.5752,31.937,23.5475,85.9905,1.71091,-108.657,179.152
627.48,7.90758,2.58387,31.9377,23.5469,86.924,1.71091,-108.657,174.651
627.5,7.90704,2.46715,32.2586,23.5469,86.924,1.71091,-108.657,170.159
627.52,7.90811,2.48917,32.2586,25.2138,85.5281,1.71091,-108.657,175.533
627.54,7.90811,2.51994,32.1669,25.2189,85.5238,1.68525,-108.657,172.405
627.56,7.90918,2.46422,32.1669,24.8474,85.5238,1.68525,-108.657,174.202
627.58,7.90918,2.52399,32.3954,24.8474,82.5577,1.68651,-108.657,179.128
627.6,7.90865,2.53765,32.3961,23.7327,82.5486,1.68652,-108.657,185.432
627.62,7.90865,2.44837,32.3503,23.7327,79.7484,1.68652,-108.657,187.229
627.64,7.90918,2.38033,32.3503,22.3394,79.7484,1.68652,-108.657,182.288
627.66,7.90811,2.38033,32.3961,22.3394,78.4066,1.68652,-108.657,182.288
627.68,7.90865,2.38762,32.3961,22.3394,78.4066,1.68652,-106.021,190.823
627.7,7.90865,2.40815,32.3503,22.3394,78.8149,1.68652,-106.021,189.026
627.72,7.90758,2.25576,32.3503,22.8024,78.8149,1.68652,-106.021,194.4
627.74,7.90811,2.25529,32.3503,22.8038,79.865,1.68652,-106.021,195.315
627.76,7.90865,2.2213,32.5337,22.4787,79.865,1.68652,-106.021,196.213
627.78,7.90865,2.2157,32.5337,22.4787,81.6098,1.68652,-106.021,201.14
627.8,7.90598,2.27022,32.7171,22.8967,81.6152,1.74336,-106.021,202.053
627.82,7.90758,2.28561,32.7171,22.8967,83.0736,1.74336,-106.021,207.443
627.84,7.90758,2.36815,32.8999,22.943,83.0736,1.74031,-106.021,212.818
627.86,7.90758,2.35751,32.9005,22.9432,84.3571,1.7403,-106.021,217.326
627.88,7.90972,2.43048,33.5882,23.3612,84.3571,1.7403,-106.021,221.818
627.9,7.90705,2.45566,33.5882,23.3612,84.4152,1.7403,-106.021,220.922
627.92,7.90758,2.36644,34.0925,23.3612,84.4154,1.7403,-106.021,220.021
627.94,7.90758,2.38378,34.0925,23.4076,84.4154,1.7403,-100.194,223.615
627.96,7.90864,2.44062,34.0468,23.4076,83.7756,1.7403,-100.194,220.032
627.98,7.90704,2.43744,34.0467,24.0114,83.7737,1.7403,-100.194,217.775
628,7.90758,2.35347,34.0008,24.0114,82.957,1.7403,-100.194,215.529
628.02,7.90758,2.40114,34.0008,24.7522,82.957,1.7403,-100.194,210.155
628.04,7.90811,2.4299,33.8633,24.7545,83.5987,1.7403,-100.194,208.342
628.06,7.90865,2.43384,33.8633,25.0331,83.5987,1.71455,-100.194,212.385
628.08,7.90918,2.43385,33.3148,25.0331,85.9251,1.71455,-100.194,216.415
628.1,7.90918,2.2436,33.3131,25.2654,85.9322,1.71333,-100.194,217.775
628.12,7.90758,2.34181,33.3131,25.2654,89.8409,1.71333,-100.194,217.775
628.14,7.90811,2.35421,33.4506,25.126,89.8409,1.71333,-100.194,216.877
628.16,7.90758,2.3582,33.4506,25.126,94.0412,1.71333,-100.194,214.631
628.18,7.90758,2.19354,32.9922,25.544,94.0412,1.71333,-111.313,210.588
628.2,7.90758,2.23916,32.9922,25.544,97.1915,1.71333,-111.313,206.096
628.22,7.90705,2.25236,32.5808,24.8495,97.1915,1.71333,-111.313,208.783
628.24,7.90865,2.27379,32.5795,24.8474,98.0666,1.71333,-111.313,210.588
628.26,7.90598,2.29146,32.3503,24.8474,98.0666,1.71333,-111.313,209.24
628.28,7.90598,2.21295,32.3503,24.8474,96.6125,1.71333,-111.313,208.345
628.3,7.90758,2.22521,32.7171,24.8474,96.6081,1.69862,-111.313,206.994
628.32,7.90811,2.26146,32.7171,24.708,96.6081,1.69862,-111.313,209.69
628.34,7.90811,2.29317,33.4484,24.708,94.9796,1.71265,-111.313,214.616
628.36,7.90811,2.35939,33.4506,25.1725,94.9746,1.71269,-111.313,208.342
628.38,7.90758,2.23649,34.4593,25.1725,93.2828,1.71269,-111.313,207.443
628.4,7.90811,2.23649,34.4593,24.9873,93.2828,1.71269,-111.313,204.309
628.42,7.90918,2.27626,35.9723,24.9867,91.941,1.71269,-111.313,201.155
628.44,7.90918,2.28645,35.9723,24.6151,91.941,1.71269,-108.266,200.256
628.46,7.90865,2.29439,37.0236,24.6151,91.0686,1.71269,-108.266,197.569
628.48,7.90704,2.29441,37.0268,25.544,91.066,1.71269,-108.266,198.459
628.5,7.90704,2.29003,37.9437,25.544,91.2993,1.71269,-108.266,199.358
628.52,7.90704,2.4281,37.9437,25.081,91.2993,1.71269,-108.266,193.536
628.54,7.90598,2.36218,37.9437,25.0796,91.8244,1.71269,-108.266,194.417
628.56,7.90704,2.36312,38.4481,25.7298,91.8244,1.7364,-108.266,191.721
628.58,7.90704,2.27498,38.4481,25.7298,92.9294,1.7364,-108.266,189.034
628.6,7.90704,2.20637,39.0441,26.7051,92.9328,1.74436,-108.266,187.229
628.62,7.90651,2.28328,39.0441,26.7051,94.7413,1.74436,-108.266,185.882
628.64,7.90811,2.28738,39.7777,27.0767,94.7413,1.74436,-108.266,181.839
628.66,7.90651,2.46915,39.7777,27.0767,96.7248,1.74436,-108.266,177.796
628.68,7.90704,2.50765,40.5112,27.0767,96.7248,1.74436,-108.266,180.042
628.7,7.90704,2.50765,40.5112,27.1695,97.1331,1.74436,-96.5495,177.347
628.72,7.90758,2.5295,41.0597,27.1695,97.1331,1.74436,-96.5495,176.003
628.74,7.90544,2.55786,41.0614,26.9838,97.1331,1.74436,-96.5495,174.651
628.76,7.90758,2.48262,41.1072,26.9838,96.1997,1.74436,-96.5495,174.202
628.78,7.90758,2.46159,41.1072,27.2616,96.1997,1.74436,-96.5495,174.202
628.8,7.90758,2.45254,41.1531,27.2624,95.383,1.72258,-96.5495,175.999
628.82,7.90811,2.62805,41.1531,27.6804,95.383,1.72258,-96.5495,175.101
628.84,7.90758,2.51927,40.6503,27.6804,96.1391,1.72258,-96.5495,175.548
628.86,7.90758,2.45484,40.6488,28.6093,96.1414,1.72533,-96.5495,178.694
628.88,7.90865,2.63448,40.0986,28.6093,97.1331,1.72533,-96.5495,178.245
628.9,7.90758,2.63447,40.0986,29.3038,97.1331,1.72533,-96.5495,176.006
628.92,7.90758,2.46268,40.0986,29.306,97.6582,1.72533,-96.5495,172.855
628.94,7.90758,2.4946,39.2275,29.306,97.6582,1.72533,-112.651,171.507
628.96,7.90598,2.37593,39.2275,29.306,97.2511,1.72533,-112.651,167.924
628.98,7.90704,2.37557,38.7232,30.0026,97.2498,1.72533,-112.651,168.363
629,7.90651,2.40428,38.7232,30.0026,96.3747,1.72533,-112.651,172.405
629.02,7.90651,2.42724,38.0375,31.3917,96.3747,1.72533,-112.651,179.123
629.04,7.90758,2.44596,38.0354,31.3959,95.558,1.72533,-112.651,180.491
629.06,7.90598,2.42971,37.3477,31.3959,95.558,1.7217,-112.651,180.94
629.08,7.90544,2.44926,37.3477,31.6737,95.4417,1.7217,-112.651,177.805
629.1,7.90544,2.41478,37.1643,31.6746,95.4413,1.72589,-112.651,173.753
629.12,7.90544,2.41173,37.1643,30.8386,95.4413,1.72589,-112.651,180.491
629.14,7.90598,2.37968,36.7975,30.8386,95.1496,1.72589,-112.651,180.491
629.16,7.90598,2.39719,36.7975,31.3495,95.1496,1.72589,-112.651,180.491
629.18,7.90598,2.40037,36.8434,31.3495,94.6246,1.72589,-112.651,179.143
629.2,7.90651,2.37822,36.8434,31.3495,94.6246,1.72589,-112.322,181.839
629.22,7.90864,2.35714,36.8434,31.3495,94.2175,1.72589,-112.322,182.287
629.24,7.90651,2.33614,36.8434,32.0461,94.2162,1.72589,-112.322,182.737
629.26,7.90651,2.37712,36.8892,32.0461,93.9829,1.72589,-112.322,184.534
629.28,7.90651,2.4761,36.8892,31.7683,93.9829,1.72589,-112.322,180.056
629.3,7.90544,2.49086,36.8892,31.7675,94.1579,1.72589,-112.322,181.839
629.32,7.90704,2.44823,36.7975,32.1855,94.1579,1.72409,-112.322,183.636
629.34,7.90704,2.40101,36.7975,32.1855,94.2161,1.72409,-112.322,187.218
629.36,7.90704,2.54342,36.5224,32.0926,94.2162,1.73268,-112.322,190.374
629.38,7.90758,2.57815,36.5224,32.0926,93.5162,1.73268,-112.322,190.374
629.4,7.90651,2.53968,36.6139,31.9074,93.5162,1.73268,-112.322,190.374
629.42,7.90651,2.51253,36.6141,31.9068,91.4743,1.73268,-112.322,190.374
629.44,7.90598,2.60494,36.4308,31.9997,91.4743,1.73268,-112.322,186.331
629.46,7.90757,2.62431,36.4308,31.9997,89.0316,1.73268,-105.26,189.018
629.48,7.90651,2.45228,36.2932,31.9997,89.0241,1.73268,-105.239,191.721
629.5,7.90651,2.67905,36.2932,32.8357,89.0241,1.73268,-105.239,194.866
629.52,7.90651,2.62552,36.019,32.8357,87.8609,1.73268,-105.239,195.761
629.54,7.90704,2.59742,35.743,32.6035,87.449,1.76326,-105.239,193.518
629.56,7.90651,2.48905,35.743,32.6035,87.449,1.76326,-105.239,195.764
629.58,7.90651,2.58395,35.743,32.6035,87.449,1.76326,-105.239,195.764
629.6,7.90651,2.6239,35.743,32.3248,87.449,1.76326,-105.239,196.213
629.62,7.90598,2.58484,35.6055,32.3248,87.9157,1.76326,-105.239,192.17
629.64,7.90651,2.46874,35.6055,31.1637,87.9157,1.75831,-105.239,190.374
629.66,7.90651,2.46192,35.7889,31.1637,88.1491,1.75831,-105.239,189.026
629.68,7.90651,2.52125,35.7889,31.303,88.1491,1.75831,-105.239,185.882
629.7,7.90704,2.55091,35.7889,31.303,88.5574,1.75831,-105.239,186.78
629.72,7.90545,2.47689,35.7432,30.6085,88.5574,1.75831,-114.579,185.436
629.74,7.90544,2.46888,35.743,30.6064,88.0907,1.75831,-114.607,183.636
629.76,7.90544,2.58219,35.2387,31.2101,88.0907,1.75831,-114.607,183.186
629.78,7.90597,2.48116,35.2387,31.2101,87.0438,1.75831,-114.607,179.156
629.8,7.90651,2.48086,35.1929,30.5135,87.0406,1.75831,-114.607,180.042
629.82,7.90651,2.53483,35.1929,30.5135,87.099,1.75831,-114.607,178.245
629.84,7.90651,2.38642,35.1014,30.5135,87.099,1.72593,-114.607,176.006
629.86,7.90651,2.47805,35.1012,30.5135,88.6741,1.72583,-114.607,180.042
629.88,7.90651,2.47805,35.2846,30.5135,88.6741,1.72299,-114.607,179.593
629.9,7.90704,2.51265,35.2846,30.0968,88.6741,1.72299,-114.607,179.145
629.92,7.90704,2.51686,35.4221,30.0955,90.9493,1.72299,-114.607,184.534
629.94,7.90704,2.59967,35.4221,30.0955,90.9493,1.72299,-114.607,183.636
629.96,7.90651,2.57461,35.6506,30.0955,92.5196,1.72299,-114.607,184.083
629.98,7.90704,2.49428,35.6513,29.8633,92.5244,1.72299,-113.496,184.534
630,7.90704,2.3985,35.3763,29.8633,93.8079,1.72299,-113.496,183.186
630.02,7.90598,2.56642,35.3763,30.4652,93.8079,1.72299,-113.496,183.186
630.04,7.90651,2.59355,34.9178,30.467,93.9245,1.72299,-113.496,182.737
630.06,7.90704,2.51349,34.9178,29.7239,93.9245,1.72299,-113.496,182.288
630.08,7.90704,2.59771,34.7807,29.7239,93.6337,1.72299,-113.496,179.601
630.1,7.90651,2.6087,34.7802,28.9809,93.6329,1.73924,-113.496,179.143
630.12,7.90758,2.59854,34.7802,28.9809,97.2498,1.73924,-113.496,179.143
630.14,7.90704,2.61701,35.1929,27.634,97.2498,1.74491,-113.496,179.143
630.16,7.90544,2.66029,35.1929,27.634,102.734,1.74491,-113.496,176.448
630.18,7.90544,2.67932,35.147,27.2624,102.734,1.74491,-113.496,173.304
630.2,7.90598,2.66086,35.147,27.2624,104.075,1.74491,-113.496,171.507
630.22,7.90544,2.79419,34.8271,26.429,104.075,1.74491,-109.862,169.716
630.24,7.90651,2.67534,34.8261,26.4264,97.7165,1.74491,-109.851,171.956
630.26,7.90651,2.56236,34.1842,26.4264,97.7165,1.74491,-109.851,171.507
630.28,7.90651,2.52485,34.1842,27.2599,90.621,1.74491,-109.851,165.237
630.3,7.90598,2.60236,33.5882,27.2624,90.5993,1.74491,-109.851,159.378
630.32,7.90704,2.67366,33.5882,26.9838,90.5993,1.74491,-109.851,156.234
630.34,7.90704,2.59813,32.8569,26.9838,87.8657,1.76108,-109.851,152.651
630.36,7.90384,2.47495,32.8546,26.9373,87.8574,1.76113,-109.851,153.09
630.38,7.90598,2.47496,32.442,26.9373,86.924,1.75552,-109.851,149.945
630.4,7.90651,2.59687,32.442,26.6132,86.924,1.75552,-109.851,147.706
630.42,7.90651,2.54227,31.5709,26.6122,86.0489,1.75552,-109.851,149.945
630.44,7.90651,2.34397,31.5709,26.2407,86.0489,1.75552,-109.851,149.047
630.46,7.90651,2.34397,30.611,26.2407,85.6418,1.75552,-109.851,151.286
630.48,7.90544,2.29818,30.6081,25.962,85.6405,1.75552,-105.424,153.539
630.5,7.90544,2.36753,30.6081,25.962,86.3406,1.75552,-105.424,161.624
630.52,7.90651,2.26786,29.6939,26.425,86.3406,1.75552,-105.424,164.311
630.54,7.90704,2.28396,29.6911,26.4264,87.1573,1.75552,-105.424,164.769
630.56,7.90598,2.22313,29.0951,27.1231,87.1573,1.75552,-105.424,165.218
630.58,7.90598,2.21299,29.0951,27.1231,87.7389,1.75552,-105.424,168.353
630.6,7.90704,2.14518,28.5908,27.216,87.7407,1.7266,-105.424,171.507
630.62,7.90651,2.17175,28.5908,27.216,88.0324,1.7266,-105.424,175.55
630.64,7.90651,2.19999,28.7283,27.2624,88.0324,1.71487,-105.424,179.593
630.66,7.90651,2.23586,28.7283,27.2624,88.3241,1.71487,-105.424,180.94
630.68,7.90704,2.14816,28.6825,27.2624,88.3241,1.71487,-105.424,184.085
630.7,7.90651,2.15409,28.6825,26.5658,88.3241,1.71487,-105.424,186.78
630.72,7.90811,2.19505,28.9567,26.5658,88.3822,1.71487,-105.424,189.467
630.74,7.90811,2.24591,28.9575,26.3336,88.3824,1.71487,-113.866,190.374
630.76,7.90651,2.31012,29.1868,26.3336,88.0907,1.71487,-113.866,193.518
630.78,7.90598,2.28643,29.1868,26.2873,88.0907,1.71487,-113.866,195.757
630.8,7.90704,2.28305,30.1037,26.2871,86.1656,1.71487,-113.866,198.01
630.82,7.90651,2.23853,30.1037,26.38,86.1656,1.71487,-113.866,196.663
630.84,7.90651,2.28132,31.2464,26.38,84.4207,1.71487,-113.866,197.11
630.86,7.90491,2.27027,31.2499,26.1942,84.4154,1.75309,-113.866,202.502
630.88,7.90544,2.26695,31.2499,26.1942,84.7071,1.75309,-113.866,209.69
630.9,7.90651,2.19113,33.0783,25.4997,84.7071,1.74096,-113.866,208.794
630.92,7.90651,2.17837,33.0839,25.4976,86.6906,1.74092,-113.866,204.299
630.94,7.90651,2.17413,34.5968,25.6833,86.6906,1.74092,-113.866,203.401
630.96,7.90544,2.21856,34.5968,25.6833,90.5873,1.74092,-113.866,203.401
630.98,7.90651,2.22766,35.6513,26.4264,90.5993,1.74092,-110.078,203.401
631,7.90651,2.37389,35.6513,26.4264,97.9499,1.74092,-110.078,206.096
631.02,7.90811,2.35446,36.1541,26.4727,97.9499,1.74092,-110.078,205.2
631.04,7.90598,2.35439,36.1557,26.4729,109.909,1.74092,-110.078,205.197
631.06,7.90651,2.41921,36.3391,26.4729,109.909,1.74092,-110.078,203.85
631.08,7.90651,2.56092,36.3391,26.0562,109.909,1.74092,-110.078,205.641
631.1,7.90598,2.73838,36.66,26.0549,123.385,1.76296,-110.078,199.807
631.12,7.90811,2.73838,36.66,25.9156,123.385,1.76296,-110.078,196.663
631.14,7.90651,2.93849,37.3936,25.9156,134.178,1.75632,-110.078,193.518
631.16,7.90651,2.96204,37.3936,25.8227,134.178,1.75632,-110.078,189.026
631.18,7.90598,3.04026,38.3105,25.8227,138.028,1.75632,-110.078,179.144
631.2,7.90651,2.93096,38.3105,26.798,138.028,1.75632,-110.078,174.651
631.22,7.90651,2.94911,38.9504,26.798,131.514,1.75632,-110.078,170.173
631.24,7.90651,2.92255,38.9524,26.38,131.494,1.75632,-104.477,170.159
631.26,7.90918,2.93902,39.1358,26.38,114.576,1.75632,-104.477,166.117
631.28,7.90812,2.82164,39.1358,26.6115,114.576,1.75632,-104.477,159.847
631.3,7.90972,2.91199,39.1358,26.6122,95.7914,1.75632,-104.477,153.539
631.32,7.90972,2.84142,38.6315,27.0302,95.7914,1.75632,-104.477,157.582
631.34,7.90865,2.79097,38.6315,27.0302,83.5777,1.75632,-104.477,162.06
631.36,7.91025,2.77317,37.9896,27.0767,83.5403,1.73788,-104.477,163.421
631.38,7.90865,2.7335,37.9896,27.0767,79.2816,1.73788,-104.477,164.769
631.4,7.90865,2.66515,37.1211,26.8915,79.2816,1.732,-104.477,164.321
631.42,7.90972,2.5847,37.1185,26.8909,79.4567,1.73199,-104.477,166.566
631.44,7.90918,2.61657,36.064,26.8909,79.4567,1.73199,-104.477,171.507
631.46,7.90865,2.50612,36.064,27.4928,80.678,1.73199,-104.477,176.433
631.48,7.90865,2.51795,34.7802,27.4947,80.6818,1.73199,-115.905,178.694
631.5,7.91025,2.42211,34.7802,27.2624,80.6818,1.73199,-115.905,176.897
631.52,7.90919,2.47608,33.5004,27.2624,81.496,1.73199,-115.905,184.063
631.54,7.90918,2.30108,33.4965,26.8909,81.4985,1.73199,-115.905,190.823
631.56,7.91132,2.41916,32.3961,26.8909,80.9735,1.73199,-115.905,198.909
631.58,7.91132,2.42612,32.3961,26.7983,80.9735,1.73199,-115.905,202.939
631.6,7.91239,2.44111,32.0752,26.798,79.865,1.73199,-115.905,212.385
631.62,7.91132,2.34778,32.0752,26.9838,79.865,1.70243,-115.905,219.572
631.64,7.91292,2.36246,31.6626,26.9838,78.5233,1.70243,-115.905,227.658
631.66,7.91292,2.30595,31.6626,27.0302,78.5233,1.71588,-115.905,233.947
631.68,7.91025,2.32313,31.6626,27.0302,77.4732,1.71588,-115.905,237.54
631.7,7.91132,2.44229,31.4792,26.0085,77.4732,1.71588,-115.905,237.54
631.72,7.91292,2.48373,31.4792,26.0085,76.7171,1.71588,-115.905,237.54
631.74,7.91292,2.38253,31.4333,25.8227,76.7148,1.71588,-108.142,237.99
631.76,7.91239,2.26681,31.4333,25.8227,77.3565,1.71588,-108.142,233.497
631.78,7.91292,2.26682,31.479,26.3783,77.3565,1.71588,-108.142,233.05
631.8,7.91239,2.43453,31.4792,26.38,78.99,1.71588,-108.142,232.599
631.82,7.91239,2.33296,31.525,26.5658,78.99,1.71588,-108.142,233.947
631.84,7.91292,2.52992,31.525,26.5658,79.746,1.71588,-108.142,232.155
631.86,7.91239,2.53052,31.3875,26.5658,79.7484,1.72138,-108.142,230.802
631.88,7.91292,2.34611,31.3875,27.216,79.7484,1.72138,-108.142,229.455
631.9,7.91292,2.34946,31.2961,27.216,79.632,1.74251,-108.142,230.798
631.92,7.91346,2.3182,31.2958,27.6804,79.6317,1.74258,-108.142,233.048
631.94,7.91506,2.31438,31.4792,27.6804,79.34,1.74258,-108.142,228.556
631.96,7.91559,2.3263,31.4792,28.1434,79.34,1.74258,-108.142,224.078
631.98,7.9156,2.52336,31.3416,28.1449,78.6399,1.74258,-97.6408,222.267
632,7.91399,2.52126,31.3416,27.9126,78.6399,1.74258,-97.6408,224.513
632.02,7.91346,2.51121,31.3873,27.9126,77.593,1.74258,-97.6408,220.483
632.04,7.91239,2.36875,31.3875,27.6804,77.5898,1.74258,-97.6408,216.428
632.06,7.91239,2.28872,31.3875,27.6804,76.5397,1.74258,-97.6408,210.588
632.08,7.91345,2.35095,31.4789,27.6804,76.5397,1.74258,-97.6408,206.557
632.1,7.91239,2.31722,31.4792,27.6804,76.7148,1.74258,-97.6408,211.037
632.12,7.91346,2.28577,31.2958,28.1913,76.7148,1.73715,-97.6408,215.978
632.14,7.91346,2.38619,31.2958,28.1913,77.5315,1.73715,-97.6408,217.775
632.16,7.91453,2.35134,31.1582,27.4947,77.5315,1.72894,-97.6408,216.877
632.18,7.91506,2.33989,31.1124,27.3089,78.6399,1.72894,-97.6408,221.818
632.2,7.91346,2.33191,31.1124,27.3089,78.6399,1.72894,-97.6408,224.513
632.22,7.91346,2.31154,31.1124,27.3089,78.6399,1.72894,-97.6408,222.722
632.24,7.91292,2.38012,31.1124,27.3089,80.2151,1.72894,-110.078,223.615
632.26,7.91399,2.37492,31.3875,27.4482,80.2151,1.72894,-110.078,218.224
632.28,7.91559,2.39533,31.3875,27.4482,80.2151,1.72894,-110.078,211.507
632.3,7.91346,2.40351,31.8001,27.4947,83.0736,1.72894,-110.078,207.443
632.32,7.91346,2.34076,31.8001,27.4947,83.0736,1.72894,-110.078,205.197
632.34,7.91292,2.32343,32.44,26.8464,84.9929,1.72894,-110.078,203.406
632.36,7.91346,2.34702,32.442,26.8444,84.9988,1.72894,-110.078,204.748
632.38,7.91453,2.31562,33.1297,26.8444,84.6488,1.72894,-110.078,208.791
632.4,7.91453,2.49071,33.1297,27.2149,84.6488,1.68553,-110.078,205.208
632.42,7.91399,2.48876,33.9091,27.216,83.7737,1.6854,-110.078,205.197
632.44,7.91239,2.43835,33.9091,26.2871,83.7737,1.69168,-110.078,203.85
632.46,7.91505,2.52282,34.8233,26.2871,84.239,1.69168,-110.078,202.506
632.48,7.91506,2.4914,34.8261,25.8691,84.2404,1.69168,-110.078,204.748
632.5,7.91399,2.36294,34.8261,25.8691,85.0571,1.69168,-106.412,201.604
632.52,7.91612,2.36294,35.8774,25.4524,85.0571,1.69168,-106.412,192.199
632.54,7.91292,2.44722,35.8806,25.4511,85.8155,1.69168,-106.412,182.737
632.56,7.91292,2.4533,36.4766,24.708,85.8155,1.69168,-106.412,178.245
632.58,7.91452,2.51825,36.4766,24.708,86.5716,1.69168,-106.412,175.11
632.6,7.91506,2.51845,36.6141,24.9403,86.5739,1.69168,-106.412,170.609
632.62,7.91346,2.52032,36.6141,24.9403,86.2239,1.69168,-106.412,166.117
632.64,7.91346,2.4328,36.2474,24.6616,86.2239,1.71516,-106.412,167.464
632.66,7.91453,2.36794,36.2474,24.6616,84.5321,1.71516,-106.412,163.421
632.68,7.91292,2.35582,35.4679,24.8938,84.5321,1.7392,-106.412,166.117
632.7,7.91346,2.48977,35.4679,24.8938,84.5321,1.7392,-106.412,165.667
632.72,7.91346,2.51784,34.6452,24.4308,82.9036,1.7392,-106.412,162.532
632.74,7.91079,2.48688,34.6427,24.4294,82.8986,1.7392,-90.9077,163.87
632.76,7.91025,2.48044,34.1842,24.6151,81.5568,1.7392,-90.9077,165.218
632.78,7.91078,2.49106,34.1842,24.6151,81.5568,1.7392,-90.9077,167.905
632.8,7.91079,2.49965,33.2673,24.29,80.2734,1.7392,-90.9077,167.913
632.82,7.91185,2.42959,33.2673,24.29,80.2734,1.7392,-90.9077,169.261
632.84,7.91345,2.40644,32.4902,23.827,78.6449,1.7392,-90.9077,165.23
632.86,7.91132,2.59719,32.4878,23.8256,78.6399,1.7392,-90.9077,168.363
632.88,7.91132,2.36573,31.6626,24.0114,76.3647,1.7392,-90.9077,172.405
632.9,7.91132,2.42294,31.6626,24.0114,76.3647,1.71789,-90.9077,173.749
632.92,7.91025,2.41908,30.8373,24.6616,74.3812,1.71783,-90.9077,177.347
632.94,7.91025,2.50304,30.8373,24.6616,74.3812,1.72092,-90.9077,185.432
632.96,7.91291,2.32229,29.8774,24.2912,72.5783,1.72092,-90.9077,191.702
632.98,7.91292,2.42909,29.8745,24.29,72.5728,1.72092,-109.233,195.764
633,7.91025,2.43653,29.8745,24.2436,71.2893,1.72092,-109.233,198.459
633.02,7.91185,2.32639,29.2803,24.2436,71.2893,1.72092,-109.233,203.386
633.04,7.91132,2.30388,29.2785,24.8474,70.1809,1.72092,-109.233,206.545
633.06,7.91132,2.35535,28.0864,24.8474,70.1809,1.72092,-109.233,206.545
633.08,7.91185,2.33246,28.0864,24.94,69.134,1.72092,-109.233,209.232
633.1,7.91185,2.33239,26.9861,24.9403,69.1308,1.72092,-109.233,213.732
633.12,7.91079,2.35389,26.9861,24.9403,67.6723,1.72092,-109.233,219.123
633.14,7.91079,2.30218,26.1608,24.8474,67.6723,1.7476,-109.233,223.166
633.16,7.91239,2.23261,26.1608,24.8474,66.8556,1.7476,-109.233,222.267
633.18,7.91132,2.23261,25.7023,24.3365,66.8556,1.74456,-109.233,218.674
633.2,7.91185,2.29324,25.7023,24.3365,66.8556,1.74456,-109.233,220.021
633.22,7.91185,2.17822,25.7023,24.105,66.9719,1.74456,-109.233,222.26
633.24,7.91132,2.17896,25.7023,24.1043,66.9723,1.74456,-104.683,224.064
633.26,7.91079,2.18196,25.8857,24.6151,67.3223,1.74456,-104.683,228.107
633.28,7.91025,2.2349,25.8857,24.6151,67.3223,1.74456,-104.683,227.659
633.3,7.91025,2.2083,26.3901,25.0796,68.0807,1.74456,-104.683,225.412
633.32,7.91025,2.27672,26.3901,25.0796,68.0807,1.74456,-104.683,223.166
633.34,7.91185,2.26789,27.2128,24.7555,68.9531,1.74456,-104.683,222.27
633.36,7.90972,2.28778,27.2153,24.7545,68.9558,1.74456,-104.683,221.369
633.38,7.90972,2.28226,28.6366,24.1972,70.1809,1.74456,-104.683,221.369
633.4,7.91078,2.26556,28.6366,24.1972,70.1809,1.72146,-104.683,216.443
633.42,7.91239,2.24938,30.1954,24.1972,71.931,1.72139,-104.683,215.08
633.44,7.91079,2.21027,30.1954,24.1972,71.931,1.71232,-104.683,211.037
633.46,7.91079,2.28707,32.0695,24.2898,74.6646,1.71232,-104.683,205.215
633.48,7.91079,2.3478,32.0752,24.29,74.6729,1.71232,-90.5576,202.951
633.5,7.91132,2.3501,33.955,23.5005,78.1149,1.71232,-90.5576,199.358
633.52,7.91079,2.42417,33.955,23.5005,78.1149,1.71232,-90.5576,191.745
633.54,7.91132,2.33939,35.1929,23.6398,81.8485,1.71232,-90.5576,185.432
633.56,7.91132,2.52329,35.1929,23.6398,81.8485,1.71232,-90.5576,179.144
633.58,7.91132,2.44099,36.0156,23.5009,85.9198,1.71232,-90.5576,176.456
633.6,7.91079,2.3773,36.0181,23.5005,85.9322,1.71232,-90.5576,176.448
633.62,7.91025,2.48832,36.7975,23.2683,90.5409,1.71232,-90.5576,170.159
633.64,7.91025,2.53592,36.7975,23.2683,90.5409,1.74099,-90.5576,161.175
633.66,7.91132,2.53438,37.4394,22.293,95.2663,1.74099,-90.5576,156.683
633.68,7.91079,2.58273,37.4394,22.293,95.2663,1.73807,-90.5576,153.539
633.7,7.91079,2.63641,37.4394,22.293,98.6499,1.73807,-90.5576,150.843
633.72,7.91079,2.65719,37.4394,22.293,98.6499,1.73807,-105.728,145.917
633.74,7.91185,2.8509,37.4394,22.0143,97.7749,1.73807,-105.774,140.512
633.76,7.91132,2.8509,36.66,22.0143,97.7749,1.73807,-105.774,136.02
633.78,7.91185,2.59814,36.66,21.8291,95.3903,1.73807,-105.774,131.541
633.8,7.91185,2.67089,35.6972,21.8285,95.383,1.73807,-105.774,127.934
633.82,7.91025,2.64722,35.6972,21.8285,92.0577,1.73807,-105.774,130.18
633.84,7.91025,2.64722,34.9202,21.7822,92.0577,1.73807,-105.774,126.597
633.86,7.91079,2.64669,34.9178,21.7821,87.099,1.73807,-105.774,124.34
633.88,7.91079,2.51797,34.8261,21.7356,87.099,1.71652,-105.774,125.688
633.9,7.91132,2.53176,34.8261,21.7356,82.8533,1.71652,-105.774,126.136
633.92,7.91025,2.55386,34.5051,21.457,82.8403,1.72096,-105.774,128.383
633.94,7.90972,2.50566,34.5051,21.457,82.8403,1.72096,-105.774,132.426
633.96,7.90972,2.48865,33.9109,21.0403,79.0599,1.72096,-105.774,133.77
633.98,7.91025,2.41517,33.9091,21.039,79.0483,1.72096,-101.306,136.469
634,7.91132,2.45238,32.9922,20.4817,75.9564,1.72096,-101.306,138.266
634.02,7.91132,2.37704,32.9922,20.4817,75.9564,1.72096,-101.306,140.953
634.04,7.91132,2.4333,32.0752,20.0637,73.5645,1.72096,-101.306,145.453
634.06,7.91025,2.37024,32.0752,20.0637,73.5645,1.72096,-101.306,151.742
634.08,7.91132,2.40532,31.0239,20.8971,72.1687,1.72096,-101.306,156.668
634.1,7.90972,2.30079,31.0207,20.8997,72.1644,1.72096,-101.306,158.48
634.12,7.90972,2.33052,29.9204,20.5281,72.0477,1.72096,-101.306,162.972
634.14,7.90972,2.2965,29.9204,20.5281,72.0477,1.7604,-101.306,172.855
634.16,7.90918,2.29882,29.1868,20.2494,72.9228,1.7604,-101.306,183.186
634.18,7.91132,2.37035,29.1868,20.2494,72.9228,1.7367,-101.306,189.026
634.2,7.91079,2.26506,28.4074,19.8779,74.2646,1.7367,-101.306,188.577
634.22,7.91079,2.23661,28.4074,19.8779,74.2646,1.7367,-89.8103,190.816
634.24,7.91079,2.24238,27.5821,20.621,75.723,1.7367,-89.7752,192.62
634.26,7.91292,2.12322,27.5821,20.621,75.723,1.7367,-89.7752,199.358
634.28,7.91132,2.2195,26.9879,20.6673,76.7699,1.7367,-89.7752,205.627
634.3,7.91132,2.0695,26.9861,20.6674,76.7731,1.7367,-89.7752,206.545
634.32,7.91079,2.0322,26.8027,21.0854,77.1231,1.7367,-89.7752,207.893
634.34,7.91132,2.0322,26.8027,21.0854,77.1231,1.7367,-89.7752,208.788
634.36,7.91132,2.16064,26.6193,20.9925,77.0648,1.7367,-89.7752,208.342
634.38,7.91132,2.20152,26.6193,20.9925,77.0648,1.76221,-89.7752,206.545
634.4,7.90972,2.16947,26.6193,21.1314,76.8322,1.76221,-89.7752,205.649
634.42,7.91185,2.16938,26.6193,21.1319,76.8314,1.7341,-89.7752,202.053
634.44,7.91185,2.08489,26.6193,21.1783,76.5981,1.7341,-89.7752,199.358
634.46,7.91185,2.06098,26.8021,21.1783,76.5981,1.7341,-89.7752,196.223
634.48,7.91025,2.05952,26.8027,20.7139,76.8898,1.7341,-104.415,192.62
634.5,7.90918,2.04352,26.8485,20.7139,76.8898,1.7341,-104.415,190.823
634.52,7.91185,2.07311,26.8485,20.3898,77.6459,1.7341,-104.415,190.823
634.54,7.91185,2.08599,26.8485,20.3888,77.6482,1.7341,-104.415,188.128
634.56,7.91239,2.12376,26.8485,21.0854,78.5233,1.7341,-104.415,186.78
634.58,7.91079,2.07774,26.5286,21.0854,78.5233,1.7341,-104.415,180.958
634.6,7.91185,2.09972,26.5276,21.0854,78.99,1.7341,-104.415,178.694
634.62,7.91185,2.1013,26.3901,20.8068,78.99,1.73966,-104.415,178.694
634.64,7.91079,2.10305,26.3901,20.8068,78.99,1.73966,-104.415,178.694
634.66,7.91079,2.10746,26.3442,20.8068,79.2816,1.74023,-104.415,176.448
634.68,7.91292,2.10254,26.3442,20.8068,79.2816,1.74023,-104.415,173.753
634.7,7.91292,2.2434,26.5735,20.8532,78.7566,1.74023,-104.415,170.159
634.72,7.91132,2.11693,26.5735,20.8532,78.7566,1.74023,-102.485,172.399
634.74,7.91079,2.1265,26.5276,21.1783,78.2316,1.74023,-102.48,172.405
634.76,7.91132,2.07476,26.5276,21.1783,78.2316,1.74023,-102.48,173.753
634.78,7.91132,2.16886,26.7561,20.7153,77.3592,1.74023,-102.48,174.649
634.8,7.91025,2.23946,26.7568,20.7139,77.3565,1.74023,-102.48,178.694
634.82,7.91239,2.19074,26.9861,20.9461,76.6564,1.74023,-102.48,181.39
634.84,7.90972,2.1313,26.9861,20.9461,76.6564,1.74023,-102.48,185.868
634.86,7.90972,2.23972,26.9861,20.9461,76.6564,1.74023,-102.48,188.577
634.88,7.90972,2.20761,26.9861,20.9461,76.6564,1.74023,-102.48,189.924
634.9,7.91131,2.18411,27.7631,21.548,76.3075,1.74023,-102.48,191.268
634.92,7.91025,2.17807,27.7655,21.5499,76.3064,1.73097,-102.48,192.62
634.94,7.91185,2.27308,28.1323,21.8285,76.7148,1.73097,-102.48,191.272
634.96,7.91185,2.158,28.1323,21.8285,76.7148,1.72871,-102.48,191.72
634.98,7.91185,2.18675,28.5908,21.457,77.4732,1.7287,-102.48,188.577
635,7.91132,2.30486,28.5908,21.457,77.4732,1.7287,-95.5406,185.882
635.02,7.91185,2.24218,28.8193,21.6885,78.8109,1.7287,-95.5406,183.642
635.04,7.91185,2.22773,28.82,21.6892,78.8149,1.7287,-95.5406,185.432
635.06,7.91185,2.42171,28.9117,22.1536,80.9151,1.7287,-95.5406,184.534
635.08,7.91239,2.42171,28.9117,22.1536,80.9151,1.7287,-95.5406,188.565
635.1,7.91132,2.45071,28.8658,22.8503,82.3736,1.7287,-95.5406,187.229
635.12,7.91025,2.58706,28.8658,22.8503,82.3736,1.7287,-95.5406,184.085
635.14,7.91025,2.46904,28.8658,22.6181,81.4402,1.7287,-95.5406,181.839
635.16,7.91079,2.46905,28.8658,22.6181,81.4402,1.74726,-95.5406,180.491
635.18,7.91025,2.72245,28.9575,22.8038,77.5315,1.74726,-95.5406,177.347
635.2,7.91079,2.73367,28.9575,22.8038,77.5315,1.78008,-95.5406,177.796
635.22,7.91079,2.65562,29.2318,23.591,72.5297,1.78008,-95.5406,177.796
635.24,7.91185,2.61062,29.2326,23.5934,72.5144,1.78008,-105.424,178.245
635.26,7.90918,2.48668,29.2326,24.0114,69.0141,1.78008,-105.424,176.448
635.28,7.91131,2.5029,29.2326,24.0114,69.0141,1.78008,-105.424,179.135
635.3,7.91025,2.42987,29.2326,24.0114,66.9723,1.78008,-105.424,178.245
635.32,7.91025,2.42774,29.0492,23.4541,66.9723,1.78008,-105.424,178.694
635.34,7.91078,2.42775,29.0492,23.4541,65.8091,1.78008,-105.424,176.903
635.36,7.91132,2.50439,28.8658,23.3147,65.8055,1.78008,-105.424,180.491
635.38,7.91185,2.42506,28.8658,23.3147,65.8639,1.78008,-105.424,180.94
635.4,7.91132,2.27091,28.8658,23.4536,65.8639,1.73293,-105.424,180.045
635.42,7.91132,2.27044,28.8658,23.4541,66.4472,1.73278,-105.424,183.186
635.44,7.91025,2.17297,28.7283,23.4541,66.4472,1.74035,-105.424,185.432
635.46,7.91132,2.13117,28.7283,23.4541,66.4472,1.74035,-105.424,189.463
635.48,7.91132,2.33666,28.8658,23.4076,67.4973,1.74035,-105.424,189.924
635.5,7.91132,2.3022,28.8658,23.4076,67.4973,1.74035,-105.465,182.737
635.52,7.91132,2.3022,29.2315,23.5928,69.1258,1.74035,-105.465,178.707
635.54,7.90972,2.45304,29.2326,23.5934,69.1308,1.74035,-105.465,180.94
635.56,7.91239,2.27244,29.5077,24.1043,71.581,1.74035,-105.465,185.432
635.58,7.91239,2.35541,29.5077,24.1043,71.581,1.74035,-105.465,187.224
635.6,7.90972,2.40464,29.3702,24.8938,73.7395,1.74035,-105.465,189.475
635.62,7.91185,2.41326,29.3702,24.8938,73.7395,1.74035,-105.465,191.272
635.64,7.91185,2.29275,29.3702,25.544,75.7814,1.74035,-105.465,192.17
635.66,7.91346,2.48082,29.3702,25.544,75.7814,1.71867,-105.465,194.866
635.68,7.91346,2.48002,29.5994,25.8691,77.3565,1.71867,-105.465,193.967
635.7,7.91132,2.48001,29.5994,25.8691,77.3565,1.7317,-105.465,189.475
635.72,7.91345,2.46559,30.285,26.008,78.4034,1.7317,-105.465,192.162
635.74,7.90918,2.53932,30.2871,26.0085,78.4066,1.7317,-99.6587,191.272
635.76,7.90918,2.5122,30.4705,26.2871,78.2899,1.7317,-99.6587,191.272
635.78,7.91238,2.50373,30.4705,26.2871,78.2899,1.7317,-99.6587,188.585
635.8,7.91132,2.44865,31.0665,26.7051,75.9564,1.7317,-99.6587,191.272
635.82,7.91025,2.56409,31.0665,26.7051,75.9564,1.7317,-99.6587,196.663
635.84,7.91238,2.55779,31.6608,27.1218,72.4086,1.7317,-99.6587,196.215
635.86,7.91239,2.47335,31.6626,27.1231,72.3977,1.7317,-99.6587,196.663
635.88,7.91132,2.47335,32.2127,27.0767,69.7142,1.7317,-99.6587,193.069
635.9,7.91079,2.32014,32.2127,27.0767,69.7142,1.746,-99.6587,196.652
635.92,7.91132,2.36529,32.2127,27.8198,69.0725,1.74604,-99.6587,203.85
635.94,7.91132,2.35943,32.5337,27.8198,69.0725,1.73879,-99.6587,211.936
635.96,7.91079,2.35943,32.5337,27.9587,70.003,1.73879,-99.6587,215.518
635.98,7.91292,2.38576,32.9922,27.9591,70.0059,1.73879,-99.288,214.182
636,7.91132,2.24544,32.9922,28.3306,71.9894,1.73879,-99.288,213.732
636.02,7.91079,2.2711,33.5407,28.3306,71.9894,1.73879,-99.288,214.628
636.04,7.91079,2.35408,33.5423,28.5164,74.7313,1.73879,-99.288,212.385
636.06,7.91025,2.35408,34.1842,28.5164,74.7313,1.73879,-99.288,211.486
636.08,7.91025,2.33405,34.1842,28.5164,78.628,1.73879,-99.288,213.278
636.1,7.91025,2.27407,34.2759,29.0737,78.6399,1.73879,-99.288,214.631
636.12,7.91025,2.33312,34.2759,29.0737,78.6399,1.73879,-99.288,216.877
636.14,7.91132,2.33313,34.4593,29.2595,84.0654,1.76403,-99.288,215.529
636.16,7.90972,2.40536,34.4593,29.2595,84.0654,1.76403,-99.288,215.08
636.18,7.91079,2.55271,34.9636,28.888,91.8827,1.745,-99.288,212.834
636.2,7.91132,2.63256,34.9636,28.888,91.8827,1.745,-99.288,207.893
636.22,7.91132,2.65613,36.0149,28.7491,101.828,1.745,-99.288,201.175
636.24,7.91239,2.65621,36.0181,28.7486,101.859,1.745,-104.497,193.069
636.26,7.91025,2.73566,37.0268,29.2131,112.184,1.745,-104.497,190.374
636.28,7.91025,2.71638,37.0268,29.2131,112.184,1.745,-104.497,185.447
636.3,7.91025,2.78071,38.0813,28.5164,116.793,1.745,-104.497,181.39
636.32,7.91132,2.78072,38.0813,28.5164,116.793,1.745,-104.497,173.753
636.34,7.90972,2.84345,39.0869,28.1923,110.279,1.745,-104.497,169.722
636.36,7.91239,2.87266,39.0899,28.1913,110.259,1.745,-104.497,163.87
636.38,7.90918,2.83402,40.1903,28.052,98.8833,1.745,-104.497,162.523
636.4,7.90918,2.80568,40.1903,28.052,98.8833,1.73773,-104.497,158.492
636.42,7.91239,2.80561,41.3365,27.8662,89.9575,1.7377,-104.497,156.234
636.44,7.91132,2.86661,41.3365,27.8662,89.9575,1.7338,-104.497,152.191
636.46,7.91292,2.76854,42.5706,27.3569,84.0834,1.7338,-104.497,152.191
636.48,7.91292,2.69237,42.5744,27.3553,84.0654,1.7338,-97.5996,154.886
636.5,7.91079,2.69236,43.2621,26.7051,80.2734,1.7338,-97.5996,153.09
636.52,7.91238,2.53745,43.2621,26.7051,80.2734,1.7338,-97.5996,154.433
636.54,7.91185,2.45758,43.1245,26.6587,78.1732,1.7338,-97.5996,157.132
636.56,7.91399,2.51832,43.1245,26.6587,78.1732,1.7338,-97.5996,156.683
636.58,7.91399,2.45193,42.3018,26.0567,76.9519,1.7338,-97.5996,158.027
636.6,7.91292,2.45172,42.2993,26.0549,76.9481,1.7338,-97.5996,160.277
636.62,7.91346,2.39834,41.5657,25.126,76.5397,1.7338,-97.5996,165.218
636.64,7.91239,2.38342,41.5657,25.126,76.5397,1.73198,-97.5996,167.464
636.66,7.91239,2.31312,41.0614,24.2436,77.1815,1.73198,-97.5996,173.753
636.68,7.91346,2.31312,41.0614,24.2436,77.1815,1.73588,-97.5996,180.491
636.7,7.91453,2.43968,41.0614,24.1972,77.8815,1.73588,-97.5996,190.823
636.72,7.91186,2.28749,41.2442,24.1972,77.8815,1.73588,-94.541,195.749
636.74,7.91453,2.40728,41.2448,24.1507,79.165,1.73588,-94.5316,199.807
636.76,7.91453,2.37084,41.2448,24.1507,79.165,1.73588,-94.5316,202.502
636.78,7.91186,2.37083,41.2448,24.197,80.2119,1.73588,-94.5316,206.085
636.8,7.91292,2.29894,41.1531,24.1972,80.2151,1.73588,-94.5316,206.994
636.82,7.91292,2.34995,41.1531,24.1972,81.4402,1.73588,-94.5316,210.139
636.84,7.91292,2.37852,41.3359,23.3174,81.4402,1.73588,-94.5316,214.617
636.86,7.91399,2.37861,41.3365,23.3147,82.8986,1.73588,-94.5316,219.572
636.88,7.91346,2.50146,41.3823,22.6645,82.8986,1.75047,-94.5316,218.674
636.9,7.91719,2.2838,41.3823,22.6645,82.8986,1.75047,-94.5316,215.091
636.92,7.91399,2.38479,41.1531,22.9432,84.2987,1.73907,-94.5316,208.791
636.94,7.91399,2.2958,41.1531,22.9432,84.2987,1.73907,-94.5316,208.791
636.96,7.91346,2.29579,40.6046,23.6377,85.7527,1.73907,-94.5316,206.552
636.98,7.91453,2.3653,40.6029,23.6398,85.7572,1.73907,-106.762,205.197
637,7.9156,2.32851,40.0527,23.7327,87.449,1.73907,-106.762,205.647
637.02,7.9156,2.3038,40.0527,23.7327,87.449,1.73907,-106.762,205.199
637.04,7.91453,2.30372,39.4109,23.5005,89.8992,1.73907,-106.762,204.748
637.06,7.91346,2.31231,39.4109,23.5005,89.8992,1.73907,-106.762,208.342
637.08,7.91506,2.21168,38.6795,24.4728,92.2838,1.73907,-106.762,206.103
637.1,7.91346,2.19667,38.6773,24.4758,92.2911,1.73907,-106.762,202.502
637.12,7.91346,2.16208,37.852,23.9185,94.6829,1.73907,-106.762,202.502
637.14,7.91399,2.16208,37.852,23.9185,94.6829,1.7207,-106.762,206.994
637.16,7.91453,2.14926,37.4853,23.5469,96.4914,1.7207,-106.762,206.545
637.18,7.91506,2.24173,37.4853,23.5469,96.4914,1.70404,-106.762,205.647
637.2,7.91506,2.06478,36.8892,22.711,97.3082,1.70404,-106.762,205.647
637.22,7.91559,2.06478,36.8892,22.711,97.3082,1.70404,-100.789,203.855
637.24,7.91453,2.08253,36.3849,22.4323,97.7749,1.70404,-100.771,202.053
637.26,7.91453,2.07664,36.3849,22.4323,97.7749,1.70404,-100.771,200.705
637.28,7.91506,2.1113,35.9735,21.1821,97.6004,1.70404,-100.771,201.601
637.3,7.91506,1.99871,35.9723,21.1783,97.5999,1.70404,-100.771,202.502
637.32,7.9156,1.99871,35.8347,20.3888,96.5498,1.70404,-100.771,205.197
637.34,7.9156,2.10761,35.8347,20.3888,96.5498,1.70404,-100.771,211.915
637.36,7.91399,2.01805,35.8806,20.2494,95.0913,1.70404,-100.771,210.588
637.38,7.9156,2.08938,35.8806,20.2494,95.0913,1.75042,-100.771,213.732
637.4,7.9156,2.08938,35.972,20.944,92.9394,1.75042,-100.771,219.106
637.42,7.91346,2.10542,35.9723,20.9461,92.9328,1.72853,-100.771,218.224
637.44,7.91453,2.06595,35.9723,21.2712,90.5409,1.72853,-100.771,216.428
637.46,7.91399,2.14145,35.9266,21.2712,90.5409,1.72853,-96.5418,217.323
637.48,7.91399,2.01818,35.9723,22.2465,87.8574,1.72853,-96.5289,212.834
637.5,7.91453,2.01819,35.9723,22.2465,87.8574,1.72853,-96.5289,210.139
637.52,7.91399,2.15801,35.9723,22.2465,87.8574,1.72853,-96.5289,208.795
637.54,7.91399,2.10168,35.9723,23.0361,85.0571,1.72853,-96.5289,201.604
637.56,7.91453,2.15814,35.9723,23.0361,85.0571,1.72853,-96.5289,194.866
637.58,7.91453,2.15542,35.9723,24.0547,82.847,1.72853,-96.5289,193.97
637.6,7.91292,2.16283,35.9264,24.0578,82.8403,1.72853,-96.5289,196.213
637.62,7.91399,2.2103,35.9264,24.0578,81.8485,1.72853,-96.5289,197.561
637.64,7.91506,2.37507,35.9264,23.8256,81.8485,1.75111,-96.5289,198.909
637.66,7.91506,2.2565,35.9264,23.8256,81.8485,1.75111,-96.5289,199.807
637.68,7.91346,2.2565,35.7889,23.6398,81.1485,1.71184,-96.5289,198.909
637.7,7.91453,2.22756,35.7889,23.6398,81.1485,1.71184,-96.5289,200.705
637.72,7.91399,2.21865,35.8346,23.7324,80.4505,1.71184,-96.5289,197.123
637.74,7.91346,2.30132,35.8347,23.7327,80.4484,1.71184,-112.466,199.807
637.76,7.91346,2.32547,35.8806,23.7792,78.9316,1.71184,-112.466,201.155
637.78,7.91346,2.32547,35.8806,23.7792,78.9316,1.71184,-112.466,201.155
637.8,7.91399,2.21818,35.743,23.9649,77.0648,1.71184,-112.466,195.764
637.82,7.91666,2.40025,35.743,23.9649,77.0648,1.71184,-112.466,193.069
637.84,7.91666,2.18591,35.6973,23.8723,75.4363,1.71184,-112.466,194.86
637.86,7.91399,2.18525,35.6972,23.872,75.4313,1.71184,-112.466,198.459
637.88,7.91399,2.16305,35.7889,24.9867,74.3229,1.71184,-112.466,196.663
637.9,7.91506,2.23098,35.7889,24.9867,74.3229,1.70225,-112.466,196.663
637.92,7.91346,2.2352,35.6055,24.8474,74.0312,1.70222,-112.466,196.663
637.94,7.91346,2.2012,35.6055,24.8474,74.0312,1.69188,-112.466,197.112
637.96,7.91346,2.2012,35.834,25.3567,74.322,1.69188,-112.466,198.007
637.98,7.9156,2.27739,35.8347,25.3582,74.3229,1.69188,-103.839,201.155
638,7.91346,2.26875,36.5224,25.3118,76.3064,1.69188,-103.839,199.807
638.02,7.91346,2.24652,36.5224,25.3118,76.3064,1.69188,-103.839,196.672
638.04,7.91399,2.24646,37.3936,25.0331,79.2233,1.69188,-103.839,193.518
638.06,7.91346,2.26985,37.3936,25.0331,79.2233,1.69188,-103.839,189.924
638.08,7.91612,2.2514,38.4906,26.237,83.4109,1.69188,-103.839,186.342
638.1,7.9156,2.25248,38.4939,26.2407,83.4237,1.69188,-103.839,185.432
638.12,7.9156,2.27698,39.7318,26.3336,87.5073,1.69188,-103.839,179.593
638.14,7.91613,2.27698,39.7318,26.3336,87.5073,1.71899,-103.839,181.839
638.16,7.91613,2.32355,40.878,26.2871,92.0577,1.71899,-103.839,176.897
638.18,7.91613,2.52541,40.878,26.2871,92.0577,1.72224,-103.839,171.507
638.2,7.91613,2.45963,42.1617,26.38,95.4997,1.72224,-103.839,165.667
638.22,7.91453,2.45963,42.1617,26.38,95.4997,1.72224,-103.839,160.741
638.24,7.91506,2.52343,42.1617,26.4729,97.3082,1.72224,-92.8844,154.886
638.26,7.91399,2.69336,42.7578,26.4729,97.3082,1.72224,-92.8844,149.047
638.28,7.91559,2.77009,42.7578,26.1488,97.4245,1.72224,-92.8844,144.12
638.3,7.9156,2.73541,43.0787,26.1478,97.4248,1.72224,-92.8844,141.859
638.32,7.91613,2.73541,43.0787,26.1478,95.208,1.72224,-92.8844,142.309
638.34,7.914,2.91432,42.6673,25.9626,95.208,1.72224,-92.8844,144.1
638.36,7.91453,2.79109,42.6661,25.962,90.5993,1.72224,-92.8844,140.961
638.38,7.91453,2.67466,41.5657,25.962,90.5993,1.63914,-92.8844,143.207
638.4,7.91612,2.67467,41.5657,25.962,85.5393,1.63914,-92.8844,142.759
638.42,7.91506,2.70891,40.4654,26.1478,85.5238,1.64102,-92.8844,143.656
638.44,7.91506,2.67411,40.4654,26.1478,85.5238,1.64102,-92.8844,145.453
638.46,7.91506,2.52227,39.3227,26.0552,80.6384,1.64102,-92.8844,143.662
638.48,7.91399,2.65512,39.3192,26.0549,80.6234,1.64102,-109.563,142.309
638.5,7.91399,2.65512,38.6773,25.962,76.8314,1.64102,-109.563,145.453
638.52,7.91399,2.60345,38.6773,25.962,76.8314,1.64102,-109.563,143.662
638.54,7.91666,2.34165,37.5311,26.1942,74.1479,1.64102,-109.563,143.207
638.56,7.91666,2.40271,37.5311,26.1942,74.1479,1.64102,-109.563,141.859
638.58,7.914,2.40271,36.3884,25.2219,72.4031,1.64102,-109.563,142.307
638.6,7.91506,2.20928,36.3849,25.2189,72.3977,1.64102,-109.563,144.105
638.62,7.91453,2.26531,35.2846,24.6616,71.756,1.64102,-109.563,149.047
638.64,7.91399,2.21811,35.2846,24.6616,71.756,1.67577,-109.563,158.031
638.66,7.91399,2.21312,34.0925,24.708,72.9811,1.67577,-109.563,165.218
638.68,7.91453,2.10527,34.0925,24.708,72.9811,1.68826,-109.563,168.812
638.7,7.91506,2.12578,33.634,25.4511,75.898,1.68826,-109.563,177.347
638.72,7.91666,2.13281,33.634,25.4511,75.898,1.68826,-101.639,180.929
638.74,7.91666,2.1577,32.9463,25.4976,79.165,1.68826,-101.615,180.94
638.76,7.91506,2.1577,32.9463,25.4976,79.165,1.68826,-101.615,179.593
638.78,7.91453,2.23603,32.3978,26.0069,81.9567,1.68826,-101.615,183.175
638.8,7.9156,2.09661,32.3961,26.0085,81.9652,1.68826,-101.615,185.432
638.82,7.91613,2.17874,31.7084,26.4264,83.482,1.68826,-101.615,188.577
638.84,7.91613,2.32423,31.7084,26.4264,83.482,1.68826,-101.615,194.847
638.86,7.91453,2.29,31.525,26.2871,83.832,1.68826,-101.615,194.866
638.88,7.91506,2.17035,31.525,26.2871,83.832,1.69976,-101.615,199.358
638.9,7.91453,2.31601,31.7079,25.963,82.9596,1.69976,-101.615,202.94
638.92,7.91453,2.23649,31.7084,25.962,82.957,1.70389,-101.615,204.748
638.94,7.91399,2.23649,31.7084,26.4264,81.3818,1.70389,-101.615,208.791
638.96,7.91399,2.1329,32.3026,26.4264,81.3818,1.70389,-91.433,214.613
638.98,7.91453,2.21024,32.3044,25.7762,79.2233,1.70389,-91.4018,219.572
639,7.91346,2.29946,33.2214,25.7762,79.2233,1.70389,-91.4018,218.224
639.02,7.91346,2.15988,33.2214,25.7762,77.0714,1.70389,-91.4018,215.985
639.04,7.91613,2.15946,34.2301,27.0302,77.0648,1.70389,-91.4018,215.978
639.06,7.91506,2.24852,34.2301,27.0302,75.1396,1.70389,-91.4018,217.326
639.08,7.91613,2.17439,35.1899,27.3543,75.1396,1.70389,-91.4018,213.743
639.1,7.91613,2.24462,35.1929,27.3553,73.8562,1.70389,-91.4018,216.428
639.12,7.91613,2.24462,36.064,27.4947,73.8562,1.69051,-91.4018,213.283
639.14,7.91346,2.31009,36.064,27.4947,73.8562,1.69051,-91.4018,210.588
639.16,7.91666,2.24456,37.1185,27.0767,73.9145,1.69476,-91.4018,210.139
639.18,7.91453,2.31984,37.1185,27.0767,73.9145,1.69476,-91.4018,212.385
639.2,7.91453,2.24152,37.852,26.1478,75.2563,1.69476,-91.4018,214.182
639.22,7.91666,2.24153,37.852,26.1478,75.2563,1.69476,-111.581,213.286
639.24,7.91666,2.18647,39.0441,25.962,76.5981,1.69476,-111.642,209.69
639.26,7.91453,2.21877,39.0441,25.962,76.5981,1.69476,-111.642,203.85
639.28,7.91453,2.30196,40.3696,25.2212,77.5868,1.69476,-111.642,202.058
639.3,7.91399,2.30221,40.3737,25.2189,77.5898,1.69476,-111.642,199.358
639.32,7.91453,2.20962,42.2076,24.6151,78.6983,1.69476,-111.642,199.358
639.34,7.91559,2.33902,42.2076,24.6151,78.6983,1.69476,-111.642,199.358
639.36,7.91292,2.40649,43.904,24.1043,80.6818,1.69476,-111.642,201.604
639.38,7.91292,2.31749,43.904,24.1043,80.6818,1.66046,-111.642,200.705
639.4,7.91346,2.3175,45.7323,23.9191,83.5316,1.66046,-111.642,198.914
639.42,7.91399,2.37177,45.7379,23.9185,83.5403,1.66786,-111.642,203.85
639.44,7.91346,2.39642,47.5718,24.29,87.1573,1.66786,-111.642,208.342
639.46,7.91346,2.39833,47.5718,24.29,87.1573,1.66786,-103.965,208.342
639.48,7.91346,2.39834,48.8097,24.2436,90.3076,1.66786,-103.942,202.951
639.5,7.91453,2.37182,48.8097,24.2436,90.3076,1.66786,-103.942,200.705
639.52,7.91346,2.46688,49.9981,24.151,92.6921,1.66786,-103.942,198.018
639.54,7.91453,2.48735,50.0017,24.1507,92.6994,1.66786,-103.942,193.967
639.56,7.91453,2.4129,50.7812,24.9403,94.5079,1.66786,-103.942,194.417
639.58,7.91346,2.41289,50.7812,24.9403,94.5079,1.66786,-103.942,192.625
639.6,7.91239,2.58307,51.0104,25.3582,94.858,1.66786,-103.942,195.315
639.62,7.91346,2.43206,51.0104,25.3582,94.858,1.67924,-103.942,190.823
639.64,7.91346,2.56797,51.0104,25.6833,93.6912,1.67924,-103.942,187.229
639.66,7.91346,2.56797,50.9187,25.6833,93.6912,1.68574,-103.942,185.432
639.68,7.91079,2.53824,50.9187,25.8227,90.9493,1.68574,-103.942,188.577
639.7,7.91132,2.65393,50.4602,25.8227,90.9493,1.68574,-103.942,187.678
639.72,7.91079,2.46197,50.4602,25.7301,87.7505,1.68574,-91.2964,188.574
639.74,7.91079,2.46997,49.2223,25.7298,87.7407,1.68574,-91.2577,187.678
639.76,7.91239,2.46997,49.2223,26.1013,84.8821,1.68574,-91.2577,183.186
639.78,7.91026,2.65793,47.6682,26.1013,84.8821,1.68574,-91.2577,177.812
639.8,7.91079,2.40227,47.6635,26.1013,83.132,1.68574,-91.2577,174.651
639.82,7.91079,2.51321,45.8754,26.7516,83.132,1.68574,-91.2577,173.304
639.84,7.90972,2.51321,45.8754,26.7516,83.132,1.68574,-91.2577,170.169
639.86,7.91132,2.48758,43.8123,26.0549,82.7236,1.6933,-91.2577,166.116
639.88,7.91025,2.28012,43.8123,26.0549,82.7236,1.6933,-91.2577,173.304
639.9,7.91025,2.33724,41.3897,26.5642,83.3634,1.69761,-91.2577,175.095
639.92,7.91025,2.30541,41.3823,26.5658,83.3653,1.69762,-91.2577,178.694
639.94,7.91025,2.30541,38.9524,25.8227,84.7071,1.69762,-91.2577,181.839
639.96,7.91185,2.19578,38.9524,25.8227,84.7071,1.69762,-111.354,184.974
639.98,7.91025,2.22492,36.7975,26.798,86.3406,1.69762,-111.416,189.475
640,7.91025,2.17909,36.7975,26.798,86.3406,1.69762,-111.416,194.866
640.02,7.91132,2.17909,35.3349,27.1684,87.5038,1.69762,-111.416,193.074
640.04,7.90972,2.14541,35.3304,27.1695,87.5073,1.69762,-111.416,199.358
640.06,7.91025,2.18033,34.6427,26.9838,88.0907,1.69762,-111.416,200.705
640.08,7.91185,2.16998,34.6427,26.9838,88.0907,1.69762,-111.416,202.497
640.1,7.91185,2.15711,34.7802,26.7516,87.449,1.69762,-111.416,201.604
640.12,7.91079,2.15711,35.5138,26.7051,85.1155,1.69573,-111.416,202.053
640.14,7.90972,2.13407,35.5138,26.7051,85.1155,1.69573,-111.416,204.299
640.16,7.90918,2.15632,35.5138,26.7051,85.1155,1.69573,-111.416,206.096
640.18,7.90918,2.14009,35.5138,26.7051,85.1155,1.69015,-111.416,206.545
640.2,7.90972,2.14009,36.5224,26.4264,81.7902,1.69015,-111.416,205.647
640.22,7.91131,2.25913,36.5224,26.4264,81.7902,1.69015,-106.941,204.751
640.24,7.91185,2.15026,37.8979,26.2407,78.4066,1.69015,-106.927,202.502
640.26,7.90865,2.20182,37.8979,26.2407,78.4066,1.69015,-106.927,202.053
640.28,7.90865,2.20435,39.3148,26.4722,76.3128,1.69015,-106.927,202.949
640.3,7.91025,2.20436,39.3192,26.4729,76.3064,1.69015,-106.927,197.112
640.32,7.91025,2.19353,40.6029,26.9838,76.2481,1.69015,-106.927,197.112
640.34,7.90972,2.26171,40.6029,26.9838,76.2481,1.69015,-106.927,197.112
640.36,7.91025,2.37952,41.6116,27.0302,78.1732,1.69015,-106.927,193.069
640.38,7.91025,2.37952,41.6116,27.0302,78.1732,1.71665,-106.927,190.374
640.4,7.90919,2.4637,42.48,26.0116,81.5465,1.71665,-106.927,187.687
640.42,7.90865,2.45363,42.4827,26.0085,81.5568,1.71503,-106.927,184.983
640.44,7.91079,2.51919,42.4827,26.2407,85.6989,1.71503,-106.927,178.694
640.46,7.91079,2.46448,42.9855,26.2407,85.6989,1.71503,-95.2673,171.529
640.48,7.91025,2.46431,42.987,26.2407,88.9075,1.71503,-95.2317,168.363
640.5,7.91025,2.53049,42.8495,26.7516,88.9075,1.71503,-95.2317,165.667
640.52,7.90919,2.64634,42.8495,26.7516,89.7799,1.71503,-95.2317,159.398
640.54,7.90918,2.62593,42.4827,27.3089,89.7825,1.71503,-95.2317,155.336
640.56,7.91079,2.80236,42.4827,27.3089,89.7825,1.71503,-95.2317,149.496
640.58,7.90812,2.72585,41.8885,27.5867,89.7825,1.71503,-95.2317,145.913
640.6,7.91185,2.61651,41.8867,27.5875,89.0825,1.71503,-95.2317,147.699
640.62,7.91079,2.66954,41.5657,27.8662,89.0825,1.71882,-95.2317,153.539
640.64,7.91079,2.57574,41.5657,27.8662,89.0825,1.71882,-95.2317,157.132
640.66,7.91025,2.57574,41.1531,27.4018,87.974,1.71492,-95.2317,159.378
640.68,7.90972,2.67343,41.1531,27.4018,87.974,1.71492,-95.2317,159.378
640.7,7.90972,2.58506,40.3278,27.4482,88.3241,1.71492,-95.2317,158.929
640.72,7.90972,2.44003,40.3278,27.4482,88.3241,1.71492,-108.575,158.481
640.74,7.90918,2.41174,39.2733,28.8415,89.3158,1.71492,-108.616,157.582
640.76,7.90972,2.49796,39.2733,28.8415,89.3158,1.71492,-108.616,153.988
640.78,7.90812,2.42626,38.4506,30.0454,89.7811,1.71492,-108.616,154.436
640.8,7.91079,2.5533,38.4481,30.0491,89.7825,1.71492,-108.616,156.234
640.82,7.91079,2.44855,37.6228,30.0491,88.9075,1.71492,-108.616,156.683
640.84,7.90919,2.44854,37.6228,30.0491,88.9075,1.71492,-108.616,158.027
640.86,7.90972,2.40703,37.1643,30.6528,86.6323,1.71492,-108.616,160.277
640.88,7.90758,2.42368,37.1643,30.6528,86.6323,1.71682,-108.616,165.218
640.9,7.90758,2.45857,37.5757,31.2084,83.4916,1.71682,-108.616,168.801
640.92,7.91185,2.45869,37.577,31.2101,83.482,1.71244,-108.616,173.753
640.94,7.91239,2.41637,38.4939,31.9532,80.9151,1.71244,-108.616,180.94
640.96,7.91026,2.45211,38.4939,31.9532,80.9151,1.71244,-106.83,184.971
640.98,7.91025,2.39591,39.1816,32.557,79.165,1.71244,-106.824,189.475
641,7.91132,2.34448,39.1816,32.557,79.165,1.71244,-106.824,192.17
641.02,7.91238,2.34448,39.3645,33.1126,76.9549,1.71244,-106.824,192.17
641.04,7.91239,2.47978,39.365,33.1143,76.9481,1.71244,-106.824,188.128
641.06,7.91239,2.32551,39.5484,33.2537,75.023,1.71244,-106.824,186.331
641.08,7.91239,2.27349,39.5484,33.2537,75.023,1.71244,-106.824,187.226
641.1,7.91132,2.27333,39.5484,32.2784,74.6729,1.71244,-106.824,188.577
641.12,7.91239,2.35102,40.0069,32.2784,74.6729,1.74863,-106.824,187.678
641.14,7.91346,2.44073,40.0069,32.975,76.1314,1.74863,-106.824,189.026
641.16,7.91346,2.52195,40.3737,32.975,76.1314,1.74593,-106.824,191.272
641.18,7.91346,2.51114,40.3737,31.8604,78.4066,1.74593,-106.824,196.213
641.2,7.91506,2.42237,40.4654,31.8604,78.4066,1.74593,-106.824,198.909
641.22,7.91293,2.52839,40.4654,30.5639,80.2095,1.74593,-97.833,201.148
641.24,7.91239,2.49442,40.8322,30.5599,80.2151,1.74593,-97.8055,203.401
641.26,7.91239,2.39802,40.8322,29.7239,81.3818,1.74593,-97.8055,204.748
641.28,7.91399,2.39803,40.7407,29.7239,81.3818,1.74593,-97.8055,206.092
641.3,7.9156,2.60119,40.7405,29.7239,81.3818,1.74593,-97.8055,204.299
641.32,7.9172,2.50302,41.0614,29.1666,81.1485,1.74593,-97.8055,205.647
641.34,7.9188,2.50149,41.0614,29.1666,81.1485,1.74593,-97.8055,202.512
641.36,7.9188,2.5565,41.7491,28.9344,80.5068,1.7135,-97.8055,200.705
641.38,7.91987,2.52028,41.7491,28.9344,80.5068,1.7135,-97.8055,201.604
641.4,7.92147,2.57834,42.1148,27.9621,79.518,1.7135,-97.8055,203.395
641.42,7.92254,2.56034,42.1159,27.9591,79.515,1.71283,-97.8055,202.053
641.44,7.92254,2.54765,42.2076,27.8662,78.4066,1.71283,-97.8055,202.502
641.46,7.92308,2.54765,42.2076,27.8662,78.4066,1.71283,-107.864,200.263
641.48,7.92415,2.56409,42.0242,27.3553,77.4732,1.71283,-107.895,198.459
641.5,7.92468,2.60926,42.0242,27.3553,77.4732,1.71283,-107.895,194.866
641.52,7.92308,2.5042,41.8414,26.6608,77.066,1.71283,-107.895,193.074
641.54,7.92308,2.54044,41.8408,26.6587,77.0648,1.71283,-107.895,193.967
641.56,7.92254,2.54044,41.5657,26.38,78.0565,1.71283,-107.895,189.475
641.58,7.92467,2.41288,41.5657,26.38,78.0565,1.71283,-107.895,186.788
641.6,7.92468,2.49519,41.3365,25.4976,78.99,1.71283,-107.895,184.983
641.62,7.92468,2.39447,41.3365,25.4976,78.99,1.74337,-107.895,183.186
641.64,7.92308,2.39447,41.1531,25.3582,79.8067,1.74337,-107.895,180.491
641.66,7.92682,2.37457,41.1531,25.3582,79.8067,1.74848,-107.895,181.39
641.68,7.92361,2.29734,41.1072,25.2654,80.2734,1.74848,-107.895,179.143
641.7,7.92308,2.38951,41.1072,25.2654,80.2734,1.74848,-107.936,179.143
641.72,7.92308,2.28998,40.7873,25.2191,81.3784,1.74848,-107.936,179.591
641.74,7.92361,2.28967,40.7863,25.2189,81.3818,1.74848,-107.936,177.796
641.76,7.92521,2.3259,40.9697,25.0331,82.957,1.74848,-107.936,177.347
641.78,7.92521,2.33258,40.9697,25.0331,82.957,1.74848,-107.936,176.899
641.8,7.92521,2.33273,40.7405,24.3365,84.9405,1.74848,-107.936,176.897
641.82,7.92575,2.33274,40.7405,24.3365,84.9405,1.74848,-107.936,175.55
641.84,7.92735,2.43939,40.649,24.3828,87.2087,1.74848,-107.936,178.237
641.86,7.92789,2.32705,40.6488,24.3829,87.2156,1.71613,-107.936,179.593
641.88,7.92789,2.28015,40.2361,24.3829,89.7825,1.71613,-107.936,180.94
641.9,7.92789,2.39527,40.2361,24.4292,89.7825,1.72501,-107.936,179.597
641.92,7.92628,2.39561,40.2361,24.4294,93.0495,1.72504,-107.936,179.143
641.94,7.92789,2.32206,39.6401,23.7792,93.0495,1.72504,-107.936,182.288
641.96,7.92522,2.40284,39.6401,23.7792,96.7136,1.72504,-103.009,180.497
641.98,7.92521,2.35072,39.1816,24.1507,96.7248,1.72504,-102.994,181.39
642,7.92789,2.35072,39.1816,24.1507,100.283,1.72504,-102.994,177.796
642.02,7.92842,2.21286,38.4046,24.4285,100.283,1.72504,-102.994,174.213
642.04,7.92949,2.3763,38.4022,24.4294,102.442,1.72504,-102.994,172.855
642.06,7.92896,2.28371,38.0813,24.1043,102.442,1.72504,-102.994,173.753
642.08,7.92896,2.27109,38.0813,24.1043,101.86,1.72504,-102.994,171.066
642.1,7.93002,2.27106,37.3477,23.5005,101.859,1.72125,-102.994,169.261
642.12,7.92949,2.21789,37.3477,23.5005,101.859,1.72125,-102.994,173.753
642.14,7.92896,2.19847,36.3849,23.0825,100.692,1.72812,-102.994,173.304
642.16,7.92896,2.22745,36.3849,23.0825,100.692,1.72812,-102.994,175.999
642.18,7.92842,2.22745,35.7889,22.3858,98.825,1.72812,-102.994,179.593
642.2,7.92896,2.29377,35.7889,22.3858,98.825,1.72812,-102.912,180.491
642.22,7.92842,2.28498,35.2861,23.173,97.3128,1.72812,-102.912,184.522
642.24,7.92842,2.13626,35.2846,23.1754,97.3082,1.72812,-102.912,189.026
642.26,7.93109,2.21522,35.0553,23.3147,96.3164,1.72812,-102.912,192.62
642.28,7.93163,2.21522,35.0553,23.3147,96.3164,1.72812,-102.912,191.276
642.3,7.93483,2.05513,35.1012,23.1289,95.0913,1.72812,-102.912,193.069
642.32,7.93697,2.22746,35.1012,23.1289,95.0913,1.72812,-102.912,193.967
642.34,7.93697,2.30947,34.964,22.8974,92.2414,1.72812,-102.912,195.759
642.36,7.94018,2.30973,34.9636,22.8967,92.2327,1.69421,-102.912,190.823
642.38,7.94178,2.27718,34.4134,22.8967,88.3824,1.69421,-102.912,196.213
642.4,7.94338,2.25507,34.4134,22.8967,88.3824,1.70076,-102.912,197.109
642.42,7.94338,2.14927,33.8174,22.5716,85.1155,1.70078,-102.912,200.705
642.44,7.94178,2.16284,33.8174,22.5716,85.1155,1.70078,-107.977,203.401
642.46,7.94285,2.20923,33.2689,22.7105,83.0217,1.70078,-107.977,206.535
642.48,7.94338,2.20044,33.2673,22.711,83.0153,1.70078,-107.977,208.342
642.5,7.94552,2.27326,33.2673,23.1289,81.7902,1.70078,-107.977,213.283
642.52,7.94552,2.2387,32.8559,23.1289,81.7902,1.70078,-107.977,220.449
642.54,7.94606,2.2386,32.8546,23.4541,81.0901,1.70078,-107.977,217.775
642.56,7.94659,2.22825,32.2586,23.4541,81.0901,1.70078,-107.977,219.123
642.58,7.95139,2.19847,32.2586,22.991,80.334,1.70078,-107.977,218.227
642.6,7.953,2.25842,31.9835,22.9896,80.3317,1.7064,-107.977,220.92
642.62,7.953,2.25842,31.9835,23.6863,79.3983,1.7064,-107.977,226.31
642.64,7.95461,2.29679,31.7084,23.6863,79.3983,1.69851,-107.977,222.717
642.66,7.95995,2.22295,31.7084,23.6863,77.9399,1.69851,-107.977,218.674
642.68,7.96049,2.21,31.6626,23.5934,77.9399,1.69851,-107.977,214.631
642.7,7.96049,2.26581,31.6626,23.5934,77.9399,1.69851,-103.736,216.877
642.72,7.96208,2.26581,31.5712,23.5934,76.4859,1.69851,-103.736,214.638
642.74,7.96316,2.20555,31.5709,23.5934,76.4814,1.69851,-103.736,215.08
642.76,7.96476,2.26536,31.7084,23.8256,74.8479,1.69851,-103.736,216.877
642.78,7.96529,2.31545,31.7084,23.8256,74.8479,1.69851,-103.736,226.281
642.8,7.9653,2.2854,31.7084,23.8256,74.8479,1.69851,-103.736,230.353
642.82,7.9685,2.2477,31.8918,24.0578,73.6812,1.69851,-103.736,236.642
642.84,7.9685,2.23522,31.8918,24.0578,73.6812,1.69851,-103.736,235.746
642.86,7.96957,2.24816,32.2586,24.5687,73.2145,1.69851,-103.736,237.091
642.88,7.96957,2.39274,32.2586,24.5687,73.2145,1.7117,-103.736,236.193
642.9,7.97117,2.39275,32.4871,24.5687,73.4471,1.7117,-103.736,233.506
642.92,7.97278,2.42632,32.4878,24.5687,73.4478,1.7167,-103.736,225.412
642.94,7.97759,2.3971,32.5337,24.6616,73.7979,1.7167,-103.736,222.267
642.96,7.97759,2.26115,32.5337,24.6616,73.7979,1.7167,-103.551,224.059
642.98,7.98186,2.32778,32.6254,24.708,74.9646,1.7167,-103.55,226.759
643,7.97919,2.32777,32.6254,24.708,74.9646,1.7167,-103.55,227.658
643.02,7.98292,2.46538,32.5797,25.5415,76.2441,1.7167,-103.55,221.388
643.04,7.98293,2.27482,32.5795,25.544,76.2481,1.7167,-103.55,215.08
643.06,7.98293,2.31232,32.2586,25.8227,77.4148,1.7167,-103.55,214.631
643.08,7.984,2.31232,32.2586,25.8227,77.4148,1.7167,-103.55,216.422
643.1,7.98186,2.31809,32.1211,26.1478,78.5233,1.7167,-103.55,214.631
643.12,7.98507,2.36693,32.1211,26.1478,78.5233,1.69791,-103.55,212.385
643.14,7.98507,2.38973,32.0752,26.9838,78.99,1.69791,-103.55,214.182
643.16,7.98507,2.37381,32.0752,26.9838,78.99,1.69744,-103.55,214.182
643.18,7.98453,2.40661,32.2127,27.4947,79.165,1.69744,-103.55,215.529
643.2,7.98828,2.49533,32.2127,27.4947,79.165,1.69744,-112.569,211.037
643.22,7.98774,2.55341,32.2127,27.8188,78.3507,1.69744,-112.569,202.976
643.24,7.98774,2.45014,32.2127,27.8198,78.3482,1.69744,-112.569,197.112
643.26,7.98828,2.45014,32.4878,27.8662,77.0648,1.69744,-112.569,198.909
643.28,7.98881,2.42986,32.4878,27.8662,77.0648,1.69744,-112.569,198.461
643.3,7.99095,2.59341,32.4878,27.4018,75.723,1.69744,-112.569,197.112
643.32,7.99095,2.48842,32.7629,27.4018,75.723,1.69744,-112.569,196.663
643.34,7.98828,2.44888,32.7629,27.4481,75.0251,1.69744,-112.569,198.454
643.36,7.98988,2.43138,32.7629,27.4482,75.023,1.69744,-112.569,193.967
643.38,7.99041,2.37034,32.7629,27.4482,74.4396,1.69744,-112.569,192.62
643.4,7.99041,2.49756,32.5344,27.6334,74.4396,1.68979,-112.569,186.35
643.42,7.99041,2.5355,32.5337,27.634,74.0312,1.68977,-112.569,180.042
643.44,7.99041,2.5355,32.1669,27.3089,74.0312,1.68977,-112.569,181.39
643.46,7.99148,2.42941,32.1669,27.3089,74.0312,1.68977,-107.334,179.15
643.48,7.99362,2.29526,31.9835,27.3089,74.0312,1.68977,-107.318,178.245
643.5,7.99362,2.30504,31.9835,27.3089,74.0312,1.68977,-107.318,173.304
643.52,7.99042,2.33034,31.6635,27.0774,73.5659,1.68977,-107.318,171.96
643.54,7.99202,2.34233,31.6626,27.0767,73.5645,1.68977,-107.318,172.405
643.56,7.99202,2.43838,31.525,27.1695,73.3895,1.68977,-107.318,173.304
643.58,7.99415,2.4507,31.525,27.1695,73.3895,1.68977,-107.318,172.856
643.6,7.99415,2.43187,31.4792,27.4482,73.6812,1.68977,-107.318,169.71
643.62,7.99469,2.43187,31.4792,27.4482,73.6812,1.70865,-107.318,172.855
643.64,7.99202,2.38238,31.525,26.7516,74.6146,1.70865,-107.318,177.796
643.66,7.99309,2.30372,31.525,26.7516,74.6146,1.69973,-107.318,182.288
643.68,7.99309,2.49579,31.5709,26.6587,75.7814,1.69973,-107.318,182.288
643.7,7.99202,2.49578,31.5709,26.6587,75.7814,1.69973,-102.459,182.288
643.72,7.99362,2.42937,31.7537,26.103,77.2935,1.69973,-102.459,184.079
643.74,7.99362,2.30252,31.7543,26.1013,77.2981,1.69973,-102.459,185.882
643.76,7.99309,2.35744,32.3044,26.7516,78.6983,1.69973,-102.459,191.272
643.78,7.99309,2.23721,32.3044,26.7516,78.6983,1.69973,-102.459,197.99
643.8,7.99255,2.23685,33.2214,26.798,80.3317,1.69973,-102.459,198.459
643.82,7.99415,2.40297,33.2214,26.798,80.3317,1.69973,-102.459,204.299
643.84,7.99628,2.27962,34.0441,26.8906,81.8439,1.69973,-102.459,206.09
643.86,7.99629,2.40174,34.0467,26.8909,81.8485,1.69594,-102.459,203.85
643.88,7.99576,2.40174,34.6427,26.798,82.957,1.69594,-102.459,207.443
643.9,7.99416,2.34552,34.6427,26.798,82.957,1.69222,-102.459,209.235
643.92,7.99629,2.55644,35.0095,26.2407,83.5987,1.69221,-102.459,208.791
643.94,7.99683,2.40898,35.0095,26.2407,83.5987,1.69221,-114.71,210.139
643.96,7.99683,2.40854,35.1923,26.4259,83.3079,1.69221,-114.71,210.139
643.98,7.99522,2.40853,35.1929,26.4264,83.307,1.69221,-114.71,208.791
644,7.99629,2.38519,35.1929,26.8909,83.0153,1.69221,-114.71,208.791
644.02,7.99629,2.48269,35.1472,26.8909,83.0153,1.69221,-114.71,209.687
644.04,7.99576,2.50835,35.147,27.0767,82.8403,1.69221,-114.71,203.401
644.06,7.99576,2.50835,34.7802,27.0767,82.8403,1.69221,-114.71,198.909
644.08,7.99682,2.41671,34.7802,27.0767,82.9566,1.69221,-114.71,199.356
644.1,7.99683,2.39024,34.3676,27.1695,82.957,1.72266,-114.71,200.705
644.12,7.99522,2.45259,34.3676,27.1695,83.1903,1.72266,-114.71,200.705
644.14,7.99522,2.39463,34.0467,26.8909,83.1903,1.72231,-114.71,199.807
644.16,7.99362,2.39463,34.0467,26.8909,83.7737,1.72231,-114.71,198.909
644.18,7.99362,2.30219,34.0008,27.1231,83.7737,1.72231,-114.71,195.764
644.2,7.99469,2.39855,34.0008,27.1231,83.7737,1.72231,-108.41,192.62
644.22,7.99469,2.32424,34.0922,27.4935,84.4716,1.72231,-108.41,190.828
644.24,7.99522,2.42038,34.0925,27.4947,84.4737,1.72231,-108.41,188.577
644.26,7.99522,2.42488,34.0008,27.2624,84.5321,1.72231,-108.41,189.026
644.28,7.99469,2.47523,34.0008,27.2624,84.5321,1.72231,-108.41,186.339
644.3,7.99202,2.27311,34.2759,27.6804,83.307,1.72231,-108.41,184.085
644.32,7.99202,2.42455,34.2759,27.6804,83.307,1.72231,-108.41,182.288
644.34,7.99575,2.42456,34.413,27.5415,81.9111,1.72231,-108.41,183.184
644.36,7.99522,2.29976,34.4134,27.5411,81.9069,1.73374,-108.41,182.288
644.38,7.99415,2.43444,35.1012,26.8909,81.4402,1.73374,-108.41,183.636
644.4,7.99415,2.57175,35.1012,26.8909,81.4402,1.73339,-108.41,184.979
644.42,7.99629,2.56178,35.6972,26.4264,81.2068,1.73339,-108.41,186.331
644.44,7.99309,2.34473,35.6972,26.4264,81.2068,1.73339,-99.1851,187.229
644.46,7.99681,2.48222,36.1543,25.9634,80.7997,1.73339,-99.1851,187.677
644.48,7.99362,2.33452,36.1557,25.962,80.7984,1.73339,-99.1851,188.577
644.5,7.99362,2.49788,36.5224,25.8691,80.6818,1.73339,-99.1851,184.983
644.52,7.99415,2.49789,36.5224,25.8691,80.6818,1.73339,-99.1851,183.64
644.54,7.99362,2.33149,36.2474,26.3336,80.4484,1.73339,-99.1851,184.534
644.56,7.99309,2.42762,36.2474,26.3336,80.4484,1.73339,-99.1851,182.737
644.58,7.99468,2.40906,36.0188,26.8429,80.3903,1.73339,-99.1851,182.289
644.6,7.99469,2.409,36.0181,26.8444,80.3901,1.72767,-99.1851,180.491
644.62,7.99469,2.36866,36.1557,26.798,80.4484,1.72767,-99.1851,181.39
644.64,7.99576,2.4579,36.1557,26.798,80.4484,1.72838,-99.1851,178.694
644.66,7.99629,2.36183,36.064,26.2407,80.3901,1.72838,-99.1851,176.897
644.68,7.99629,2.46518,36.064,26.2407,80.3901,1.72838,-99.1851,176.448
644.7,7.99415,2.46517,36.064,25.8691,79.69,1.72838,-116.749,179.144
644.72,7.99469,2.47448,35.8354,25.8691,79.69,1.72838,-116.749,182.726
644.74,7.99736,2.49427,35.8347,25.8227,79.2233,1.72838,-116.749,183.636
644.76,7.99736,2.45741,35.743,25.8227,79.2233,1.72838,-116.749,181.839
644.78,7.99629,2.44386,35.743,25.8227,79.9212,1.72838,-116.749,180.047
644.8,7.99736,2.40903,35.6055,25.8691,79.9234,1.72838,-116.749,177.796
644.82,7.99736,2.42721,35.6055,25.8691,81.6152,1.72838,-116.749,175.999
644.84,7.99416,2.3038,35.4227,25.7765,81.6152,1.72838,-116.749,175.103
644.86,7.99415,2.39894,35.4221,25.7762,83.832,1.72838,-116.749,173.753
644.88,7.99576,2.39894,35.0553,25.962,83.832,1.72494,-116.749,176.897
644.9,7.99416,2.55968,35.0553,25.962,83.832,1.72494,-116.749,176.002
644.92,7.99576,2.54594,34.7802,26.4264,85.5238,1.72494,-116.749,175.101
644.94,7.99576,2.56772,34.7802,26.4264,85.5238,1.72494,-107.895,174.202
644.96,7.99309,2.58136,34.506,26.8432,86.0473,1.72494,-107.895,169.724
644.98,7.99469,2.48531,34.5051,26.8444,86.0489,1.72494,-107.895,170.159
645,7.99522,2.57951,33.955,27.4947,85.6989,1.72494,-107.895,171.058
645.02,7.99416,2.55422,33.955,27.4947,85.6989,1.72494,-107.895,168.819
645.04,7.99415,2.42783,33.3131,27.9591,84.007,1.72494,-107.895,163.87
645.06,7.99522,2.42784,33.3131,27.9591,84.007,1.72494,-107.895,165.667
645.08,7.99416,2.54936,32.9017,26.9867,82.1459,1.72494,-107.895,166.115
645.1,7.99629,2.56693,32.9005,26.9838,82.1402,1.7383,-107.895,168.812
645.12,7.99629,2.49394,32.3503,26.6122,80.1567,1.7383,-107.895,171.507
645.14,7.99309,2.49393,32.3503,26.6122,80.1567,1.7327,-107.895,169.261
645.16,7.99362,2.50388,32.0294,26.38,79.5733,1.7327,-107.895,170.159
645.18,7.99309,2.42547,32.0294,26.38,79.5733,1.7327,-94.9434,171.956
645.2,7.99255,2.48154,31.846,25.5905,80.2151,1.7327,-94.9434,173.304
645.22,7.99255,2.3872,31.846,25.5905,80.2151,1.7327,-94.9434,172.856
645.24,7.99362,2.38691,31.4333,25.6369,81.2652,1.7327,-94.9434,172.855
645.26,7.99255,2.36271,31.4333,25.6369,81.2652,1.7327,-94.9434,175.101
645.28,7.99149,2.31788,30.9763,25.3591,81.8468,1.7327,-94.9434,180.923
645.3,7.99148,2.38259,30.9749,25.3582,81.8485,1.7327,-94.9434,183.636
645.32,7.99095,2.38258,30.8832,25.3582,82.3152,1.7327,-94.9434,185.882
645.34,7.99255,2.2732,30.8832,25.3582,82.3152,1.77661,-94.9434,187.225
645.36,7.99255,2.27636,30.8373,25.2654,83.1903,1.77674,-94.9434,187.678
645.38,7.99255,2.34035,30.8373,25.2654,83.1903,1.77562,-94.9434,192.62
645.4,7.99255,2.328,31.0201,25.2654,83.9464,1.77562,-94.9434,195.307
645.42,7.99255,2.32796,31.0207,25.2654,83.9487,1.77562,-94.9434,197.112
645.44,7.99202,2.3649,31.0207,25.2654,83.9487,1.77562,-94.9434,199.358
645.46,7.99202,2.35231,31.0207,25.2654,84.8211,1.77562,-113.213,201.597
645.48,7.99202,2.48667,31.2041,25.1725,84.8238,1.77562,-113.269,201.604
645.5,7.99202,2.48667,31.2041,25.1725,85.3488,1.77562,-113.269,202.053
645.52,7.99468,2.36035,31.3412,25.2651,85.3488,1.77562,-113.269,203.397
645.54,7.99095,2.41845,31.3416,25.2654,85.9322,1.77562,-113.269,201.155
645.56,7.99202,2.33051,31.4792,25.544,85.9322,1.77562,-113.269,196.663
645.58,7.99202,2.44218,31.4792,25.544,86.7465,1.77562,-113.269,191.736
645.6,7.99202,2.44253,31.6167,25.5905,86.7489,1.74112,-113.269,192.62
645.62,7.98988,2.40788,31.6167,25.5905,86.7489,1.74112,-113.269,190.823
645.64,7.99202,2.46299,31.846,25.9156,86.8656,1.73893,-113.269,191.721
645.66,7.99202,2.44623,31.846,25.9156,86.8656,1.73893,-113.269,192.62
645.68,7.99202,2.44623,31.7084,26.2871,86.3989,1.73893,-113.269,192.17
645.7,7.99148,2.46087,31.7084,26.2871,86.3989,1.73893,-107.133,185.882
645.72,7.99201,2.43699,31.1142,25.7778,85.2357,1.73893,-107.133,179.612
645.74,7.99362,2.4836,31.1124,25.7762,85.2321,1.73893,-107.133,180.042
645.76,7.99362,2.42526,30.6539,25.3118,83.8904,1.73893,-107.133,181.39
645.78,7.99149,2.42525,30.6539,25.3118,83.8904,1.73893,-107.133,180.494
645.8,7.98774,2.45952,30.1496,25.0796,82.3736,1.73893,-107.133,180.491
645.82,7.99255,2.49043,30.1496,25.0796,82.3736,1.73893,-107.133,177.796
645.84,7.99255,2.37287,29.2811,25.3574,81.0359,1.73893,-107.133,174.213
645.86,7.99095,2.3725,29.2785,25.3582,81.0318,1.7658,-107.133,173.753
645.88,7.99255,2.3754,28.5449,25.0796,80.2734,1.7658,-107.133,172.855
645.9,7.99095,2.3749,28.5449,25.0796,80.2734,1.76685,-107.133,172.855
645.92,7.99309,2.35205,27.8113,25.2654,79.69,1.76686,-107.133,170.609
645.94,7.99309,2.35724,27.8113,25.2654,79.69,1.76686,-96.3024,165.218
645.96,7.99095,2.35724,27.1257,24.9412,79.3411,1.76686,-96.3024,164.77
645.98,7.99362,2.28709,27.1236,24.9403,79.34,1.76686,-96.3024,169.261
646,7.99255,2.36718,26.5276,24.3829,78.9316,1.76686,-96.3024,174.202
646.02,7.99255,2.3068,26.5276,24.3829,78.9316,1.76686,-96.3024,174.65
646.04,7.99362,2.30662,26.1608,24.2436,78.6399,1.76686,-96.3024,175.101
646.06,7.99522,2.36719,26.1608,24.2436,78.6399,1.76686,-96.3024,177.347
646.08,7.99362,2.29837,26.1608,24.0121,78.6399,1.76686,-96.3024,179.138
646.1,7.99362,2.21191,26.0691,24.0114,78.6399,1.77837,-96.3024,179.143
646.12,7.99362,2.24653,26.0691,24.708,79.1066,1.77837,-96.3024,182.737
646.14,7.99415,2.24653,26.115,24.708,79.1066,1.77604,-96.3024,186.331
646.16,7.99309,2.27564,26.115,24.708,80.04,1.77604,-96.3024,181.839
646.18,7.99362,2.24193,26.2525,24.9403,80.04,1.77604,-96.3024,178.694
646.2,7.99362,2.26928,26.2525,24.9403,80.6234,1.77604,-113.681,178.694
646.22,7.99042,2.26928,26.5725,25.3107,80.6234,1.77604,-113.681,180.486
646.24,7.99148,2.31625,26.5735,25.3118,80.7984,1.77604,-113.681,181.39
646.26,7.99255,2.36665,26.7568,24.8938,80.7984,1.77604,-113.681,185.432
646.28,7.99255,2.44861,26.7568,24.8938,80.7984,1.77604,-113.681,189.015
646.3,7.99202,2.36101,27.2153,24.7545,80.3317,1.77604,-113.681,191.721
646.32,7.99202,2.36101,27.2153,24.7545,80.3317,1.77604,-113.681,194.417
646.34,7.99308,2.47003,27.4896,24.523,79.5175,1.75689,-113.681,199.343
646.36,7.99362,2.39276,27.4904,24.5223,79.515,1.75684,-113.681,202.951
646.38,7.99362,2.36377,27.6738,23.6863,78.1732,1.75684,-113.681,205.197
646.4,7.99042,2.36377,27.6738,23.6863,78.1732,1.75945,-113.681,206.541
646.42,7.99362,2.26951,28.0864,24.0114,76.3064,1.75946,-113.681,207.893
646.44,7.99041,2.53292,28.0864,24.0114,76.3064,1.75946,-112.651,209.24
646.46,7.99041,2.30436,28.6349,23.8262,75.2014,1.75946,-112.651,213.719
646.48,7.99041,2.3235,28.6366,23.8256,75.198,1.75946,-112.651,212.385
646.5,7.99362,2.33549,29.0492,23.9185,75.3147,1.75946,-112.651,212.834
646.52,7.99149,2.30653,29.0492,23.9185,75.3147,1.75946,-112.651,211.49
646.54,7.99041,2.32202,29.5077,23.9185,76.7731,1.75946,-112.651,206.545
646.56,7.99041,2.25008,29.5077,23.9185,76.7731,1.75946,-112.651,201.604
646.58,7.99148,2.25008,29.6448,23.8722,79.1577,1.75946,-112.651,202.947
646.6,7.99148,2.37299,29.6453,23.872,79.165,1.7422,-112.651,205.197
646.62,7.99148,2.30073,29.2785,22.8967,83.0153,1.7422,-112.651,206.545
646.64,7.98934,2.44174,29.2785,22.8967,83.0153,1.75008,-112.651,203.401
646.66,7.98934,2.35673,28.6825,22.711,88.6741,1.75008,-112.651,200.256
646.68,7.98988,2.37924,28.6825,22.711,88.6741,1.75008,-112.651,197.561
646.7,7.99041,2.40131,28.3615,22.3394,96.9581,1.75008,-101.038,193.967
646.72,7.98935,2.46048,28.3615,22.3394,96.9581,1.75008,-101.038,191.728
646.74,7.98934,2.46192,28.6366,21.9679,108.101,1.75008,-101.038,188.577
646.76,7.99095,2.46193,28.6366,21.9679,108.101,1.75008,-101.038,183.186
646.78,7.99201,2.52966,28.6366,21.9679,119.384,1.75008,-101.038,179.604
646.8,7.99148,2.63288,28.9575,21.9679,119.418,1.75008,-101.038,175.101
646.82,7.99202,2.56929,28.9575,21.9679,125.486,1.75008,-101.038,170.159
646.84,7.99202,2.80482,29.2318,21.9216,125.486,1.7672,-101.038,165.233
646.86,7.98988,2.80553,29.2326,21.9214,119.185,1.76725,-101.038,160.277
646.88,7.99095,2.93808,29.1409,21.7821,119.185,1.76925,-101.038,153.539
646.9,7.99255,2.71405,29.1409,21.7821,104.18,1.76925,-101.038,148.165
646.92,7.99255,2.82028,29.1409,21.039,104.134,1.76925,-101.038,141.41
646.94,7.99095,2.82028,29.1409,21.039,92.1744,1.76925,-111.642,141.859
646.96,7.99201,2.656,29.1866,20.9927,92.1744,1.76925,-111.642,139.172
646.98,7.99095,2.66477,29.1868,20.9925,92.1744,1.76925,-111.642,139.164
647,7.98988,2.68543,29.0951,21.7356,86.3406,1.76925,-111.642,138.266
647.02,7.98988,2.71583,29.0951,21.7356,86.3406,1.76925,-111.642,135.579
647.04,7.99255,2.71594,29.1868,21.5034,83.9487,1.76925,-111.642,133.324
647.06,7.99255,2.58916,29.1868,21.5034,83.9487,1.76925,-111.642,128.832
647.08,7.99095,2.59096,28.8211,21.8738,81.9131,1.76925,-111.642,129.728
647.1,7.99095,2.45844,28.82,21.875,81.9069,1.76353,-111.642,127.036
647.12,7.98988,2.45844,28.0864,21.5499,79.9817,1.76353,-111.642,125.688
647.14,7.98934,2.42034,28.0864,21.5499,79.9817,1.76422,-111.642,124.79
647.16,7.99255,2.23415,27.1236,21.5963,78.99,1.76422,-111.642,125.239
647.18,7.99202,2.27148,27.1236,21.5963,78.99,1.76422,-111.684,127.934
647.2,7.99202,2.23345,26.2525,21.7821,78.8733,1.76422,-111.684,127.934
647.22,7.99095,2.23345,26.2525,21.7821,78.8733,1.76422,-111.684,131.964
647.24,7.99255,2.22101,25.3356,21.875,79.515,1.76422,-111.684,137.817
647.26,7.99309,2.33029,25.3356,21.875,79.515,1.76422,-111.684,146.351
647.28,7.99309,2.19113,24.7414,22.5232,80.2129,1.76422,-111.684,154.86
647.3,7.99415,2.19071,24.7395,22.5252,80.2151,1.76422,-111.684,162.972
647.32,7.99362,2.18493,24.0977,22.7574,81.0318,1.76422,-111.684,167.913
647.34,7.99149,2.19766,24.0977,22.7574,81.0318,1.74522,-111.684,175.527
647.36,7.99148,2.35552,23.3641,23.0361,81.9652,1.74516,-111.684,177.796
647.38,7.99309,2.21755,23.3641,23.0361,81.9652,1.74657,-111.684,180.491
647.4,7.99415,2.21755,23.3641,23.5917,82.4305,1.74657,-111.684,183.626
647.42,7.99309,2.1748,22.8598,23.5934,82.4319,1.74657,-111.684,184.085
647.44,7.99362,2.15332,22.8598,23.5934,82.3736,1.74657,-101.615,189.026
647.46,7.99362,2.26276,22.6312,23.6397,82.3736,1.74657,-101.615,194.4
647.48,7.99415,2.26309,22.6305,23.6398,82.0819,1.74657,-101.615,198.459
647.5,7.99362,2.37414,22.5847,23.5469,82.0819,1.74657,-101.615,204.299
647.52,7.99255,2.29505,22.5847,23.5469,81.5584,1.74657,-101.615,204.747
647.54,7.99255,2.36275,22.5388,23.5934,81.5568,1.74657,-101.615,204.748
647.56,7.99309,2.36549,22.5388,23.5934,80.7984,1.74657,-101.615,209.689
647.58,7.99202,2.28156,22.9045,23.0841,80.7984,1.76745,-101.615,211.929
647.6,7.99469,2.27054,22.9056,23.0825,80.7984,1.76752,-101.615,214.182
647.62,7.99362,2.24794,23.5475,22.2465,81.3235,1.76967,-101.615,218.674
647.64,7.99362,2.37538,23.5475,22.2465,81.3235,1.76967,-101.615,220.021
647.66,7.99415,2.37539,24.006,21.7821,81.1485,1.76967,-101.615,218.224
647.68,7.99469,2.34562,24.006,21.7821,81.1485,1.76967,-109.357,213.283
647.7,7.99415,2.4125,24.7854,20.8997,80.0984,1.76967,-109.357,206.545
647.72,7.99415,2.34913,24.7854,20.8997,80.0984,1.76967,-109.357,202.067
647.74,7.99522,2.34894,25.4731,20.6674,78.5233,1.76967,-109.357,206.545
647.76,7.99202,2.42141,25.4731,20.6674,78.5233,1.76967,-109.357,204.748
647.78,7.99521,2.37017,26.113,19.8803,77.2437,1.76967,-109.357,199.374
647.8,7.99469,2.49873,26.115,19.8779,77.2398,1.76967,-109.357,198.909
647.82,7.99469,2.30671,26.7568,20.2959,77.3565,1.76967,-109.357,198.01
647.84,7.99416,2.30671,26.7568,20.2959,77.3565,1.73366,-109.357,201.145
647.86,7.99576,2.32829,26.9861,19.4135,77.2398,1.73355,-109.357,199.358
647.88,7.99362,2.35365,26.9861,19.4135,77.2398,1.74351,-109.357,194.866
647.9,7.99362,2.32552,27.3975,18.9967,76.8908,1.74351,-109.357,193.97
647.92,7.99362,2.32543,27.3987,18.9955,76.8898,1.74351,-109.439,187.678
647.94,7.99576,2.38617,27.903,19.0883,76.5981,1.74351,-109.439,191.272
647.96,7.9915,2.32055,27.903,19.0883,76.5981,1.74351,-109.439,195.303
647.98,7.99309,2.42907,28.1781,18.9955,76.6564,1.74351,-109.439,193.967
648,7.99309,2.28566,28.1781,18.9955,76.6564,1.74351,-109.439,187.229
648.02,7.99309,2.28566,28.6352,18.9029,77.5288,1.74351,-109.439,188.125
648.04,7.99415,2.40057,28.6366,18.9026,77.5315,1.74351,-109.439,182.737
648.06,7.99255,2.41127,28.7283,18.8097,78.9316,1.74351,-109.439,176.448
648.08,7.99255,2.44786,28.7283,18.8097,78.9316,1.74351,-109.439,171.522
648.1,7.99576,2.44798,28.7283,18.8097,78.9316,1.74351,-109.439,168.363
648.12,7.99362,2.33961,28.7283,18.8097,79.34,1.74351,-109.439,167.464
648.14,7.99469,2.43051,28.7283,19.5063,79.34,1.7492,-109.439,167.913
648.16,7.99309,2.47427,28.7283,19.5063,79.3983,1.7492,-109.439,162.523
648.18,7.99309,2.60197,28.5908,19.9708,79.3983,1.7492,-109.439,159.828
648.2,7.99683,2.60198,28.5908,19.9708,79.7484,1.7492,-103.036,160.726
648.22,7.99416,2.4204,27.9508,20.156,79.7484,1.7492,-103.036,162.965
648.24,7.99255,2.43451,27.9489,20.1566,79.7484,1.7492,-103.036,166.117
648.26,7.99255,2.6391,27.0319,20.203,79.7484,1.7492,-103.036,167.913
648.28,7.99362,2.63911,27.0319,20.203,79.7484,1.7492,-103.036,162.987
648.3,7.99362,2.42552,25.3356,20.1566,78.4066,1.7492,-103.036,161.175
648.32,7.99415,2.40116,25.3356,20.1566,78.4066,1.7492,-103.036,162.523
648.34,7.99415,2.33289,23.4158,21.1289,78.1739,1.73981,-103.036,165.658
648.36,7.99415,2.34796,23.4099,21.1319,78.1732,1.73978,-103.036,162.972
648.38,7.99629,2.34796,21.6677,21.6427,80.5651,1.73978,-103.036,161.624
648.4,7.9931,2.27282,21.6677,21.6427,80.5651,1.75071,-103.036,165.655
648.42,7.99522,2.31124,20.2923,21.3641,83.2486,1.75075,-103.036,171.058
648.44,7.99522,2.19239,20.2923,21.3641,83.2486,1.75075,-105.177,168.812
648.46,7.99522,2.19239,19.9266,21.5493,85.7495,1.75075,-105.177,173.29
648.48,7.99202,2.203,19.9255,21.5499,85.7572,1.75075,-105.177,179.143
648.5,7.99469,2.23167,19.467,20.7139,87.2156,1.75075,-105.177,186.331
648.52,7.99469,2.19721,19.467,20.7139,87.2156,1.75075,-105.177,191.705
648.54,7.99522,2.16934,19.6963,19.8314,87.449,1.75075,-105.177,194.416
648.56,7.99309,2.16934,19.6963,19.8314,87.449,1.75075,-105.177,198.01
648.58,7.99522,2.28082,20.2448,19.461,88.1469,1.75075,-105.177,202.936
648.6,7.99415,2.25264,20.2464,19.4599,88.1491,1.73018,-105.177,208.791
648.62,7.99415,2.17395,20.98,19.3206,87.974,1.73018,-105.177,215.978
648.64,7.99415,2.17395,20.98,19.3206,87.974,1.73119,-105.177,216.428
648.66,7.99469,2.21929,21.9887,19.0419,86.8656,1.73119,-105.177,215.978
648.68,7.99415,2.19818,21.9887,19.0419,86.8656,1.73119,-105.177,216.428
648.7,7.99415,2.20215,23.3641,18.8561,85.6405,1.73119,-109.254,223.615
648.72,7.99469,2.23047,23.3641,18.8561,85.6405,1.73119,-109.254,229.437
648.74,7.99415,2.25804,23.3641,18.4381,84.3571,1.73119,-109.254,229.904
648.76,7.99469,2.19562,24.8771,18.4381,84.3571,1.73119,-109.254,229.904
648.78,7.99416,2.26058,24.8771,18.0214,83.4265,1.73119,-109.254,231.247
648.8,7.99415,2.26655,25.9316,18.0201,83.4237,1.73119,-109.254,230.353
648.82,7.99522,2.26655,25.9316,18.0201,82.3736,1.73119,-109.254,227.209
648.84,7.99416,2.28535,25.9773,17.8349,82.3736,1.76847,-109.254,227.656
648.86,7.99629,2.27302,25.9774,17.8344,81.0318,1.76859,-109.254,228.107
648.88,7.99629,2.26055,26.0233,18.3917,81.0318,1.76417,-109.254,232.15
648.9,7.99363,2.26055,26.0233,18.3917,79.4615,1.76417,-109.254,231.702
648.92,7.99469,2.37005,26.0691,18.4846,79.4567,1.76417,-109.254,229.005
648.94,7.99255,2.35083,26.0691,18.4846,79.4567,1.76417,-103.859,229.005
648.96,7.99362,2.27671,26.4348,18.6235,78.3516,1.76417,-103.859,231.245
648.98,7.99362,2.32336,26.4359,18.6239,78.3482,1.76417,-103.859,227.658
649,7.99629,2.32337,26.9402,18.6239,77.4148,1.76417,-103.859,221.818
649.02,7.99416,2.26032,26.9402,18.6239,77.4148,1.76417,-103.859,219.131
649.04,7.99522,2.1786,27.0778,18.8561,76.6564,1.76417,-103.859,211.486
649.06,7.99522,2.26152,27.0778,18.8561,76.6564,1.76417,-103.859,209.24
649.08,7.99416,2.26152,27.1235,18.6709,76.7727,1.76417,-103.859,206.105
649.1,7.99309,2.21093,27.1236,18.6704,76.7731,1.77356,-103.859,202.053
649.12,7.99576,2.23746,26.5735,18.4381,77.2981,1.77356,-103.859,196.213
649.14,7.99362,2.33791,26.5735,18.4381,77.2981,1.76482,-103.859,191.272
649.16,7.99362,2.31982,25.7482,18.8097,78.5816,1.76482,-103.859,189.924
649.18,7.99362,2.31982,25.7482,18.8097,78.5816,1.76482,-99.391,189.475
649.2,7.99415,2.29843,24.9688,19.5528,80.1567,1.76482,-99.391,187.678
649.22,7.99469,2.28014,24.9688,19.5528,80.1567,1.76482,-99.391,184.991
649.24,7.99469,2.26659,24.1435,19.1812,82.4319,1.76482,-99.391,179.143
649.26,7.99576,2.26659,24.1435,19.1812,82.4319,1.76482,-99.391,180.491
649.28,7.99469,2.33713,23.5036,19.598,86.445,1.76482,-99.391,180.491
649.3,7.99362,2.25941,23.5016,19.5992,86.4573,1.76482,-99.391,173.304
649.32,7.99415,2.18268,22.9973,20.3423,91.0076,1.76482,-99.391,170.159
649.34,7.99415,2.24815,22.9973,20.3423,91.0076,1.7761,-99.391,169.712
649.36,7.99255,2.24835,22.7222,20.7603,94.7996,1.77614,-99.391,161.175
649.38,7.99362,2.18859,22.7222,20.7603,94.7996,1.77527,-99.391,158.031
649.4,7.99522,2.13956,22.8136,21.4548,95.6139,1.77527,-99.391,158.926
649.42,7.99522,2.24736,22.8139,21.457,95.6163,1.77527,-99.391,160.726
649.44,7.99469,2.24735,22.8139,21.457,94.1579,1.77527,-111.334,157.132
649.46,7.99575,2.2022,23.3167,21.8274,94.1579,1.77527,-111.334,158.476
649.48,7.99683,2.21692,23.3183,21.8285,92.2327,1.77527,-111.334,161.175
649.5,7.99362,2.14624,24.4644,21.5963,92.2327,1.77527,-111.334,162.074
649.52,7.99362,2.18474,24.4644,21.5963,90.8369,1.77527,-111.334,162.521
649.54,7.99095,2.18485,25.5648,21.7821,90.8326,1.77527,-111.334,164.769
649.56,7.98988,2.30145,25.5648,21.7821,90.5993,1.77527,-111.334,166.566
649.58,7.99148,2.41528,26.6161,22.1988,90.5993,1.76586,-111.334,167.014
649.6,7.99148,2.42778,26.6193,22.2001,90.9493,1.76583,-111.334,167.913
649.62,7.99095,2.42778,27.3987,22.1536,90.9493,1.76368,-111.334,168.363
649.64,7.98934,2.40884,27.3987,22.1536,90.9493,1.76368,-111.334,172.405
649.66,7.98988,2.53998,27.6738,22.1536,90.3659,1.76368,-111.334,175.101
649.68,7.99148,2.481,27.6738,22.1536,90.3659,1.76368,-105.815,172.405
649.7,7.99148,2.49516,27.5821,21.9679,87.799,1.76368,-105.815,173.304
649.72,7.98988,2.49515,27.5821,21.9679,87.799,1.76368,-105.815,174.199
649.74,7.99095,2.35461,27.1695,22.0143,84.4737,1.76368,-105.815,176.448
649.76,7.98881,2.4433,27.1695,22.0143,84.4737,1.76368,-105.815,176.897
649.78,7.98881,2.39125,26.5296,22.0143,81.7984,1.76368,-105.815,184.511
649.8,7.98828,2.39109,26.5276,22.0143,81.7902,1.76368,-105.815,185.432
649.82,7.99255,2.44458,25.9316,22.1072,80.2151,1.76368,-105.815,186.78
649.84,7.98935,2.39201,25.9316,22.1072,80.2151,1.79194,-105.815,190.363
649.86,7.99041,2.31261,25.0146,21.5034,79.9817,1.79203,-105.815,196.213
649.88,7.99041,2.28247,25.0146,21.5034,79.9817,1.78996,-105.815,198.909
649.9,7.98988,2.28246,24.4661,21.6886,80.3307,1.78996,-105.815,195.774
649.92,7.98988,2.26808,24.4644,21.6892,80.3317,1.78996,-103.118,193.967
649.94,7.98988,2.25546,24.1435,22.0143,80.7401,1.78996,-103.118,192.62
649.96,7.98988,2.22912,24.1435,22.0143,80.7401,1.78996,-103.118,192.62
649.98,7.98934,2.22904,23.8684,22.5252,81.2068,1.78996,-103.118,193.518
650,7.98934,2.20888,23.8684,22.5252,81.2068,1.78996,-103.118,193.518
650.02,7.98881,2.21063,23.9598,22.8956,81.3231,1.78996,-103.118,199.788
650.04,7.98881,2.27781,23.9601,22.8967,81.3235,1.78996,-103.118,207.893
650.06,7.98934,2.37693,23.9601,23.4541,81.3235,1.78996,-103.118,206.994
650.08,7.98934,2.37693,24.0972,23.4541,81.3235,1.81261,-103.118,206.994
650.1,7.98881,2.263,24.0977,23.6398,80.8568,1.81268,-103.118,211.037
650.12,7.99041,2.28052,24.0518,23.6398,80.8568,1.8139,-103.118,212.834
650.14,7.99041,2.30665,24.0518,24.3365,80.2151,1.8139,-103.118,213.732
650.16,7.99041,2.30665,24.2352,24.3365,80.2151,1.8139,-103.118,216.877
650.18,7.98988,2.39288,24.2352,24.3365,79.865,1.8139,-115.452,215.529
650.2,7.99041,2.30487,24.5103,24.8938,79.865,1.8139,-115.452,211.037
650.22,7.99041,2.23552,24.5103,24.8938,79.6906,1.8139,-115.452,207.902
650.24,7.99095,2.21538,24.8771,25.7762,79.69,1.8139,-115.452,208.342
650.26,7.98934,2.37089,24.8771,25.7762,79.69,1.8139,-115.452,206.994
650.28,7.98934,2.27255,25.0599,25.4984,79.5737,1.8139,-115.452,205.651
650.3,7.98934,2.31866,25.0605,25.4976,79.5733,1.8139,-115.452,206.096
650.32,7.98934,2.3385,25.3814,25.0331,79.865,1.78552,-115.452,209.69
650.34,7.98988,2.3385,25.3814,25.0331,79.865,1.78552,-115.452,211.929
650.36,7.98988,2.39887,25.6106,23.7792,80.1567,1.78552,-115.452,215.529
650.38,7.98988,2.32313,25.6106,23.7792,80.1567,1.78387,-115.452,218.224
650.4,7.98988,2.41378,25.7478,22.2049,79.9241,1.78387,-115.452,220.464
650.42,7.99041,2.41406,25.7482,22.2001,79.9234,1.78387,-111.169,222.267
650.44,7.98988,2.36157,25.9316,21.1783,79.865,1.78387,-111.169,213.732
650.46,7.98935,2.32598,25.9316,21.1783,79.865,1.78387,-111.169,208.358
650.48,7.98988,2.44152,25.9316,20.2494,79.69,1.78387,-111.169,209.69
650.5,7.98988,2.38287,25.9316,20.2494,79.69,1.78387,-111.169,208.791
650.52,7.99148,2.38288,25.9316,19.8327,79.6319,1.78387,-111.169,203.865
650.54,7.99202,2.38094,25.9316,19.8314,79.6317,1.78387,-111.169,198.01
650.56,7.98881,2.35322,26.115,19.6921,80.1567,1.78387,-111.169,198.909
650.58,7.98881,2.40102,26.115,19.6921,80.1567,1.84431,-111.169,196.222
650.6,7.98828,2.40116,26.3442,19.7386,80.6818,1.8445,-111.169,194.866
650.62,7.98881,2.52159,26.3442,19.7386,80.6818,1.84569,-111.169,203.85
650.64,7.98934,2.49059,26.3442,19.9708,81.6735,1.84569,-111.169,205.647
650.66,7.98293,2.27645,26.3442,19.9708,81.6735,1.84569,-101.162,202.951
650.68,7.98293,2.4037,26.4818,20.3423,82.7236,1.84569,-101.162,201.604
650.7,7.97866,2.40369,26.4818,20.2494,83.7154,1.84569,-101.162,198.909
650.72,7.9728,2.43463,26.4818,20.2494,83.7154,1.84569,-101.162,198.461
650.74,7.96583,2.42226,26.4818,20.2494,83.7154,1.84569,-101.162,197.561
650.76,7.96583,2.43532,26.4818,20.2494,83.7154,1.84569,-101.162,196.663
650.78,7.9621,2.43531,26.4818,20.2494,83.7154,1.84569,-101.162,195.767
650.8,7.95247,2.46281,26.3901,20.8068,84.0654,1.84569,-101.162,192.62
650.82,7.94873,2.51915,26.3901,20.8068,84.0654,1.84569,-101.162,188.577
650.84,7.94234,2.34904,26.3901,20.5289,83.4838,1.84569,-101.162,185.89
650.86,7.94232,2.5045,26.3901,20.5281,83.482,1.80403,-101.162,189.026
650.88,7.93483,2.50448,26.3901,20.5281,81.6735,1.80403,-101.162,188.577
650.9,7.93164,2.43184,26.5272,20.8522,81.6735,1.80082,-101.162,187.681
650.92,7.92896,2.51974,26.5276,20.8532,79.2816,1.80081,-101.162,188.128
650.94,7.92896,2.48135,26.5276,20.8068,79.2816,1.80081,-101.162,188.577
650.96,7.92576,2.48134,26.5276,20.8068,77.0134,1.80081,-116.291,190.816
650.98,7.92575,2.44607,25.9316,20.8997,77.0065,1.80081,-116.337,189.026
651,7.93002,2.49394,25.9316,20.8997,74.6729,1.80081,-116.337,188.128
651.02,7.93002,2.40715,24.5146,21.0849,74.6729,1.80081,-116.337,190.367
651.04,7.92575,2.4742,24.5103,21.0854,74.6729,1.80081,-116.337,183.636
651.06,7.92789,2.47421,22.2179,21.1783,72.6894,1.80081,-116.337,189.026
651.08,7.92682,2.35224,22.2179,21.1783,72.6894,1.80081,-116.337,191.265
651.1,7.92468,2.36047,19.9255,20.8997,71.931,1.78943,-116.337,192.62
651.12,7.92468,2.44888,19.9255,20.8997,71.931,1.78943,-116.337,195.315
651.14,7.92575,2.44889,18.3667,21.039,72.3394,1.78943,-116.337,194.417
651.16,7.92789,2.36511,18.3667,21.039,72.3394,1.78865,-116.337,193.967
651.18,7.92521,2.33812,17.9999,20.3888,73.8562,1.78865,-116.337,198.459
651.2,7.92521,2.40039,17.9999,20.3888,73.8562,1.78865,-110.798,201.604
651.22,7.92681,2.42511,18.2741,21.4537,75.1357,1.78865,-110.798,199.812
651.24,7.92575,2.31748,18.275,21.457,75.1396,1.78865,-110.798,197.112
651.26,7.92628,2.33261,18.8252,22.0143,76.1314,1.78865,-110.798,200.705
651.28,7.92628,2.30698,18.8252,22.0143,76.1314,1.78865,-110.798,199.81
651.3,7.92628,2.36248,19.6963,21.1783,76.8898,1.78865,-110.798,199.358
651.32,7.92575,2.36248,19.6963,21.1783,76.8898,1.78865,-110.798,198.909
651.34,7.92415,2.32306,20.8847,21.7802,77.9948,1.78865,-110.798,196.669
651.36,7.92575,2.32263,20.8883,21.7821,77.9982,1.83039,-110.798,196.213
651.38,7.92575,2.42518,22.6764,21.4105,80.0984,1.83039,-110.798,194.866
651.4,7.92575,2.42518,22.6764,21.4105,80.0984,1.83843,-110.798,189.94
651.42,7.92575,2.54608,25.2897,21.039,85.2905,1.83845,-110.798,187.678
651.44,7.92735,2.72659,25.2897,21.039,85.2905,1.83845,-110.798,185.432
651.46,7.92575,2.96331,27.9865,21.3631,89.6525,1.83845,-99.6311,183.193
651.48,7.92575,2.85183,27.9947,21.3641,89.6659,1.83845,-99.5969,175.55
651.5,7.92682,2.65241,27.9947,21.5499,89.3158,1.83845,-99.5969,168.812
651.52,7.92575,2.8856,30.2344,21.5499,89.3158,1.83845,-99.5969,165.229
651.54,7.9172,2.79376,30.2413,21.7821,83.5987,1.83845,-99.5969,158.48
651.56,7.9172,2.95653,30.6081,21.7821,83.5987,1.83845,-99.5969,153.09
651.58,7.90708,2.95649,30.6081,21.7821,77.55,1.83845,-99.5969,149.507
651.6,7.89849,2.76251,30.5164,21.9679,77.5315,1.80823,-99.5969,144.105
651.62,7.9001,2.74632,30.5164,21.9679,75.198,1.80823,-99.5969,142.309
651.64,7.89956,2.62609,30.1496,22.0607,75.198,1.8078,-99.5969,147.25
651.66,7.89956,2.73753,30.1496,22.0607,75.6647,1.8078,-99.5969,148.597
651.68,7.89796,2.75831,29.8287,21.2712,75.6647,1.8078,-99.5969,142.758
651.7,7.9001,2.61022,29.8287,21.2712,75.6647,1.8078,-120.867,140.512
651.72,7.9001,2.71023,29.6915,22.012,76.3044,1.8078,-120.867,138.273
651.74,7.9001,2.56306,29.6911,22.0143,76.3064,1.8078,-120.867,136.469
651.76,7.89956,2.56306,29.2326,21.6892,76.5397,1.8078,-120.867,139.164
651.78,7.90063,2.45484,29.2326,21.6892,76.5397,1.8078,-120.867,137.373
651.8,7.9001,2.39884,28.3615,21.6892,76.6564,1.8078,-120.867,137.367
651.82,7.90063,2.57423,28.3615,21.6892,76.6564,1.8078,-120.867,142.309
651.84,7.90063,2.5286,28.1787,21.3188,77.238,1.8078,-120.867,143.204
651.86,7.89956,2.52845,28.1781,21.3176,77.2398,1.8248,-120.867,144.105
651.88,7.90223,2.57151,27.903,21.2248,77.5898,1.8248,-120.867,145.453
651.9,7.90223,2.67136,27.903,21.2248,77.5898,1.82608,-120.867,145.453
651.92,7.90223,2.53108,27.4446,21.2712,77.0065,1.82608,-120.867,147.699
651.94,7.9033,2.53109,27.4446,21.2712,77.0065,1.82608,-113.125,149.496
651.96,7.90011,2.55274,27.216,21.5953,77.7625,1.82608,-113.125,156.661
651.98,7.90277,2.51468,27.2153,21.5963,77.7649,1.82608,-113.125,162.523
652,7.90277,2.4028,26.8027,22.6645,80.9151,1.82608,-113.125,167.913
652.02,7.90224,2.36842,26.8027,22.6645,80.9151,1.82608,-113.125,171.496
652.04,7.90277,2.36832,26.2984,24.0578,83.832,1.82608,-113.125,172.405
652.06,7.9017,2.41123,26.2984,24.0578,83.832,1.82608,-113.125,171.507
652.08,7.90277,2.42129,26.0698,25.771,86.4492,1.82608,-113.125,171.507
652.1,7.90277,2.4889,26.0691,25.7762,86.4573,1.8393,-113.125,172.405
652.12,7.90437,2.48891,26.115,26.8909,89.3158,1.8393,-113.125,175.55
652.14,7.90277,2.38154,26.115,26.8909,89.3158,1.82665,-113.125,173.304
652.16,7.90384,2.41466,26.4818,27.6804,91.8827,1.82665,-113.125,175.999
652.18,7.90384,2.52228,26.4818,27.6804,91.8827,1.82665,-113.125,177.347
652.2,7.9033,2.56301,26.4818,27.6804,92.1744,1.82665,-104.539,178.694
652.22,7.90384,2.55788,27.1674,27.8193,92.1744,1.82665,-104.539,177.799
652.24,7.90384,2.55586,27.1695,27.8198,87.2156,1.82665,-104.539,179.593
652.26,7.90437,2.59943,27.628,27.8198,87.2156,1.82665,-104.539,182.288
652.28,7.90437,2.56486,27.628,27.8198,80.7598,1.82665,-104.539,184.975
652.3,7.90437,2.56475,27.3987,27.4947,80.7401,1.82665,-104.539,184.534
652.32,7.90491,2.49419,27.3987,27.4947,78.9316,1.82665,-104.539,186.78
652.34,7.90544,2.43075,27.6273,27.4947,78.9316,1.83424,-104.539,189.467
652.36,7.90544,2.48868,27.628,27.4947,79.3983,1.83426,-104.539,188.577
652.38,7.90437,2.48867,27.3987,27.5411,79.3983,1.82972,-104.539,187.229
652.4,7.90437,2.48862,27.3987,27.5411,79.3983,1.82972,-104.539,185.438
652.42,7.90544,2.40576,27.2612,28.0984,79.69,1.82972,-104.539,184.534
652.44,7.90437,2.2847,27.2612,28.0984,79.69,1.82972,-119.59,185.882
652.46,7.90437,2.43645,26.667,26.8946,79.3411,1.82972,-119.59,186.329
652.48,7.90491,2.43691,26.6651,26.8909,79.34,1.82972,-119.59,184.983
652.5,7.90651,2.36171,26.3442,26.0085,78.8733,1.82972,-119.59,191.721
652.52,7.90598,2.27178,26.3442,26.0085,78.8733,1.82972,-119.59,198.439
652.54,7.90598,2.52442,26.115,25.7762,78.5233,1.82972,-119.59,201.155
652.56,7.90758,2.52443,26.115,25.7762,78.5233,1.82972,-119.59,207.443
652.58,7.90651,2.42542,26.0693,25.1743,78.6396,1.82972,-119.59,204.756
652.6,7.90758,2.35092,26.0691,25.1725,78.6399,1.81065,-119.59,206.545
652.62,7.90704,2.35693,26.6193,24.8474,80.3901,1.81065,-119.59,211.037
652.64,7.90704,2.27068,26.6193,24.8474,80.3901,1.82215,-119.59,215.978
652.66,7.90811,2.27069,27.2153,24.3829,84.2987,1.82215,-119.59,218.224
652.68,7.90651,2.36649,27.2153,24.3829,84.2987,1.82215,-115.555,216.877
652.7,7.90918,2.49018,27.8113,23.9185,88.7908,1.82215,-115.555,218.674
652.72,7.90918,2.52524,27.8113,23.9185,88.7908,1.82215,-115.555,223.152
652.74,7.90972,2.52535,28.4991,23.7327,92.4661,1.82215,-115.555,224.064
652.76,7.90918,2.39505,28.4991,23.7327,92.4661,1.82215,-115.555,226.31
652.78,7.90971,2.28686,29.0019,23.316,96.421,1.82215,-115.555,225.862
652.8,7.91025,2.51716,29.0034,23.3147,96.4331,1.82215,-115.555,223.615
652.82,7.91025,2.5061,29.0034,24.3829,100.458,1.82215,-115.555,222.267
652.84,7.90812,2.50609,29.3233,24.3829,100.458,1.80327,-115.555,222.267
652.86,7.91025,2.51547,29.3243,24.8009,102.442,1.80321,-115.555,213.732
652.88,7.91239,2.59829,29.737,24.8009,102.442,1.82348,-115.555,209.689
652.9,7.91239,2.63795,29.737,24.8009,100.93,1.82348,-115.555,209.242
652.92,7.91239,2.63807,30.3788,24.9403,100.925,1.82348,-115.555,211.037
652.94,7.91132,2.71408,30.3788,24.9403,96.2581,1.82348,-104.456,207.443
652.96,7.90972,2.52955,30.6988,24.4772,96.2581,1.82348,-104.456,201.174
652.98,7.91185,2.62899,30.6998,24.4758,90.3076,1.82348,-104.456,196.663
653,7.91185,2.57779,30.7915,24.5687,90.3076,1.82348,-104.456,201.155
653.02,7.91185,2.57779,30.7915,24.5687,90.3076,1.82348,-104.456,202.05
653.04,7.91239,2.52594,30.7456,24.3365,85.5238,1.82348,-104.456,204.299
653.06,7.91239,2.56766,30.7456,24.3365,85.5238,1.82348,-104.456,203.85
653.08,7.91239,2.47592,29.9229,23.7809,83.0229,1.82722,-104.456,203.402
653.1,7.91399,2.47565,29.9204,23.7792,83.0153,1.82723,-104.456,203.85
653.12,7.91292,2.30511,28.9575,23.1754,82.4902,1.82723,-104.456,205.647
653.14,7.91132,2.33515,28.9575,23.1754,82.4902,1.84623,-104.456,206.545
653.16,7.91132,2.4608,27.903,22.9432,83.132,1.84623,-104.456,207.893
653.18,7.91132,2.4518,27.903,22.9432,83.132,1.84623,-115.905,207.443
653.2,7.91239,2.4518,26.9861,23.872,84.007,1.84623,-115.905,211.037
653.22,7.91399,2.34388,26.9861,23.872,84.007,1.84623,-115.905,219.546
653.24,7.91453,2.47103,26.1608,23.7792,85.1738,1.84623,-115.905,226.31
653.26,7.91453,2.52646,26.1608,23.7792,85.1738,1.84623,-115.905,230.802
653.28,7.91559,2.52646,25.7037,24.0107,86.9186,1.84623,-115.905,236.624
653.3,7.91346,2.2929,25.7023,24.0114,86.924,1.84623,-115.905,236.642
653.32,7.91399,2.2956,25.3356,24.6616,88.8491,1.84623,-115.905,240.236
653.34,7.91452,2.23994,25.3356,24.6616,88.8491,1.81484,-115.905,237.996
653.36,7.91453,2.34025,25.4731,24.6151,90.3659,1.81475,-115.905,241.134
653.38,7.91399,2.34024,25.4731,24.6151,90.3659,1.81475,-115.905,247.872
653.4,7.91506,2.33363,25.4731,24.6151,90.3659,1.81475,-115.905,252.798
653.42,7.91506,2.31852,25.519,24.708,90.9493,1.81475,-115.905,253.712
653.44,7.91506,2.25602,25.519,24.708,90.9493,1.81475,-114.875,253.712
653.46,7.91506,2.25602,26.1132,24.9858,90.9493,1.81475,-114.875,253.264
653.48,7.91453,2.22693,26.115,24.9867,90.9493,1.81475,-114.875,252.813
653.5,7.91453,2.28712,26.7568,24.6151,90.2492,1.81475,-114.875,255.059
653.52,7.91666,2.23709,26.7568,24.6151,90.2492,1.81475,-114.875,259.538
653.54,7.91666,2.32716,26.7568,24.4294,88.8491,1.81475,-114.875,258.204
653.56,7.91666,2.32716,27.307,24.4294,88.8491,1.81475,-114.875,260.45
653.58,7.91933,2.39792,27.307,24.4294,87.7441,1.81475,-114.875,260.898
653.6,7.91613,2.27101,27.7197,24.1507,87.7407,1.85365,-114.875,259.102
653.62,7.91613,2.36649,27.7197,24.1507,87.099,1.85365,-114.875,255.958
653.64,7.9156,2.36649,28.1781,23.9649,87.099,1.82664,-114.875,250.567
653.66,7.9172,2.33575,28.1781,23.9649,86.2822,1.82664,-114.875,252.813
653.68,7.91773,2.35809,28.3615,24.3365,86.2822,1.82664,-114.875,251.016
653.7,7.9172,2.32743,28.3615,24.3365,85.1738,1.82664,-112.734,252.813
653.72,7.9172,2.33312,28.1787,24.1976,85.1738,1.82664,-112.734,256.844
653.74,7.9172,2.33313,28.1781,24.1972,85.1738,1.82664,-112.734,256.856
653.76,7.91666,2.30615,27.7655,24.1972,84.5321,1.82664,-112.734,256.856
653.78,7.91613,2.33586,27.7655,24.1972,84.5321,1.82664,-112.734,255.961
653.8,7.91613,2.2617,27.5821,23.7792,84.2404,1.82664,-112.734,254.161
653.82,7.91827,2.26171,27.5821,23.7792,84.2404,1.82664,-112.734,252.364
653.84,7.91614,2.42135,27.7649,23.5476,84.4149,1.82664,-112.734,250.573
653.86,7.91666,2.28928,27.7655,23.5469,84.4154,1.8417,-112.734,248.77
653.88,7.91666,2.25659,28.4532,24.0114,84.8821,1.8417,-112.734,246.075
653.9,7.9156,2.27253,28.4532,24.0114,84.8821,1.79734,-112.734,245.627
653.92,7.9172,2.27258,29.1868,24.1507,84.7654,1.7972,-112.734,245.177
653.94,7.91666,2.39333,29.1868,24.1507,84.7654,1.7972,-113.763,240.236
653.96,7.91666,2.27339,30.1467,24.7063,84.242,1.7972,-113.763,236.653
653.98,7.91666,2.39136,30.1496,24.708,84.2404,1.7972,-113.763,226.759
654,7.91827,2.39137,30.8373,24.8938,83.3653,1.7972,-113.763,230.353
654.02,7.9172,2.4309,30.8373,24.8938,83.3653,1.7972,-113.763,226.77
654.04,7.91773,2.56933,31.4333,25.5905,82.8986,1.7972,-113.763,225.861
654.06,7.91773,2.52952,31.4333,25.5905,82.8986,1.7972,-113.763,222.267
654.08,7.91667,2.56664,31.799,26.3776,84.0037,1.7972,-113.763,212.863
654.1,7.91827,2.59827,31.8001,26.38,84.007,1.84352,-113.763,212.385
654.12,7.91666,2.47301,32.0294,26.9373,86.3989,1.84352,-113.763,204.748
654.14,7.9188,2.48338,32.0294,26.9373,86.3989,1.83716,-113.763,196.213
654.16,7.9188,2.42317,32.1669,27.4018,89.3158,1.83716,-113.763,191.272
654.18,7.91827,2.42316,32.1669,27.4018,89.3158,1.83716,-113.763,187.678
654.2,7.91827,2.56238,32.1669,28.1449,91.8827,1.83716,-116.214,184.534
654.22,7.91827,2.49868,31.9384,28.1449,91.8827,1.83716,-116.214,184.086
654.24,7.91827,2.44505,31.9377,27.9591,92.9328,1.83716,-116.214,185.432
654.26,7.9172,2.44505,31.6167,27.9591,92.9328,1.83716,-116.214,182.288
654.28,7.91933,2.56216,31.6167,28.1906,92.9328,1.83716,-116.214,181.392
654.3,7.91773,2.5785,31.2041,28.1913,92.9328,1.83716,-116.214,178.694
654.32,7.91773,2.51289,31.2041,28.1913,92.2327,1.83716,-116.214,176.448
654.34,7.91773,2.45043,30.5642,27.8209,92.2327,1.84489,-116.214,171.522
654.36,7.9172,2.45024,30.5622,27.8198,92.1744,1.84491,-116.214,173.304
654.38,7.91666,2.54814,30.4247,27.7733,92.1744,1.84842,-116.214,175.101
654.4,7.91453,2.43707,30.4247,27.7733,92.1744,1.84842,-116.214,182.714
654.42,7.91453,2.62895,30.5622,27.4482,92.2911,1.84842,-116.214,180.94
654.44,7.91079,2.62894,30.5622,27.4482,92.2911,1.84842,-109.625,186.78
654.46,7.90812,2.47212,30.6536,26.8,92.5819,1.84842,-109.625,187.676
654.48,7.90651,2.42353,30.6539,26.798,92.5828,1.84842,-109.625,190.823
654.5,7.90758,2.44146,31.1124,27.0302,92.5828,1.84842,-109.625,194.866
654.52,7.90758,2.56847,31.1124,27.0302,92.5828,1.84842,-109.625,190.835
654.54,7.90598,2.56885,31.3416,26.3336,92.6411,1.84842,-109.625,191.721
654.56,7.90651,2.49783,31.3416,26.3336,92.6411,1.84842,-109.625,200.705
654.58,7.90704,2.44764,31.6159,26.1484,92.1758,1.84842,-109.625,198.914
654.6,7.90704,2.47518,31.6167,26.1478,92.1744,1.88901,-109.625,195.764
654.62,7.90651,2.47518,32.0294,25.6833,92.2911,1.88901,-109.625,198.459
654.64,7.90651,2.35723,32.0294,25.6833,92.2911,1.89798,-109.625,199.358
654.66,7.90811,2.39944,32.442,25.4976,92.5244,1.89798,-109.625,199.807
654.68,7.90598,2.5548,32.442,25.4976,92.5244,1.89798,-103.55,203.85
654.7,7.90598,2.49989,32.6254,25.0796,92.6411,1.89798,-103.55,202.951
654.72,7.90598,2.49989,32.6254,25.0796,92.6411,1.89798,-103.55,205.191
654.74,7.90598,2.51093,32.7629,24.708,92.5828,1.89798,-103.55,206.096
654.76,7.90598,2.54182,32.7629,24.708,92.5828,1.89798,-103.55,206.096
654.78,7.90598,2.48314,33.1286,24.7543,92.2338,1.89798,-103.55,203.857
654.8,7.90491,2.48295,33.1297,24.7545,92.2327,1.89798,-103.55,206.545
654.82,7.90598,2.62407,33.6799,24.5223,91.766,1.89798,-103.55,203.401
654.84,7.90598,2.62274,33.6799,24.5223,91.766,1.89607,-103.55,199.818
654.86,7.90544,2.40784,34.2301,24.1507,90.1909,1.89606,-103.55,198.01
654.88,7.90544,2.57839,34.2301,24.1507,90.1909,1.89697,-103.55,198.459
654.9,7.90597,2.5784,34.4586,24.2433,87.2247,1.89697,-103.55,195.324
654.92,7.90704,2.49156,34.4593,24.2436,87.2156,1.89697,-103.55,190.374
654.94,7.90437,2.56696,34.4593,23.9185,83.7154,1.89697,-116.564,190.374
654.96,7.90437,2.45795,33.8651,23.9185,83.7154,1.89697,-116.564,192.613
654.98,7.90704,2.45763,33.8633,23.9185,80.9151,1.89697,-116.564,188.577
655,7.90598,2.46765,33.038,23.7792,80.9151,1.89697,-116.564,192.17
655.02,7.90757,2.54731,33.038,23.7792,80.9733,1.89697,-116.564,193.066
655.04,7.90544,2.50578,31.7543,24.0114,80.9735,1.89697,-116.564,188.577
655.06,7.90544,2.38431,31.7543,24.0114,82.8403,1.89697,-116.564,183.636
655.08,7.90704,2.38432,30.2459,24.0114,82.8403,1.87588,-116.564,181.396
655.1,7.90651,2.38388,30.2413,24.0114,85.6989,1.87581,-116.564,180.94
655.12,7.90544,2.55808,29.1409,24.4294,85.6989,1.88229,-116.564,185.882
655.14,7.90544,2.43669,29.1409,24.4294,85.6989,1.88229,-116.564,189.475
655.16,7.90651,2.43669,27.8113,24.5223,90.4242,1.88229,-116.564,189.475
655.18,7.90544,2.3807,27.8113,24.5223,90.4242,1.88229,-109.172,191.721
655.2,7.90384,2.30386,26.6193,24.5687,94.5663,1.88229,-109.172,193.967
655.22,7.90384,2.34342,26.6193,24.5687,94.5663,1.88229,-109.172,191.28
655.24,7.90384,2.2426,25.2897,24.3365,95.6747,1.88229,-109.172,193.518
655.26,7.90437,2.2426,25.2897,24.3365,95.6747,1.88229,-109.172,194.866
655.28,7.90331,2.27233,24.5584,24.1976,95.442,1.88229,-109.172,197.553
655.3,7.90544,2.17671,24.5561,24.1972,95.4413,1.88229,-109.172,200.256
655.32,7.90544,2.07925,24.3269,23.872,95.3247,1.88229,-109.172,202.951
655.34,7.90597,2.07925,24.3269,23.872,95.3247,1.90904,-109.172,209.669
655.36,7.90491,2.15176,24.3728,23.7792,95.6163,1.90913,-109.172,212.834
655.38,7.9033,2.13562,24.3728,23.7792,95.6163,1.91771,-109.172,215.08
655.4,7.9033,2.20111,24.7384,23.8718,95.7327,1.91771,-109.172,215.528
655.42,7.90437,2.25759,24.7395,23.872,95.733,1.91771,-111.766,217.775
655.44,7.90491,2.13627,25.3356,23.5469,95.1496,1.91771,-111.766,221.818
655.46,7.90491,2.17447,25.3356,23.5469,95.1496,1.91771,-111.766,226.296
655.48,7.90437,2.11156,26.0691,23.3147,94.0996,1.91771,-111.766,230.353
655.5,7.90437,2.26455,26.0691,23.3147,94.0996,1.91771,-111.766,230.802
655.52,7.90491,2.26455,26.9833,22.6665,92.7037,1.91771,-111.766,229.907
655.54,7.90384,2.17229,26.9861,22.6645,92.6994,1.91771,-111.766,225.861
655.56,7.90223,2.1262,27.903,22.2001,90.5993,1.91771,-111.766,221.818
655.58,7.90437,2.22305,27.903,22.2001,90.5993,1.9082,-111.766,222.714
655.6,7.90437,2.22335,27.903,22.2001,87.974,1.90817,-111.766,220.47
655.62,7.90384,2.23242,28.4074,22.2001,87.974,1.91868,-111.766,221.369
655.64,7.90384,2.2342,28.4074,22.2001,85.5822,1.91868,-111.766,224.963
655.66,7.90384,2.30677,29.2785,21.457,85.5822,1.91868,-111.766,222.267
655.68,7.90384,2.22048,29.2785,21.457,85.5822,1.91868,-124.759,220.92
655.7,7.90223,2.22047,30.1954,20.2494,85.5822,1.91868,-124.759,220.92
655.72,7.9033,2.25202,30.1954,20.2494,87.7341,1.91868,-124.759,215.994
655.74,7.9033,2.32302,31.0207,19.7386,87.7407,1.91868,-124.759,214.631
655.76,7.9033,2.29544,31.0207,19.7386,90.3076,1.91868,-124.759,211.037
655.78,7.90277,2.34274,31.6606,19.3218,90.3076,1.91868,-124.759,215.963
655.8,7.90223,2.30983,31.6626,19.3206,90.3076,1.91868,-124.759,214.631
655.82,7.90223,2.39692,31.9835,18.9955,92.1744,1.92058,-124.759,218.224
655.84,7.90277,2.29124,31.9835,18.9955,92.1744,1.92058,-124.759,220.016
655.86,7.90277,2.31149,31.7543,18.4381,94.4496,1.92833,-124.759,224.513
655.88,7.9001,2.31148,31.7543,18.4381,94.4496,1.92833,-124.759,220.92
655.9,7.90276,2.3064,31.2515,18.6696,96.4852,1.92833,-124.759,217.785
655.92,7.90223,2.30055,31.2499,18.6704,96.4914,1.92833,-129.536,220.47
655.94,7.90223,2.24542,30.8373,18.8097,98.6499,1.92833,-129.536,222.716
655.96,7.90277,2.26689,30.8373,18.8097,98.6499,1.92833,-129.536,219.582
655.98,7.90223,2.23755,30.5164,19.0419,100.458,1.92833,-129.536,217.326
656,7.90117,2.37178,30.2413,19.785,101.625,1.92833,-129.536,215.978
656.02,7.90063,2.2529,30.2413,19.785,101.625,1.92833,-129.536,216.426
656.04,7.90063,2.45837,30.2413,19.785,101.625,1.92833,-129.536,216.428
656.06,7.89956,2.45837,30.2413,19.785,101.625,1.92833,-129.536,212.385
656.08,7.90063,2.3247,29.8299,19.8776,102.09,1.92833,-129.536,213.728
656.1,7.89956,2.36054,29.8287,19.8779,102.092,1.96048,-129.536,221.818
656.12,7.89956,2.32932,29.3702,20.7139,101.625,1.96048,-129.536,227.209
656.14,7.90117,2.32932,29.3702,20.7139,101.625,1.97104,-129.536,228.556
656.16,7.89903,2.42379,28.4532,21.0854,100.517,1.97104,-129.536,229.455
656.18,7.90223,2.27935,28.4532,21.0854,100.517,1.97104,-129.536,231.701
656.2,7.9001,2.33586,27.4446,21.3641,98.6499,1.97104,-111.89,225.861
656.22,7.9001,2.25082,27.4446,21.3641,98.6499,1.97104,-111.89,227.204
656.24,7.89849,2.25056,26.1608,21.7356,96.0831,1.97104,-111.89,226.31
656.26,7.90063,2.30982,26.1608,21.7356,96.0831,1.97104,-111.89,224.064
656.28,7.9001,2.44247,26.1608,22.3376,93.7566,1.97104,-111.89,221.377
656.3,7.9001,2.34223,25.1522,22.3394,93.7495,1.97104,-111.89,226.31
656.32,7.89956,2.34223,25.1522,22.3394,92.3494,1.97104,-111.89,225.861
656.34,7.90116,2.3389,24.558,23.0802,92.3494,1.93354,-111.89,221.383
656.36,7.90063,2.36512,24.5561,23.0825,91.9994,1.93343,-111.89,223.166
656.38,7.90063,2.21133,24.6478,23.5005,91.9994,1.95812,-111.89,230.802
656.4,7.8985,2.29706,24.6478,23.5005,91.7667,1.95812,-111.89,236.624
656.42,7.89903,2.29732,25.0146,23.7792,91.766,1.95812,-111.89,237.99
656.44,7.89529,2.33522,25.0146,23.7792,91.9994,1.95812,-124.985,239.786
656.46,7.89795,2.285,25.1975,23.455,91.9994,1.95812,-124.985,237.099
656.48,7.89796,2.29003,25.198,23.4541,91.9994,1.95812,-124.985,235.744
656.5,7.89636,2.29002,25.7482,23.4076,92.9911,1.95812,-124.985,235.743
656.52,7.89902,2.34446,25.7482,23.4076,92.9911,1.95812,-124.985,228.578
656.54,7.89742,2.32608,26.8485,23.2683,94.0412,1.95812,-124.985,223.166
656.56,7.89742,2.3329,26.8485,23.2683,94.0412,1.95812,-124.985,226.759
656.58,7.89636,2.33609,28.1741,23.222,95.6697,1.95812,-124.985,229.894
656.6,7.89796,2.41281,28.1781,23.2218,95.6747,1.93771,-124.985,233.497
656.62,7.89742,2.34992,29.6911,23.0825,98.0666,1.93771,-124.985,232.15
656.64,7.89796,2.41416,29.6911,23.0825,98.0666,1.94993,-124.985,230.353
656.66,7.89796,2.34715,31.1124,22.8038,102.267,1.94993,-124.985,225.861
656.68,7.89956,2.34715,31.1124,22.8038,102.267,1.94993,-117.84,226.31
656.7,7.90063,2.42957,31.7084,22.8503,108.217,1.94993,-117.84,220.92
656.72,7.89797,2.48974,31.7084,22.8503,108.217,1.94993,-117.84,216.889
656.74,7.89903,2.63971,32.5795,22.9432,115.451,1.94993,-117.84,217.775
656.76,7.89903,2.63971,32.5795,22.9432,115.451,1.94993,-117.84,218.224
656.78,7.89849,2.46809,33.128,22.758,122.896,1.94993,-117.84,211.059
656.8,7.89636,2.76998,33.1297,22.7574,122.919,1.94993,-117.84,198.459
656.82,7.89742,2.84441,33.5882,22.8967,126.711,1.94993,-117.84,189.475
656.84,7.89742,2.58804,33.5882,22.8967,126.711,1.94258,-117.84,184.101
656.86,7.89689,2.58725,33.8633,23.4076,121.577,1.94256,-117.84,180.491
656.88,7.89903,2.74689,33.8633,23.4076,121.577,1.94929,-117.84,177.347
656.9,7.89849,2.55964,34.2289,23.6854,111.69,1.94929,-117.84,177.347
656.92,7.89849,2.67916,34.2301,23.6863,111.659,1.94929,-117.84,175.55
656.94,7.89956,2.74475,34.2301,23.7792,104.892,1.94929,-103.386,170.609
656.96,7.89903,2.68825,34.1843,23.7792,104.892,1.94929,-103.386,164.787
656.98,7.89742,2.56756,34.1842,23.7792,99.5834,1.94929,-103.386,165.667
657,7.9001,2.65628,33.8633,24.3365,99.5834,1.94929,-103.386,158.929
657.02,7.9001,2.68002,33.8633,24.3365,94.6979,1.94929,-103.386,150.42
657.04,7.89849,2.68009,33.4048,24.5687,94.6829,1.94929,-103.386,152.64
657.06,7.90063,2.65667,33.4048,24.5687,91.416,1.94929,-103.386,155.336
657.08,7.89797,2.60237,32.4906,24.7076,91.416,1.9786,-103.386,160.262
657.1,7.89796,2.46862,32.4878,24.708,89.5492,1.97869,-103.386,161.624
657.12,7.89956,2.50942,31.2499,25.2654,89.5492,1.9372,-103.386,164.769
657.14,7.89849,2.53297,31.2499,25.2654,89.5492,1.9372,-103.386,167.913
657.16,7.90223,2.29494,30.333,25.6369,88.0324,1.9372,-103.386,172.405
657.18,7.90277,2.31942,30.333,25.6369,88.0324,1.9372,-120.29,170.159
657.2,7.90277,2.38609,29.5077,25.6833,87.799,1.9372,-120.29,169.261
657.22,7.9033,2.38609,29.5077,25.6833,87.799,1.9372,-120.29,175.978
657.24,7.90544,2.25194,28.7283,26.6587,88.8491,1.9372,-120.29,183.186
657.26,7.90491,2.4002,28.7283,26.6587,88.8491,1.9372,-120.29,192.17
657.28,7.90491,2.28801,28.0884,27.0754,90.6521,1.9372,-120.29,198.888
657.3,7.90491,2.28766,28.0864,27.0767,90.6576,1.9372,-120.29,207.893
657.32,7.90437,2.41371,27.4446,27.1231,92.4661,1.9372,-120.29,210.588
657.34,7.90704,2.3607,27.4446,27.1231,92.4661,1.97092,-120.29,214.618
657.36,7.90651,2.3304,27.1236,27.0302,93.6329,1.97103,-120.29,222.267
657.38,7.90651,2.35624,27.1236,27.0302,93.6329,1.92127,-120.29,229.005
657.4,7.90811,2.35625,27.0322,26.7987,95.0869,1.92127,-120.29,227.662
657.42,7.90972,2.30543,27.0319,26.798,95.0913,1.92127,-113.64,233.497
657.44,7.91132,2.17525,27.1236,26.4264,97.5415,1.92127,-113.64,238.439
657.46,7.91132,2.28758,27.1236,26.4264,97.5415,1.92127,-113.64,238.887
657.48,7.91239,2.28793,27.4446,26.5193,99.9334,1.92127,-113.64,239.786
657.5,7.91399,2.2704,27.4446,26.5193,99.9334,1.92127,-113.64,238.439
657.52,7.91612,2.19052,27.9931,26.2415,101.155,1.92127,-113.64,234.856
657.54,7.91506,2.24157,27.9947,26.2407,101.158,1.92127,-113.64,233.048
657.56,7.91506,2.38047,28.4074,26.0085,101.567,1.92127,-113.64,229.904
657.58,7.91613,2.38047,28.4074,26.0085,101.567,1.90205,-113.64,228.112
657.6,7.9172,2.37672,28.4074,25.8691,99.5834,1.90199,-113.64,232.15
657.62,7.91827,2.29001,28.9117,25.8691,99.5834,1.89522,-113.64,236.642
657.64,7.91827,2.28292,28.9117,25.8691,96.6081,1.89522,-113.64,238.888
657.66,7.9188,2.28292,29.4619,25.8227,96.6081,1.89522,-113.64,237.091
657.68,7.91987,2.33075,29.4619,25.8227,94.0996,1.89522,-102.706,233.947
657.7,7.92094,2.35025,29.8745,25.7298,94.0996,1.89522,-102.706,229.005
657.72,7.92094,2.36966,29.8745,25.7298,92.6456,1.89522,-102.706,224.975
657.74,7.91934,2.30056,30.4705,25.3118,92.6411,1.89522,-102.706,224.064
657.76,7.92094,2.30056,30.4705,25.3118,92.6411,1.89522,-102.706,223.166
657.78,7.91987,2.2634,30.6991,24.8951,92.6411,1.89522,-102.706,225.853
657.8,7.91987,2.43465,30.6998,24.8938,92.6411,1.89522,-102.706,222.267
657.82,7.91987,2.33392,30.8832,24.9403,93.0495,1.88361,-102.706,220.021
657.84,7.92307,2.33393,30.8832,24.9403,93.0495,1.88361,-102.706,217.782
657.86,7.92308,2.34604,31.1124,24.9867,92.9328,1.90107,-102.706,218.224
657.88,7.92521,2.35424,31.1124,24.9867,92.9328,1.90107,-102.706,217.326
657.9,7.92521,2.42166,31.2495,24.9404,92.9328,1.90107,-102.706,215.983
657.92,7.92682,2.41604,31.2499,24.9403,92.9328,1.90107,-118.602,210.139
657.94,7.93002,2.33886,31.3875,24.6151,92.8161,1.90107,-118.602,212.385
657.96,7.92629,2.34838,31.3875,24.6151,92.8161,1.90107,-118.602,215.967
657.98,7.92842,2.45405,31.5709,24.8009,93.1661,1.90107,-118.602,215.08
658,7.92842,2.37686,31.5709,24.8009,93.1661,1.90107,-118.602,211.486
658.02,7.93055,2.37687,31.6623,24.8009,94.4457,1.90107,-118.602,209.247
658.04,7.92789,2.3981,31.6626,24.8009,94.4496,1.90107,-118.602,207.443
658.06,7.93109,2.41559,31.7543,24.708,95.6747,1.90107,-118.602,208.791
658.08,7.93269,2.49777,31.7543,24.708,95.6747,1.81703,-118.602,206.552
658.1,7.9327,2.49802,31.846,24.8474,96.6664,1.81677,-118.602,203.85
658.12,7.93163,2.36465,31.846,24.8474,96.6664,1.86754,-118.602,207.893
658.14,7.93323,2.52213,31.8001,24.6151,97.3082,1.86754,-118.602,206.545
658.16,7.9327,2.40704,31.8001,24.6151,97.3082,1.86754,-118.602,208.791
658.18,7.9327,2.43857,31.846,24.5223,97.6582,1.86754,-113.29,209.69
658.2,7.93697,2.43858,31.846,24.5223,97.6582,1.86754,-113.29,208.791
658.22,7.93591,2.4996,31.8917,25.0316,97.8327,1.86754,-113.29,207
658.24,7.93804,2.39941,31.8918,25.0331,97.8332,1.86754,-113.29,206.096
658.26,7.93804,2.32659,31.8918,25.0796,98.0666,1.86754,-113.29,206.096
658.28,7.93964,2.43678,32.1204,25.0796,98.0666,1.86754,-113.29,204.305
658.3,7.94018,2.46383,32.1211,25.0796,97.6582,1.86754,-113.29,202.951
658.32,7.94071,2.32075,32.2586,25.0796,97.6582,1.72832,-113.29,202.951
658.34,7.94125,2.38795,32.2586,25.0796,97.1348,1.72832,-113.29,205.638
658.36,7.94125,2.37983,32.3044,25.544,97.1331,1.87823,-113.29,202.502
658.38,7.94338,2.37983,32.3044,25.544,96.2581,1.87823,-113.29,198.459
658.4,7.94285,2.52072,32.2587,25.8218,96.2581,1.87823,-113.29,198.012
658.42,7.94232,2.35573,32.2586,25.8227,95.7914,1.87823,-101.388,198.01
658.44,7.94232,2.38414,32.3503,25.8691,95.7914,1.87823,-101.388,198.909
658.46,7.94498,2.39048,32.3503,25.8691,95.7914,1.87823,-101.388,198.909
658.48,7.94499,2.40833,32.2127,25.7298,95.6747,1.87823,-101.388,193.518
658.5,7.94552,2.61464,32.2127,25.7298,95.6747,1.87823,-101.388,198.01
658.52,7.94712,2.44647,31.8471,25.6372,96.0237,1.87823,-101.388,200.697
658.54,7.94713,2.49221,31.846,25.6369,96.0247,1.87823,-101.388,198.459
658.56,7.94873,2.49222,31.3875,25.544,95.8497,1.87823,-101.388,197.561
658.58,7.94926,2.41407,31.3875,25.544,95.8497,1.57053,-101.388,198.457
658.6,7.94873,2.40727,31.1124,25.2654,95.033,1.56959,-101.388,194.866
658.62,7.94926,2.41827,31.1124,25.2654,95.033,1.86785,-101.388,187.678
658.64,7.94926,2.41827,30.6539,25.6369,93.8662,1.86785,-112.857,187.678
658.66,7.94873,2.38717,30.6539,25.6369,93.8662,1.86785,-112.857,189.475
658.68,7.95087,2.54619,30.6539,25.6369,93.8662,1.86785,-112.857,186.78
658.7,7.95247,2.48808,30.5622,25.8227,92.8745,1.86785,-112.857,182.737
658.72,7.95247,2.3893,30.5622,25.8227,92.8745,1.86785,-112.857,179.602
658.74,7.95033,2.38899,30.6081,25.6369,92.0577,1.86785,-112.857,179.593
658.76,7.953,2.41433,30.6081,25.6369,92.0577,1.86785,-112.857,180.94
658.78,7.95087,2.6067,30.3795,26.2851,90.7782,1.86785,-112.857,183.179
658.8,7.95087,2.3909,30.3788,26.2871,90.7743,1.86785,-112.857,183.186
658.82,7.95087,2.50527,30.2413,26.1478,89.6075,1.86785,-112.857,184.085
658.84,7.9514,2.52269,30.2413,26.1478,89.6075,1.59769,-112.857,187.22
658.86,7.953,2.38251,30.1954,25.7762,88.4408,1.59686,-112.857,186.78
658.88,7.95354,2.39541,30.1954,25.7762,88.4408,1.82754,-112.857,190.823
658.9,7.95354,2.57947,30.104,25.6373,88.2081,1.82754,-112.857,197.093
658.92,7.953,2.58003,30.1037,25.6369,88.2074,1.82754,-112.857,193.069
658.94,7.95194,2.36611,30.1037,25.7762,88.9658,1.82754,-114.587,193.967
658.96,7.95566,2.41321,29.8752,25.7762,88.9658,1.82754,-114.587,197.998
658.98,7.95568,2.39806,29.8745,25.7762,90.0159,1.82754,-114.587,204.299
659,7.9514,2.41529,29.9662,26.3336,90.0159,1.82754,-114.587,199.807
659.02,7.95193,2.43314,29.9662,26.3336,90.5975,1.82754,-114.587,201.15
659.04,7.95247,2.33129,29.6453,25.4976,90.5993,1.82754,-114.587,202.951
659.06,7.95407,2.47718,29.6453,25.4976,90.891,1.82754,-114.587,206.545
659.08,7.95407,2.44897,29.3253,25.3124,90.891,1.70397,-114.587,207.441
659.1,7.95354,2.44888,29.3243,25.3118,90.8326,1.70359,-114.587,208.791
659.12,7.95247,2.50193,28.9575,25.4976,90.8326,1.79234,-114.587,209.69
659.14,7.95407,2.39651,28.9575,25.4976,90.8326,1.79234,-114.587,215.529
659.16,7.95407,2.41653,28.5908,25.3582,90.6576,1.79234,-114.587,216.877
659.18,7.95568,2.41653,28.5908,25.3582,90.6576,1.79234,-106.618,218.224
659.2,7.95568,2.43428,28.3157,25.2189,90.4826,1.79234,-106.618,220.92
659.22,7.95301,2.41141,28.3157,25.2189,90.4826,1.79234,-106.618,221.815
659.24,7.95514,2.53414,28.1323,24.9867,89.8992,1.79234,-106.618,222.717
659.26,7.95514,2.44221,28.1323,24.9867,89.8992,1.79234,-106.618,220.92
659.28,7.95461,2.44221,28.0866,25.1719,88.3289,1.79234,-106.618,224.055
659.3,7.95407,2.34895,28.0864,25.1725,88.3241,1.79234,-106.618,222.267
659.32,7.95514,2.56287,27.9947,24.5687,86.1656,1.79234,-106.618,221.818
659.34,7.95514,2.50841,27.9947,24.5687,86.1656,1.7529,-106.618,226.296
659.36,7.95461,2.50825,27.7655,24.6616,84.1821,1.75278,-106.618,223.166
659.38,7.95461,2.39844,27.7655,24.6616,84.1821,1.84009,-106.618,222.267
659.4,7.95567,2.39493,27.8569,24.8005,82.7862,1.84009,-106.618,215.55
659.42,7.95354,2.39697,27.8572,24.8009,82.7819,1.84009,-111.128,215.529
659.44,7.95354,2.3015,27.903,24.7545,82.2569,1.84009,-111.128,214.182
659.46,7.95514,2.3015,27.903,24.7545,82.2569,1.84009,-111.128,214.182
659.48,7.95354,2.34399,27.628,24.7545,82.1402,1.84009,-111.128,215.529
659.5,7.953,2.32356,27.628,24.7545,82.1402,1.84009,-111.128,214.182
659.52,7.953,2.42542,27.3537,24.7082,81.9657,1.84009,-111.128,215.077
659.54,7.95514,2.42573,27.3529,24.708,81.9652,1.84009,-111.128,214.631
659.56,7.95407,2.2775,27.2153,24.2436,81.6152,1.84009,-111.128,211.486
659.58,7.95567,2.31522,27.2153,24.2436,81.6152,1.82849,-111.128,208.352
659.6,7.95354,2.2518,27.2153,24.29,82.5486,1.82846,-111.128,205.647
659.62,7.95354,2.52361,26.8944,24.29,82.5486,1.82081,-111.128,200.705
659.64,7.95675,2.52362,26.8944,24.29,83.3653,1.82081,-111.128,203.85
659.66,7.95461,2.2877,26.5735,24.1043,83.3653,1.82081,-111.128,202.951
659.68,7.95514,2.30463,26.5735,24.1043,84.7654,1.82081,-112.445,199.358
659.7,7.95514,2.45607,26.3442,24.4294,84.7654,1.82081,-112.445,196.663
659.72,7.95514,2.45607,26.3442,24.4294,86.1613,1.82081,-112.445,194.423
659.74,7.95247,2.37015,26.2067,24.4758,86.1656,1.82081,-112.445,187.678
659.76,7.95514,2.24745,26.2067,24.4758,87.3907,1.82081,-112.445,185.882
659.78,7.95461,2.3208,26.0695,23.8739,87.3907,1.82081,-112.445,191.703
659.8,7.95461,2.42798,26.0691,23.872,87.3907,1.82081,-112.445,192.17
659.82,7.95514,2.42799,25.9774,23.6863,88.0324,1.81665,-112.445,193.967
659.84,7.95514,2.21893,25.9774,23.6863,88.0324,1.81665,-112.445,196.654
659.86,7.95514,2.30891,25.8857,24.1507,87.8574,1.84157,-112.445,196.663
659.88,7.95514,2.29485,25.8857,24.1507,87.8574,1.84157,-112.445,196.663
659.9,7.95567,2.29485,26.0686,24.0581,87.3339,1.84157,-112.445,193.08
659.92,7.95514,2.33154,26.0691,24.0578,87.3323,1.84157,-102.933,194.866
659.94,7.95247,2.37452,26.0691,24.0578,86.4573,1.84157,-102.933,194.866
659.96,7.9562,2.33128,26.0691,24.0578,86.4573,1.84157,-102.933,196.209
659.98,7.95621,2.37986,26.2525,24.1043,85.6405,1.84157,-102.933,195.315
660,7.95514,2.37986,26.2525,24.1043,85.6405,1.84157,-102.933,194.866
660.02,7.95354,2.41871,26.4354,23.7801,84.71,1.84157,-102.933,195.761
660.04,7.95407,2.42591,26.4359,23.7792,84.7071,1.84157,-102.933,195.764
660.06,7.95407,2.36732,26.6193,23.4076,83.8904,1.84157,-102.933,198.01
660.08,7.95461,2.36732,26.6193,23.4076,83.8904,1.83893,-102.933,204.28
660.1,7.95514,2.38704,26.7568,23.2218,83.657,1.83892,-102.933,205.647
660.12,7.95514,2.28435,26.7568,23.2218,83.657,1.84852,-102.933,202.053
660.14,7.95514,2.40141,26.8027,23.3147,83.3653,1.84852,-102.933,205.647
660.16,7.95514,2.34765,26.8027,23.3147,83.3653,1.84852,-102.933,212.385
660.18,7.95568,2.34765,26.711,23.0361,83.4237,1.84852,-103.406,212.385
660.2,7.95461,2.49213,26.711,23.0361,83.4237,1.84852,-103.406,210.139
660.22,7.95461,2.45445,26.8024,23.0824,83.2492,1.84852,-103.406,206.556
660.24,7.95461,2.28219,26.8027,23.0825,83.2486,1.84852,-103.406,207.443
660.26,7.95514,2.2822,26.8027,23.2683,83.832,1.84852,-103.406,202.502
660.28,7.95567,2.33599,26.9855,23.2683,83.832,1.84852,-103.406,202.054
660.3,7.95461,2.39893,26.9861,23.2683,84.2987,1.84852,-103.406,206.096
660.32,7.95461,2.29125,27.1236,23.2683,84.2987,1.84399,-103.406,205.647
660.34,7.95354,2.35593,27.1236,23.2683,84.6477,1.84399,-103.406,202.512
660.36,7.95247,2.35612,27.3529,22.9432,84.6488,1.84784,-103.406,204.748
660.38,7.95514,2.46194,27.3529,22.9432,85.4072,1.84784,-103.406,210.588
660.4,7.95621,2.44607,27.3529,23.0821,85.4072,1.84784,-103.406,209.244
660.42,7.95621,2.3887,27.3529,23.0825,86.2822,1.84784,-110.139,207.443
660.44,7.95514,2.38869,27.2612,22.8967,86.2822,1.84784,-110.139,208.791
660.46,7.95567,2.34491,27.2612,22.8967,86.2822,1.84784,-110.139,210.135
660.48,7.95675,2.41003,27.3529,23.1754,87.274,1.84784,-110.139,201.155
660.5,7.95568,2.51537,27.3529,23.1754,87.274,1.84784,-110.139,196.663
660.52,7.95568,2.50387,27.3986,23.2217,88.5535,1.84784,-110.139,199.797
660.54,7.95568,2.49002,27.3987,23.2218,88.5574,1.84784,-110.139,210.139
660.56,7.95568,2.41712,27.2612,23.4541,89.3158,1.84784,-110.139,208.342
660.58,7.95514,2.40892,27.2612,23.4541,89.3158,1.84129,-110.139,207.894
660.6,7.95514,2.36392,27.1695,23.8256,89.9575,1.84127,-110.139,209.24
660.62,7.95621,2.36392,27.1695,23.8256,89.9575,1.87412,-110.139,206.994
660.64,7.95568,2.48183,27.1236,24.1972,89.8409,1.87412,-110.139,206.545
660.66,7.95461,2.33858,27.1236,24.1972,89.8409,1.87412,-108.554,209.24
660.68,7.95675,2.49929,26.8485,24.3829,89.4325,1.87412,-108.554,211.936
660.7,7.95675,2.44897,26.8485,24.3829,89.4325,1.87412,-108.554,212.834
660.72,7.95515,2.42874,26.8028,24.8922,88.7927,1.87412,-108.554,209.251
660.74,7.953,2.39396,26.8027,24.8938,88.7908,1.87412,-108.554,214.631
660.76,7.95568,2.40696,26.8027,24.8474,87.974,1.87412,-108.554,217.326
660.78,7.95568,2.44605,26.8027,24.8474,87.974,1.87412,-108.554,216.43
660.8,7.95568,2.44617,26.711,24.708,87.274,1.87412,-108.554,215.08
660.82,7.95461,2.41005,26.711,24.708,87.274,1.8685,-108.554,218.224
660.84,7.95514,2.45855,26.6653,24.8932,86.7505,1.8685,-108.554,223.598
660.86,7.95407,2.43822,26.6651,24.8938,86.7489,1.84719,-108.554,220.92
660.88,7.95407,2.41378,26.5735,24.708,85.8155,1.84719,-108.554,219.123
660.9,7.95567,2.41378,26.5735,24.708,85.8155,1.84719,-108.554,224.049
660.92,7.95514,2.32612,26.5735,24.6616,84.7654,1.84719,-101.965,224.963
660.94,7.95514,2.4457,26.4818,24.6616,84.7654,1.84719,-101.965,224.513
660.96,7.95514,2.49865,26.4818,24.6616,83.5441,1.84719,-101.965,218.244
660.98,7.95621,2.49881,26.4359,24.6151,83.5403,1.84719,-101.965,214.182
661,7.95621,2.43414,26.4359,24.6151,82.4319,1.84719,-101.965,210.588
661.02,7.95568,2.44761,26.573,24.754,82.4319,1.84719,-101.965,208.797
661.04,7.95621,2.32918,26.5735,24.7545,81.4402,1.84719,-101.965,206.994
661.06,7.95621,2.41324,26.8027,24.5223,81.4402,1.84504,-101.965,204.748
661.08,7.95781,2.41324,26.8027,24.5223,80.8004,1.84504,-101.965,202.509
661.1,7.95621,2.31409,27.1236,25.126,80.7984,1.88385,-101.965,201.604
661.12,7.95781,2.43171,27.1236,25.126,80.7984,1.88385,-101.965,202.053
661.14,7.95781,2.41532,27.4446,25.4047,80.2151,1.88385,-101.965,202.502
661.16,7.95568,2.41531,27.4446,25.4047,80.2151,1.88385,-114.607,198.459
661.18,7.95407,2.36112,27.8113,25.7298,79.9817,1.88385,-114.607,194.866
661.2,7.95728,2.39572,27.8113,25.7298,79.9817,1.88385,-114.607,190.823
661.22,7.95568,2.4079,28.2684,25.8687,80.447,1.88385,-114.607,187.688
661.24,7.95568,2.42828,28.2698,25.8691,80.4484,1.88385,-114.607,187.229
661.26,7.95568,2.42828,28.5908,25.962,81.0318,1.88385,-114.607,184.983
661.28,7.95461,2.3963,28.9564,25.7768,82.2532,1.88385,-114.607,183.192
661.3,7.95461,2.47283,28.9575,25.7762,82.2569,1.88385,-114.607,184.534
661.32,7.95461,2.48246,28.9575,25.7762,82.2569,1.88385,-114.607,183.636
661.34,7.95461,2.48246,28.9575,25.7762,82.2569,1.883,-114.607,178.709
661.36,7.95461,2.48944,29.0951,25.544,83.2486,1.883,-114.607,173.304
661.38,7.95514,2.53657,29.0951,25.544,83.2486,1.88105,-114.607,170.609
661.4,7.95514,2.52984,29.2322,25.3125,83.9466,1.88105,-114.607,172.4
661.42,7.95621,2.5004,29.2326,25.3118,83.9487,1.88105,-108.307,172.405
661.44,7.95461,2.50039,29.1868,24.8474,84.4154,1.88105,-108.307,167.464
661.46,7.95514,2.49043,29.1868,24.8474,84.4154,1.88105,-108.307,168.808
661.48,7.95461,2.4565,29.2326,24.7545,83.832,1.88105,-108.307,173.304
661.5,7.95461,2.47084,29.2326,24.7545,83.832,1.88105,-108.307,174.651
661.52,7.95248,2.47084,29.2326,24.2915,82.9015,1.88105,-108.307,176.443
661.54,7.95568,2.43669,29.2326,24.29,82.8986,1.88105,-108.307,175.55
661.56,7.95354,2.47186,29.1409,23.9185,81.7902,1.88105,-108.307,174.202
661.58,7.95354,2.43359,29.1409,23.9185,81.7902,1.8813,-108.307,174.202
661.6,7.95354,2.43144,29.1409,23.6398,81.4402,1.8813,-108.307,176.448
661.62,7.95514,2.54999,28.9117,23.6398,81.4402,1.87936,-108.307,179.593
661.64,7.95407,2.37654,28.9117,23.6398,81.9069,1.87936,-108.307,183.636
661.66,7.95568,2.35237,28.7283,24.0114,81.9069,1.87936,-108.307,182.288
661.68,7.95568,2.43069,28.7283,24.0114,82.8986,1.87936,-100.647,180.491
661.7,7.95461,2.43069,28.6366,23.7327,82.8986,1.87936,-100.647,183.636
661.72,7.95301,2.46417,28.6366,23.7327,84.2363,1.87936,-100.647,180.501
661.74,7.95354,2.41085,28.82,24.0578,84.2404,1.87936,-100.647,177.347
661.76,7.95354,2.36901,28.82,24.0578,85.5822,1.87936,-100.647,177.796
661.78,7.95354,2.36901,29.14,24.243,85.5822,1.87936,-100.647,183.17
661.8,7.953,2.35275,29.1409,24.2436,85.5822,1.87936,-100.647,184.534
661.82,7.953,2.39152,29.5077,23.7327,86.8073,1.88072,-100.647,185.432
661.84,7.953,2.45421,29.5077,23.7327,86.8073,1.88072,-100.647,191.702
661.86,7.953,2.50484,29.9662,23.7327,87.5657,1.86714,-100.647,201.155
661.88,7.95087,2.50484,29.9662,23.7327,87.5657,1.86714,-100.647,206.545
661.9,7.95193,2.33699,30.469,23.779,87.2749,1.86714,-100.647,202.962
661.92,7.95087,2.47937,30.4705,23.7792,87.274,1.86714,-115.658,202.053
661.94,7.95087,2.4193,30.6998,23.4541,86.2239,1.86714,-115.658,202.951
661.96,7.9514,2.4193,30.6998,23.4541,86.2239,1.86714,-115.658,202.504
661.98,7.9498,2.40396,31.1582,23.5005,85.6405,1.86714,-115.658,206.994
662,7.9498,2.33333,31.1582,23.5005,85.6405,1.86714,-115.658,206.096
662.02,7.95353,2.389,31.5696,23.1764,86.4548,1.86714,-115.658,205.2
662.04,7.95354,2.31205,31.5709,23.1754,86.4573,1.86714,-115.658,203.85
662.06,7.9498,2.31204,31.7084,22.5716,87.6824,1.86714,-115.658,201.604
662.08,7.9482,2.39317,31.7084,22.5716,87.6824,1.86626,-115.658,205.634
662.1,7.94819,2.25267,31.5709,22.4323,89.0825,1.86625,-115.658,206.096
662.12,7.9514,2.29459,31.5709,22.4323,89.0825,1.90312,-115.658,206.545
662.14,7.9514,2.29459,31.0665,22.3394,90.4242,1.90312,-115.658,210.139
662.16,7.95033,2.3414,31.0665,22.3394,90.4242,1.90312,-108.06,214.182
662.18,7.94819,2.25549,30.1037,21.9679,91.591,1.90312,-108.06,218.674
662.2,7.94766,2.24842,30.1037,21.9679,91.591,1.90312,-108.06,217.775
662.22,7.94766,2.32689,29.4638,21.8752,92.6379,1.90312,-108.06,218.223
662.24,7.94606,2.32713,29.4619,21.875,92.6411,1.90312,-108.06,218.224
662.26,7.94338,2.29331,29.4619,21.8285,93.8662,1.90312,-108.06,211.486
662.28,7.94179,2.25541,29.3247,21.8285,93.8662,1.90312,-108.06,207.456
662.3,7.94178,2.21402,29.3243,21.8285,94.5079,1.90312,-108.06,205.197
662.32,7.94125,2.15062,29.2785,21.8285,94.5079,1.90239,-108.06,208.791
662.34,7.94125,2.15062,29.2785,21.8285,93.8682,1.90239,-108.06,204.761
662.36,7.94018,2.24443,29.8287,21.6427,93.8662,1.89462,-108.06,203.401
662.38,7.93857,2.07839,29.8287,21.6427,91.6494,1.89462,-108.06,206.096
662.4,7.93857,2.01762,30.6057,21.7817,91.6494,1.89462,-108.06,204.305
662.42,7.93804,2.01743,30.6081,21.7821,88.6158,1.89462,-94.4287,204.299
662.44,7.9359,2.13294,31.1124,21.7356,88.6158,1.89462,-94.4287,205.647
662.46,7.93537,2.09131,31.1124,21.7356,88.6158,1.89462,-94.4287,204.751
662.48,7.9343,2.06751,31.846,21.7821,85.5822,1.89462,-94.4287,204.299
662.5,7.9343,2.1016,31.846,21.7821,85.5822,1.89462,-94.4287,202.951
662.52,7.9327,2.20609,32.5773,21.8284,83.3721,1.89462,-94.4287,202.951
662.54,7.9343,2.18235,32.5795,21.8285,83.3653,1.89462,-94.4287,204.299
662.56,7.9327,2.19513,33.3131,22.1072,83.307,1.89462,-94.4287,205.197
662.58,7.9327,2.16712,33.3131,22.1072,83.307,1.89483,-94.4287,205.645
662.6,7.93002,2.16703,33.8633,22.3858,84.2987,1.89483,-94.4287,206.545
662.62,7.92949,2.16805,33.8633,22.3858,84.2987,1.89483,-94.4287,209.69
662.64,7.92735,2.19837,34.1384,22.4787,85.6989,1.89483,-94.4287,213.732
662.66,7.92735,2.14087,34.1384,22.4787,85.6989,1.89483,-113.125,216.877
662.68,7.92896,2.16545,33.9091,22.0143,86.7489,1.89483,-113.125,221.369
662.7,7.92682,2.14989,33.9091,22.0143,86.7489,1.89483,-113.125,218.674
662.72,7.92575,2.15582,33.5892,21.6439,86.4,1.89483,-113.125,226.287
662.74,7.92308,2.25149,33.5882,21.6427,86.3989,1.89483,-113.125,226.759
662.76,7.92308,2.08947,33.2673,21.8285,86.5739,1.89483,-113.125,232.15
662.78,7.91935,2.08946,33.2673,21.8285,86.5739,1.89483,-113.125,234.837
662.8,7.9172,2.19596,33.3131,21.875,87.6824,1.89483,-113.125,238.439
662.82,7.91666,2.16662,33.3131,21.875,87.6824,1.89586,-113.125,238.439
662.84,7.91666,2.11839,33.8616,22.1065,89.1945,1.89586,-113.125,241.126
662.86,7.91666,2.12428,33.8633,22.1072,89.1992,1.90944,-113.125,243.829
662.88,7.91506,2.2411,34.6885,22.5716,90.3076,1.90944,-113.125,250.118
662.9,7.91399,2.27038,34.6885,22.5716,90.3076,1.90944,-113.125,254.149
662.92,7.91185,2.18809,34.6885,22.6181,90.891,1.90944,-107.257,256.856
662.94,7.91185,2.1814,35.3763,22.6181,90.891,1.90944,-107.257,261.797
662.96,7.91026,2.1814,35.3763,22.8496,91.2981,1.90944,-107.257,257.319
662.98,7.90758,2.137,35.8347,22.8503,91.2993,1.90944,-107.257,257.305
663,7.90811,2.25412,35.8347,22.8503,91.8827,1.90944,-107.257,260.45
663.02,7.90811,2.2858,36.5204,23.2207,91.8827,1.90944,-107.257,262.689
663.04,7.90651,2.28589,36.5224,23.2218,92.6994,1.90944,-107.257,258.204
663.06,7.90544,2.23244,37.0268,23.5934,92.6994,1.909,-107.257,257.755
663.08,7.90438,2.17432,37.0268,23.5934,93.7463,1.909,-107.257,255.515
663.1,7.9033,2.24845,37.577,23.9185,93.7495,1.91094,-107.257,253.263
663.12,7.9033,2.24175,37.577,23.9185,93.7495,1.91094,-107.257,255.509
663.14,7.90063,2.24174,38.0354,24.9403,93.9829,1.91094,-107.257,240.236
663.16,7.90063,2.23942,38.0354,24.9403,93.9829,1.91094,-96.2818,237.989
663.18,7.9001,2.29488,38.3105,25.7298,93.2828,1.91094,-96.2818,234.396
663.2,7.9001,2.21142,38.3105,25.7298,93.2828,1.91094,-96.2818,230.802
663.22,7.89956,2.21142,38.1277,26.7484,92.0033,1.91094,-96.2818,226.772
663.24,7.90063,2.15415,38.1271,26.7516,91.9994,1.91094,-96.2818,224.513
663.26,7.90063,2.21284,37.3936,27.3089,89.8409,1.91094,-96.2818,222.716
663.28,7.89957,2.12295,37.3936,27.3089,89.8409,1.91094,-96.2818,217.79
663.3,7.89956,2.28485,36.2932,27.7733,88.2074,1.91094,-96.2818,211.486
663.32,7.89956,2.28485,36.2932,27.7733,88.2074,1.91152,-96.2818,206.545
663.34,7.89743,2.2364,35.0134,27.6344,87.7421,1.91152,-96.2818,202.962
663.36,7.90117,2.25888,35.0095,27.634,87.7407,1.896,-96.2818,198.01
663.38,7.90117,2.21705,33.6799,27.5875,88.6158,1.896,-96.2818,199.358
663.4,7.8985,2.21704,33.6799,27.5875,88.6158,1.896,-112.376,199.806
663.42,7.89689,2.35386,32.0294,27.2624,89.8409,1.896,-112.425,193.967
663.44,7.89956,2.26009,32.0294,27.2624,89.8409,1.896,-112.425,193.069
663.46,7.89903,2.22346,30.9324,26.9383,89.4919,1.896,-112.425,197.547
663.48,7.89903,2.29747,30.929,26.9373,89.4908,1.896,-112.425,197.112
663.5,7.89956,2.29747,30.333,27.7269,87.9157,1.896,-112.425,199.358
663.52,7.8985,2.26394,30.333,27.7269,87.9157,1.896,-112.425,200.253
663.54,7.89796,2.28785,29.737,27.5875,86.2239,1.896,-112.425,202.053
663.56,7.89796,2.19187,29.737,27.5875,86.2239,1.89464,-112.425,209.69
663.58,7.89902,2.19187,29.417,27.5875,83.4904,1.89464,-112.425,211.033
663.6,7.89849,2.23727,29.416,27.4018,83.482,1.91599,-112.425,213.283
663.62,7.89796,2.33622,29.416,27.4018,79.865,1.91599,-112.425,212.385
663.64,7.90117,2.28952,29.3702,27.4482,79.865,1.91599,-112.425,209.24
663.66,7.90117,2.21785,29.3702,27.4482,76.5397,1.91599,-107.195,207.893
663.68,7.89903,2.21784,29.3243,27.1231,76.5397,1.91599,-107.195,212.385
663.7,7.89636,2.47678,29.3243,27.1231,75.198,1.91599,-107.195,212.834
663.72,7.89742,2.41556,29.3243,26.6138,75.198,1.91599,-107.195,211.043
663.74,7.89742,2.46099,29.3243,26.6122,75.898,1.91599,-107.195,207.443
663.76,7.89903,2.46099,29.2326,26.2871,75.898,1.91599,-107.195,206.545
663.78,7.90116,2.57296,29.2326,26.2871,78.7479,1.91599,-107.195,207.889
663.8,7.9001,2.31959,29.2326,26.1013,78.7566,1.91696,-107.195,204.748
663.82,7.89903,2.429,29.2326,26.1013,78.7566,1.91696,-107.195,204.748
663.84,7.89903,2.44952,29.3698,25.592,81.2575,1.90148,-107.195,207.883
663.86,7.89903,2.44958,29.3702,25.5905,81.2652,1.90143,-107.195,202.951
663.88,7.89582,2.37127,29.2326,25.6833,79.8067,1.90143,-107.195,198.459
663.9,7.90115,2.46676,29.2326,25.6833,79.8067,1.90143,-95.2066,198.907
663.92,7.90117,2.43254,29.1409,26.2407,77.0648,1.90143,-95.1699,198.459
663.94,7.89903,2.43254,29.1409,26.2407,77.0648,1.90143,-95.1699,198.01
663.96,7.90009,2.50691,29.1409,26.2407,77.0648,1.90143,-95.1699,193.084
663.98,7.90063,2.52937,29.3243,26.0085,75.9564,1.90143,-95.1699,190.823
664,7.9001,2.48029,29.3243,26.0085,75.9564,1.90143,-95.1699,192.17
664.02,7.9001,2.41732,29.1415,26.3789,76.1309,1.90143,-95.1699,193.962
664.04,7.89689,2.41712,29.1409,26.38,76.1314,1.90143,-95.1699,194.866
664.06,7.90117,2.40876,28.7742,26.3336,76.4231,1.90143,-95.1699,197.112
664.08,7.9001,2.47182,28.7742,26.3336,76.4231,1.90192,-95.1699,200.694
664.1,7.9001,2.48423,28.4991,27.0767,76.8898,1.90192,-95.1699,198.01
664.12,7.89956,2.48423,28.4991,27.0767,76.8898,1.89416,-95.1699,197.561
664.14,7.89903,2.45375,28.6825,27.5411,75.9564,1.89416,-95.1699,201.604
664.16,7.89849,2.41563,28.6825,27.5411,75.9564,1.89416,-95.1699,205.197
664.18,7.89849,2.52069,28.6366,27.5875,75.6647,1.89416,-111.066,206.545
664.2,7.89796,2.47014,28.6366,27.5875,75.6647,1.89416,-111.066,206.994
664.22,7.89796,2.47014,28.6366,27.6338,77.4677,1.89416,-111.066,210.577
664.24,7.90117,2.35379,28.4532,27.634,77.4732,1.89416,-111.066,209.69
664.26,7.89903,2.41228,28.4532,27.634,80.4484,1.89416,-111.066,209.69
664.28,7.89903,2.51188,28.179,27.634,80.4484,1.89416,-111.066,212.824
664.3,7.9001,2.51219,28.1781,27.634,83.9487,1.89416,-111.066,215.529
664.32,7.89849,2.32161,27.5363,27.4947,83.9487,1.89597,-111.066,216.877
664.34,7.89956,2.45161,27.5363,27.4947,88.1362,1.89597,-111.066,212.398
664.36,7.89956,2.34098,26.6193,27.634,88.1491,1.8921,-111.066,209.24
664.38,7.89849,2.35363,26.6193,27.634,91.9994,1.8921,-111.066,213.283
664.4,7.90009,2.50307,25.9794,27.7266,91.9994,1.8921,-111.066,212.835
664.42,7.89956,2.33841,25.9774,27.7269,91.9994,1.8921,-109.789,213.283
664.44,7.90223,2.48178,26.2525,28.0055,93.9245,1.8921,-109.789,208.342
664.46,7.90223,2.49888,26.2525,28.0055,93.9245,1.8921,-109.789,207.446
664.48,7.90063,2.49893,26.4818,28.0984,94.6829,1.8921,-109.789,205.647
664.5,7.89903,2.53342,26.4818,28.0984,94.6829,1.8921,-109.789,206.096
664.52,7.90169,2.29919,26.8017,28.191,94.9737,1.8921,-109.789,203.857
664.54,7.89903,2.46528,26.8027,28.1913,94.9746,1.8921,-109.789,202.951
664.56,7.89903,2.46528,27.4446,28.052,94.5663,1.8921,-109.789,199.807
664.58,7.89477,2.32314,27.4446,28.052,94.5663,1.89044,-109.789,201.151
664.6,7.90117,2.49001,28.0406,28.0055,93.2828,1.89044,-109.789,203.85
664.62,7.89796,2.38544,28.0406,28.0055,93.2828,1.90208,-109.789,205.647
664.64,7.89796,2.37266,28.9575,27.7269,90.7743,1.90208,-109.789,208.791
664.66,7.90277,2.37267,28.9575,27.7269,90.7743,1.90208,-109.048,212.385
664.68,7.89796,2.38246,30.2871,27.6804,87.799,1.90208,-109.048,215.529
664.7,7.90063,2.30461,30.2871,27.6804,87.799,1.90208,-109.048,218.674
664.72,7.89957,2.40002,32.2983,27.5415,85.5889,1.90208,-109.048,223.152
664.74,7.89956,2.2794,32.3044,27.5411,85.5822,1.90208,-109.048,221.369
664.76,7.9001,2.27848,34.7802,27.6804,83.7154,1.90208,-109.048,226.759
664.78,7.89903,2.40036,34.7802,27.6804,83.7154,1.90208,-109.048,226.759
664.8,7.90063,2.41211,37.0268,28.0984,82.1402,1.90208,-109.048,223.166
664.82,7.90063,2.31006,37.0268,28.0984,82.1402,1.90137,-109.048,221.369
664.84,7.9017,2.31006,38.2609,28.1447,80.4536,1.90137,-109.048,215.995
664.86,7.89903,2.3668,38.2647,28.1449,80.4484,1.90137,-109.048,215.08
664.88,7.89956,2.56149,38.5398,28.2378,79.2233,1.90137,-109.048,216.428
664.9,7.90063,2.62051,38.5398,28.2378,79.2233,1.90137,-109.048,217.771
664.92,7.90063,2.3757,38.5398,28.1449,79.9817,1.90137,-105.754,215.529
664.94,7.89956,2.3757,38.6773,28.1449,79.9817,1.90137,-105.754,215.529
664.96,7.90169,2.53796,38.6773,28.1449,82.0173,1.90137,-105.754,219.56
664.98,7.89956,2.50096,38.9065,28.2842,82.0235,1.90137,-105.754,220.47
665,7.89956,2.47434,38.9065,28.2842,83.132,1.90137,-105.754,217.326
665.02,7.9001,2.47434,39.0437,28.562,83.132,1.90137,-105.754,214.639
665.04,7.90117,2.47826,39.0441,28.5629,84.4737,1.90137,-105.754,215.529
665.06,7.89796,2.45822,38.9982,28.9344,84.4737,1.90048,-105.754,214.182
665.08,7.89796,2.48991,38.9982,28.9344,86.8583,1.90048,-105.754,210.599
665.1,7.89796,2.49986,38.8148,28.8415,86.8656,1.90824,-105.754,209.69
665.12,7.89903,2.49986,38.8148,28.8415,86.8656,1.90824,-105.754,204.748
665.14,7.9001,2.44852,38.3564,28.9344,88.7908,1.90824,-105.754,202.053
665.16,7.89903,2.54202,38.3564,28.9344,88.7908,1.90824,-105.754,202.053
665.18,7.89903,2.41508,38.0813,29.1202,89.6659,1.90824,-114.752,200.705
665.2,7.89742,2.41508,38.0813,29.1202,89.6659,1.90824,-114.752,207.443
665.22,7.89956,2.37617,38.2184,29.398,90.4219,1.90824,-114.752,209.683
665.24,7.9017,2.46295,38.2188,29.3988,90.4242,1.90824,-114.752,213.283
665.26,7.9017,2.43963,39.1816,29.8168,90.9493,1.90824,-114.752,216.428
665.28,7.89637,2.45816,39.1816,29.8168,90.9493,1.90824,-114.752,218.667
665.3,7.89903,2.45822,40.6946,29.8633,91.3577,1.90824,-114.752,217.775
665.32,7.90063,2.44898,40.6946,29.8633,91.3577,1.90879,-114.752,218.674
665.34,7.89797,2.4419,42.4315,29.9559,91.8229,1.90879,-114.752,216.882
665.36,7.89796,2.44188,42.4368,29.9562,91.8244,1.89909,-114.752,215.529
665.38,7.89903,2.44188,43.9957,30.3742,91.9994,1.89909,-114.752,215.978
665.4,7.89583,2.48766,43.9957,30.3742,91.9994,1.89909,-114.752,217.77
665.42,7.89582,2.40079,45.5545,30.6528,91.941,1.89909,-114.752,220.92
665.44,7.89582,2.34081,45.5545,30.6528,91.941,1.89909,-108.327,221.818
665.46,7.89955,2.33698,46.9714,30.7917,91.7084,1.89909,-108.327,219.131
665.48,7.89796,2.56416,46.9758,30.7922,91.7077,1.89909,-108.327,224.513
665.5,7.89903,2.38044,48.122,30.6064,91.6494,1.89909,-108.327,225.861
665.52,7.89477,2.34992,48.122,30.6064,91.6494,1.89909,-108.327,224.07
665.54,7.89475,2.32677,49.0848,30.6064,92.8161,1.89909,-108.327,225.412
665.56,7.9001,2.32679,49.0848,30.5599,92.8161,1.89866,-108.327,221.818
665.58,7.89583,2.38101,49.0848,30.5599,94.968,1.89866,-108.327,221.818
665.6,7.89422,2.38875,49.91,30.4206,94.9746,1.91225,-108.327,220.92
665.62,7.89422,2.50749,49.91,30.4206,98.2999,1.91225,-108.327,217.326
665.64,7.89422,2.50749,50.5061,30.5135,98.2999,1.91225,-108.327,218.224
665.66,7.89261,2.43759,50.5061,30.5135,102.792,1.91225,-108.327,212.834
665.68,7.89422,2.36107,50.7812,30.0026,102.792,1.91225,-108.327,211.486
665.7,7.89208,2.45619,50.7812,30.0026,107.226,1.91225,-100.791,211.936
665.72,7.89208,2.35421,50.7354,29.8637,107.226,1.91225,-100.791,214.175
665.74,7.88941,2.35389,50.7353,29.8633,110.959,1.91225,-100.791,210.588
665.76,7.88727,2.32907,50.9187,29.7239,110.959,1.91225,-100.791,214.631
665.78,7.88248,2.32553,50.9187,29.7239,110.959,1.91225,-100.791,218.661
665.8,7.88246,2.32858,50.7353,29.9097,113.818,1.91237,-100.791,220.92
665.82,7.88139,2.32858,50.7353,29.9097,113.818,1.91237,-100.791,218.224
665.84,7.88139,2.37196,50.5525,29.9097,115.039,1.91237,-100.791,219.568
665.86,7.88513,2.18591,50.5519,29.3988,115.043,1.91237,-100.791,218.224
665.88,7.8862,2.31874,49.91,29.3988,114.11,1.91237,-100.791,217.775
665.9,7.8862,2.28736,49.91,29.5377,114.11,1.91237,-100.791,211.506
665.92,7.88086,2.28725,48.9931,29.5382,109.909,1.91237,-100.791,211.486
665.94,7.88193,2.41314,48.9931,29.5846,109.909,1.91237,-112.116,210.588
665.96,7.88033,2.46692,47.9875,29.5846,107.35,1.91237,-112.116,210.588
665.98,7.88032,2.36934,47.9844,29.6775,107.342,1.91237,-112.116,208.791
666,7.87712,2.36933,46.9758,29.6775,106.934,1.91237,-112.116,210.139
666.02,7.87658,2.29462,46.9758,29.8164,106.934,1.91237,-112.116,210.139
666.04,7.87444,2.3107,46.0588,29.8168,107.517,1.91237,-112.116,208.342
666.06,7.87605,2.25882,46.0588,29.9097,107.517,1.91218,-112.116,206.545
666.08,7.87605,2.19161,45.5103,29.9097,108.332,1.91218,-112.116,210.576
666.1,7.87177,2.1914,45.5086,30.1419,108.334,1.93936,-112.116,211.936
666.12,7.87231,2.36811,44.9126,30.1419,108.859,1.93936,-112.116,210.588
666.14,7.86857,2.3508,44.9126,30.1419,108.859,1.93936,-112.116,208.342
666.16,7.86857,2.38192,44.9126,29.8633,109.092,1.93936,-112.116,215.529
666.18,7.87017,2.38193,44.2707,29.8633,109.092,1.93936,-112.116,216.428
666.2,7.86857,2.37633,44.2707,30.1419,108.801,1.93936,-106.536,217.326
666.22,7.86697,2.30896,43.3566,30.1419,108.801,1.93936,-106.536,217.326
666.24,7.86589,2.40434,43.3538,29.8633,107.634,1.93936,-106.536,224.064
666.26,7.86589,2.39018,42.3451,29.8633,107.634,1.93936,-106.536,224.513
666.28,7.8643,2.39018,42.3451,29.9096,106.006,1.93936,-106.536,227.2
666.3,7.86269,2.32416,41.1072,29.9097,106.001,1.93928,-106.536,229.455
666.32,7.86002,2.3336,41.1072,29.4453,104.367,1.93928,-106.536,231.701
666.34,7.86002,2.29065,40.056,29.4453,104.367,1.93735,-106.536,229.461
666.36,7.85788,2.29052,40.0527,29.4917,104.367,1.93734,-106.536,227.209
666.38,7.85521,2.33811,39.0441,29.4917,102.792,1.93734,-106.536,226.31
666.4,7.85361,2.37972,39.0441,29.075,102.792,1.93734,-106.536,232.58
666.42,7.85146,2.38167,38.3105,29.0737,101.275,1.93734,-106.536,232.15
666.44,7.85146,2.38272,38.3105,29.0737,101.275,1.93734,-106.536,232.599
666.46,7.85146,2.38272,38.3105,28.6107,99.2395,1.93734,-100.706,234.838
666.48,7.84986,2.34473,37.3019,28.6093,99.2333,1.93734,-100.688,233.497
666.5,7.84826,2.29718,37.3019,28.7486,97.0748,1.93734,-100.688,231.251
666.52,7.84826,2.45211,36.4791,28.7486,97.0748,1.93734,-100.688,230.356
666.54,7.84719,2.45258,36.4766,28.9809,94.7996,1.93734,-100.688,230.353
666.56,7.84291,2.47297,35.6972,29.1666,92.8161,1.9375,-100.688,228.107
666.58,7.84451,2.36927,35.6972,29.1666,92.8161,1.9375,-100.688,220.494
666.6,7.84238,2.47144,35.6972,29.1666,92.8161,1.9375,-100.688,218.224
666.62,7.84238,2.38872,35.6972,29.1666,92.8161,1.9375,-100.688,217.326
666.64,7.84131,2.38872,35.147,29.1666,92.8161,1.95303,-100.688,211.936
666.66,7.83971,2.32455,35.147,29.306,91.766,1.95303,-100.688,210.588
666.68,7.83864,2.37164,34.6885,29.306,91.766,1.95303,-100.688,210.139
666.7,7.83864,2.34217,34.6885,29.7704,91.766,1.95303,-100.688,207.893
666.72,7.83757,2.34217,34.2772,29.7704,91.7079,1.95303,-100.688,212.819
666.74,7.8365,2.3688,34.2759,29.9097,91.7077,1.95303,-100.688,210.588
666.76,7.8349,2.34016,33.955,29.9097,91.9994,1.95303,-112.404,210.588
666.78,7.8349,2.29485,33.955,30.3264,91.9994,1.95303,-112.404,211.036
666.8,7.83329,2.32755,33.955,30.3277,92.9328,1.95303,-112.404,213.283
666.82,7.8349,2.32756,33.4965,30.3277,92.9328,1.95303,-112.404,211.486
666.84,7.83436,2.3174,33.4965,30.374,94.5613,1.95303,-112.404,209.695
666.86,7.83169,2.38869,33.2673,30.3742,94.5663,1.9554,-112.404,207.443
666.88,7.83169,2.3568,33.2673,30.885,96.3164,1.9554,-112.404,207.443
666.9,7.82956,2.35679,32.993,30.885,96.3164,1.96893,-112.404,211.922
666.92,7.82955,2.41614,32.9922,30.7457,98.0666,1.96897,-112.404,212.834
666.94,7.82635,2.37171,32.8546,30.7457,98.0666,1.96897,-112.404,211.037
666.96,7.82155,2.36572,32.8546,30.6994,97.6594,1.96897,-112.404,211.933
666.98,7.82154,2.34178,32.6254,30.6993,97.6582,1.96897,-112.404,224.064
667,7.821,2.24458,32.6254,30.6064,97.6582,1.96897,-112.404,227.658
667.02,7.81834,2.34223,32.6254,30.6064,97.0766,1.96897,-111.645,227.21
667.04,7.81887,2.31262,32.6254,30.6064,97.0748,1.96897,-111.642,229.904
667.06,7.81887,2.36701,32.6254,30.6064,97.5999,1.96897,-111.642,232.15
667.08,7.81833,2.36701,32.6254,30.6064,97.5999,1.96897,-111.642,233.941
667.1,7.8178,2.31365,32.6254,31.2566,98.4749,1.96897,-111.642,234.396
667.12,7.81726,2.22996,33.1297,31.2566,98.4749,1.96993,-111.642,237.091
667.14,7.81726,2.40085,33.1297,31.303,99.2917,1.96993,-111.642,232.15
667.16,7.81245,2.38863,33.7257,31.303,99.2917,1.96993,-111.642,235.744
667.18,7.81031,2.40131,33.7257,31.5353,100.05,1.96993,-111.642,236.642
667.2,7.80711,2.41046,35.0553,31.5353,100.05,1.96993,-111.642,237.99
667.22,7.80711,2.33527,35.0553,31.5353,100.981,1.96993,-111.642,233.959
667.24,7.80711,2.3218,36.5683,31.5353,100.983,1.96993,-111.642,237.54
667.26,7.80764,2.3218,36.5683,31.721,102.559,1.96993,-111.642,237.54
667.28,7.80231,2.35008,38.7166,31.721,102.559,1.96993,-107.085,237.54
667.3,7.8023,2.33611,38.7232,32.139,102.559,1.96993,-107.071,235.294
667.32,7.8023,2.31901,41.6574,32.139,105.709,1.96993,-107.071,231.701
667.34,7.7991,2.31625,41.6574,32.7409,105.709,1.96993,-107.071,233.492
667.36,7.79695,2.38074,44.8668,32.7428,112.184,1.96948,-107.071,233.497
667.38,7.79802,2.32415,44.8668,32.7428,112.184,1.96948,-107.071,232.599
667.4,7.79696,2.34779,48.4777,33.0206,121.432,1.96948,-107.071,221.851
667.42,7.79695,2.44208,48.4888,33.0215,121.46,1.98111,-107.071,219.123
667.44,7.79749,2.44208,48.4888,33.3466,133.128,1.98111,-107.071,214.631
667.46,7.79429,2.49338,52.5111,33.3466,133.128,1.98111,-107.071,206.57
667.48,7.79214,2.29678,52.5234,33.4859,144.445,1.98111,-107.071,202.502
667.5,7.79214,2.3044,56.3746,33.4859,144.445,1.98111,-107.071,191.721
667.52,7.79374,2.30441,56.3746,33.6711,153.228,1.98111,-107.071,182.317
667.54,7.79054,2.31087,60.0424,33.6717,153.255,1.98111,-100.688,174.202
667.56,7.79161,2.33405,60.0424,33.9968,158.155,1.98111,-100.688,167.015
667.58,7.79054,2.34464,63.3791,33.9968,158.155,1.98111,-100.688,155.819
667.6,7.79054,2.43229,63.3893,34.6934,162.355,1.98111,-100.688,149.047
667.62,7.78947,2.43229,66.5987,34.6934,162.355,1.97832,-100.688,140.961
667.64,7.7884,2.36752,66.5987,35.5759,162.355,1.97832,-100.688,137.817
667.66,7.78894,2.30665,68.8452,35.5759,167.547,1.97832,-100.688,128.383
667.68,7.78894,2.45328,68.8452,35.5759,167.547,1.97832,-100.688,120.297
667.7,7.7868,2.45328,68.8452,36.0403,173.673,1.97832,-100.688,115.805
667.72,7.7852,2.37119,70.0793,36.0403,173.673,1.97832,-100.688,112.223
667.74,7.78573,2.39733,70.0831,36.3654,180.615,1.97832,-100.688,109.067
667.76,7.78306,2.47378,70.4041,36.3654,180.615,1.97832,-100.688,100.982
667.78,7.78306,2.43969,70.4041,36.921,187.769,1.97832,-100.688,97.8467
667.8,7.78466,2.43959,70.8167,36.9227,187.791,1.97832,-110.551,92.8959
667.82,7.78359,2.50919,70.8167,37.062,192.749,1.97832,-110.551,88.853
667.84,7.78359,2.50608,71.9137,37.062,192.749,1.97832,-110.551,84.8225
667.86,7.78359,2.42385,71.917,37.5729,195.316,1.97832,-110.551,85.2594
667.88,7.7852,2.42386,74.1177,37.5729,195.316,1.9781,-110.551,83.9118
667.9,7.782,2.45671,74.1177,38.1749,195.316,1.9781,-110.551,79.8812
667.92,7.78146,2.51996,77.648,38.1767,195.258,1.98781,-110.551,78.9705
667.94,7.78146,2.35628,77.648,38.1303,195.258,1.98781,-110.551,80.3181
667.96,7.78412,2.54086,81.5789,38.1303,192.641,1.98781,-110.551,78.9746
667.98,7.78253,2.54142,81.591,38.1303,192.633,1.98781,-110.551,78.0721
668,7.78413,2.43363,81.591,38.316,188.491,1.98781,-110.551,79.8689
668.02,7.78093,2.40837,84.4706,38.316,188.491,1.98781,-110.551,77.1819
668.04,7.78092,2.43975,84.4794,38.5018,184.232,1.98781,-103.88,78.0721
668.06,7.78466,2.43976,86.5425,38.5018,184.232,1.98781,-103.88,75.3768
668.08,7.7804,2.40184,86.5425,38.8259,181.382,1.98781,-103.88,72.6898
668.1,7.78146,2.39785,86.6342,38.8269,181.374,1.98781,-103.88,72.2324
668.12,7.78146,2.33414,86.6342,39.7558,180.848,1.98781,-103.88,69.9864
668.14,7.78253,2.38401,85.0754,39.7558,180.848,1.98868,-103.88,67.7403
668.16,7.78306,2.22249,85.0754,39.6629,183.007,1.98868,-103.88,64.5959
668.18,7.78306,2.24912,82.3704,39.6629,183.007,1.98286,-103.88,64.5959
668.2,7.78306,2.27891,82.3704,39.7558,183.007,1.98286,-103.88,61.0022
668.22,7.78146,2.13496,79.8107,39.7558,186.671,1.98286,-103.88,58.763
668.24,7.77985,2.13451,79.8029,39.988,186.682,1.98286,-103.88,58.307
668.26,7.77985,2.23502,77.1437,39.988,189.074,1.98286,-103.88,58.307
668.28,7.78305,2.31141,77.1437,39.988,189.074,1.98286,-103.88,55.1721
668.3,7.78306,2.29053,77.1437,40.1738,188.257,1.98286,-95.3964,51.5689
668.32,7.78199,2.29053,75.9975,40.1738,188.257,1.98286,-95.3964,51.5689
668.34,7.78146,2.27383,75.9975,40.9609,183.081,1.98286,-95.3964,52.9124
668.36,7.78306,2.24385,75.539,40.9633,183.065,1.98286,-95.3964,52.0181
668.38,7.78306,2.20088,75.539,41.3813,172.389,1.98286,-95.3964,52.9165
668.4,7.78359,2.1835,74.2592,41.3813,172.389,1.98509,-95.3964,51.573
668.42,7.78146,2.21021,74.2553,41.9386,161.014,1.9851,-95.3964,50.2213
668.44,7.78092,2.27542,72.2838,41.9386,161.014,1.98316,-95.3964,51.5689
668.46,7.78145,2.27796,72.2838,42.911,152.638,1.98316,-95.3964,51.1211
668.48,7.78146,2.29956,70.9084,42.9139,152.613,1.98316,-95.3964,52.0181
668.5,7.78092,2.29955,70.9084,43.9357,152.613,1.98316,-95.3964,53.3657
668.52,7.78145,2.35937,69.5828,43.9357,150.926,1.98316,-95.3964,52.9179
668.54,7.78092,2.28843,69.5788,44.493,150.921,1.98316,-95.3964,52.4673
668.56,7.78092,2.31222,66.7821,44.493,156.521,1.98316,-106.618,53.3657
668.58,7.77879,2.31221,66.7821,44.493,156.521,1.98316,-106.618,54.7092
668.6,7.77985,2.19882,66.7821,45.4219,162.822,1.98316,-106.618,56.5102
668.62,7.78306,2.30949,62.7475,45.4219,162.822,1.98316,-106.618,58.7562
668.64,7.78146,2.33082,62.7475,46.165,159.905,1.98316,-106.618,62.3499
668.66,7.78146,2.25546,60.0424,46.165,159.905,1.98662,-106.618,65.4943
668.68,7.78253,2.25546,60.0424,46.2579,151.679,1.98662,-106.618,66.8419
668.7,7.78039,2.34927,58.8045,46.2579,151.679,1.96533,-106.618,72.2324
668.72,7.78199,2.28033,58.8045,46.9061,148.771,1.96533,-106.618,78.9499
668.74,7.78199,2.44152,58.1168,46.9081,148.762,1.96533,-106.618,81.2165
668.76,7.78092,2.44152,58.1168,47.2797,147.537,1.96533,-106.618,83.4625
668.78,7.78199,2.43578,57.7512,47.2797,147.537,1.96533,-106.618,87.0452
668.8,7.77985,2.25377,57.75,47.419,147.537,1.96533,-106.618,90.2006
668.82,7.78092,2.33532,57.5666,47.419,144.562,1.96533,-105.033,92.8959
668.84,7.78092,2.41509,57.5666,47.2801,144.562,1.96533,-105.033,95.5829
668.86,7.78039,2.41533,56.7872,47.2797,140.478,1.96533,-105.033,97.8371
668.88,7.78092,2.38149,56.7872,47.2797,140.478,1.96533,-105.033,99.634
668.9,7.78092,2.3947,56.7872,47.789,139.373,1.96533,-105.033,100.082
668.92,7.78092,2.48058,56.2829,47.7905,139.37,1.95875,-105.033,100.532
668.94,7.78253,2.48058,56.2829,48.0228,139.72,1.95875,-105.033,104.575
668.96,7.78039,2.39162,57.1971,48.0228,139.72,1.98004,-105.033,107.262
668.98,7.78199,2.39851,57.1999,48.1156,138.845,1.98011,-105.033,107.72
669,7.78199,2.44476,58.8045,48.1156,138.845,1.98011,-105.033,109.966
669.02,7.78093,2.54045,58.8045,48.2545,138.031,1.98011,-105.033,113.101
669.04,7.78199,2.54075,59.4464,48.255,138.028,1.98011,-105.033,110.415
669.06,7.78199,2.40956,59.4464,48.8123,136.161,1.98011,-105.033,106.821
669.08,7.78093,2.39848,59.7207,48.8123,136.161,1.98011,-100.291,105.03
669.1,7.78092,2.56385,59.7215,49.6018,136.161,1.98011,-100.276,105.024
669.12,7.7852,2.56386,60.2258,49.6018,131.961,1.98011,-100.276,99.6339
669.14,7.78306,2.23922,60.2258,50.5307,131.961,1.98011,-100.276,95.5911
669.16,7.78199,2.42416,61.1428,50.5307,127.236,1.98387,-100.276,95.1419
669.18,7.78199,2.34367,61.1428,50.5307,127.236,1.98387,-100.276,92.8959
669.2,7.78359,2.33698,61.1428,51.4596,123.152,1.98387,-100.276,86.607
669.22,7.78253,2.38598,62.5597,51.7374,121.058,1.96648,-100.276,83.4721
669.24,7.78413,2.38516,62.5641,51.7382,121.052,1.96643,-100.276,82.5641
669.26,7.78413,2.33793,62.5641,51.7382,121.052,1.96643,-100.276,82.5641
669.28,7.78306,2.4369,63.1126,51.7382,121.052,1.96643,-100.276,84.8033
669.3,7.78413,2.4372,63.1142,51.9705,121.402,1.96643,-100.276,83.9117
669.32,7.78627,2.4218,62.4265,51.9705,121.402,1.96643,-100.276,83.9117
669.34,7.78893,2.30444,62.4265,52.6187,122.914,1.96643,-100.276,81.2247
669.36,7.78894,2.40334,61.1886,52.6207,122.919,1.96643,-95.4582,78.0721
669.38,7.7884,2.40334,61.1886,53.2709,124.902,1.96643,-95.4582,75.3768
669.4,7.78734,2.26206,59.4517,53.2709,124.902,1.96643,-95.4582,73.1376
669.42,7.79001,2.30676,59.4464,54.3391,124.902,1.96643,-95.4582,69.5371
669.44,7.79001,2.39684,57.75,54.3391,127.702,1.96563,-95.4582,67.2911
669.46,7.78947,2.4184,57.75,54.9873,127.702,1.96563,-95.4582,69.5303
669.48,7.78947,2.48499,56.7872,54.9893,130.853,1.96175,-95.4582,73.1308
669.5,7.78947,2.37017,56.7872,54.9893,130.853,1.96175,-95.4582,73.58
669.52,7.78894,2.27164,56.7872,55.7764,131.667,1.96175,-95.4582,70.893
669.54,7.78894,2.31078,56.6497,55.7788,131.669,1.96175,-95.4582,70.8848
669.56,7.78947,2.31078,56.6497,56.7542,130.036,1.96175,-95.4582,70.4356
669.58,7.79107,2.21869,56.6497,56.7542,130.036,1.96175,-95.4582,66.8529
669.6,7.79054,2.31146,56.6497,57.8224,128.402,1.96175,-95.4582,63.6975
669.62,7.79054,2.30077,56.3746,57.8224,128.402,1.96175,-110.16,65.9435
669.64,7.79161,2.30077,56.3746,58.6119,126.302,1.96175,-110.16,65.9435
669.66,7.79321,2.27024,56.2371,58.6119,126.302,1.96175,-110.16,64.1467
669.68,7.79321,2.3033,56.2371,58.9835,123.21,1.96175,-110.16,61.4514
669.7,7.79428,2.21777,56.558,58.9835,123.21,1.95879,-110.16,59.6546
669.72,7.79428,2.28769,56.558,58.9835,123.21,1.95879,-110.16,58.3111
669.74,7.79214,2.2879,56.9706,58.9835,123.852,1.94714,-110.16,58.307
669.76,7.79321,2.31312,56.9706,58.937,123.852,1.94714,-110.16,59.6546
669.78,7.79428,2.25981,57.6105,58.937,127.284,1.94714,-110.16,59.6546
669.8,7.79428,2.23515,57.6125,59.5408,127.294,1.94714,-110.16,59.6546
669.82,7.79535,2.23515,57.6125,59.5408,128.986,1.94714,-110.16,59.6546
669.84,7.79642,2.1211,58.3438,59.5408,128.986,1.94714,-110.16,60.1024
669.86,7.79535,2.26667,58.3461,59.7266,128.286,1.94714,-102.335,57.8578
669.88,7.79268,2.21832,58.7587,59.7266,128.286,1.94714,-102.335,57.4086
669.9,7.79268,2.25526,58.7587,59.8192,126.715,1.94714,-102.335,56.5129
669.92,7.79749,2.25538,59.0338,59.8194,126.711,1.94714,-102.335,55.6118
669.94,7.79642,2.22177,59.0338,59.9123,124.027,1.94714,-102.335,58.7562
669.96,7.79855,2.18908,59.5366,59.9123,124.027,1.9522,-102.335,60.9954
669.98,7.79856,2.20212,59.5381,59.6337,120.468,1.95222,-102.335,60.553
670,7.79802,2.20212,60.4551,59.6337,120.468,1.96384,-102.335,65.0451
670.02,7.79749,2.21412,60.4551,59.68,120.468,1.96384,-102.335,67.2843
670.04,7.79802,2.23038,61.4637,59.6801,118.31,1.96384,-102.335,66.8419
670.06,7.79856,2.20889,61.4637,59.355,118.31,1.96384,-102.335,68.6387
670.08,7.79856,2.25061,61.5094,59.355,119.415,1.96384,-102.335,69.5344
670.1,7.80016,2.25074,61.5096,59.355,119.418,1.96384,-102.335,72.6816
670.12,7.80016,2.25289,61.5096,59.0299,123.269,1.96384,-90.2282,70.4356
670.14,7.80176,2.26492,61.5554,59.0299,123.269,1.96384,-90.2282,70.8848
670.16,7.80176,2.30989,61.5554,58.7512,127.877,1.96384,-90.2282,70.8848
670.18,7.8007,2.30989,61.5096,58.7512,127.877,1.96384,-90.2282,71.334
670.2,7.80497,2.26202,61.5096,58.4726,131.728,1.96384,-90.2282,72.2324
670.22,7.80497,2.29248,61.2353,58.4726,131.728,1.96278,-90.2282,74.0237
670.24,7.80497,2.32654,61.2345,58.0546,134.411,1.96277,-90.2282,73.58
670.26,7.80444,2.22173,60.9135,58.0546,134.411,1.91628,-90.2282,74.0292
670.28,7.80497,2.22173,60.9135,57.6842,136.854,1.91628,-90.2282,73.1335
670.3,7.80497,2.30206,61.0511,57.683,136.861,1.91628,-90.2282,73.58
670.32,7.80337,2.20698,61.0511,57.2186,136.861,1.91628,-90.2282,73.1308
670.34,7.80337,2.29677,61.5996,57.2186,138.432,1.91628,-90.2282,73.1308
670.36,7.8055,2.29705,61.6013,57.0328,138.437,1.91628,-90.2282,72.6816
670.38,7.80444,2.25031,61.968,57.0328,139.195,1.91628,-106.742,70.8848
670.4,7.80231,2.2287,61.968,57.0328,139.195,1.91628,-106.742,70.8848
670.42,7.8023,2.31224,62.5182,56.7542,139.778,1.91628,-106.742,67.7403
670.44,7.8055,2.29924,62.5182,56.7542,139.778,1.91628,-106.742,68.1895
670.46,7.80497,2.27255,62.5182,56.0133,140.244,1.91628,-106.742,69.533
670.48,7.80444,2.36657,62.7016,56.0111,140.245,1.91411,-106.742,67.7403
670.5,7.80657,2.32381,62.7016,55.3609,141.12,1.91411,-106.742,68.6387
670.52,7.80657,2.41924,63.2501,55.3609,141.12,1.97018,-106.742,67.743
670.54,7.80444,2.41952,63.2518,54.6642,142.52,1.97035,-106.742,74.0292
670.56,7.8055,2.33732,63.6644,54.6642,142.52,1.97035,-106.742,74.0292
670.58,7.80391,2.37952,63.6644,53.8771,143.974,1.97035,-106.742,73.1335
670.6,7.8039,2.32865,64.3521,53.8747,143.979,1.97035,-106.742,72.2324
670.62,7.8055,2.32865,64.3521,53.2244,145.671,1.97035,-106.742,74.0292
670.64,7.80444,2.39759,65.0857,53.2244,145.671,1.97035,-102.706,75.826
670.66,7.80497,2.34368,65.0857,53.0387,145.671,1.97035,-102.706,79.4197
670.68,7.80497,2.3843,66.0027,53.0387,146.371,1.97035,-102.706,78.9705
670.7,7.80444,2.34324,66.0027,52.5278,146.371,1.97035,-102.706,81.2165
670.72,7.8055,2.34325,66.0027,52.5278,146.603,1.9686,-102.706,81.2165
670.74,7.80604,2.30126,67.0113,52.5278,146.604,1.9686,-102.706,81.2165
670.76,7.8055,2.37572,67.0113,52.1562,146.721,1.9686,-102.706,80.7673
670.78,7.8055,2.39639,68.154,52.1562,146.721,1.92796,-102.706,79.8716
670.8,7.8055,2.39645,68.1575,51.506,146.721,1.92783,-102.706,80.3181
670.82,7.80497,2.29576,69.3954,51.506,146.721,1.92783,-102.706,80.3181
670.84,7.80657,2.31605,69.3954,50.4874,146.604,1.92783,-102.706,81.6616
670.86,7.80657,2.34431,70.2207,50.4843,146.604,1.92783,-102.706,81.6657
670.88,7.80657,2.32629,70.2207,49.1838,146.779,1.92783,-102.706,80.3181
670.9,7.80604,2.49415,70.8606,49.1838,146.779,1.92783,-96.8557,82.1095
670.92,7.80604,2.41668,70.8625,47.8834,146.779,1.92783,-96.8378,83.9118
670.94,7.8039,2.55142,71.1835,47.8834,147.187,1.92783,-96.8378,83.0134
670.96,7.8039,2.36864,71.1835,46.4018,147.187,1.92783,-96.8378,78.0872
670.98,7.80711,2.36809,71.4127,46.3972,148.704,1.929,-96.8378,78.5213
671,7.80657,2.47973,71.4127,44.7253,148.704,1.929,-96.8378,79.8689
671.02,7.80551,2.38903,71.4127,44.7253,150.333,1.929,-96.8378,81.6602
671.04,7.8055,2.34984,71.5044,44.7253,150.338,1.96392,-96.8378,82.5641
671.06,7.8055,2.34984,71.5044,43.3784,151.738,1.96392,-96.8378,83.4625
671.08,7.80337,2.29913,71.1845,43.3784,151.738,1.96392,-96.8378,81.6712
671.1,7.8039,2.48432,71.1835,41.9851,152.438,1.96392,-96.8378,81.6657
671.12,7.80604,2.37351,70.6791,41.9851,152.438,1.96392,-96.8378,80.3181
671.14,7.80604,2.3505,70.6791,41.0562,153.43,1.96392,-96.8378,82.1149
671.16,7.80444,2.35049,70.2207,41.0562,153.43,1.96392,-100.791,81.2165
671.18,7.80283,2.43255,70.2207,40.3595,154.713,1.96392,-100.791,81.2165
671.2,7.80657,2.35233,69.4871,40.3595,154.713,1.96392,-100.791,81.2165
671.22,7.80657,2.3761,69.4871,39.8502,154.713,1.96392,-100.791,81.6644
671.24,7.8055,2.37617,69.0286,39.8487,155.821,1.96297,-100.791,80.7673
671.26,7.80657,2.42276,69.0286,39.7093,155.821,1.96297,-100.791,81.2165
671.28,7.80444,2.4077,69.12,39.7093,156.81,1.94169,-100.791,81.6643
671.3,7.80444,2.4269,69.1203,39.7093,156.813,1.94162,-100.791,83.0133
671.32,7.80604,2.29717,69.7622,39.5236,157.163,1.94162,-100.791,81.2165
671.34,7.80444,2.29717,69.7622,39.5236,157.163,1.94162,-100.791,80.7687
671.36,7.80604,2.33418,69.7622,39.988,156.813,1.94162,-100.791,79.4197
671.38,7.80711,2.46281,70.7708,39.988,156.813,1.94162,-100.791,77.6228
671.4,7.80711,2.39834,70.7708,40.7288,156.057,1.94162,-108.079,78.9664
671.42,7.80711,2.39815,71.7337,40.7311,156.055,1.94162,-108.101,79.4197
671.44,7.80818,2.37127,71.7337,41.3349,154.188,1.94162,-108.101,78.5213
671.46,7.80924,2.36336,72.0536,41.3349,154.188,1.94162,-108.101,75.3864
671.48,7.80925,2.35272,72.0546,42.3566,152.204,1.94162,-108.101,75.3768
671.5,7.80925,2.34747,71.5503,42.3566,152.204,1.94126,-108.101,74.4784
671.52,7.80871,2.43214,71.5503,42.9123,151.565,1.94126,-108.101,74.9262
671.54,7.80764,2.53779,70.7708,42.9139,151.563,1.99755,-108.101,73.58
671.56,7.80764,2.46345,70.7708,43.5642,151.563,1.99755,-108.101,69.5371
671.58,7.80764,2.38246,69.7196,43.5642,152.377,1.99755,-108.101,69.985
671.6,7.80764,2.38221,69.7163,43.5642,152.379,1.99755,-108.101,69.0879
671.62,7.80925,2.44473,67.8824,44.2144,154.421,1.99755,-108.101,68.1895
671.64,7.80978,2.40695,67.8824,44.2144,154.421,1.99755,-108.101,66.8419
671.66,7.80978,2.35101,67.8824,44.5859,156.93,1.99755,-106.165,67.7403
671.68,7.81031,2.35101,65.3149,44.5859,156.93,1.99755,-106.165,66.8419
671.7,7.80978,2.44484,65.3149,45.1432,158.622,1.99755,-106.165,67.2911
671.72,7.80925,2.41388,62.6639,45.1432,158.622,1.99755,-106.165,69.9781
671.74,7.80925,2.48849,62.6558,45.5612,158.622,1.99755,-106.165,72.6816
671.76,7.81138,2.49108,60.0424,45.5612,158.622,2.03712,-106.165,69.0879
671.78,7.81298,2.49108,60.0424,45.7927,157.807,2.03712,-106.165,71.3271
671.8,7.81085,2.46726,58.1168,45.7935,157.805,1.92491,-106.165,75.826
671.82,7.81406,2.5133,58.1168,45.8863,156.346,1.92491,-106.165,78.0721
671.84,7.81406,2.49069,56.6085,45.8863,156.346,1.92491,-106.165,77.6242
671.86,7.81352,2.49062,56.4663,46.0257,154.946,1.92491,-106.165,78.5213
671.88,7.81138,2.49816,56.4663,46.0257,154.946,1.92491,-106.165,80.7673
671.9,7.81458,2.46959,56.4663,46.0257,154.946,1.92491,-106.165,79.8717
671.92,7.81459,2.50284,56.4663,46.0257,154.946,1.92491,-106.165,80.3181
671.94,7.8178,2.49545,56.4663,46.0257,153.196,1.92491,-91.7725,81.6657
671.96,7.81673,2.35631,57.0148,46.0257,153.196,1.92491,-91.7725,87.0398
671.98,7.81566,2.50589,57.0165,46.165,150.863,1.92491,-91.7725,90.2006
672,7.81512,2.43426,57.7959,46.165,150.863,1.92491,-91.7725,91.5483
672.02,7.81512,2.53453,57.7959,46.165,147.315,1.92491,-91.7725,92.8918
672.04,7.81619,2.53484,58.3919,46.165,147.304,2.10543,-91.7725,94.2435
672.06,7.81887,2.41641,58.3919,46.8152,141.937,2.10543,-91.7725,92.4467
672.08,7.81993,2.42021,59.8089,46.8152,141.937,1.92064,-91.7725,90.2075
672.1,7.81993,2.32761,59.8132,46.9545,137.678,1.92008,-91.7725,92.4467
672.12,7.81673,2.3276,61.4637,46.9545,137.678,1.92008,-91.7725,92.4467
672.14,7.81833,2.35985,61.4637,47.7441,137.678,1.92008,-91.7725,90.2006
672.16,7.81833,2.29281,62.8392,47.7441,133.478,1.92008,-91.7725,87.0562
672.18,7.821,2.24845,62.8392,48.6265,133.478,1.92008,-91.7725,88.853
672.2,7.821,2.26753,64.3521,48.6265,127.877,1.92008,-108.78,86.1578
672.22,7.8194,2.26753,64.3521,49.6915,127.877,1.92008,-108.78,82.5751
672.24,7.8194,2.26039,64.3521,49.6947,119.768,1.92008,-108.78,77.6228
672.26,7.81993,2.24499,66.1402,49.6947,119.768,1.92008,-108.78,75.3768
672.28,7.81993,2.28564,66.1402,50.6671,114.534,1.92008,-108.78,73.5855
672.3,7.8194,2.28576,67.4698,50.67,114.518,2.13328,-108.78,73.1308
672.32,7.82368,2.34205,67.4698,51.924,114.518,2.13328,-108.78,68.6387
672.34,7.82208,2.27909,68.0183,51.924,114.518,1.92929,-108.78,66.3995
672.36,7.82474,2.28619,68.02,53.178,116.618,1.92866,-108.78,62.799
672.38,7.82474,2.17692,68.2034,53.178,116.618,1.92866,-108.78,58.7562
672.4,7.82315,2.17692,68.2034,54.706,118.363,1.92866,-108.78,56.517
672.42,7.82421,2.25906,67.7907,54.7106,118.368,1.92866,-108.78,54.2641
672.44,7.82421,2.22318,67.7907,56.6148,118.368,1.92866,-108.78,52.4673
672.46,7.82421,2.3256,66.648,56.6148,120.578,1.92866,-102.458,52.9151
672.48,7.82474,2.32591,66.6445,58.4261,120.585,1.92866,-102.438,55.1625
672.5,7.82581,2.19296,64.9482,58.4261,123.91,1.92866,-102.438,56.9594
672.52,7.82688,2.13223,64.9482,60.4171,123.91,1.92866,-102.438,53.3767
672.54,7.82421,2.23321,63.9854,60.4232,129.044,1.92866,-102.438,50.6705
672.56,7.82421,2.2521,63.9854,60.4232,129.044,2.06349,-102.438,48.4244
672.58,7.82634,2.25211,63.9854,62.4605,136.663,2.06349,-102.438,47.9766
672.6,7.82742,2.33497,62.7475,62.4667,136.686,1.97594,-102.438,47.9752
672.62,7.82742,2.21064,62.7475,64.278,144.62,1.97594,-102.438,49.7721
672.64,7.82742,2.26134,61.2803,64.278,144.62,1.97594,-102.438,47.9752
672.66,7.82742,2.26134,61.2803,65.5785,150.163,1.97594,-102.438,49.7721
672.68,7.82795,2.17944,60.5009,65.5785,150.163,1.97594,-102.438,51.5689
672.7,7.82795,2.30089,60.5009,66.5538,151.738,1.97594,-102.438,52.9165
672.72,7.82902,2.24423,59.861,66.5538,151.738,1.97594,-91.4971,50.6773
672.74,7.82902,2.24267,59.859,67.5755,152.088,1.97594,-91.4636,51.5689
672.76,7.83009,2.24267,59.9049,67.5755,152.088,1.97594,-91.4636,51.5689
672.78,7.82956,2.28592,59.9049,67.9923,152.088,1.97594,-91.4636,56.0473
672.8,7.83062,2.22536,60.2258,67.9935,152.554,2.06626,-91.4636,58.7562
672.82,7.83062,2.15911,60.2258,67.4362,152.554,2.06626,-91.4636,60.1038
672.84,7.83062,2.15911,61.2314,67.4362,151.508,1.98121,-91.4636,60.9995
672.86,7.83009,2.20584,61.2345,67.4362,151.504,1.98094,-91.4636,63.2483
672.88,7.83116,2.36002,61.2345,66.0893,149.229,1.98094,-91.4636,63.2483
672.9,7.83116,2.19188,62.0115,66.0893,149.229,1.98094,-91.4636,63.2483
672.92,7.83383,2.34202,62.0139,64.7425,147.304,1.98094,-91.4636,66.8419
672.94,7.83062,2.34201,62.885,64.7425,147.304,1.98094,-91.4636,68.1895
672.96,7.83062,2.18331,62.885,63.3997,145.21,1.98094,-91.4636,69.9809
672.98,7.83062,2.24531,64.1687,63.3956,145.204,1.98094,-103.777,70.8848
673,7.83062,2.27277,64.1687,62.0487,140.887,1.98094,-103.777,71.7832
673.02,7.83222,2.27278,66.3627,62.0487,140.887,1.98094,-103.777,72.231
673.04,7.83223,2.29628,66.3694,60.1446,135.111,1.98094,-103.777,73.58
673.06,7.83223,2.28277,68.7994,60.1446,135.111,2.03382,-103.777,77.1736
673.08,7.83223,2.24894,68.7994,58.2925,135.111,2.03382,-103.777,76.7258
673.1,7.83116,2.28301,71.0459,58.2868,129.744,2.01145,-103.777,77.6229
673.12,7.83329,2.30668,71.0459,56.2433,129.744,2.01145,-103.777,78.0721
673.14,7.83009,2.23388,73.1549,56.2433,124.669,2.01145,-103.777,79.4197
673.16,7.83009,2.28061,73.1549,56.2433,124.669,2.01145,-103.777,81.6657
673.18,7.83276,2.19509,73.1549,54.1533,121.402,2.01145,-103.777,85.7086
673.2,7.83329,2.19509,74.8513,54.1533,121.402,2.01145,-103.777,84.361
673.22,7.83649,2.2525,74.8513,52.6254,120.82,2.01145,-103.777,82.1218
673.24,7.8365,2.20199,75.9975,52.6207,120.818,2.01145,-104.106,81.6657
673.26,7.8365,2.25526,75.9975,51.1809,123.21,2.01145,-104.106,80.7673
673.28,7.83597,2.25526,76.5003,51.1809,123.21,2.01145,-104.106,81.663
673.3,7.83597,2.16058,76.5018,49.8341,127.586,2.01145,-104.106,81.6657
673.32,7.83383,2.20107,76.6852,49.8341,127.586,2.04416,-104.106,83.0133
673.34,7.83383,2.29258,76.6852,48.5839,133.344,2.04416,-104.106,80.7741
673.36,7.83383,2.27075,76.3643,48.5801,133.361,2.00976,-104.106,83.0133
673.38,7.83383,2.2015,76.3643,47.6048,133.361,2.00976,-104.106,85.2594
673.4,7.83223,2.16824,74.993,47.6048,138.945,2.00976,-104.106,87.4985
673.42,7.83223,2.30202,74.9889,47.0939,138.962,2.00976,-104.106,88.4038
673.44,7.83223,2.15896,72.9257,47.0939,143.629,2.00976,-104.106,89.7514
673.46,7.83436,2.15897,72.9257,47.0939,143.629,2.00976,-104.106,91.5428
673.48,7.83329,2.30368,72.9257,46.7223,147.246,2.00976,-101.162,91.0991
673.5,7.83276,2.2905,70.5416,46.7223,147.246,2.00976,-101.162,92.4467
673.52,7.82956,2.2951,70.5416,46.6297,150.793,2.00976,-101.162,92.4467
673.54,7.82955,2.29512,68.5243,46.6294,150.804,2.00976,-101.162,91.0991
673.56,7.82955,2.27473,68.5243,46.2114,155.471,2.00976,-101.162,90.6498
673.58,7.82902,2.41266,67.2902,46.2114,155.471,2.04647,-101.162,90.202
673.6,7.83062,2.46028,67.2864,46.165,160.955,2.04658,-101.162,90.2006
673.62,7.83062,2.47411,66.0944,46.165,160.955,2.02181,-101.162,89.3022
673.64,7.83062,2.47411,66.0944,46.3972,166.031,2.02181,-101.162,91.0991
673.66,7.83062,2.44972,64.9023,46.3972,166.031,2.02181,-101.162,95.1419
673.68,7.82955,2.47445,64.9023,45.9792,166.031,2.02181,-101.162,100.083
673.7,7.82955,2.45593,63.8478,45.9792,169.298,2.02181,-101.162,98.2864
673.72,7.83062,2.44694,63.8478,46.0255,169.298,2.02181,-101.162,97.3907
673.74,7.82955,2.48464,63.1601,46.0257,171.048,2.02181,-96.22,96.9387
673.76,7.83009,2.45653,63.1601,46.0257,171.048,2.02181,-96.22,96.9387
673.78,7.82902,2.47985,63.1601,45.9331,171.28,2.02181,-96.22,98.2822
673.8,7.82902,2.56989,63.1601,45.9328,171.281,2.02181,-96.22,97.8371
673.82,7.82261,2.56987,63.1601,45.6541,170.698,2.02181,-96.22,96.9387
673.84,7.81675,2.47501,64.0743,45.6541,170.698,2.04047,-96.22,94.6995
673.86,7.81138,2.63086,64.077,45.3755,169.531,2.04053,-96.22,91.9975
673.88,7.81138,2.57809,65.3149,45.3755,169.531,2.05174,-96.22,88.4038
673.9,7.80925,2.56595,65.3149,44.8661,168.135,2.05174,-96.22,86.1646
673.92,7.8039,2.45838,66.5987,44.8646,168.131,2.05174,-96.22,85.7086
673.94,7.80337,2.52592,66.5987,44.6324,166.031,2.05174,-96.22,85.2594
673.96,7.80497,2.3968,66.9186,44.6324,166.031,2.05174,-96.22,87.9464
673.98,7.80497,2.60049,66.9196,43.657,166.031,2.05174,-96.22,88.4038
674,7.80444,2.60049,67.103,43.657,163.697,2.05174,-108.451,89.7514
674.02,7.80603,2.52984,67.103,43.657,163.697,2.05174,-108.451,92.4384
674.04,7.80444,2.5506,67.424,42.8675,161.422,2.05174,-108.451,96.9387
674.06,7.80444,2.49729,67.424,42.8675,161.422,2.05174,-108.451,98.7355
674.08,7.80657,2.4973,67.424,42.2193,159.735,2.05174,-108.451,96.0485
674.1,7.80497,2.41495,67.8366,42.2173,159.73,2.08401,-108.451,92.4467
674.12,7.8055,2.55292,67.8366,41.9851,158.038,2.08401,-108.451,92.4467
674.14,7.8055,2.5342,68.616,41.9851,158.038,2.02423,-108.451,94.6927
674.16,7.8055,2.49549,68.616,42.2173,155.996,2.02423,-108.451,94.6927
674.18,7.8055,2.49549,69.3037,42.2173,155.996,2.02423,-108.451,94.2435
674.2,7.8055,2.58839,69.3037,42.6353,153.021,2.02423,-108.451,92.4467
674.22,7.80391,2.40419,69.9436,42.6353,153.021,2.02423,-108.451,91.9988
674.24,7.8039,2.44979,69.9456,43.3319,149.929,2.02423,-108.451,91.5483
674.26,7.80604,2.44979,70.4499,43.3319,149.929,2.02423,-102.686,91.5483
674.28,7.80444,2.49523,70.4499,43.795,149.929,2.02423,-102.686,95.131
674.3,7.80657,2.49308,70.8167,43.7964,147.304,2.02423,-102.686,98.2863
674.32,7.80657,2.4189,70.8167,44.8646,147.304,2.02423,-102.686,102.778
674.34,7.80444,2.42596,71.7766,44.8646,145.21,2.01201,-102.686,104.57
674.36,7.80604,2.42598,71.7795,44.8646,145.204,2.01197,-102.686,105.024
674.38,7.80444,2.33098,71.7795,46.583,143.862,2.01197,-102.686,103.677
674.4,7.80603,2.34403,71.9623,46.583,143.862,2.06086,-102.686,103.677
674.42,7.80604,2.28315,71.9629,48.2085,143.162,2.06101,-102.686,101.88
674.44,7.80604,2.28315,71.5961,48.2085,143.162,2.06101,-102.686,100.083
674.46,7.80657,2.44774,71.5961,50.431,143.046,2.06101,-102.686,97.844
674.48,7.80497,2.31067,71.1376,50.4378,143.045,2.06101,-102.686,96.4895
674.5,7.80497,2.33498,71.1376,52.9458,142.17,2.06101,-102.686,99.1847
674.52,7.8071,2.352,70.452,54.5201,140.367,2.06101,-90.8409,102.32
674.54,7.80444,2.33224,70.4499,54.5249,140.362,2.06101,-90.8047,105.474
674.56,7.80497,2.26981,70.4499,54.5249,140.362,2.06101,-90.8047,106.372
674.58,7.80604,2.27137,69.7643,54.5249,140.362,2.06101,-90.8047,110.403
674.6,7.80604,2.38825,69.7622,56.6613,140.362,2.06101,-90.8047,117.153
674.62,7.80497,2.38825,69.1203,56.6613,137.737,2.06101,-90.8047,120.747
674.64,7.80604,2.3586,69.1203,58.7048,137.737,2.06101,-90.8047,124.34
674.66,7.80657,2.29078,69.1203,58.7048,136.686,2.05918,-90.8047,128.383
674.68,7.80657,2.47747,68.5701,58.7048,136.686,2.05918,-90.8047,134.672
674.7,7.80657,2.47747,68.5701,60.2839,137.27,2.05918,-90.8047,140.512
674.72,7.80604,2.27285,67.656,60.2839,137.27,2.05918,-90.8047,139.168
674.74,7.80657,2.52348,67.6532,62.2345,136.686,2.05918,-90.8047,137.367
674.76,7.80711,2.3806,66.9196,62.2345,136.686,2.05918,-90.8047,138.715
674.78,7.80711,2.4337,66.9196,63.9477,137.384,2.05918,-90.8047,139.163
674.8,7.80604,2.43386,66.9196,63.9529,137.387,2.05918,-104.395,142.309
674.82,7.80497,2.23303,66.9196,65.2069,138.203,2.05918,-104.395,144.105
674.84,7.80444,2.42162,67.7424,65.2069,138.203,2.05918,-104.395,146.792
674.86,7.80444,2.44232,67.7449,65.95,138.203,2.05918,-104.395,150.394
674.88,7.80657,2.44232,68.7994,65.95,138.787,2.07458,-104.395,152.64
674.9,7.80604,2.38938,68.7994,66.0426,138.787,2.07458,-104.395,154.432
674.92,7.80764,2.5376,69.9456,66.0429,138.962,2.07458,-104.395,154.437
674.94,7.80604,2.46066,69.9456,65.1605,138.962,2.07458,-104.395,154.437
674.96,7.80604,2.49903,71.8196,65.1605,138.904,2.07458,-104.395,157.572
674.98,7.80764,2.49915,71.8253,65.1605,138.903,2.07458,-104.395,157.582
675,7.80604,2.39737,71.8253,63.3492,138.378,2.07458,-104.395,152.64
675.02,7.80604,2.39356,74.1565,63.3492,138.378,2.07458,-104.395,145.475
675.04,7.80604,2.38108,74.1636,60.5161,137.795,2.07458,-103.427,145.453
675.06,7.80444,2.38107,77.052,60.5161,137.795,2.07458,-103.427,145.453
675.08,7.80817,2.44546,77.052,56.673,138.028,2.07458,-103.427,143.662
675.1,7.80283,2.33512,80.4448,56.6613,138.028,2.07458,-103.427,140.961
675.12,7.80283,2.36268,80.4448,52.7136,138.903,2.07458,-103.427,136.918
675.14,7.79321,2.44161,83.7917,52.7136,138.903,2.08487,-103.427,140.512
675.16,7.78947,2.4416,83.7917,48.4872,140.537,2.08487,-103.427,145.453
675.18,7.78306,2.35449,86.5425,48.4872,140.537,2.09031,-103.427,146.801
675.2,7.77985,2.37707,86.5425,45.0504,140.537,2.09031,-103.427,150.394
675.22,7.77985,2.37282,89.1936,45.0504,142.689,2.09031,-103.427,151.738
675.24,7.77825,2.3728,89.2017,42.3566,142.695,2.09031,-103.427,152.64
675.26,7.78039,2.41819,91.4483,42.3566,144.737,2.09031,-103.427,155.785
675.28,7.78145,2.41796,91.4483,42.3566,144.737,2.09031,-103.427,155.337
675.3,7.78146,2.46815,91.4483,39.9416,147.304,2.09031,-96.1171,153.539
675.32,7.77932,2.48326,93.0071,39.9416,147.304,2.09031,-96.1171,153.539
675.34,7.78038,2.38271,93.0071,38.0895,152.655,2.09031,-96.1171,150.404
675.36,7.78039,2.47298,94.5201,38.0838,152.671,2.09031,-96.1171,147.699
675.38,7.77718,2.3849,94.5201,36.4583,161.947,2.09031,-96.1171,140.512
675.4,7.77718,2.39935,96.0284,36.4583,161.947,2.09544,-96.1171,137.377
675.42,7.77985,2.39941,96.0331,35.3436,172.739,2.09545,-96.1171,137.816
675.44,7.77932,2.3036,97.3168,35.3436,172.739,2.08198,-96.1171,139.164
675.46,7.77879,2.41062,97.3168,34.5102,183.441,2.08198,-96.1171,135.581
675.48,7.77878,2.36923,99.3799,34.5076,183.474,2.08198,-96.1171,131.977
675.5,7.78039,2.36924,99.3799,33.2537,183.474,2.08198,-96.1171,129.282
675.52,7.77826,2.36593,102.214,33.2537,191.5,2.08198,-96.1171,125.251
675.54,7.77932,2.35781,102.223,32.2319,191.524,2.08198,-96.1171,119.399
675.56,7.77932,2.3221,105.982,32.2319,196.133,2.08198,-101.429,113.11
675.58,7.77665,2.45546,105.982,32.2319,196.133,2.08198,-101.429,105.497
675.6,7.77878,2.45587,105.982,31.721,200.8,2.08198,-101.429,99.1848
675.62,7.77985,2.41075,109.146,31.721,200.8,2.08198,-101.429,92.8959
675.64,7.77878,2.28896,109.146,31.0708,208.267,2.08198,-101.429,86.607
675.66,7.77878,2.35857,111.117,31.0708,208.267,2.15123,-101.429,82.5641
675.68,7.77825,2.35857,111.117,30.6064,218.068,2.15123,-101.429,76.7244
675.7,7.77932,2.45216,112.447,30.6064,218.068,2.09922,-101.429,68.1895
675.72,7.77985,2.52536,112.447,30.3286,232.143,2.09922,-101.429,62.8155
675.74,7.77985,2.41626,111.163,30.3277,232.186,2.09922,-101.429,57.8578
675.76,7.77825,2.42062,111.163,30.3742,249.746,2.09922,-101.429,57.4086
675.78,7.77985,2.48424,105.724,30.3742,249.746,2.09922,-101.429,57.8564
675.8,7.78039,2.40024,105.707,30.5599,249.746,2.09922,-108.121,59.6546
675.82,7.78039,2.63927,100.205,30.5599,269.756,2.09922,-108.121,58.307
675.84,7.77932,2.60556,100.205,30.5136,269.756,2.09922,-108.121,58.307
675.86,7.77985,2.60546,95.1619,30.5135,289.591,2.09922,-108.121,57.4086
675.88,7.77985,2.47328,95.1619,30.6528,289.591,2.09922,-108.121,56.5102
675.9,7.77985,2.57633,95.1619,30.6528,303.666,2.09922,-108.121,53.8231
675.92,7.77985,2.67089,90.2562,30.6528,303.709,2.20119,-108.121,51.1197
675.94,7.77772,2.67089,90.2562,30.885,307.617,2.20119,-108.121,51.1197
675.96,7.78198,2.5249,86.9195,30.885,307.617,2.10211,-108.121,52.4632
675.98,7.78146,2.54771,86.9093,31.1173,294.666,2.1018,-108.121,53.8149
676,7.78146,2.51415,84.9837,31.1173,294.666,2.1018,-108.121,54.7133
676.02,7.77986,2.51467,84.9837,31.5803,271.111,2.1018,-108.121,54.2655
676.04,7.77932,2.58199,84.6169,31.5817,271.039,2.1018,-108.121,54.2641
676.06,7.77985,2.52882,84.6169,31.6281,246.479,2.1018,-103.2,54.2641
676.08,7.77932,2.65266,83.5656,31.6281,246.479,2.1018,-103.2,54.2641
676.1,7.77932,2.49412,83.5624,32.139,246.479,2.1018,-103.2,56.9594
676.12,7.78146,2.49412,81.9119,32.139,222.21,2.1018,-103.2,61.0022
676.14,7.78359,2.58644,81.9119,31.9068,222.21,2.1018,-103.2,65.9435
676.16,7.78466,2.69405,79.3444,31.9068,197.183,2.15073,-103.2,69.0879
676.18,7.78466,2.53114,79.3444,32.3712,197.183,2.15073,-103.2,71.334
676.2,7.78733,2.53115,79.3444,32.3712,173.323,2.15073,-103.2,71.334
676.22,7.7868,2.51594,75.962,32.3712,173.323,2.09837,-103.2,69.5426
676.24,7.79214,2.62001,75.9517,33.2537,155.705,2.09821,-103.2,69.9863
676.26,7.79321,2.60903,72.4214,33.2537,155.705,2.09821,-103.2,73.1308
676.28,7.79321,2.57545,72.4214,34.2723,144.887,2.09821,-103.2,74.4743
676.3,7.79428,2.57535,68.7535,34.2754,144.854,2.09821,-103.2,74.4784
676.32,7.80016,2.53986,68.7535,35.3436,137.795,2.09821,-85.8835,76.2752
676.34,7.80229,2.45809,65.3711,35.3436,137.795,2.09821,-85.8835,81.6493
676.36,7.8023,2.6337,65.3608,36.1332,132.836,2.09821,-85.8835,83.0133
676.38,7.80657,2.63371,62.6099,36.1332,132.836,2.09821,-85.8835,85.2594
676.4,7.80711,2.48233,62.6099,37.2907,132.836,2.09821,-85.8835,87.4986
676.42,7.81245,2.59607,60.4551,37.2943,129.919,2.02297,-85.8835,88.853
676.44,7.81031,2.61314,60.4551,38.5018,129.919,2.02297,-85.8835,94.2435
676.46,7.81031,2.49811,58.9467,38.5018,128.349,2.10811,-85.8835,96.9305
676.48,7.81406,2.49777,58.9421,39.57,128.344,2.10837,-85.8835,99.634
676.5,7.81138,2.51003,58.2085,39.57,127.994,2.10837,-85.8835,104.575
676.52,7.81192,2.3259,58.2085,41.0054,127.994,2.10837,-85.8835,104.127
676.54,7.81192,2.37682,58.2085,41.0098,129.453,2.10837,-85.8835,103.228
676.56,7.81245,2.37682,58.2544,42.9139,129.453,2.10837,-85.8835,101.431
676.58,7.81032,2.47243,58.2544,42.9139,129.045,2.10837,-104.851,101.431
676.6,7.81192,2.33832,58.5294,45.1897,129.044,2.10837,-104.909,99.634
676.62,7.81352,2.3701,58.5294,45.1897,125.602,2.10837,-104.909,99.1848
676.64,7.81352,2.28719,58.5294,45.1897,125.602,2.10837,-104.909,100.532
676.66,7.81352,2.28719,58.5294,47.837,120.293,2.10837,-104.909,101.88
676.68,7.81192,2.2939,58.5753,47.837,120.293,2.00317,-104.909,103.228
676.7,7.81085,2.33306,58.5753,51.0416,114.518,2.00317,-104.909,101.88
676.72,7.81085,2.22366,58.5296,51.0416,114.518,2.11404,-104.909,102.328
676.74,7.81031,2.22332,58.5294,54.4784,114.518,2.11438,-104.909,102.778
676.76,7.81192,2.19571,57.5208,54.4784,110.901,2.11438,-104.909,101.88
676.78,7.81245,2.37493,57.5208,58.2289,110.901,2.11438,-104.909,102.776
676.8,7.81192,2.2317,56.5121,58.2404,110.376,2.11438,-104.909,103.228
676.82,7.81192,2.31185,56.5121,61.1199,110.376,2.11438,-104.909,99.634
676.84,7.81245,2.31185,56.5121,61.1199,110.841,2.11438,-99.2641,97.3948
676.86,7.81192,2.13362,55.3659,62.7918,110.843,2.11438,-99.2469,94.2435
676.88,7.81299,2.20774,55.3659,62.7918,110.959,2.11438,-99.2469,91.9975
676.9,7.81299,2.22536,54.4518,63.7179,110.959,2.11438,-99.2469,92.4453
676.92,7.81459,2.22542,54.449,63.7207,110.551,2.11438,-99.2469,90.2006
676.94,7.81299,2.23485,53.2569,63.9529,110.551,1.97946,-99.2469,91.9975
676.96,7.81459,2.24633,53.2569,63.9529,110.027,1.97946,-99.2469,94.6845
676.98,7.81459,2.21887,52.2024,63.9529,110.026,2.10425,-99.2469,94.2435
677,7.81245,2.09553,52.2024,63.5349,109.151,2.10425,-99.2469,92.4467
677.02,7.81405,2.09554,51.6539,63.5349,109.151,2.10425,-99.2469,91.9988
677.04,7.81566,2.21636,51.6523,62.7454,109.151,2.10425,-99.2469,91.5483
677.06,7.81459,2.21716,51.3772,62.7454,108.509,2.10425,-99.2469,88.853
677.08,7.81459,2.1325,51.3772,61.6341,108.509,2.10425,-99.2469,91.54
677.1,7.81299,2.13223,51.1021,61.6307,107.751,2.10425,-92.4931,90.2006
677.12,7.81245,2.17095,51.1021,60.9805,107.751,2.10425,-92.4931,90.2006
677.14,7.81299,2.14202,50.9645,60.9805,106.701,2.10425,-92.4931,91.9975
677.16,7.81299,2.17476,51.0562,60.8412,105.592,2.10425,-92.4931,96.4895
677.18,7.81352,2.20756,51.0562,60.8412,105.592,2.10425,-92.4931,99.634
677.2,7.81299,2.18171,51.0562,60.8412,105.592,2.10425,-92.4931,100.982
677.22,7.81245,2.24416,51.0562,60.9338,105.592,1.86849,-92.4931,100.534
677.24,7.81245,2.212,50.7812,60.9341,105.009,1.86777,-92.4931,101.88
677.26,7.81245,2.28274,50.7812,60.9341,105.009,2.1301,-92.4931,100.532
677.28,7.81139,2.28273,50.7812,60.9804,105.649,2.1301,-92.4931,97.3975
677.3,7.81192,2.31069,50.4144,60.9805,105.651,2.1301,-92.4931,100.083
677.32,7.81031,2.24691,50.4144,60.7019,106.351,2.1301,-92.4931,99.1847
677.34,7.81031,2.16531,50.0944,60.7019,106.351,2.1301,-92.4931,99.6326
677.36,7.81138,2.16506,50.0934,60.1446,107.459,2.1301,-92.4931,98.2863
677.38,7.81138,2.25601,50.1851,60.1446,107.459,2.1301,-96.2818,95.1419
677.4,7.81351,2.25524,50.1851,59.3574,109.785,2.1301,-96.2818,96.9332
677.42,7.80978,2.23572,50.3685,59.355,109.793,2.1301,-96.2818,96.4895
677.44,7.80978,2.18872,50.3685,59.355,112.709,2.1301,-96.2818,99.634
677.46,7.81031,2.18872,50.3228,57.7344,112.709,1.99425,-96.2818,102.769
677.48,7.81031,2.27833,50.3227,57.7295,112.709,1.99384,-96.2818,106.821
677.5,7.80871,2.20362,50.4144,56.4291,114.401,2.1357,-96.2818,105.024
677.52,7.80871,2.15237,50.4144,56.4291,114.401,2.1357,-96.2818,100.098
677.54,7.80764,2.15221,50.0017,55.3609,114.751,2.1357,-96.2818,98.2864
677.56,7.80764,2.20541,50.0017,55.3609,114.751,2.1357,-96.2818,95.1419
677.58,7.80604,2.2922,49.4989,54.2496,114.635,2.1357,-96.2818,89.32
677.6,7.8023,2.34991,49.4974,54.2462,114.635,2.1357,-96.2818,86.607
677.62,7.8023,2.24243,49.4974,53.5031,114.868,2.1357,-96.2818,86.1578
677.64,7.80283,2.24243,48.5346,53.5031,114.868,2.1357,-101.471,85.7086
677.66,7.80337,2.30387,48.5346,53.178,114.751,2.1357,-101.471,86.607
677.68,7.8023,2.33913,47.0216,53.178,114.751,2.1357,-101.471,88.4038
677.7,7.8023,2.2503,47.0216,53.0851,113.526,2.1357,-101.471,90.6498
677.72,7.80123,2.2503,44.7362,53.0851,113.526,1.97525,-101.471,88.4107
677.74,7.8007,2.33086,44.7292,53.0851,111.659,1.97476,-101.471,92.8959
677.76,7.79963,2.27398,43.0787,52.8529,111.659,2.14335,-101.471,91.5483
677.78,7.79963,2.34549,43.0787,52.8529,109.624,2.14335,-101.471,89.7569
677.8,7.79909,2.29522,42.2534,52.2956,109.618,2.14335,-101.471,90.6498
677.82,7.79802,2.29522,42.2534,52.2956,109.618,2.14335,-101.471,89.7514
677.84,7.79749,2.21323,42.5734,51.601,106.477,2.14335,-101.471,94.2298
677.86,7.79749,2.2585,42.5744,51.5989,106.467,2.14335,-101.471,91.9975
677.88,7.79749,2.26404,42.5744,51.2738,101.567,2.14335,-101.471,91.5483
677.9,7.79802,2.26404,43.4428,51.2738,101.567,2.14335,-95.9281,91.5483
677.92,7.79428,2.23404,43.4455,50.7629,97.4248,2.14335,-95.9112,91.9975
677.94,7.79535,2.21868,44.1791,50.7629,97.4248,2.14335,-95.9112,96.0403
677.96,7.79588,2.26637,44.1791,50.7629,99.6931,2.14335,-95.9112,96.4882
677.98,7.79589,2.27972,45.1419,50.1592,99.7,2.1223,-95.9112,96.0403
678,7.79482,2.24658,45.1419,50.1592,103.259,2.1223,-95.9112,98.2864
678.02,7.79535,2.18004,45.8732,49.2794,103.259,2.15562,-95.9112,97.3907
678.04,7.79428,2.25338,45.8754,49.2767,103.784,2.15572,-95.9112,94.6927
678.06,7.79428,2.26979,45.8754,48.7659,103.784,2.15572,-95.9112,92.8959
678.08,7.79482,2.26979,46.561,48.7659,103.784,2.15572,-95.9112,93.7915
678.1,7.79535,2.21894,46.5631,48.0692,104.659,2.15572,-95.9112,93.3451
678.12,7.79321,2.24984,47.1592,48.0692,104.659,2.15572,-95.9112,92.4467
678.14,7.79321,2.21195,47.1592,47.3725,105.942,2.15572,-95.9112,91.5483
678.16,7.79375,2.23009,47.2967,47.3725,105.942,2.15572,-84.3187,87.9546
678.18,7.79589,2.23226,47.2967,46.4901,108.101,2.15572,-84.3187,85.7086
678.2,7.79268,2.41917,46.3798,46.4901,108.101,2.15572,-84.3187,83.9117
678.22,7.79268,2.32984,46.3798,45.703,110.195,2.15572,-84.3187,84.3596
678.24,7.79428,2.26983,45.3711,45.7006,110.201,2.02131,-84.3187,86.1578
678.26,7.79482,2.26983,45.3711,45.2826,110.201,2.02131,-84.3187,83.0133
678.28,7.79535,2.35647,45.1883,45.2826,112.062,2.16028,-84.3187,82.1177
678.3,7.79535,2.39656,45.1877,44.911,112.068,2.16071,-84.3187,79.4197
678.32,7.79589,2.37133,45.4169,44.911,113.526,2.16071,-84.3187,78.0721
678.34,7.79642,2.36813,45.4169,44.911,113.526,2.16071,-84.3187,76.2807
678.36,7.79589,2.48055,45.4169,44.2144,113.001,2.16071,-84.3187,73.1308
678.38,7.79482,2.29522,45.9671,44.2144,113.001,2.16071,-84.3187,73.58
678.4,7.79482,2.47493,45.9671,43.9829,110.675,2.16071,-84.3187,74.9235
678.42,7.79375,2.4943,46.7924,43.9822,110.668,2.16071,-100.215,74.0292
678.44,7.79589,2.41808,46.7924,44.1215,109.092,2.16071,-100.215,75.3768
678.46,7.79535,2.33676,48.4379,44.1215,109.092,2.16071,-100.215,78.9595
678.48,7.79535,2.39229,48.4429,43.657,108.859,2.16071,-100.215,78.0721
678.5,7.79428,2.34799,51.1021,43.657,108.859,2.13486,-100.215,78.0721
678.52,7.79428,2.30447,51.1021,43.8423,109.499,2.13486,-100.215,79.8634
678.54,7.79321,2.28222,52.936,43.8428,109.501,2.11385,-100.215,83.4625
678.56,7.79535,2.27925,52.936,44.2144,109.501,2.11385,-100.215,87.0562
678.58,7.79535,2.33736,52.936,44.2144,109.792,2.11385,-100.215,88.3997
678.6,7.79321,2.33753,53.9447,44.2144,109.793,2.11385,-100.215,89.3022
678.62,7.79535,2.26217,53.9447,45.3755,109.559,2.11385,-100.215,93.3451
678.64,7.79268,2.29071,54.1281,45.3755,109.559,2.11385,-100.215,95.1419
678.66,7.79268,2.16887,54.1281,46.4901,112.184,2.11385,-100.215,92.4467
678.68,7.79428,2.16888,53.6237,46.4901,112.184,2.11385,-94.4287,92.8959
678.7,7.79482,2.3338,53.6237,47.6976,117.318,2.11385,-94.4287,94.2435
678.72,7.79588,2.29577,52.7096,47.6976,117.318,2.11385,-94.4287,94.2435
678.74,7.79589,2.31859,52.7068,49.3232,121.635,2.11385,-94.4287,93.7943
678.76,7.79802,2.3017,52.2024,49.3232,121.635,2.10182,-94.4287,92.4467
678.78,7.79536,2.30169,52.2024,50.1103,121.635,2.10182,-94.4287,93.3423
678.8,7.79589,2.37263,51.6523,50.1127,125.544,2.15371,-94.4287,93.7943
678.82,7.79589,2.39851,51.6523,49.9269,125.544,2.15371,-94.4287,93.3451
678.84,7.79375,2.34336,51.0581,49.9269,129.266,2.15371,-94.4287,92.0016
678.86,7.79535,2.3432,51.0562,50.252,129.278,2.15371,-94.4287,87.9546
678.88,7.79375,2.4363,50.8728,50.252,132.194,2.15371,-94.4287,82.5641
678.9,7.79375,2.39621,50.8728,50.252,132.194,2.15371,-94.4287,82.1163
678.92,7.79428,2.43402,50.2768,49.8341,134.82,2.15371,-85.41,78.9705
678.94,7.79321,2.43354,50.2768,49.8341,134.82,2.15371,-85.41,79.4197
678.96,7.79375,2.33576,50.2768,49.0932,138.775,2.15371,-85.41,77.6283
678.98,7.79375,2.36434,50.2768,49.091,138.787,2.15371,-85.41,74.4784
679,7.79589,2.46023,50.2768,48.673,141.354,2.15371,-85.41,71.7832
679.02,7.79589,2.46523,50.5054,48.673,141.354,2.27681,-85.41,72.6788
679.04,7.79642,2.37023,50.5061,47.7905,137.678,2.27719,-85.41,69.0879
679.06,7.79535,2.41895,51.8815,47.7905,137.678,2.09821,-85.41,66.8419
679.08,7.79535,2.35549,51.8815,47.0497,129.419,2.09821,-85.41,68.1854
679.1,7.79589,2.35436,53.6237,47.0474,129.394,2.09821,-85.41,67.7403
679.12,7.79589,2.3906,53.6237,46.8617,123.152,2.09821,-85.41,65.0451
679.14,7.79482,2.22966,55.5035,46.8617,123.152,2.09821,-85.41,63.6975
679.16,7.79482,2.27251,55.5035,46.5366,123.152,2.09821,-85.41,63.2483
679.18,7.79535,2.27705,57.0623,46.5366,120.527,2.09821,-97.8467,65.9435
679.2,7.79268,2.37529,57.0623,46.5366,120.527,2.09821,-97.8467,67.2911
679.22,7.79588,2.23309,57.0623,46.8144,119.48,2.09821,-97.8467,66.3954
679.24,7.79482,2.27705,58.8504,46.8152,119.477,2.09821,-97.8467,68.6387
679.26,7.79482,2.26247,58.8504,46.8617,119.302,2.09821,-97.8467,69.9864
679.28,7.79535,2.26247,60.0388,46.8617,119.302,2.42576,-97.8467,71.7777
679.3,7.79589,2.34944,60.0424,47.6048,120.118,2.42676,-97.8467,75.826
679.32,7.79428,2.34151,61.2345,47.6048,120.118,2.11891,-97.8467,78.9705
679.34,7.79428,2.27736,61.2345,48.0215,121.863,2.11891,-97.8467,78.9705
679.36,7.79535,2.27717,62.6558,48.0228,121.869,2.11891,-97.8467,78.5213
679.38,7.79375,2.24821,62.6558,48.3943,122.919,2.11891,-97.8467,78.5213
679.4,7.79641,2.28777,64.0727,48.3943,122.919,2.11891,-97.8467,79.8648
679.42,7.79428,2.3671,64.077,48.4872,122.919,2.11891,-97.8467,77.6229
679.44,7.79428,2.34973,64.7648,48.4872,122.452,2.11891,-98.6703,78.5213
679.46,7.79428,2.34973,64.7648,48.4872,122.452,2.11891,-98.6703,80.7605
679.48,7.79482,2.15384,65.2232,48.3479,121.752,2.11891,-98.6703,78.9705
679.5,7.79428,2.26583,65.2232,48.3479,121.752,2.11891,-98.6703,80.7673
679.52,7.79428,2.3459,65.2232,48.2553,121.461,2.11891,-98.6703,80.3195
679.54,7.79482,2.34615,65.2691,48.255,121.46,2.28216,-98.6703,83.9118
679.56,7.79321,2.29233,65.2691,47.6048,123.619,2.28216,-98.6703,87.5054
679.58,7.79428,2.33092,65.1777,47.6048,123.619,2.06539,-98.6703,87.9532
679.6,7.79428,2.31328,65.1774,46.9081,126.127,2.06473,-98.6703,88.853
679.62,7.79428,2.35815,63.8478,46.9081,126.127,2.06473,-98.6703,87.0562
679.64,7.79589,2.35816,63.8478,46.2114,126.186,2.06473,-98.6703,87.9546
679.66,7.79535,2.33468,61.372,46.2114,126.186,2.06473,-98.6703,88.4038
679.68,7.79535,2.36704,61.372,45.0504,126.361,2.06473,-98.6703,91.099
679.7,7.79535,2.35991,58.1627,45.0504,126.361,2.06473,-98.0938,93.3451
679.72,7.79482,2.35991,58.1627,44.0317,126.361,2.06473,-98.0938,94.6886
679.74,7.79375,2.48702,55.5035,44.0286,128.694,2.06473,-98.0938,94.2435
679.76,7.79642,2.43259,55.5035,42.7746,128.694,2.06473,-98.0938,98.2864
679.78,7.79642,2.41387,53.9951,42.7746,132.533,2.20727,-98.0938,100.078
679.8,7.79375,2.38578,53.9905,41.9386,137.27,2.20771,-98.0938,99.1848
679.82,7.79482,2.42698,53.9905,41.9386,137.27,2.20771,-98.0938,98.2864
679.84,7.79588,2.46131,53.9905,41.9386,137.27,2.20771,-98.0938,99.182
679.86,7.79589,2.43752,53.8071,41.8457,137.27,2.1173,-98.0938,101.88
679.88,7.79589,2.49414,53.8071,41.8457,142.054,2.1173,-98.0938,101.88
679.9,7.79802,2.49415,54.0814,41.8457,142.054,2.1173,-98.0938,104.567
679.92,7.79695,2.42091,54.0822,41.1491,146.254,2.1173,-98.0938,104.575
679.94,7.8007,2.34834,55.7786,41.1491,146.254,2.1173,-98.0938,107.27
679.96,7.8007,2.47894,55.7786,40.5935,148.929,2.1173,-92.0586,105.927
679.98,7.79909,2.47933,58.2085,40.5918,148.937,2.1173,-92.0401,105.474
680,7.8023,2.4343,58.2085,39.9416,149.988,2.1173,-92.0401,107.27
680.02,7.8023,2.45579,61.4081,39.9416,149.988,2.1173,-92.0401,108.166
680.04,7.80016,2.39661,61.4179,38.9662,149.988,2.1173,-92.0401,108.618
680.06,7.80016,2.39239,65.59,38.9662,148.412,2.13943,-92.0401,109.517
680.08,7.80389,2.3924,65.59,37.1605,148.412,2.13943,-92.0401,109.964
680.1,7.80337,2.50547,65.59,37.1549,146.196,2.07489,-92.0401,109.517
680.12,7.80604,2.33176,69.7622,35.3436,146.196,2.07489,-92.0401,106.821
680.14,7.80604,2.39089,69.7622,35.3436,146.079,2.07489,-92.0401,107.72
680.16,7.80444,2.39088,72.9257,33.0215,146.079,2.07489,-92.0401,109.067
680.18,7.80283,2.31349,72.9257,33.0215,148.237,2.07489,-92.0401,109.067
680.2,7.8039,2.33987,74.3011,33.0215,148.237,2.07489,-92.0401,109.517
680.22,7.80763,2.30087,74.3011,31.1694,149.459,2.07489,-104.213,112.651
680.24,7.80764,2.47192,74.2553,31.1637,149.463,2.07489,-104.25,113.11
680.26,7.80871,2.47192,74.2553,29.4917,147.187,2.07489,-104.25,113.559
680.28,7.81297,2.46936,72.9297,29.4917,147.187,2.07489,-104.25,115.351
680.3,7.8178,2.40275,72.9257,28.3771,147.187,2.07489,-104.25,119.848
680.32,7.81619,2.3723,70.129,28.3771,144.27,2.07314,-104.25,119.848
680.34,7.81619,2.3723,70.129,27.6362,144.27,2.07314,-104.25,118.057
680.36,7.81833,2.43435,66.0944,27.634,143.979,2.04924,-104.25,115.805
680.38,7.8194,2.36384,66.0944,27.1695,143.979,2.04924,-104.25,115.805
680.4,7.821,2.51896,61.4778,27.1695,146.189,2.04924,-104.25,116.253
680.42,7.82368,2.56392,61.4637,26.9838,146.196,2.04924,-104.25,116.704
680.44,7.82368,2.56392,58.5294,26.9838,150.163,2.04924,-104.25,113.11
680.46,7.82261,2.53784,58.5294,26.9838,150.163,2.04924,-104.25,112.662
680.48,7.82261,2.58864,56.8789,27.216,153.78,2.04924,-98.1967,111.763
680.5,7.82474,2.50223,56.8789,27.216,153.78,2.04924,-98.1967,109.067
680.52,7.82634,2.41376,56.8789,27.4938,157.153,2.04924,-98.1967,107.724
680.54,7.82635,2.37551,55.6869,27.4947,157.163,2.04924,-98.1967,109.067
680.56,7.82902,2.54995,55.6869,27.7269,159.147,2.04924,-98.1967,106.821
680.58,7.83062,2.58185,54.727,27.7269,159.147,2.13285,-98.1967,107.269
680.6,7.83062,2.62355,54.7241,28.0984,154.013,2.1331,-98.1967,106.821
680.62,7.83062,2.68669,54.2656,28.0984,154.013,2.09986,-98.1967,105.474
680.64,7.83116,2.65286,54.2656,28.7951,145.029,2.09986,-98.1967,106.821
680.66,7.83169,2.46045,53.3945,28.7951,145.029,2.09986,-98.1967,110.864
680.68,7.83329,2.57686,53.3945,29.3988,139.137,2.09986,-98.1967,112.661
680.7,7.83597,2.51467,52.6151,29.3988,139.137,2.09986,-98.1967,109.517
680.72,7.83597,2.53099,52.6151,30.0934,139.137,2.09986,-92.4284,107.277
680.74,7.83757,2.51346,51.8815,30.0955,135.811,2.09986,-92.4108,109.517
680.76,7.83864,2.58551,51.8815,30.9779,135.811,2.09986,-92.4108,115.805
680.78,7.83811,2.55527,50.3274,30.9779,133.369,2.09986,-92.4108,119.836
680.8,7.8381,2.52942,50.3227,31.5817,133.361,2.09986,-92.4108,122.993
680.82,7.84078,2.52943,50.3227,31.5817,131.086,2.09986,-92.4108,124.34
680.84,7.84237,2.61597,47.6716,31.7669,131.086,2.02932,-92.4108,125.684
680.86,7.84291,2.53856,47.6635,31.7675,128.577,2.0291,-92.4108,127.934
680.88,7.84291,2.49084,44.2249,31.6746,128.577,2.05662,-92.4108,130.629
680.9,7.84398,2.48539,44.2249,31.6746,125.902,2.05662,-92.4108,133.764
680.92,7.84719,2.48538,41.9325,31.6746,125.894,2.05662,-92.4108,137.816
680.94,7.84772,2.49475,41.9325,31.9997,124.727,2.05662,-92.4108,140.512
680.96,7.84985,2.57734,40.7441,31.9997,124.727,2.05662,-92.4108,140.512
680.98,7.84986,2.40267,40.7405,31.8139,124.552,2.05662,-109.233,142.758
681,7.85307,2.40268,40.878,31.8139,124.552,2.05662,-109.233,144.105
681.02,7.8536,2.52419,40.878,32.0454,124.552,2.05662,-109.233,145.001
681.04,7.8536,2.52301,41.6574,32.0461,123.21,2.05662,-109.233,146.801
681.06,7.8536,2.59016,41.6574,32.3248,123.21,2.05662,-109.233,144.105
681.08,7.8584,2.59127,41.6574,32.3248,122.978,1.99625,-109.233,142.314
681.1,7.86002,2.42907,43.1245,33.0679,122.977,1.99607,-109.233,144.555
681.12,7.86215,2.56841,43.1245,33.0679,124.96,1.99607,-109.233,143.207
681.14,7.86322,2.44635,45.3253,33.5323,124.96,2.03431,-109.233,140.961
681.16,7.86322,2.34541,45.3253,33.5323,128.169,2.03431,-109.233,136.918
681.18,7.86643,2.34542,47.5718,34.1825,128.169,2.03431,-109.233,130.18
681.2,7.86483,2.40048,47.5718,34.1825,129.278,2.03431,-109.233,124.79
681.22,7.86589,2.41494,49.9486,34.1825,129.278,2.03431,-109.233,120.311
681.24,7.86589,2.35848,49.9559,34.9256,126.711,2.03431,-102.377,117.153
681.26,7.87338,2.3585,52.4317,34.9256,126.711,2.03431,-102.377,117.602
681.28,7.86805,2.32048,52.4317,35.7591,126.711,2.03431,-102.377,117.154
681.3,7.87177,2.33833,54.7699,35.7616,123.735,2.03431,-102.377,118.051
681.32,7.87338,2.31363,54.7699,36.9227,123.735,2.03431,-102.377,118.501
681.34,7.87338,2.35322,56.4154,36.9227,121.467,2.06738,-102.377,115.814
681.36,7.8707,2.35333,56.4204,38.1767,121.46,2.06748,-102.377,114.458
681.38,7.87284,2.35041,57.3833,38.1767,119.418,2.06748,-102.377,120.297
681.4,7.87604,2.3256,57.3833,39.2416,119.418,2.06169,-102.377,123.88
681.42,7.87124,2.41998,57.4749,39.2449,118.602,2.06167,-102.377,122.094
681.44,7.87124,2.41998,57.4749,39.988,118.602,2.06167,-102.377,123.891
681.46,7.87603,2.27752,57.3378,39.988,118.66,2.06167,-102.377,125.235
681.48,7.87551,2.38479,57.3374,40.4989,118.66,2.06167,-96.1994,126.586
681.5,7.87712,2.244,56.4663,40.4989,118.602,2.06167,-96.1994,127.036
681.52,7.87712,2.22875,56.4663,41.1008,118.602,2.06167,-96.1994,127.931
681.54,7.87765,2.22871,56.4663,41.1026,118.193,2.06167,-96.1994,126.586
681.56,7.87979,2.1951,55.7786,41.9851,118.193,2.06167,-96.1994,125.239
681.58,7.87766,2.23911,55.7786,41.9851,119.007,2.06167,-96.1994,125.687
681.6,7.87872,2.22383,54.9992,42.6353,119.01,2.07044,-96.1994,127.934
681.62,7.87872,2.06166,54.9992,42.6353,123.152,2.07044,-96.1994,130.18
681.64,7.88193,2.09172,54.1281,42.6353,123.152,2.03125,-96.1994,130.18
681.66,7.88353,2.20538,54.1281,43.4248,129.336,2.03125,-96.1994,131.078
681.68,7.883,2.30238,53.3486,43.4248,129.336,2.03125,-96.1994,128.383
681.7,7.883,2.1324,53.3486,44.493,134.12,2.03125,-96.1994,126.586
681.72,7.88406,2.1324,52.4802,44.493,134.12,2.03125,-96.1994,125.243
681.74,7.88086,2.14937,52.4775,45.3755,134.12,2.03125,-106.33,121.645
681.76,7.88406,2.20126,51.9732,45.3755,136.57,2.03125,-106.33,119.848
681.78,7.883,2.14363,51.9732,46.3941,136.57,2.03125,-106.33,117.609
681.8,7.883,2.19144,51.4689,46.3972,137.212,2.03125,-106.33,114.458
681.82,7.88139,2.19144,51.4689,47.0939,137.212,2.03125,-106.33,108.169
681.84,7.88352,2.27421,51.4689,47.0939,137.212,2.03125,-106.33,106.378
681.86,7.88513,2.21601,51.6064,48.0228,137.212,2.07607,-106.33,102.329
681.88,7.88513,2.19086,51.6064,48.0228,136.978,2.07607,-106.33,96.9387
681.9,7.88567,2.19086,52.1092,48.5321,136.978,2.06746,-106.33,93.356
681.92,7.88513,2.26124,52.1107,48.5336,136.511,2.06744,-106.33,92.4467
681.94,7.8878,2.17113,52.8902,48.7194,136.511,2.06744,-106.33,87.0562
681.96,7.88354,2.20672,52.8902,48.7194,136.046,2.06744,-106.33,86.1605
681.98,7.88353,2.14436,53.3028,48.7659,136.045,2.06744,-106.33,87.9546
682,7.8846,2.14436,53.3028,48.7659,135.578,2.06744,-104.23,87.0562
682.02,7.88566,2.27436,53.4856,48.7659,135.578,2.06744,-104.23,83.0257
682.04,7.88567,2.07159,53.4862,48.2085,135.578,2.06744,-104.23,81.2165
682.06,7.88567,2.17884,53.5779,48.2085,135.111,2.06744,-104.23,81.6657
682.08,7.88567,2.17884,53.5779,48.1159,135.111,2.06744,-104.23,80.3222
682.1,7.8846,2.15608,53.6696,48.1156,134.878,2.01703,-104.23,78.9705
682.12,7.88246,2.22975,53.6696,47.7441,134.878,2.01703,-104.23,79.4197
682.14,7.88246,2.21204,53.4862,47.7441,134.761,2.01703,-104.23,77.6229
682.16,7.88513,2.17057,53.4862,47.5583,134.761,2.0482,-104.23,78.9705
682.18,7.8846,2.17057,53.3945,47.5583,134.878,2.0482,-104.23,78.0721
682.2,7.88567,2.13633,53.3945,46.9081,134.878,2.0482,-104.23,79.4197
682.22,7.883,2.08861,52.9374,46.9081,134.994,2.0482,-104.23,75.837
682.24,7.883,2.18932,52.936,46.583,134.995,2.0482,-104.23,75.3768
682.26,7.8846,2.18933,52.936,46.583,135.053,2.0482,-103.2,75.826
682.28,7.88353,2.22029,52.6618,46.3052,135.053,2.0482,-103.2,72.6912
682.3,7.88353,2.16585,52.6609,46.3043,134.645,2.0482,-103.2,75.826
682.32,7.88353,2.20598,52.5234,46.3043,134.645,2.0482,-103.2,78.9705
682.34,7.88353,2.16694,52.5234,45.795,133.772,2.0482,-103.2,78.0748
682.36,7.88246,2.14526,52.0649,45.7935,133.77,2.01288,-103.2,77.6229
682.38,7.88139,2.09968,52.0649,45.5148,132.428,2.01288,-103.2,77.1736
682.4,7.88246,2.19912,51.9278,45.5148,132.428,2.03852,-103.2,74.4866
682.42,7.88246,2.1233,51.9273,45.3755,130.736,2.0386,-103.2,74.4784
682.44,7.88406,2.1233,51.5606,45.0039,130.736,2.0386,-103.2,74.9276
682.46,7.8846,2.12482,51.5606,45.0039,130.736,2.0386,-103.2,74.9276
682.48,7.88353,2.11754,51.5606,45.0039,130.736,2.0386,-103.2,74.4784
682.5,7.88139,2.14223,51.5606,45.0039,130.736,2.0386,-103.2,74.0292
682.52,7.88139,2.14223,51.4234,45.0039,129.107,2.0386,-103.2,74.9249
682.54,7.88406,2.16051,51.423,44.911,129.102,2.0386,-97.0848,73.58
682.56,7.88193,2.15347,51.2855,44.911,127.877,2.0386,-97.0848,74.4784
682.58,7.88406,2.20312,51.2855,44.6795,127.877,2.0386,-97.0848,73.5827
682.6,7.88513,2.10815,51.1021,44.6788,127.352,2.0386,-97.0848,74.9276
682.62,7.88513,2.10815,51.1021,44.5395,127.352,2.0386,-97.0848,71.7832
682.64,7.88246,2.26839,50.8728,44.5395,127.352,2.0386,-97.0848,71.334
682.66,7.88353,2.21051,50.8728,44.3537,127.352,2.09099,-97.0848,71.7832
682.68,7.88139,2.04301,50.8728,44.3537,127.469,2.09099,-97.0848,71.334
682.7,7.88193,2.14307,50.5978,44.2144,127.469,2.10706,-97.0848,73.58
682.72,7.88193,2.16336,50.5978,44.2144,127.818,2.10706,-97.0848,71.3408
682.74,7.88353,2.16842,50.2768,44.2144,127.819,2.10706,-97.0848,69.0879
682.76,7.87925,2.14878,50.2768,44.2144,128.286,2.10706,-97.0848,69.0879
682.78,7.87819,2.20072,49.9569,44.2144,128.286,2.10706,-97.0848,71.3271
682.8,7.87819,2.14214,49.9559,43.9357,129.044,2.10706,-108.677,73.58
682.82,7.88086,2.12059,49.7267,43.9357,129.044,2.10706,-108.677,75.3768
682.84,7.87606,2.21214,49.7267,43.9357,130.033,2.10706,-108.677,74.929
682.86,7.87284,2.1684,49.5433,43.9357,130.036,2.10706,-108.677,74.4784
682.88,7.87017,2.19573,49.5433,43.657,130.036,2.10706,-108.677,73.1308
682.9,7.87017,2.15463,49.8632,43.657,131.025,2.03804,-108.677,72.2351
682.92,7.8691,2.16299,49.8642,43.5642,131.028,2.03783,-108.677,70.4356
682.94,7.8691,2.10368,50.0934,43.5642,131.728,2.02294,-108.677,69.5371
682.96,7.86963,2.19655,50.0934,43.5179,131.728,2.02294,-108.677,70.8806
682.98,7.86964,2.15953,50.0934,43.5177,131.553,2.02294,-108.677,70.4355
683,7.8675,2.15952,50.231,43.3784,131.553,2.02294,-108.677,69.9863
683.02,7.86803,2.11353,50.231,43.3784,130.506,2.02294,-108.677,69.9863
683.04,7.86803,2.19564,50.5519,43.3784,130.503,2.02294,-108.677,71.334
683.06,7.86536,2.26438,50.5519,43.1926,129.044,2.02294,-101.141,71.334
683.08,7.86536,2.17235,50.8262,43.1926,129.044,2.02294,-101.141,70.4383
683.1,7.86643,2.17207,50.827,43.0997,129.569,2.02294,-101.141,68.6387
683.12,7.86483,2.1196,51.1938,43.0997,129.569,2.02294,-101.141,69.5371
683.14,7.86322,2.1436,51.1938,42.7282,131.436,2.02294,-101.141,70.4356
683.16,7.86322,2.24738,51.6064,42.7282,131.436,2.14002,-101.141,71.334
683.18,7.85841,2.24737,51.6064,42.7746,131.436,2.14002,-101.141,70.4356
683.2,7.85734,2.20488,52.019,42.7746,132.603,2.13677,-101.141,70.4356
683.22,7.85415,2.10135,52.019,42.3579,132.603,2.13677,-101.141,70.4356
683.24,7.85467,2.10622,52.2024,42.3566,133.536,2.13677,-101.141,73.1308
683.26,7.85467,2.13087,52.2024,42.5424,133.536,2.13677,-101.141,74.4784
683.28,7.85414,2.13087,52.2024,42.5424,134.409,2.13677,-101.141,75.8219
683.3,7.85307,2.09608,52.2024,42.7746,134.411,2.13677,-101.141,77.1736
683.32,7.85146,2.11906,52.1107,42.7746,135.228,2.13677,-90.537,77.1736
683.34,7.8488,2.1173,52.1107,42.7283,135.228,2.13677,-90.537,79.8607
683.36,7.84879,2.11729,52.3858,42.7282,136.045,2.13677,-90.537,80.3181
683.38,7.84719,2.15277,52.3858,42.7282,136.045,2.13677,-90.537,81.6657
683.4,7.84559,2.15591,52.3858,42.543,137.441,2.13677,-90.537,82.5614
683.42,7.84024,2.22296,52.4775,42.5424,137.445,2.05085,-90.537,83.4625
683.44,7.84238,2.09175,52.4775,42.7746,138.028,2.05085,-90.537,83.0133
683.46,7.84238,2.09175,52.6604,42.7746,138.028,2.06365,-90.537,83.0133
683.48,7.83917,2.11968,52.6609,42.5888,137.795,2.06368,-90.537,83.0133
683.5,7.83971,2.14293,52.3858,42.5888,137.795,2.06368,-90.537,82.1149
683.52,7.83758,2.13635,52.3858,42.2647,137.388,2.06368,-90.537,83.4584
683.54,7.83704,2.07575,52.34,42.2637,137.387,2.06368,-90.537,84.8101
683.56,7.83704,2.07139,52.34,42.3102,138.145,2.06368,-90.537,82.1149
683.58,7.83704,2.19047,52.4314,42.3102,138.145,2.06368,-104.537,79.4279
683.6,7.8349,2.17105,52.4317,42.4031,138.145,2.06368,-104.58,77.1736
683.62,7.8365,2.17609,52.6151,42.4031,139.662,2.06368,-104.58,75.826
683.64,7.8365,2.28379,52.6151,42.4495,139.662,2.06368,-104.58,73.1308
683.66,7.83329,2.31417,52.6151,42.4495,140.828,2.11413,-104.58,67.7403
683.68,7.83329,2.11341,52.936,42.4495,140.828,2.11413,-104.58,70.8848
683.7,7.83383,2.14753,52.936,42.2637,140.245,2.11413,-104.58,72.2324
683.72,7.83063,2.18113,52.9817,42.2637,140.245,2.09674,-104.58,72.6802
683.74,7.83062,2.1757,52.9819,42.3102,138.553,2.09669,-104.58,74.4784
683.76,7.83062,2.14961,53.1194,42.3102,138.553,2.09669,-104.58,73.1308
683.78,7.82956,2.16947,53.1194,42.4491,137.041,2.09669,-104.58,72.683
683.8,7.82902,2.12011,53.2569,42.4495,137.036,2.09669,-104.58,72.6816
683.82,7.82902,2.19722,53.2569,42.5424,136.453,2.09669,-104.58,71.334
683.84,7.82849,2.19722,53.5769,42.5424,136.453,2.09669,-101.829,70.8861
683.86,7.82635,2.18328,53.5779,42.9139,136.453,2.09669,-101.821,69.5371
683.88,7.82474,2.11997,53.9905,42.9139,136.686,2.09669,-101.821,70.4356
683.9,7.82261,2.12497,53.9905,42.6824,136.686,2.09669,-101.821,68.6442
683.92,7.82261,2.10097,54.2197,42.6817,137.503,2.16021,-101.821,70.8848
683.94,7.82474,2.10097,54.2197,43.1462,137.503,2.16021,-101.821,71.7832
683.96,7.82261,2.11086,54.3569,43.1462,138.317,2.16021,-101.821,69.0962
683.98,7.82047,2.10827,54.3573,43.1462,138.32,2.1232,-101.821,70.8848
684,7.82047,2.18529,54.3573,42.9604,138.553,2.1232,-101.821,70.8848
684.02,7.82153,2.18529,54.3573,42.9604,138.553,2.1232,-101.821,71.3326
684.04,7.81673,2.18221,54.3573,43.3319,138.67,2.1232,-101.821,71.334
684.06,7.81619,2.17896,54.4031,43.3319,138.67,2.1232,-101.821,72.6816
684.08,7.81459,2.06686,54.4031,43.5172,139.019,2.1232,-99.8911,74.0251
684.1,7.81459,2.12143,54.5865,43.5177,139.02,2.1232,-99.8852,71.334
684.12,7.81406,2.12143,54.5865,43.7499,139.662,2.1232,-99.8852,70.4356
684.14,7.81352,2.12639,54.7699,43.7499,139.662,2.1232,-99.8852,68.6387
684.16,7.81352,2.18868,54.7699,43.8428,140.187,2.1232,-99.8852,70.8848
684.18,7.81352,2.17143,55.0909,43.8428,140.187,2.13581,-99.8852,70.8848
684.2,7.80925,2.17142,55.0909,43.657,140.187,2.13581,-99.8852,69.9863
684.22,7.80498,2.13118,55.4565,43.657,141.292,2.12808,-99.8852,67.7472
684.24,7.8055,2.20177,55.4576,43.5642,141.295,2.12805,-99.8852,68.1895
684.26,7.8023,2.15186,55.6869,43.5642,142.637,2.12805,-99.8852,69.0879
684.28,7.8023,2.048,55.6869,43.5642,142.637,2.12805,-99.8852,69.9836
684.3,7.80337,2.04769,55.6869,43.8428,143.804,2.12805,-99.8852,68.1895
684.32,7.79909,2.18048,55.641,43.8428,143.804,2.12805,-99.8852,70.4355
684.34,7.80016,2.14568,55.641,43.9354,144.676,2.12805,-95.2459,68.6442
684.36,7.79535,2.17733,55.7786,43.9357,144.679,2.12805,-95.2317,69.0879
684.38,7.79535,2.17733,55.7786,43.8428,145.321,2.12805,-95.2317,71.334
684.4,7.79695,2.14303,56.0528,43.8428,145.321,2.12805,-95.2317,70.8861
684.42,7.79749,2.12821,56.0537,43.9822,147.012,2.12805,-95.2317,73.1308
684.44,7.79375,2.11374,56.2829,43.9822,147.012,2.12082,-95.2317,75.3768
684.46,7.79162,2.1881,56.2829,43.7969,148.99,2.12082,-95.2317,76.2725
684.48,7.79161,2.18833,56.6497,43.7964,148.996,2.10714,-95.2317,74.0292
684.5,7.78894,2.09189,56.6497,43.5642,148.996,2.10714,-95.2317,75.826
684.52,7.78787,2.11155,56.7868,43.5642,149.577,2.10714,-95.2317,77.6174
684.54,7.7852,2.17206,56.7872,43.3784,149.579,2.10714,-95.2317,77.1737
684.56,7.7852,2.0649,57.1082,43.3784,149.813,2.10714,-95.2317,78.5213
684.58,7.78253,2.06876,57.1082,43.471,149.813,2.10714,-95.2317,75.8343
684.6,7.78039,2.20205,57.1082,43.4713,150.571,2.10714,-105.424,75.826
684.62,7.77932,2.09014,57.4749,43.4713,150.571,2.10714,-105.424,75.826
684.64,7.77878,2.09746,57.4749,43.7499,151.621,2.10714,-105.424,75.826
684.66,7.77878,2.17866,58.071,43.7499,151.621,2.10714,-105.424,74.9276
684.68,7.77665,2.19445,58.071,43.7035,151.971,2.10714,-105.424,74.0292
684.7,7.77558,2.1271,58.8504,43.7035,151.971,2.18009,-105.424,76.7244
684.72,7.77504,2.09772,58.8504,43.935,152.262,2.18009,-105.424,76.7244
684.74,7.77504,2.17539,59.4464,43.9357,152.263,2.16871,-105.424,75.3768
684.76,7.77397,2.17539,59.4464,44.075,152.263,2.16871,-105.424,74.0292
684.78,7.77238,2.15902,60.3606,44.075,152.263,2.16871,-105.424,71.79
684.8,7.77237,2.22,60.3634,44.3537,152.263,2.16871,-105.424,69.0879
684.82,7.77184,2.2158,61.0052,44.3537,152.671,2.16871,-105.424,68.6387
684.84,7.77184,2.18794,61.0052,44.5389,152.671,2.16871,-105.424,67.7431
684.86,7.76916,2.18785,61.6471,44.5395,153.255,2.16871,-98.5262,69.0879
684.88,7.76703,2.17422,61.6471,44.4001,153.255,2.16871,-98.5262,68.1895
684.9,7.76649,2.11874,61.6471,44.4001,153.255,2.16871,-98.5262,70.4287
684.92,7.76649,2.08607,62.1514,44.4001,153.255,2.16871,-98.5262,70.4356
684.94,7.76703,2.08607,62.1514,44.3537,153.605,2.16871,-98.5262,69.5371
684.96,7.76436,2.19962,62.6999,44.3537,153.605,2.12115,-98.5262,70.8806
684.98,7.76435,2.22801,62.7016,44.2144,156.93,2.121,-98.5262,71.7832
685,7.76382,2.22959,62.885,44.2144,156.93,2.13529,-98.5262,72.6816
685.02,7.76382,2.14771,62.885,44.3996,161.001,2.13529,-98.5262,74.9208
685.04,7.76382,2.14746,63.1601,44.4001,161.014,2.13529,-98.5262,77.6229
685.06,7.76222,2.14214,63.1601,44.9575,164.514,2.13529,-98.5262,78.9705
685.08,7.76382,2.18485,63.0687,44.9575,164.514,2.13529,-98.5262,78.0748
685.1,7.76382,2.22049,62.7933,45.2826,167.372,2.13529,-85.1629,76.7244
685.12,7.76115,2.22049,62.7933,45.2826,167.372,2.13529,-85.1629,74.4784
685.14,7.75954,2.15421,62.7933,45.2826,167.372,2.13529,-85.1629,77.6229
685.16,7.76115,2.11941,62.7933,45.6077,167.372,2.13529,-85.1629,75.826
685.18,7.75954,2.22507,62.3348,45.6077,169.239,2.13529,-85.1629,74.9276
685.2,7.75954,2.14363,62.3348,45.8399,169.239,2.13529,-85.1629,74.0292
685.22,7.76008,2.14363,62.6091,45.8399,171.1,2.13529,-85.1629,78.9554
685.24,7.75687,2.18194,62.6099,45.8399,171.106,2.10982,-85.1629,80.3181
685.26,7.75741,2.15106,62.6099,45.9328,172.506,2.10982,-85.1629,78.0721
685.28,7.75741,2.23466,62.8842,45.9328,172.506,2.14914,-85.1629,73.5937
685.3,7.7558,2.23491,62.885,46.2579,172.739,2.14926,-85.1629,73.1308
685.32,7.75794,2.31202,62.9309,46.2579,172.739,2.14926,-85.1629,74.0292
685.34,7.75847,2.1716,62.9309,46.2579,170.529,2.14926,-85.1629,73.5814
685.36,7.7558,2.19951,63.3435,46.2579,170.523,2.14926,-85.1629,73.1308
685.38,7.7558,2.31543,63.3435,46.0257,166.556,2.14926,-85.1629,70.4356
685.4,7.7558,2.31543,63.2978,46.0257,166.556,2.14926,-106.019,70.4356
685.42,7.75527,2.19738,63.2976,45.5612,164.63,2.14926,-106.083,69.9863
685.44,7.75367,2.22598,63.5727,45.5612,164.63,2.14926,-106.083,69.9864
685.46,7.75367,2.23497,63.5727,45.3297,164.63,2.14926,-106.083,69.5385
685.48,7.75313,2.235,63.802,45.329,163.814,2.12787,-106.083,70.8848
685.5,7.7558,2.2074,63.802,45.329,163.814,2.12787,-106.083,72.2324
685.52,7.75527,2.187,63.9391,45.1438,161.953,2.12256,-106.083,72.6802
685.54,7.75527,2.2398,63.9395,45.1432,161.947,2.12255,-106.083,72.2324
685.56,7.75527,2.30134,63.9395,45.1432,159.613,2.12255,-106.083,71.334
685.58,7.7558,2.30134,63.8024,45.1432,159.613,2.12255,-106.083,74.021
685.6,7.75527,2.3176,63.802,44.8181,156.521,2.12255,-106.083,76.7244
685.62,7.75527,2.201,63.2518,44.8181,156.521,2.12255,-106.083,78.0721
685.64,7.75527,2.28472,63.2518,44.3537,152.204,2.12255,-106.083,72.6816
685.66,7.75474,2.28472,62.7933,44.3537,152.204,2.12255,-99.6999,73.1308
685.68,7.75206,2.32486,62.7933,44.075,149.463,2.12255,-99.6999,75.3768
685.7,7.75153,2.27951,62.8392,44.075,149.463,2.12255,-99.6999,77.1737
685.72,7.75153,2.30368,62.8392,43.7046,146.962,2.12255,-99.6999,77.1736
685.74,7.74993,2.21503,62.885,43.7035,146.954,2.15651,-99.6999,76.7244
685.76,7.75206,2.21503,62.885,43.4713,146.954,2.15651,-99.6999,78.0721
685.78,7.75046,2.33979,63.0678,43.4713,143.871,2.1141,-99.6999,77.6242
685.8,7.75099,2.39025,63.0684,43.1462,143.862,2.11397,-99.6999,79.4197
685.82,7.75099,2.2522,63.3435,43.1462,141.529,2.11397,-99.6999,78.5213
685.84,7.74993,2.2522,63.3435,43.1462,141.529,2.11397,-99.6999,77.6256
685.86,7.74832,2.40761,63.3435,43.0533,141.587,2.11397,-99.6999,80.3181
685.88,7.75206,2.45366,63.481,43.0533,141.587,2.11397,-99.6999,83.0133
685.9,7.75206,2.44958,63.481,42.6829,144.786,2.11397,-95.6353,84.8047
685.92,7.74886,2.43835,63.8478,42.6817,144.795,2.11397,-95.6229,85.2594
685.94,7.75099,2.33666,63.8478,42.2173,147.129,2.11397,-95.6229,88.4038
685.96,7.75153,2.27956,63.9849,42.2173,147.129,2.11397,-95.6229,88.4038
685.98,7.74993,2.30469,63.9854,41.4742,146.721,2.11397,-95.6229,86.1578
686,7.74993,2.28454,64.1687,41.4742,146.721,2.18167,-95.6229,89.7514
686.02,7.74993,2.28454,64.1687,40.9649,144.511,2.18167,-95.6229,92.4384
686.04,7.75099,2.28645,64.077,40.9633,144.504,2.13936,-95.6229,96.4895
686.06,7.74939,2.31837,64.077,39.8487,144.504,2.13936,-95.6229,101.88
686.08,7.74939,2.34988,63.4371,39.8487,142.875,2.13936,-95.6229,101.432
686.1,7.74832,2.34997,63.4352,38.8734,142.87,2.13936,-95.6229,103.677
686.12,7.75046,2.33922,63.4352,38.8734,142.929,2.13936,-95.6229,107.27
686.14,7.74832,2.48415,62.6099,38.8734,142.929,2.13936,-95.6229,109.067
686.16,7.74832,2.43614,62.6099,37.8516,144.854,2.13936,-101.924,109.966
686.18,7.74993,2.39333,62.2431,37.8516,144.854,2.13936,-101.924,109.517
686.2,7.74939,2.39333,62.2431,37.4336,147.012,2.13936,-101.924,110.864
686.22,7.75259,2.39002,61.6032,37.4336,147.012,2.13936,-101.924,109.521
686.24,7.75153,2.50226,61.6013,36.9227,148.179,2.13936,-101.924,108.618
686.26,7.75153,2.48795,60.7302,36.9227,148.179,2.11507,-101.924,112.661
686.28,7.74993,2.48795,60.7302,36.3208,149.051,2.11507,-101.924,109.974
686.3,7.75206,2.36462,60.4092,36.319,149.054,2.08618,-101.924,109.966
686.32,7.75206,2.49058,60.4092,35.7616,149.054,2.08618,-101.924,110.415
686.34,7.751,2.4214,60.8663,35.7616,150.508,2.08618,-101.924,110.863
686.36,7.75099,2.45966,60.8677,35.2043,150.513,2.08618,-101.924,111.313
686.38,7.74993,2.44153,61.4637,35.2043,150.979,2.08618,-101.924,111.313
686.4,7.74886,2.52709,61.4637,34.6487,150.979,2.08618,-101.924,113.552
686.42,7.74886,2.53701,62.3348,34.647,151.213,2.08618,-108.842,111.313
686.44,7.74886,2.41327,62.3348,34.647,151.213,2.08618,-108.842,113.559
686.46,7.74886,2.41327,62.3348,33.9987,152.899,2.08618,-108.842,109.529
686.48,7.75153,2.36414,63.2518,33.9968,152.904,2.08618,-108.842,109.517
686.5,7.75099,2.42591,63.2518,33.4394,153.955,2.08618,-108.842,113.11
686.52,7.7494,2.42113,63.4346,33.4394,153.955,2.12206,-108.842,113.558
686.54,7.74939,2.38401,63.4352,32.975,154.305,2.12217,-108.842,109.966
686.56,7.75046,2.36295,62.885,32.975,154.305,2.12016,-108.842,110.864
686.58,7.75046,2.58101,62.885,32.6972,155.177,2.12016,-108.842,114.895
686.6,7.75046,2.43904,62.5182,32.6963,155.18,2.12016,-108.842,118.051
686.62,7.75046,2.43904,62.5182,32.5106,154.946,2.12016,-108.842,116.704
686.64,7.75046,2.43904,62.289,32.5106,154.946,2.12016,-108.842,117.153
686.66,7.75153,2.42675,62.289,32.3712,154.946,2.12016,-108.842,119.399
686.68,7.74993,2.47725,61.0052,32.3712,154.888,2.12016,-103.962,117.153
686.7,7.75099,2.56291,61.0052,31.8139,154.888,2.12016,-103.962,120.297
686.72,7.75099,2.46636,58.9484,31.8139,154.655,2.12016,-103.962,118.058
686.74,7.75206,2.46607,58.9421,31.8139,154.655,2.12016,-103.962,116.255
686.76,7.75046,2.43465,58.9421,31.0244,154.538,2.12016,-103.962,117.602
686.78,7.75046,2.64869,56.9309,31.0244,154.538,2.09747,-103.962,118.05
686.8,7.75046,2.60116,56.9248,30.2813,154.655,2.0974,-103.962,120.747
686.82,7.74993,2.60116,55.3201,30.2813,154.655,2.10193,-103.962,121.196
686.84,7.75099,2.57051,55.3201,29.7256,154.596,2.10193,-103.962,122.092
686.86,7.74993,2.50429,54.3573,29.7239,154.596,2.10193,-103.962,119.399
686.88,7.74993,2.45014,54.3573,29.2595,153.78,2.10193,-103.962,120.747
686.9,7.75206,2.48706,53.2603,29.2595,153.78,2.10193,-103.962,117.164
686.92,7.75099,2.48717,53.2569,28.7486,152.496,2.10193,-103.962,119.848
686.94,7.75153,2.58326,52.3858,28.7486,152.496,2.10193,-100.462,124.34
686.96,7.75153,2.688,52.3858,28.4708,152.496,2.10193,-100.462,129.267
686.98,7.75153,2.40117,51.5606,28.47,149.929,2.10193,-100.462,130.18
687,7.74993,2.40117,51.5606,28.3771,149.929,2.10193,-100.462,129.731
687.02,7.75152,2.38078,51.0121,28.3771,147.196,2.08308,-100.462,129.731
687.04,7.74832,2.5422,51.0104,28.3771,147.187,2.08302,-100.462,134.223
687.06,7.74832,2.41675,51.0104,28.2842,145.321,2.08302,-100.462,138.266
687.08,7.74992,2.39863,50.919,28.2842,145.321,2.09367,-100.462,141.848
687.1,7.75046,2.4895,50.9187,27.9591,142.637,2.0937,-100.462,145.453
687.12,7.75099,2.45545,51.1021,27.9591,142.637,2.0937,-100.462,145.902
687.14,7.75046,2.46623,51.1021,27.7733,140.245,2.0937,-100.462,148.148
687.16,7.75046,2.56587,51.0104,27.7733,140.245,2.0937,-100.462,147.699
687.18,7.74832,2.56586,51.0104,27.3553,138.203,2.0937,-100.462,151.742
687.2,7.74939,2.58136,50.827,27.3553,138.203,2.0937,-108.904,151.742
687.22,7.75099,2.40486,50.827,27.1238,135.935,2.0937,-108.904,153.085
687.24,7.75099,2.34186,50.5978,27.1231,135.928,2.0937,-108.904,156.234
687.26,7.75046,2.34186,50.5978,26.9373,135.928,2.0937,-108.904,158.031
687.28,7.75153,2.48542,50.2778,26.9373,134.765,2.06371,-108.904,158.926
687.3,7.75153,2.54897,50.2768,27.0302,134.761,2.06362,-108.904,160.726
687.32,7.75153,2.52344,49.8183,27.0302,135.345,2.08605,-108.904,165.218
687.34,7.751,2.46725,49.8183,27.0302,135.345,2.08605,-108.904,164.322
687.36,7.7526,2.46708,49.8183,27.1695,136.686,2.08605,-108.904,162.523
687.38,7.75099,2.39475,49.2223,27.1695,136.686,2.08605,-108.904,163.421
687.4,7.74833,2.44193,49.2223,27.3548,137.792,2.08605,-108.904,166.108
687.42,7.74832,2.42856,48.9931,27.3553,137.795,2.08605,-108.904,162.972
687.44,7.75099,2.42856,48.9931,28.2378,139.02,2.08605,-108.904,160.277
687.46,7.75206,2.55721,49.0845,28.2378,139.02,2.08605,-101.842,161.172
687.48,7.74993,2.45903,49.0848,29.0273,140.187,2.08605,-101.821,163.421
687.5,7.74993,2.43206,49.6808,29.0273,140.187,2.08605,-101.821,163.421
687.52,7.74993,2.43461,49.6808,29.8607,139.721,2.08605,-101.821,164.765
687.54,7.75206,2.48403,50.8728,29.8633,139.72,2.14562,-101.821,166.566
687.56,7.75206,2.44055,50.8728,31.0244,139.72,2.14562,-101.821,169.261
687.58,7.74887,2.39409,52.7926,31.0244,139.313,2.14509,-101.821,169.261
687.6,7.74886,2.4308,52.7985,32.2784,139.312,2.14509,-101.821,162.972
687.62,7.74939,2.4308,54.9992,32.2784,140.012,2.14509,-101.821,164.32
687.64,7.74939,2.36069,54.9992,32.2784,140.012,2.14509,-101.821,165.667
687.66,7.74993,2.57231,54.9992,33.9039,143.57,2.14509,-101.821,163.421
687.68,7.74886,2.41127,57.2457,33.9039,143.57,2.14509,-101.821,160.726
687.7,7.74886,2.45684,57.2457,35.1579,150.804,2.14509,-94.3463,157.582
687.72,7.74832,2.44523,59.6225,35.1579,150.804,2.14509,-94.3463,157.582
687.74,7.74939,2.37267,62.6558,37.0156,161.655,2.14509,-94.3463,155.785
687.76,7.74886,2.32268,62.6558,37.0156,161.655,2.14509,-94.3463,151.293
687.78,7.74886,2.30896,62.6558,37.0156,161.655,2.14509,-94.3463,145.471
687.8,7.74993,2.30892,62.6558,38.8734,177.99,2.14509,-94.3463,140.063
687.82,7.74672,2.24155,65.7276,38.8734,177.99,2.10783,-94.3463,134.223
687.84,7.74938,2.31313,65.7276,40.355,197.764,2.10783,-94.3463,130.192
687.86,7.74993,2.38598,68.616,40.3595,197.825,2.11001,-94.3463,130.629
687.88,7.74993,2.254,68.616,41.6135,197.825,2.11001,-94.3463,126.586
687.9,7.74886,2.254,71.1299,41.6135,211.376,2.11001,-94.3463,120.317
687.92,7.74939,2.33574,71.1376,43.1462,211.418,2.11001,-94.3463,114.907
687.94,7.74886,2.2631,73.5676,43.1462,214.101,2.11001,-94.3463,106.372
687.96,7.74886,2.1831,73.5676,43.1462,214.101,2.11001,-94.3463,100.102
687.98,7.75099,2.18286,73.5676,44.4001,212.118,2.11001,-106.845,94.2435
688,7.74779,2.24211,74.5762,44.4001,212.118,2.11001,-106.845,93.3451
688.02,7.74779,2.20098,74.5762,45.8818,212.699,2.11001,-106.845,92.4494
688.04,7.74779,2.14077,73.8427,45.8863,212.701,2.11001,-106.845,87.5054
688.06,7.74993,2.18475,73.8427,47.1868,212.818,2.11001,-106.845,79.8689
688.08,7.74939,2.18475,71.603,47.1868,212.818,2.08036,-106.845,74.047
688.1,7.75153,2.14242,71.5961,48.9052,209.201,2.08027,-106.845,69.5371
688.12,7.74832,2.18963,67.7449,48.9052,209.201,2.08419,-106.845,67.7403
688.14,7.74832,2.19716,67.7449,50.1127,202.434,2.08419,-106.845,64.1467
688.16,7.74993,2.19717,62.7475,50.1127,202.434,2.08419,-106.845,59.2054
688.18,7.74832,2.13432,62.7475,51.4131,202.434,2.08419,-106.845,56.061
688.2,7.74832,2.18411,59.6756,51.4131,194.733,2.08419,-106.845,55.1625
688.22,7.74832,2.16788,59.6756,52.7096,194.733,2.08419,-106.845,54.7147
688.24,7.75046,2.16532,58.8504,52.7136,183.24,2.08419,-106.865,54.2641
688.26,7.74886,2.16236,58.8504,52.7136,183.24,2.08419,-106.865,56.9594
688.28,7.75099,2.25255,58.8504,54.01,166.665,2.08419,-106.865,54.2723
688.3,7.75099,2.14956,58.8962,54.014,166.614,2.08419,-106.865,51.1197
688.32,7.75153,2.12572,58.8962,55.268,147.304,2.08419,-106.865,50.2213
688.34,7.74886,2.12571,58.9877,55.268,147.304,2.11378,-106.865,52.0126
688.36,7.75046,2.14143,58.9879,56.7542,126.127,2.11387,-106.865,55.6118
688.38,7.74832,2.24618,59.2172,56.7542,126.127,2.11895,-106.865,52.9165
688.4,7.74832,2.26633,59.2172,57.6339,109.086,2.11895,-106.865,50.2295
688.42,7.74993,2.26639,59.6298,57.6366,109.034,2.11895,-106.865,50.2213
688.44,7.74886,2.11357,59.6298,58.7977,100.4,2.11895,-106.865,52.0181
688.46,7.74939,2.14092,59.4927,58.7977,100.4,2.11895,-106.865,51.1224
688.48,7.74939,2.12867,59.4923,59.4015,100.4,2.11895,-106.865,54.2641
688.5,7.74939,2.16159,59.0338,59.4015,97.4832,2.11895,-106.268,56.9594
688.52,7.74939,2.22801,59.0338,60.096,97.4832,2.11895,-106.268,59.1986
688.54,7.74886,2.06334,58.3461,60.0981,97.3665,2.11895,-106.268,60.1038
688.56,7.75206,2.23939,58.3461,60.0981,97.3665,2.11895,-106.268,59.6546
688.58,7.75206,2.10364,58.3461,60.2833,98.2389,2.11895,-106.268,60.5503
688.6,7.75099,2.10322,57.4291,60.2839,98.2416,2.1208,-106.268,65.0451
688.62,7.74939,2.11277,57.4291,59.8194,100.05,2.1208,-106.268,69.5371
688.64,7.74993,2.13364,56.2829,59.8194,100.05,2.12956,-106.268,69.9863
688.66,7.74993,2.17979,56.2829,58.9835,102.384,2.12956,-106.268,71.334
688.68,7.75046,2.17979,55.5952,58.9835,102.384,2.12956,-106.268,70.8848
688.7,7.74993,2.12845,55.5952,58.1939,105.184,2.12956,-106.268,70.4356
688.72,7.75152,2.23233,55.3209,58.1939,105.184,2.12956,-106.268,72.2269
688.74,7.75153,2.15399,55.3201,57.5437,108.217,2.12956,-106.268,70.4356
688.76,7.74886,2.20168,55.2284,57.5437,108.217,2.12956,-100.297,66.3927
688.78,7.74992,2.20168,55.2284,57.4048,108.217,2.12956,-100.297,62.81
688.8,7.74993,2.18685,55.1826,57.4044,111.076,2.12956,-100.297,62.799
688.82,7.74832,2.196,55.1826,57.6366,111.076,2.12956,-100.297,64.1467
688.84,7.74832,2.23104,55.5482,57.6366,114.275,2.12037,-100.297,64.5945
688.86,7.74993,2.23115,55.5493,57.7295,114.285,2.12034,-100.297,63.6975
688.88,7.74886,2.24672,55.5493,57.7295,118.718,2.12034,-100.297,65.0451
688.9,7.75046,2.17743,55.9607,57.7295,118.718,2.13512,-100.297,65.4929
688.92,7.75046,2.13739,55.962,58.101,124.844,2.13516,-100.297,65.4943
688.94,7.74993,2.14343,56.6955,58.101,124.844,2.13516,-100.297,68.6387
688.96,7.75099,2.20066,56.6955,58.3325,131.765,2.13516,-100.297,69.5344
688.98,7.75046,2.20656,57.2916,58.3332,131.786,2.13516,-100.297,70.4355
689,7.75046,2.35355,57.2916,58.3332,138.203,2.13516,-100.297,70.4355
689.02,7.75046,2.27552,57.9772,58.3332,138.203,2.13516,-109.986,66.8529
689.04,7.74993,2.27528,57.9793,57.9153,142.87,2.13516,-110.016,63.6975
689.06,7.74993,2.27496,58.4836,57.9153,142.87,2.13516,-110.016,63.6975
689.08,7.74993,2.25714,58.4836,57.4522,142.87,2.13516,-110.016,65.041
689.1,7.74993,2.39765,58.7587,57.4508,146.662,2.14432,-110.016,68.1895
689.12,7.75206,2.39765,58.7587,56.8006,146.662,2.14432,-110.016,68.1895
689.14,7.75153,2.304,59.5381,56.8006,150.338,2.14305,-110.016,69.9863
689.16,7.75313,2.32232,59.5381,55.8253,150.338,2.14305,-110.016,75.3768
689.18,7.75313,2.31192,59.5381,55.8253,154.188,2.14305,-110.016,77.6229
689.2,7.75046,2.40178,60.6843,55.8253,154.188,2.14305,-110.016,78.0721
689.22,7.75153,2.40179,60.6843,54.8066,158.143,2.14305,-110.016,78.9677
689.24,7.74993,2.37857,61.1886,54.8035,158.155,2.14305,-110.016,78.0721
689.26,7.75046,2.36928,61.1886,54.014,161.597,2.14305,-105.342,80.7673
689.28,7.75046,2.28358,60.9144,54.014,161.597,2.14305,-105.342,80.3195
689.3,7.75206,2.28333,60.9135,52.9922,161.072,2.14305,-105.342,84.8102
689.32,7.74939,2.37345,60.4551,52.9922,161.072,2.14305,-105.342,87.0562
689.34,7.74992,2.44689,60.4551,52.2977,157.117,2.14305,-105.342,90.191
689.36,7.74993,2.53496,60.2717,52.2956,157.105,2.11741,-105.342,89.3022
689.38,7.74939,2.51312,60.2717,51.4596,157.105,2.11741,-105.342,91.5483
689.4,7.75099,2.46251,60.5916,51.4596,156.174,2.09554,-105.342,92.8918
689.42,7.75046,2.37147,60.5926,50.6236,156.171,2.09547,-105.342,95.1419
689.44,7.75046,2.36655,62.0597,50.6236,157.28,2.09547,-105.342,97.8371
689.46,7.75046,2.42235,62.0597,50.6236,157.28,2.09547,-105.342,99.6285
689.48,7.74993,2.42252,63.802,49.9269,158.33,2.09547,-105.342,102.329
689.5,7.74832,2.39158,63.802,49.9269,158.33,2.09547,-105.342,102.778
689.52,7.74992,2.59636,63.802,49.1398,157.865,2.09547,-96.1657,101.883
689.54,7.74993,2.44553,65.4525,49.1374,157.863,2.09547,-96.1377,104.126
689.56,7.74993,2.44553,65.4525,48.7659,156.23,2.09547,-96.1377,104.126
689.58,7.75152,2.41631,67.1894,48.7659,156.23,2.09547,-96.1377,105.47
689.6,7.75046,2.33695,67.1947,48.4407,155.821,2.09547,-96.1377,109.517
689.62,7.75046,2.37385,69.4871,48.4407,155.821,2.14175,-96.1377,116.704
689.64,7.75046,2.26642,69.4871,48.255,156.463,2.14175,-96.1377,119.399
689.66,7.75099,2.26642,72.238,48.255,156.463,2.12287,-96.1377,122.094
689.68,7.75046,2.23465,72.238,48.3014,157.105,2.12287,-96.1377,119.399
689.7,7.75046,2.19145,74.5762,48.3014,157.105,2.12287,-96.1377,122.094
689.72,7.75046,2.37956,74.5762,47.931,157.105,2.12287,-96.1377,118.959
689.74,7.74993,2.38013,75.9058,47.9299,157.163,2.12287,-96.1377,116.704
689.76,7.75206,2.33171,75.9058,48.1621,157.163,2.12287,-96.1377,116.255
689.78,7.75153,2.30142,76.5,48.1621,156.756,2.12287,-112.971,117.15
689.8,7.75153,2.34088,76.5018,48.1621,156.755,2.12287,-113.022,116.255
689.82,7.75099,2.36184,76.5018,48.3014,155.996,2.12287,-113.022,118.501
689.84,7.75099,2.36184,75.6791,48.3014,155.996,2.12287,-113.022,119.844
689.86,7.75153,2.43196,75.6766,48.8587,154.48,2.12287,-113.022,120.747
689.88,7.74993,2.40687,74.4845,48.8587,154.48,2.10605,-113.022,121.645
689.9,7.74993,2.38306,74.4845,49.1829,152.211,2.10605,-113.022,122.093
689.92,7.75099,2.38299,73.3383,49.1838,152.204,2.08414,-113.022,122.094
689.94,7.75206,2.44227,73.3383,49.6947,150.688,2.08414,-113.022,122.543
689.96,7.75046,2.40485,72.6527,49.6947,150.688,2.08414,-113.022,124.335
689.98,7.75046,2.38536,72.6506,50.1592,151.329,2.08414,-113.022,120.747
690,7.75099,2.42638,72.238,50.1592,151.329,2.08414,-113.022,120.747
690.02,7.75313,2.52971,72.238,50.7148,151.329,2.08414,-113.022,117.164
690.04,7.75313,2.36058,72.0087,50.7165,153.079,2.08414,-109.151,111.763
690.06,7.75313,2.33932,72.0087,50.9487,153.079,2.08414,-109.151,113.559
690.08,7.75153,2.37022,72.0087,50.9487,154.068,2.08414,-109.151,114.903
690.1,7.7526,2.37032,71.8253,50.9487,154.071,2.08414,-109.151,115.805
690.12,7.75153,2.41919,71.8253,51.4131,154.188,2.08414,-109.151,115.805
690.14,7.75206,2.29404,72.238,51.4131,154.188,2.15974,-109.151,117.153
690.16,7.75206,2.39048,72.238,51.6918,153.663,2.15974,-109.151,119.399
690.18,7.75046,2.39048,72.9257,51.6918,153.663,2.1667,-109.151,117.602
690.2,7.74993,2.47079,72.9257,51.924,154.13,2.1667,-109.151,117.153
690.22,7.75152,2.37972,73.9313,51.924,154.13,2.1667,-109.151,117.601
690.24,7.75153,2.32478,73.9343,52.2491,153.78,2.1667,-109.151,114.907
690.26,7.75153,2.34776,75.0347,52.2491,153.78,2.1667,-109.151,113.11
690.28,7.751,2.41697,75.0347,52.8511,153.78,2.1667,-109.151,113.558
690.3,7.75153,2.45062,75.8141,52.8529,151.096,2.1667,-103.839,114.458
690.32,7.75099,2.40735,75.8141,53.1316,151.096,2.1667,-103.839,114.907
690.34,7.75099,2.38303,75.7684,53.1316,149.468,2.1667,-103.839,114.011
690.36,7.74886,2.38295,75.7683,53.0851,149.463,2.1667,-103.839,113.11
690.38,7.75046,2.33539,75.7224,53.0851,150.746,2.05563,-103.839,109.966
690.4,7.75153,2.41889,75.7224,53.0851,150.746,2.05563,-103.839,111.757
690.42,7.75153,2.38189,75.7224,53.0851,150.746,2.05563,-103.839,109.966
690.44,7.75153,2.38189,75.7224,52.5278,153.663,2.05563,-103.839,109.517
690.46,7.751,2.3385,75.7224,52.5278,153.663,2.11367,-103.839,112.204
690.48,7.75313,2.47761,75.7224,51.8311,157.922,2.11385,-103.839,111.763
690.5,7.75153,2.44006,75.8141,51.8311,157.922,2.11385,-103.839,111.763
690.52,7.75153,2.37425,75.8141,50.9977,160.946,2.11385,-103.839,112.21
690.54,7.74939,2.37404,75.7683,50.9951,160.955,2.11385,-103.839,114.458
690.56,7.75153,2.32717,75.7683,50.252,160.313,2.11385,-103.839,113.11
690.58,7.74993,2.42182,76.0425,50.252,160.313,2.11385,-106.877,111.767
690.6,7.74993,2.44194,76.0434,49.6018,156.871,2.11385,-106.886,112.661
690.62,7.75206,2.44194,76.2726,49.6018,156.871,2.11385,-106.886,112.212
690.64,7.75099,2.52046,76.2726,48.8587,156.871,2.11385,-106.886,112.212
690.66,7.75206,2.35963,76.2726,48.8587,154.013,2.10654,-106.886,113.11
690.68,7.75099,2.45751,76.2726,48.8587,154.013,2.10654,-106.886,114.458
690.7,7.75099,2.53244,75.7224,48.4872,152.554,2.14449,-106.886,113.11
690.72,7.75206,2.53245,75.7224,48.4872,152.554,2.14449,-106.886,110.871
690.74,7.74939,2.42553,75.7224,48.3014,152.846,2.14449,-106.886,108.618
690.76,7.75099,2.40979,75.3098,48.3014,152.846,2.14449,-106.886,112.212
690.78,7.75099,2.49018,75.3098,48.2088,154.882,2.14449,-106.886,112.66
690.8,7.75046,2.49043,74.4387,48.2085,154.888,2.14449,-106.886,113.11
690.82,7.74886,2.43457,74.4387,48.3943,157.338,2.14449,-106.886,114.907
690.84,7.75099,2.44317,73.4331,48.3943,157.338,2.14449,-114.769,115.355
690.86,7.75099,2.53144,73.43,48.4407,159.088,2.14449,-114.793,118.051
690.88,7.75313,2.42169,72.2838,48.4407,159.088,2.14449,-114.793,115.805
690.9,7.7526,2.42168,72.2838,48.6723,160.019,2.14449,-114.793,117.597
690.92,7.7526,2.35867,71.5503,48.673,160.022,2.13731,-114.793,119.399
690.94,7.75046,2.60081,71.5503,48.8123,160.022,2.13731,-114.793,115.805
690.96,7.75046,2.54877,70.8189,48.8123,161.418,2.14546,-114.793,109.088
690.98,7.75313,2.54862,70.8167,48.8123,161.422,2.14549,-114.793,108.169
691,7.75099,2.59292,69.9914,48.8123,162.414,2.14549,-114.793,112.661
691.02,7.75046,2.4223,69.9914,48.8123,162.414,2.14549,-114.793,117.139
691.04,7.75046,2.56616,69.9914,48.9981,162.822,2.14549,-114.793,117.153
691.06,7.75313,2.55012,68.7535,48.9981,162.822,2.14549,-114.793,116.255
691.08,7.75207,2.34957,68.7535,49.0444,162.764,2.14549,-109.846,115.807
691.1,7.75046,2.50426,68.2034,49.0445,162.764,2.14549,-109.83,114.907
691.12,7.75046,2.60198,68.2034,49.4161,164.047,2.14549,-109.83,114.458
691.14,7.75099,2.54096,67.4698,49.4161,164.047,2.14549,-109.83,112.212
691.16,7.75206,2.54096,67.4698,49.8341,167.139,2.14549,-109.83,112.661
691.18,7.75153,2.43315,66.5987,49.8341,167.139,2.14191,-109.83,109.067
691.2,7.7526,2.59105,66.5987,50.1592,168.889,2.14191,-109.83,108.169
691.22,7.7526,2.38915,66.0502,50.1592,168.889,2.15566,-109.83,109.512
691.24,7.7526,2.38854,66.0485,50.9023,168.889,2.1557,-109.83,110.864
691.26,7.75046,2.48112,65.4525,50.9023,166.439,2.1557,-109.83,112.661
691.28,7.75312,2.52678,65.4525,51.5968,166.439,2.1557,-109.83,114.452
691.3,7.75313,2.58109,65.4525,51.5989,162.122,2.1557,-109.83,118.501
691.32,7.7526,2.57783,65.0857,51.5989,162.122,2.1557,-109.83,116.255
691.34,7.75579,2.51167,65.0857,52.988,158.225,2.1557,-101.106,113.12
691.36,7.7542,2.54327,65.0399,52.9922,158.213,2.1557,-101.079,115.356
691.38,7.75313,2.44604,65.0399,53.8747,154.946,2.1557,-101.079,122.993
691.4,7.75313,2.39897,65.2684,53.8747,154.946,2.1557,-101.079,127.023
691.42,7.7542,2.39883,65.2691,55.0822,151.796,2.1557,-101.079,123.442
691.44,7.75474,2.501,65.7276,55.0822,151.796,2.13264,-101.079,118.501
691.46,7.75314,2.50257,65.7276,56.0082,148.714,2.13264,-101.079,118.053
691.48,7.75313,2.36264,65.8651,56.0111,148.704,2.14706,-101.079,121.645
691.5,7.7558,2.36265,65.8651,56.6148,148.704,2.14706,-101.079,123.442
691.52,7.75794,2.48429,66.048,56.6148,145.622,2.14706,-101.079,124.338
691.54,7.75741,2.52634,66.0485,57.0328,145.612,2.14706,-101.079,125.239
691.56,7.75901,2.45259,66.9655,57.0328,142.345,2.14706,-101.079,129.731
691.58,7.75901,2.50095,66.9655,57.1254,142.345,2.14706,-101.079,131.074
691.6,7.76115,2.50111,67.699,57.1257,140.07,2.14706,-116.275,135.121
691.62,7.75954,2.45003,67.699,57.1257,140.07,2.14706,-116.275,139.613
691.64,7.75954,2.56723,67.699,57.2186,138.553,2.14706,-116.275,140.063
691.66,7.75954,2.4237,68.5701,57.2186,138.553,2.14706,-116.275,142.309
691.68,7.76329,2.42371,68.5701,56.8935,136.92,2.14706,-116.275,140.063
691.7,7.76168,2.48268,69.3037,56.8935,136.92,2.15938,-116.275,138.715
691.72,7.75849,2.43765,69.3037,56.4768,136.047,2.15938,-116.275,136.924
691.74,7.76061,2.40938,69.9456,56.4755,136.045,2.16345,-116.275,140.063
691.76,7.76061,2.4206,69.9456,56.104,135.811,2.16345,-116.275,140.063
691.78,7.76008,2.42059,70.2198,56.104,135.811,2.16345,-116.275,140.958
691.8,7.76115,2.39388,70.2207,55.4537,135.811,2.16345,-116.275,137.817
691.82,7.76115,2.57204,70.2665,55.4537,135.811,2.16345,-116.275,137.367
691.84,7.76115,2.47133,70.2665,54.8055,135.811,2.16345,-116.275,137.367
691.86,7.76222,2.47102,70.5416,54.8035,136.22,2.16345,-107.936,138.715
691.88,7.76168,2.5742,70.5416,54.5249,136.22,2.16345,-107.936,143.656
691.9,7.76115,2.5658,71.0901,54.5249,137.208,2.16345,-107.936,145
691.92,7.76115,2.50285,71.0918,54.5249,137.212,2.16345,-107.936,143.656
691.94,7.76008,2.38937,71.0918,54.4784,138.553,2.16345,-107.936,145.004
691.96,7.76008,2.38937,72.0059,54.4784,138.553,2.17924,-107.936,146.347
691.98,7.76115,2.47572,72.0087,54.2926,139.428,2.17929,-107.936,146.801
692,7.76008,2.62005,73.1091,54.2926,139.428,2.13764,-107.936,145.902
692.02,7.76008,2.48371,73.1091,54.2,139.487,2.13764,-107.936,145.902
692.04,7.76008,2.48329,74.7596,54.1998,139.487,2.13764,-107.936,145.004
692.06,7.76115,2.55332,74.7596,54.1998,138.728,2.13764,-107.936,144.555
692.08,7.76062,2.52184,76.3137,54.1998,138.728,2.13764,-107.936,140.972
692.1,7.76061,2.45897,76.3184,54.1533,137.912,2.13764,-107.936,141.41
692.12,7.76008,2.47129,77.5105,54.1533,137.912,2.13764,-102.686,139.613
692.14,7.76168,2.43682,77.5105,54.6178,137.912,2.13764,-102.686,138.715
692.16,7.76222,2.4568,78.5191,54.6178,137.678,2.13764,-102.686,135.121
692.18,7.76061,2.47857,78.5191,55.686,137.678,2.13764,-102.686,136.02
692.2,7.76061,2.45671,78.6108,55.686,138.203,2.20063,-102.686,136.918
692.22,7.76115,2.45671,78.6108,55.686,138.203,2.20063,-102.686,137.814
692.24,7.76115,2.43822,78.6108,57.1257,139.428,2.20063,-102.686,135.57
692.26,7.75954,2.55256,77.6022,57.1257,139.428,2.1702,-102.686,135.121
692.28,7.75954,2.42789,77.6022,57.7276,142.046,2.1702,-102.686,139.6
692.3,7.76222,2.42752,75.9517,57.7295,142.054,2.1702,-102.686,138.266
692.32,7.75901,2.51608,75.9517,58.5655,146.312,2.1702,-102.686,135.121
692.34,7.76221,2.55263,73.4834,58.5655,146.312,2.1702,-102.686,136.017
692.36,7.76222,2.37201,73.4759,59.7266,151.154,2.1702,-102.686,133.774
692.38,7.76115,2.40574,70.5416,59.7266,151.154,2.1702,-109.933,132.426
692.4,7.76221,2.40574,70.5416,60.9304,155.051,2.1702,-109.933,133.77
692.42,7.76168,2.38176,67.5615,60.9341,155.063,2.1702,-109.933,136.918
692.44,7.76115,2.4932,67.5615,62.2345,155.063,2.1702,-109.933,137.367
692.46,7.76115,2.42291,64.8647,62.2345,158.087,2.18297,-109.933,134.68
692.48,7.75901,2.42269,64.8565,63.7672,158.097,2.183,-109.933,135.57
692.5,7.76115,2.45086,63.0684,63.7672,160.372,2.18493,-109.933,132.426
692.52,7.76168,2.63677,63.0684,63.7672,160.372,2.18493,-109.933,129.291
692.54,7.76168,2.4037,63.0684,65.6249,161.83,2.18493,-109.933,129.282
692.56,7.76222,2.34939,62.5182,65.6249,161.83,2.18493,-109.933,129.282
692.58,7.76222,2.45361,62.5182,66.8751,163.284,2.18493,-109.933,130.177
692.6,7.76329,2.38808,62.6558,66.8789,163.289,2.18493,-109.933,130.629
692.62,7.76008,2.39195,62.6558,67.9006,164.105,2.18493,-109.933,132.875
692.64,7.76008,2.4864,63.5727,67.9006,164.105,2.18493,-109.151,132.426
692.66,7.76115,2.4864,63.5727,68.9224,164.63,2.18493,-109.151,133.324
692.68,7.76115,2.40831,64.398,68.9224,164.63,2.18493,-109.151,134.223
692.7,7.76008,2.49901,64.398,69.4797,165.506,2.18493,-109.151,130.629
692.72,7.76008,2.5029,65.9063,69.4797,165.506,2.20134,-109.151,125.703
692.74,7.76222,2.50292,65.911,70.2228,165.506,2.20139,-109.151,126.586
692.76,7.76008,2.34551,68.5243,70.2228,166.089,2.20655,-109.151,127.485
692.78,7.76328,2.40947,68.5243,70.4543,166.089,2.20655,-109.151,134.202
692.8,7.76061,2.50949,73.0632,70.455,165.447,2.20655,-109.151,133.324
692.82,7.76061,2.48818,73.0632,70.2693,165.447,2.20655,-109.151,131.078
692.84,7.75955,2.48817,73.0632,70.2693,163.121,2.20655,-109.151,128.839
692.86,7.76329,2.5158,78.7942,70.2693,163.114,2.20655,-109.151,125.688
692.88,7.76435,2.36325,78.7942,68.876,160.488,2.20655,-104.724,126.137
692.9,7.76435,2.48947,84.6906,68.876,160.488,2.20655,-104.724,122.107
692.92,7.76168,2.48985,84.7086,67.204,157.163,2.20655,-104.724,126.586
692.94,7.76382,2.36648,89.2017,67.204,157.163,2.20655,-104.724,129.282
692.96,7.76915,2.40921,89.2017,65.4445,155.477,2.20655,-104.724,130.177
692.98,7.76542,2.36534,92.8695,65.4391,155.471,2.16642,-104.724,128.383
693,7.76542,2.28244,92.8695,63.3492,156.871,2.16642,-104.724,126.137
693.02,7.76383,2.28243,97.3489,61.3119,156.871,2.17786,-104.724,126.585
693.04,7.76168,2.46524,97.3626,61.3056,156.871,2.1779,-104.724,124.34
693.06,7.75206,2.35303,97.3626,61.3056,156.871,2.1779,-104.724,121.645
693.08,7.75206,2.35956,102.573,61.3056,162.048,2.1779,-104.724,118.062
693.1,7.75153,2.35958,102.589,58.519,162.064,2.1779,-104.724,116.704
693.12,7.7526,2.43672,108.045,58.519,170.348,2.1779,-104.724,114.907
693.14,7.75206,2.33618,108.045,56.4291,170.348,2.1779,-104.724,115.356
693.16,7.75206,2.30838,108.045,56.4291,176.473,2.1779,-98.6086,112.661
693.18,7.75634,2.34401,112.813,56.4291,176.473,2.1779,-98.6086,110.864
693.2,7.75313,2.344,112.813,55.2215,176.298,2.1779,-98.6086,102.778
693.22,7.75739,2.28119,115.647,55.2215,176.298,2.1779,-98.6086,101.435
693.24,7.74832,2.2709,115.656,54.8964,174.256,2.1779,-98.6086,100.532
693.26,7.74832,2.25384,117.536,54.8964,174.256,2.16884,-98.6086,96.9387
693.28,7.74193,2.25382,117.536,55.4983,174.256,2.16884,-98.6086,94.2517
693.3,7.74137,2.31972,120.47,55.5002,174.256,2.18659,-98.6086,91.9975
693.32,7.7387,2.245,120.47,55.686,176.94,2.18659,-98.6086,91.5482
693.34,7.7387,2.26383,124.858,55.686,176.94,2.18659,-98.6086,87.9656
693.36,7.73603,2.25995,124.871,55.7324,176.94,2.18659,-98.6086,87.0562
693.38,7.73603,2.27979,129.227,55.7324,182.365,2.18659,-98.6086,85.7086
693.4,7.73283,2.32504,129.227,55.7787,182.365,2.18659,-98.6086,86.1564
693.42,7.73657,2.2979,132.07,55.7788,189.249,2.18659,-110.325,87.0562
693.44,7.73657,2.39444,132.07,55.7788,189.249,2.18659,-110.325,84.3609
693.46,7.73497,2.39443,133.669,56.0567,195.007,2.18659,-110.325,81.2261
693.48,7.7371,2.33763,133.674,56.0575,195.025,2.18659,-110.325,81.2165
693.5,7.73336,2.37064,133.674,56.0575,201.034,2.18659,-110.325,80.3181
693.52,7.73336,2.29301,134.543,56.0575,201.034,2.25662,-110.325,82.5573
693.54,7.7355,2.29278,134.545,55.9182,208.617,2.25683,-110.325,82.1149
693.56,7.73603,2.35049,134.775,55.9182,208.617,2.24778,-110.325,82.1149
693.58,7.73497,2.48131,134.775,55.733,218.33,2.24778,-110.325,81.2192
693.6,7.73496,2.39267,135.233,55.7324,218.36,2.24778,-110.325,81.6657
693.62,7.73496,2.48875,135.233,55.4537,231.544,2.24778,-110.325,78.9705
693.64,7.7371,2.48876,135.921,55.4537,231.544,2.24778,-110.325,77.1736
693.66,7.7371,2.31231,135.921,55.1751,248.696,2.24778,-110.325,73.58
693.68,7.73443,2.47625,136.196,55.1751,248.696,2.24778,-105.671,75.826
693.7,7.73443,2.46161,136.196,55.0822,248.696,2.24778,-105.671,74.9276
693.72,7.73443,2.46161,134.185,55.0822,268.761,2.24778,-105.671,73.5841
693.74,7.73336,2.48116,134.179,54.2462,268.823,2.24778,-105.671,73.58
693.76,7.73443,2.4666,130.327,54.2462,288.249,2.21337,-105.671,74.9276
693.78,7.73443,2.50466,130.327,54.2462,288.249,2.21337,-105.671,72.6884
693.8,7.73657,2.45148,130.327,53.3173,300.909,2.21337,-105.671,71.7832
693.82,7.7355,2.53145,127.118,53.3173,300.909,2.224,-105.671,69.5371
693.84,7.7355,2.42056,127.118,51.7894,309.516,2.224,-105.671,66.4023
693.86,7.73443,2.51327,127.989,51.7847,309.543,2.224,-105.671,65.4943
693.88,7.73443,2.52117,127.989,50.6236,318.76,2.224,-105.671,64.1467
693.9,7.73496,2.52118,133.017,50.6236,318.76,2.224,-105.671,64.1467
693.92,7.73496,2.45047,133.032,49.6483,324.069,2.224,-105.671,65.9435
693.94,7.73336,2.47358,139.451,49.6483,324.069,2.224,-98.9792,61.4514
693.96,7.73336,2.47659,139.451,49.2316,313.774,2.224,-98.9792,61.0036
693.98,7.73496,2.47661,144.082,49.2303,313.743,2.224,-98.9792,61.0022
694,7.73336,2.62751,144.082,48.3479,313.743,2.224,-98.9792,61.0022
694.02,7.73442,2.47261,148.104,48.3479,286.524,2.24735,-98.9792,59.2109
694.04,7.73443,2.52944,148.116,48.255,286.441,2.24742,-98.9792,64.5959
694.06,7.73282,2.61127,148.116,48.255,262.23,2.22273,-98.9792,65.9435
694.08,7.73602,2.61128,152.001,48.255,262.23,2.22273,-98.9792,65.9435
694.1,7.73443,2.51246,152.013,48.255,253.421,2.22273,-98.9792,62.7991
694.12,7.73443,2.69256,156.231,48.255,253.421,2.22273,-98.9792,63.6975
694.14,7.73443,2.63577,156.231,48.7194,252.955,2.22273,-98.9792,63.2482
694.16,7.7355,2.63578,159.899,48.7194,252.955,2.22273,-98.9792,63.6975
694.18,7.73496,2.5902,159.899,49.2767,253.655,2.22273,-98.9792,61.4514
694.2,7.73389,2.63958,159.945,49.2767,253.655,2.22273,-109.686,62.3498
694.22,7.73389,2.51629,159.945,49.5545,254.527,2.22273,-109.686,62.7977
694.24,7.73496,2.53127,157.699,49.5554,254.53,2.22273,-109.686,65.0451
694.26,7.73496,2.62785,157.699,49.8341,254.53,2.22273,-109.686,67.7403
694.28,7.73603,2.65715,154.362,49.8341,257.38,2.24456,-109.686,69.0838
694.3,7.73443,2.56004,154.352,50.4843,257.388,2.24462,-109.686,71.334
694.32,7.73443,2.45284,151.463,50.4843,262.172,2.21158,-109.686,71.334
694.34,7.73283,2.45284,151.463,51.2251,262.172,2.21158,-109.686,69.0948
694.36,7.73496,2.47432,147.933,51.2274,267.831,2.21158,-109.686,67.7403
694.38,7.73496,2.51428,147.933,51.2274,267.831,2.21158,-109.686,65.9435
694.4,7.73496,2.4573,147.933,52.1534,272.367,2.21158,-109.686,69.0783
694.42,7.73657,2.45713,142.844,52.1562,272.381,2.21158,-109.686,71.334
694.44,7.73496,2.3919,142.844,53.5031,273.665,2.21158,-109.13,70.8848
694.46,7.73336,2.52179,137.222,53.5031,273.665,2.21158,-109.13,68.1977
694.48,7.73763,2.44875,137.204,55.1286,269.756,2.21158,-109.13,70.4356
694.5,7.73763,2.40976,131.473,55.1286,269.756,2.21158,-109.13,72.2324
694.52,7.73444,2.40975,131.473,57.2122,262.021,2.21158,-109.13,76.7107
694.54,7.7371,2.42719,125.559,57.2186,261.997,2.24124,-109.13,79.4197
694.56,7.7371,2.51535,125.559,59.3086,251.204,2.24124,-109.13,83.0133
694.58,7.7371,2.37177,119.983,59.3086,251.204,2.22153,-109.13,86.596
694.6,7.7355,2.37132,119.966,61.7236,251.204,2.22147,-109.13,91.5482
694.62,7.73603,2.55392,114.143,61.7236,235.57,2.22147,-109.13,96.0403
694.64,7.73496,2.41464,114.143,61.7236,235.57,2.22147,-109.13,95.1419
694.66,7.7355,2.49157,109.65,63.4421,217.543,2.22147,-109.13,96.0403
694.68,7.7355,2.54578,109.65,63.4421,217.543,2.22147,-109.13,100.532
694.7,7.73603,2.54578,109.65,64.7889,201.209,2.22147,-102.706,103.228
694.72,7.73656,2.53207,107.822,64.7889,201.209,2.22147,-102.706,105.915
694.74,7.73603,2.43657,107.816,66.3216,188.374,2.22147,-102.706,113.11
694.76,7.73603,2.42734,108.687,66.3216,188.374,2.22147,-102.706,115.805
694.78,7.7355,2.42734,108.687,67.8495,178.603,2.22147,-102.706,118.492
694.8,7.73336,2.438,110.429,67.8542,178.573,2.21212,-102.706,120.297
694.82,7.73389,2.45586,110.429,69.294,170.173,2.21212,-102.706,118.95
694.84,7.73389,2.38456,111.846,69.294,170.173,2.20327,-102.706,119.846
694.86,7.73389,2.36853,111.851,70.7337,165.272,2.20324,-102.706,121.196
694.88,7.73603,2.36853,112.217,70.7337,165.272,2.20324,-102.706,122.543
694.9,7.7371,2.33059,112.217,71.6134,165.272,2.20324,-102.706,122.096
694.92,7.7355,2.27227,111.438,71.6161,165.506,2.20324,-102.706,124.79
694.94,7.7355,2.36755,111.438,72.127,165.506,2.20324,-102.706,124.34
694.96,7.73443,2.36754,109.061,72.127,169.228,2.20324,-101.474,124.788
694.98,7.73496,2.27313,109.054,72.127,169.239,2.20324,-101.471,126.137
695,7.7355,2.29641,109.054,72.0341,175.89,2.20324,-101.471,127.934
695.02,7.7355,2.27572,106.266,72.0341,175.89,2.20324,-101.471,125.247
695.04,7.73336,2.28957,106.257,72.1735,183.999,2.20324,-101.471,122.543
695.06,7.73389,2.28957,102.956,72.1735,183.999,2.22391,-101.471,124.79
695.08,7.73549,2.34617,102.956,72.7754,191.385,2.22391,-101.471,127.029
695.1,7.7355,2.35319,98.9215,72.7772,191.408,2.21743,-101.471,124.79
695.12,7.73389,2.57339,98.9215,73.6597,192.925,2.21743,-101.471,125.688
695.14,7.73336,2.57339,94.5201,73.6597,192.925,2.21743,-101.471,127.934
695.16,7.73443,2.47759,94.5201,74.3563,186.332,2.21743,-101.471,126.586
695.18,7.73443,2.40347,92.0443,74.3563,186.332,2.21743,-101.471,131.977
695.2,7.73603,2.45841,92.0443,75.1459,186.332,2.21743,-101.471,134.223
695.22,7.73337,2.4584,90.6273,75.1459,179.12,2.21743,-113.5,134.223
695.24,7.73443,2.4461,90.623,75.5639,179.098,2.21743,-113.537,132.875
695.26,7.7355,2.34179,90.623,75.5639,176.94,2.21743,-113.537,131.528
695.28,7.7355,2.4904,89.0232,75.5639,176.94,2.21743,-113.537,131.975
695.3,7.73496,2.49746,89.0183,76.3069,176.531,2.21743,-113.537,134.223
695.32,7.73763,2.44687,86.6801,76.3069,176.531,2.18352,-113.537,135.121
695.34,7.7371,2.64452,86.6801,76.7237,171.937,2.18352,-113.537,134.673
695.36,7.73496,2.4895,84.1126,76.7249,171.923,2.18818,-113.537,132.875
695.38,7.73496,2.49468,84.1126,77.5145,167.839,2.18818,-113.537,131.977
695.4,7.73603,2.56718,82.4214,77.5145,167.839,2.18818,-113.537,131.081
695.42,7.73657,2.57118,82.4162,78.3969,170.581,2.18818,-113.537,128.832
695.44,7.73282,2.45,82.6455,78.3969,170.581,2.18818,-113.537,126.586
695.46,7.73282,2.57512,82.6455,79.0914,170.581,2.18818,-113.537,129.273
695.48,7.73496,2.57551,84.296,79.0936,178.398,2.18818,-109.604,127.485
695.5,7.7371,2.56848,84.296,79.6509,178.398,2.18818,-109.604,126.137
695.52,7.73497,2.53315,86.3529,79.6509,185.785,2.18818,-109.604,125.241
695.54,7.73496,2.45119,86.3591,79.8831,185.807,2.18818,-109.604,124.34
695.56,7.73443,2.40256,88.514,79.8831,190.241,2.18818,-109.604,117.602
695.58,7.73283,2.40716,88.514,79.8831,190.241,2.22942,-109.604,110.885
695.6,7.73603,2.47355,88.514,79.9296,193.683,2.22955,-109.604,104.126
695.62,7.73443,2.49444,90.9898,79.9296,193.683,2.24019,-109.604,104.126
695.64,7.73443,2.34109,90.9898,79.6973,195.433,2.24019,-109.604,103.228
695.66,7.73496,2.34109,94.9785,79.6509,198.117,2.24019,-109.604,103.228
695.68,7.73389,2.3805,94.9785,79.6509,198.117,2.24019,-109.604,101.88
695.7,7.73496,2.38569,94.9785,79.6509,198.117,2.24019,-109.604,98.7356
695.72,7.73496,2.14066,100.555,79.6509,198.117,2.24019,-109.604,96.9442
695.74,7.7355,2.15562,100.572,78.9542,205.992,2.24019,-99.5763,96.9387
695.76,7.73657,2.27622,106.395,78.9542,205.992,2.24019,-99.5763,94.6927
695.78,7.7355,2.19748,106.395,78.3523,219.137,2.24019,-99.5763,94.2449
695.8,7.73496,2.2378,110.475,78.3505,219.177,2.24019,-99.5763,94.2435
695.82,7.73496,2.17087,110.475,78.1182,219.177,2.24019,-99.5763,90.2006
695.84,7.73496,2.17087,111.755,78.1182,233.077,2.21034,-99.5763,89.305
695.86,7.73603,2.20285,111.759,78.2576,233.12,2.21025,-99.5763,91.5483
695.88,7.73603,2.21701,111.392,78.2576,239.42,2.21229,-99.5763,86.1578
695.9,7.73603,2.28706,111.392,78.2576,239.42,2.21229,-99.5763,88.397
695.92,7.73657,2.28727,111.392,78.7685,238.078,2.21229,-99.5763,85.2594
695.94,7.73763,2.18561,111.3,78.7685,238.078,2.21229,-99.5763,84.8102
695.96,7.7371,2.21527,111.3,79.4167,236.159,2.21229,-99.5763,83.0188
695.98,7.73603,2.13784,112.217,79.4187,236.153,2.21229,-99.5763,83.4625
696,7.73603,2.2811,112.217,80.1618,237.262,2.21229,-115.966,83.0133
696.02,7.73656,2.2811,114.731,80.1618,237.262,2.21229,-115.966,87.4917
696.04,7.73496,2.2359,114.739,80.812,238.837,2.21229,-115.966,88.4038
696.06,7.73657,2.281,116.619,80.812,238.837,2.21229,-115.966,89.3022
696.08,7.73657,2.28522,116.619,81.3213,238.43,2.21229,-115.966,89.3022
696.1,7.7371,2.28523,117.627,81.3229,238.428,2.21976,-115.966,90.6498
696.12,7.73657,2.25058,117.627,81.6944,238.428,2.21976,-115.966,94.2435
696.14,7.7355,2.2091,117.857,81.6944,235.511,2.2287,-115.966,94.6927
696.16,7.7355,2.27407,117.857,82.1589,235.511,2.2287,-115.966,96.4895
696.18,7.7371,2.30123,118.223,82.1589,231.836,2.2287,-115.966,99.1848
696.2,7.7355,2.30123,118.223,82.1589,231.836,2.2287,-115.966,100.083
696.22,7.73763,2.22857,118.223,82.6219,229.103,2.2287,-115.966,98.7397
696.24,7.7387,2.36475,118.682,82.6233,229.094,2.2287,-115.966,105.923
696.26,7.7387,2.11041,118.682,83.2271,227.636,2.2287,-107.916,104.575
696.28,7.73551,2.1104,119.139,83.2271,227.636,2.2287,-107.916,106.367
696.3,7.73763,2.29348,119.14,84.0166,227.111,2.2287,-107.916,110.864
696.32,7.73924,2.28516,119.049,84.0166,227.111,2.2287,-107.916,109.516
696.34,7.73924,2.40968,119.049,84.5722,228.158,2.2287,-107.916,111.308
696.36,7.73657,2.38462,118.544,84.5739,228.161,2.22498,-107.916,110.415
696.38,7.73763,2.29332,118.544,85.0384,229.678,2.22498,-107.916,109.966
696.4,7.73657,2.25378,117.767,85.0384,229.678,2.22072,-107.916,111.757
696.42,7.73657,2.17646,117.765,84.8061,229.678,2.22071,-107.916,112.661
696.44,7.73763,2.21259,117.398,84.8061,231.661,2.22071,-107.916,109.517
696.46,7.7371,2.21259,117.398,84.0653,231.661,2.22071,-107.916,106.382
696.48,7.73924,2.38515,117.306,84.063,234.053,2.22071,-107.916,106.372
696.5,7.73763,2.17153,117.306,83.4593,234.053,2.22071,-107.916,105.923
696.52,7.73763,2.2023,117.306,83.4593,235.972,2.22071,-99.6017,102.788
696.54,7.73657,2.20239,117.398,82.9484,235.978,2.22071,-99.5763,100.982
696.56,7.7371,2.12591,117.398,82.9484,236.153,2.22071,-99.5763,99.1848
696.58,7.73816,2.23775,117.672,81.8834,236.153,2.22071,-99.5763,92.915
696.6,7.73817,2.20768,117.673,81.8802,235.57,2.22071,-99.5763,89.7514
696.62,7.73817,2.22121,117.719,81.0906,235.57,2.22444,-99.5763,85.2594
696.64,7.73817,2.24089,117.719,81.0906,235.278,2.22444,-99.5763,85.2594
696.66,7.7387,2.21227,117.352,81.0906,235.278,2.22444,-99.5763,80.7673
696.68,7.7355,2.18133,117.352,79.8831,235.336,2.22444,-99.5763,80.7673
696.7,7.7355,2.21311,116.894,79.8831,235.336,2.22444,-99.5763,74.9276
696.72,7.73976,2.21312,116.894,78.9571,235.336,2.22444,-99.5763,71.3449
696.74,7.73603,2.31387,116.435,78.9542,236.153,2.22444,-99.5763,70.4356
696.76,7.73603,2.29951,116.435,77.7931,236.153,2.22444,-108.224,70.8848
696.78,7.73603,2.2538,115.658,77.7931,236.618,2.22444,-108.224,68.6456
696.8,7.73443,2.25366,115.656,77.2823,236.62,2.22444,-108.224,67.2911
696.82,7.7387,2.3185,115.656,77.2823,235.686,2.22444,-108.224,65.0451
696.84,7.7371,2.26609,114.879,76.8655,235.686,2.22444,-108.224,64.5972
696.86,7.73763,2.36966,114.877,76.8643,232.945,2.22444,-108.224,63.2482
696.88,7.73763,2.3405,114.005,76.4927,232.945,2.19088,-108.224,61.0022
696.9,7.73763,2.3405,114.005,76.4927,227.943,2.19088,-108.224,59.2109
696.92,7.73817,2.38905,113.455,75.9354,227.927,2.15998,-108.224,57.8578
696.94,7.7387,2.39834,113.455,75.9354,223.26,2.15998,-108.224,60.553
696.96,7.7387,2.42438,112.998,75.9354,223.26,2.15998,-108.224,61.0008
696.98,7.7371,2.42445,112.997,75.6103,219.877,2.15998,-108.224,58.7562
697,7.73817,2.3706,112.905,75.6103,219.877,2.15998,-108.224,59.6546
697.02,7.7371,2.47006,112.905,75.5177,219.877,2.15998,-108.306,58.7589
697.04,7.7371,2.47607,112.309,75.5174,217.31,2.15998,-108.307,63.6975
697.06,7.73603,2.32549,112.309,75.5174,217.31,2.15998,-108.307,62.3498
697.08,7.73656,2.32549,111.303,75.5174,216.263,2.15998,-108.307,63.2455
697.1,7.73657,2.34029,111.3,75.7496,216.26,2.15998,-108.307,65.0451
697.12,7.73763,2.32009,111.163,75.7496,216.143,2.15998,-108.307,67.2911
697.14,7.73763,2.30419,111.163,75.9818,216.143,2.28676,-108.307,65.9435
697.16,7.7371,2.30419,111.759,75.9818,216.785,2.28676,-108.307,67.2911
697.18,7.7371,2.37199,111.759,75.9818,216.785,2.24558,-108.307,63.2483
697.2,7.73603,2.43186,112.217,75.9818,219.177,2.24558,-108.307,61.9006
697.22,7.73603,2.27984,112.217,75.9355,219.177,2.24558,-108.307,60.1093
697.24,7.7355,2.27937,112.172,75.9354,221.685,2.24558,-108.307,61.0022
697.26,7.7371,2.35159,112.172,75.9354,221.685,2.24558,-108.307,61.9006
697.28,7.73763,2.36122,112.172,75.9817,221.162,2.24558,-106.439,62.7963
697.3,7.73763,2.32126,111.438,75.9818,221.16,2.24558,-106.433,62.3498
697.32,7.73763,2.29921,111.438,75.6103,221.219,2.24558,-106.433,61.4514
697.34,7.73977,2.29922,110.158,75.6103,221.219,2.24558,-106.433,62.3471
697.36,7.73443,2.31212,110.154,75.1923,226.644,2.24558,-106.433,60.553
697.38,7.73763,2.21911,108.87,75.1923,226.644,2.29961,-106.433,58.7562
697.4,7.73763,2.26498,108.87,74.683,234.03,2.29961,-106.433,58.3084
697.42,7.7387,2.26512,108.825,74.6814,234.053,2.31526,-106.433,59.2054
697.44,7.7371,2.3195,108.825,74.2634,239.653,2.31526,-106.433,59.6546
697.46,7.73657,2.30605,109.83,74.2634,239.653,2.31526,-106.433,57.4154
697.48,7.73657,2.25397,109.833,73.799,239.653,2.31526,-106.433,57.4086
697.5,7.73817,2.3779,109.604,73.799,240.82,2.31526,-106.433,55.1625
697.52,7.73764,2.3779,109.604,73.5212,240.82,2.31526,-106.433,53.819
697.54,7.73817,2.32436,109.008,73.5203,236.328,2.31526,-101.388,54.7133
697.56,7.73763,2.28499,109.008,73.3346,236.328,2.31526,-101.388,54.7133
697.58,7.73763,2.28149,109.008,73.3346,228.186,2.31526,-101.388,54.2655
697.6,7.7371,2.28147,108.962,73.3346,228.161,2.31526,-101.388,56.9594
697.62,7.7387,2.35341,108.962,73.6132,223.027,2.31526,-101.388,59.6546
697.64,7.7371,2.30235,109.237,73.6132,223.027,2.15438,-101.388,62.3498
697.66,7.7371,2.37901,109.237,74.0312,224.31,2.15438,-101.388,61.9006
697.68,7.73763,2.39684,109.466,74.0312,224.31,2.28102,-101.388,60.1038
697.7,7.73924,2.31584,109.466,74.3099,227.694,2.28102,-101.388,59.2054
697.72,7.73764,2.2874,109.329,74.3099,227.694,2.28102,-101.388,60.5489
697.74,7.73763,2.32338,109.329,74.3563,226.294,2.28102,-101.388,61.9006
697.76,7.73763,2.29773,109.421,74.3563,226.294,2.28102,-101.388,60.1038
697.78,7.73657,2.29772,109.421,74.4952,226.294,2.28102,-101.388,59.2081
697.8,7.73763,2.29461,109.237,74.4956,220.46,2.28102,-110.901,58.7562
697.82,7.73603,2.21468,109.237,74.4956,220.46,2.28102,-110.901,60.553
697.84,7.73603,2.34005,109.283,74.4956,214.121,2.28102,-110.901,60.1052
697.86,7.73817,2.34044,109.283,74.0312,214.101,2.28102,-110.901,59.6546
697.88,7.73763,2.2512,109.283,74.0312,208.151,2.28102,-110.901,59.2054
697.9,7.73817,2.31146,110.426,74.0312,208.151,2.15541,-110.901,58.7576
697.92,7.73763,2.204,110.429,73.1952,203.192,2.15503,-110.901,58.7562
697.94,7.73763,2.33325,111.667,73.1952,203.192,2.22325,-110.901,57.4086
697.96,7.7387,2.33325,111.667,72.3155,201.505,2.22325,-110.901,57.4086
697.98,7.73817,2.34832,112.126,72.3128,201.5,2.22325,-110.901,59.6546
698,7.73817,2.20962,112.126,71.4768,202.959,2.22325,-110.901,58.307
698.02,7.73817,2.36741,112.217,71.4768,202.959,2.22325,-110.901,57.8591
698.04,7.73763,2.36789,112.217,70.6873,205.351,2.22325,-110.901,56.5102
698.06,7.7371,2.31743,112.538,70.6873,205.351,2.22325,-106.948,54.2641
698.08,7.73763,2.37591,112.538,69.8075,205.351,2.22325,-106.948,52.9206
698.1,7.73763,2.33993,112.676,69.8048,209.609,2.22325,-106.948,56.9594
698.12,7.7371,2.33899,112.676,68.9224,209.609,2.22325,-106.948,57.8578
698.14,7.73763,2.33899,112.034,68.9224,216.902,2.29648,-106.948,56.9594
698.16,7.73657,2.31058,112.034,68.2722,216.902,2.29648,-106.948,56.061
698.18,7.73817,2.25535,111.988,68.2722,224.836,2.29648,-106.948,57.8578
698.2,7.73817,2.23387,111.988,68.2722,224.836,2.21237,-106.948,56.5102
698.22,7.7387,2.23387,111.988,67.5314,231.931,2.21237,-106.948,57.4058
698.24,7.73924,2.2734,112.309,67.5291,231.953,2.21237,-106.948,58.7562
698.26,7.73924,2.32311,112.309,67.1111,239.77,2.21237,-106.948,60.553
698.28,7.73924,2.29824,112.675,67.1111,239.77,2.21237,-106.948,61.8965
698.3,7.73817,2.27382,113.593,67.1575,248.754,2.21237,-92.8638,60.553
698.32,7.73817,2.34677,113.593,67.1575,248.754,2.21237,-92.8638,60.1038
698.34,7.73817,2.29635,113.593,67.1575,248.754,2.21237,-92.8638,59.2081
698.36,7.73657,2.32823,113.593,67.1575,248.754,2.21237,-92.8638,58.307
698.38,7.73657,2.40117,113.593,67.4362,253.713,2.21237,-92.8638,54.7133
698.4,7.73816,2.40117,115.193,67.4362,253.713,2.21237,-92.8638,51.5785
698.42,7.73657,2.32439,115.197,67.7149,253.013,2.21237,-92.8638,49.7721
698.44,7.73817,2.17498,116.986,67.7149,253.013,2.30161,-92.8638,48.8736
698.46,7.73817,2.23267,116.986,67.576,253.013,2.30161,-92.8638,48.4258
698.48,7.7387,2.23285,118.865,67.5755,248.988,2.23471,-92.8638,47.526
698.5,7.7371,2.34108,118.865,67.204,248.988,2.23471,-92.8638,48.4244
698.52,7.73816,2.26627,120.419,67.204,243.579,2.23471,-92.8638,45.2896
698.54,7.73817,2.32539,120.424,67.204,243.562,2.23471,-92.8638,45.28
698.56,7.73817,2.45783,120.424,67.4362,236.853,2.23471,-92.8638,48.4244
698.58,7.73604,2.45782,121.521,67.4362,236.853,2.23471,-92.8638,48.4244
698.6,7.7355,2.33052,121.524,67.622,230.611,2.23471,-104.497,47.0768
698.62,7.73496,2.32732,121.158,67.622,230.611,2.23471,-104.497,48.8736
698.64,7.73496,2.486,121.158,67.3433,226.936,2.23471,-104.497,48.4244
698.66,7.7355,2.48601,120.149,67.3433,226.936,2.23471,-104.497,48.4244
698.68,7.7355,2.37479,120.149,67.0647,226.761,2.23471,-104.497,47.526
698.7,7.73763,2.43515,118.911,67.0647,226.761,2.32885,-104.497,47.526
698.72,7.73763,2.38932,118.911,66.6942,228.854,2.32885,-104.497,52.9001
698.74,7.73657,2.38917,116.986,66.6931,228.861,2.3101,-104.497,55.1625
698.76,7.7371,2.38918,116.986,66.4144,228.861,2.3101,-104.497,56.5102
698.78,7.73337,2.4489,114.974,66.4144,231.187,2.3101,-104.497,58.7493
698.8,7.7371,2.47937,114.968,65.9965,231.194,2.3101,-104.497,62.3498
698.82,7.7371,2.33453,112.859,65.9965,233.47,2.3101,-104.497,65.4943
698.84,7.73337,2.33452,112.859,65.9965,233.47,2.3101,-104.497,67.7335
698.86,7.73657,2.34236,112.859,65.95,236.853,2.3101,-103.303,69.0879
698.88,7.73443,2.3926,110.613,65.95,236.853,2.3101,-103.303,72.6816
698.9,7.73443,2.26744,110.613,65.8574,240.983,2.3101,-103.303,76.7121
698.92,7.73443,2.28189,109.1,65.8571,240.995,2.3101,-103.303,77.6229
698.94,7.7387,2.37087,109.1,65.6249,243.562,2.3101,-103.303,76.2752
698.96,7.73657,2.31027,108.414,65.6249,243.562,2.24195,-103.303,75.3796
698.98,7.73657,2.36354,108.412,65.6249,244.029,2.24174,-103.303,73.1308
699,7.73443,2.24772,108.32,65.6249,244.029,2.23348,-103.303,74.4784
699.02,7.73603,2.24772,108.32,65.7638,241.47,2.23348,-103.303,73.5827
699.04,7.73657,2.29949,108.458,65.7642,241.462,2.23348,-103.303,74.4784
699.06,7.73443,2.47674,108.458,66.2751,241.462,2.23348,-103.303,78.0721
699.08,7.73443,2.44618,108.001,66.2751,234.773,2.23348,-103.303,79.8634
699.1,7.7355,2.44609,107.999,66.8789,234.753,2.23348,-103.303,80.3181
699.12,7.7371,2.40632,107.357,66.8789,223.669,2.23348,-100.771,79.8689
699.14,7.73496,2.39088,107.357,67.6684,223.669,2.23348,-100.771,78.0721
699.16,7.73496,2.42681,107.357,67.6684,211.651,2.23348,-100.771,78.0721
699.18,7.7355,2.43605,106.532,67.6684,211.651,2.23348,-100.771,79.8689
699.2,7.73763,2.4811,106.532,68.6902,202.959,2.23348,-100.771,79.8689
699.22,7.73657,2.34908,105.527,68.6902,202.959,2.22209,-100.771,81.6602
699.24,7.73496,2.45091,105.524,69.2475,198.408,2.22205,-100.771,83.9118
699.26,7.73496,2.41067,104.698,69.2475,198.408,2.23275,-100.771,87.0562
699.28,7.73496,2.41067,104.698,69.7105,195.035,2.23275,-100.771,87.504
699.3,7.7355,2.37616,103.598,69.7119,195.025,2.23275,-100.771,84.8102
699.32,7.73657,2.4098,103.598,70.3157,190.708,2.23275,-100.771,83.9117
699.34,7.73657,2.32229,101.952,70.3157,190.708,2.23275,-100.771,84.8074
699.36,7.7355,2.32202,101.947,70.9659,190.708,2.23275,-100.771,86.1578
699.38,7.7371,2.35368,99.8843,70.9659,185.749,2.23275,-98.9174,90.2006
699.4,7.73657,2.31729,99.8843,71.1511,185.749,2.23275,-98.9174,92.4398
699.42,7.7355,2.28295,97.9587,71.1517,181.665,2.23275,-98.9174,93.3451
699.44,7.7355,2.39013,97.9587,71.1517,181.665,2.23275,-98.9174,96.4895
699.46,7.73603,2.39013,97.9587,71.4295,179.862,2.23275,-98.9174,97.833
699.48,7.73389,2.25212,96.2623,71.4304,179.857,2.24412,-98.9174,93.3451
699.5,7.73443,2.3661,96.2623,71.9877,181.315,2.24412,-98.9174,90.6498
699.52,7.73443,2.33746,94.6168,71.9877,181.315,2.25335,-98.9174,90.202
699.54,7.73657,2.33738,94.6118,72.6843,184.115,2.25337,-98.9174,90.6498
699.56,7.7355,2.39627,92.732,72.6843,184.115,2.25337,-98.9174,88.4038
699.58,7.7355,2.26913,92.732,73.6567,185.918,2.25337,-98.9174,86.6125
699.6,7.7371,2.19025,90.623,73.6597,185.924,2.25337,-98.9174,83.9117
699.62,7.7371,2.42183,90.623,75.053,186.566,2.25337,-98.9174,82.1149
699.64,7.73443,2.42183,88.6515,75.053,186.566,2.25337,-105.486,79.8689
699.66,7.73336,2.35862,88.6515,76.5856,186.566,2.25337,-105.486,75.826
699.68,7.73657,2.3188,86.7718,76.5856,187.266,2.25337,-105.486,73.58
699.7,7.73657,2.23649,86.7718,78.3505,187.266,2.25337,-105.486,73.58
699.72,7.73657,2.23649,85.6291,78.3505,188.08,2.23267,-105.486,74.0278
699.74,7.73496,2.21448,85.6256,78.3505,188.082,2.23261,-105.486,70.8848
699.76,7.7355,2.3275,85.0295,79.4187,188.141,2.23261,-105.486,69.0879
699.78,7.7355,2.2866,85.0295,79.4187,188.141,2.24269,-105.486,69.0879
699.8,7.73496,2.27469,85.0295,80.7655,186.507,2.24272,-105.486,64.5959
699.82,7.7355,2.27469,84.3877,80.7655,186.507,2.24272,-105.486,64.1467
699.84,7.7355,2.30908,84.3877,82.2935,183.541,2.24272,-105.486,66.3858
699.86,7.7371,2.34411,83.4707,82.2982,183.532,2.24272,-105.486,64.1467
699.88,7.7371,2.28864,83.4707,83.5522,179.157,2.24272,-105.486,61.0022
699.9,7.73657,2.28864,82.5108,83.5522,179.157,2.24272,-101.524,62.3457
699.92,7.73496,2.3418,82.5079,84.6668,173.79,2.24272,-101.512,61.9006
699.94,7.7371,2.30575,81.9577,84.6668,173.79,2.24272,-101.512,61.0022
699.96,7.7371,2.33842,81.9577,85.315,170.242,2.24272,-101.512,60.1066
699.98,7.73657,2.31868,81.27,85.317,170.231,2.28407,-101.512,61.0022
700,7.7355,2.2788,81.27,85.5028,170.231,2.28407,-101.512,64.1467
700.02,7.7355,2.38618,80.5844,85.5028,168.777,2.28882,-101.512,65.938
700.04,7.7355,2.30741,80.5823,85.2241,168.772,2.28883,-101.512,66.8419
700.06,7.73443,2.2689,80.5823,85.2241,167.197,2.28883,-101.512,66.3927
700.08,7.73709,2.26891,79.9424,85.2241,167.197,2.28883,-101.512,71.7667
700.1,7.73817,2.26811,79.9404,84.9919,164.047,2.28883,-101.512,70.8848
700.12,7.73657,2.40542,78.9318,84.9919,164.047,2.28883,-101.512,69.5371
700.14,7.73657,2.32436,78.9318,84.3881,161.072,2.28883,-101.512,69.0879
700.16,7.73496,2.32435,77.648,84.3881,161.072,2.28883,-90.4341,71.7832
700.18,7.73657,2.23907,77.648,83.5057,159.438,2.28883,-90.4341,73.58
700.2,7.7371,2.33342,76.5477,83.5057,159.438,2.28883,-90.4341,73.58
700.22,7.7371,2.25372,76.5477,82.8112,158.915,2.28883,-90.4341,77.1627
700.24,7.73603,2.24261,75.8141,82.8091,158.913,2.24757,-90.4341,78.5213
700.26,7.73603,2.347,75.8141,82.1124,158.913,2.24757,-90.4341,74.9276
700.28,7.73656,2.30704,75.0828,82.1124,159.495,2.24179,-90.4341,79.406
700.3,7.73657,2.31383,75.0806,81.6944,159.497,2.24177,-90.4341,81.2165
700.32,7.73657,2.32316,74.2553,81.6944,160.78,2.24177,-90.4341,81.6657
700.34,7.73657,2.32316,74.2553,81.6944,160.78,2.24177,-90.4341,83.0092
700.36,7.73657,2.35299,74.2553,81.0906,161.189,2.24177,-90.4341,83.0133
700.38,7.73977,2.27074,73.6134,81.0906,161.189,2.24177,-90.4341,83.4626
700.4,7.73977,2.19946,73.6134,80.535,160.491,2.24177,-106.507,83.4625
700.42,7.73657,2.19923,72.9257,80.5333,160.488,2.24177,-106.557,78.0721
700.44,7.73603,2.25523,72.9257,80.3475,158.855,2.24177,-106.557,77.1737
700.46,7.73656,2.36373,72.8343,80.3475,158.855,2.24177,-106.557,78.0693
700.48,7.73657,2.29909,72.834,79.7902,156.171,2.24177,-106.557,78.9705
700.5,7.73924,2.3191,73.3383,79.7902,156.171,2.26433,-106.557,75.3768
700.52,7.73711,2.28542,73.3383,79.7902,153.031,2.26433,-106.557,76.2725
700.54,7.7355,2.17838,74.5304,79.7902,153.021,2.25482,-106.557,79.4197
700.56,7.73763,2.27624,74.5304,79.6973,153.021,2.25482,-106.557,79.8689
700.58,7.73763,2.2982,75.9473,79.6973,149.706,2.25482,-106.557,78.9732
700.6,7.73657,2.29826,75.9517,79.7438,149.696,2.25482,-106.557,78.9705
700.62,7.7371,2.27606,77.2354,79.7438,146.137,2.25482,-106.557,81.6657
700.64,7.7371,2.2602,77.2354,79.6973,146.137,2.25482,-106.557,82.1149
700.66,7.73389,2.21228,78.2441,79.6973,142.229,2.25482,-100.647,81.2165
700.68,7.73389,2.21228,78.2441,79.6973,142.229,2.25482,-100.647,83.4625
700.7,7.7355,2.17456,78.2441,79.6973,140.42,2.25482,-100.647,83.9117
700.72,7.73656,2.19477,78.884,79.6973,140.42,2.25482,-100.647,86.1509
700.74,7.73763,2.25434,78.8859,79.6509,143.337,2.25482,-100.647,88.4038
700.76,7.73763,2.29473,79.3444,79.6509,143.337,2.30395,-100.647,89.7514
700.78,7.7371,2.29473,79.3444,79.3268,151.131,2.30395,-100.647,92.4385
700.8,7.73603,2.2229,79.3444,79.3258,151.154,2.29692,-100.647,94.2435
700.82,7.73657,2.24218,79.3444,79.0007,161.597,2.29692,-100.647,95.1419
700.84,7.73657,2.33399,79.1616,79.0007,161.597,2.29692,-100.647,98.7246
700.86,7.73763,2.27697,79.161,78.8614,172.156,2.29692,-100.647,99.634
700.88,7.73657,2.26031,78.7484,78.8614,172.156,2.29692,-100.647,102.778
700.9,7.73657,2.28246,78.7484,78.3057,172.156,2.29692,-100.647,100.987
700.92,7.73603,2.19873,78.8401,78.304,182.015,2.29692,-99.3086,104.126
700.94,7.73603,2.22435,78.8401,78.304,182.015,2.29692,-99.3086,107.27
700.96,7.73656,2.22436,78.8401,77.8873,191.437,2.29692,-99.3086,105.031
700.98,7.73924,2.2796,79.4819,77.2358,199.575,2.29692,-99.3086,107.72
701,7.73657,2.32849,79.4819,77.2358,199.575,2.29692,-99.3086,108.169
701.02,7.73657,2.31145,79.4819,77.2358,199.575,2.29692,-99.3086,107.273
701.04,7.73389,2.32972,81.1783,77.2358,199.575,2.24575,-99.3086,104.126
701.06,7.73603,2.2925,81.1783,76.0283,205.467,2.24575,-99.3086,100.532
701.08,7.73603,2.32363,83.3266,76.0283,205.467,2.24214,-99.3086,102.772
701.1,7.73603,2.27342,83.3332,74.4492,208.617,2.24213,-99.3086,101.431
701.12,7.73603,2.23252,85.5797,74.4492,208.617,2.24213,-99.3086,98.2863
701.14,7.73603,2.23252,85.5797,73.1023,210.543,2.24213,-99.3086,96.0403
701.16,7.73603,2.22988,87.9638,73.1023,210.543,2.24213,-99.3086,93.3451
701.18,7.73763,2.33135,87.9638,71.6626,210.543,2.24213,-99.3086,94.2435
701.2,7.73496,2.21812,90.4855,71.6626,212.935,2.24213,-99.2263,95.5911
701.22,7.73496,2.21812,90.4855,70.3198,212.935,2.24213,-99.2263,94.6954
701.24,7.7355,2.27784,92.9612,70.3157,214.685,2.24213,-99.2263,92.4467
701.26,7.7355,2.29402,92.9612,70.3157,214.685,2.24213,-99.2263,93.3451
701.28,7.73869,2.25843,94.8353,68.973,214.627,2.24213,-99.2263,95.1364
701.3,7.73763,2.16814,94.841,68.9688,214.626,2.25162,-99.2263,94.2435
701.32,7.73763,2.16814,94.841,68.0864,212.876,2.25162,-99.2263,100.532
701.34,7.7355,2.12913,95.938,68.0864,212.876,2.26191,-99.2263,98.741
701.36,7.7387,2.2192,95.9414,67.8078,209.843,2.26195,-99.2263,100.532
701.38,7.73603,2.33684,96.9042,67.8078,209.843,2.26195,-99.2263,105.923
701.4,7.73603,2.32243,96.9042,67.7151,206.818,2.26195,-99.2263,103.236
701.42,7.73496,2.32017,97.6836,67.7149,206.809,2.26195,-99.2263,103.228
701.44,7.73443,2.33469,97.6836,67.4362,204.826,2.26195,-99.2263,105.923
701.46,7.73656,2.39201,97.9121,67.4362,204.826,2.26195,-103.783,108.162
701.48,7.73657,2.41478,97.9128,67.3433,203.367,2.26195,-103.797,109.966
701.5,7.73657,2.35438,98.1879,67.3433,203.367,2.26195,-103.797,106.821
701.52,7.73603,2.34444,98.1879,67.0655,203.367,2.26195,-103.797,106.373
701.54,7.73336,2.34772,98.1421,67.0647,200.975,2.2695,-103.797,109.966
701.56,7.7355,2.2683,98.1421,66.4144,200.975,2.2695,-103.797,113.559
701.58,7.7355,2.35261,98.1421,66.4144,198.823,2.28503,-103.797,118.038
701.6,7.7355,2.35287,98.2796,66.4144,198.817,2.28508,-103.797,115.805
701.62,7.73603,2.3442,98.2796,65.5785,197.475,2.28508,-103.797,115.805
701.64,7.73603,2.32528,98.6005,65.5785,197.475,2.28508,-103.797,118.501
701.66,7.7371,2.34227,98.6005,64.9747,195.141,2.28508,-103.797,125.688
701.68,7.7371,2.49781,98.1421,64.9747,195.141,2.28508,-103.797,124.79
701.7,7.73603,2.49781,98.1421,64.1387,192.049,2.28508,-103.797,124.34
701.72,7.73656,2.42969,96.8165,64.1387,192.049,2.28508,-96.9411,123.445
701.74,7.7355,2.49779,96.8125,63.3956,189.483,2.28508,-96.9201,120.297
701.76,7.7355,2.4661,94.7952,63.3956,189.483,2.28508,-96.9201,122.094
701.78,7.73496,2.4661,94.7952,63.0252,189.483,2.28508,-96.9201,118.959
701.8,7.7355,2.53256,92.8237,63.0241,188.724,2.21759,-96.9201,116.704
701.82,7.7355,2.36223,92.8237,62.8847,188.724,2.21759,-96.9201,120.297
701.84,7.73709,2.61117,90.584,62.8847,190.643,2.21561,-96.9201,122.984
701.86,7.7371,2.49036,90.5771,62.9776,190.649,2.2156,-96.9201,125.239
701.88,7.73496,2.49036,90.5771,62.9776,192.808,2.2156,-96.9201,124.79
701.9,7.73443,2.39716,88.4746,62.9776,192.808,2.2156,-96.9201,127.477
701.92,7.73817,2.44901,88.4681,63.2098,192.283,2.2156,-96.9201,130.629
701.94,7.73817,2.42263,87.1844,63.2098,192.283,2.2156,-96.9201,131.977
701.96,7.7371,2.42262,87.1844,63.7655,189.549,2.2156,-87.9289,130.633
701.98,7.7371,2.38435,87.0927,63.7672,189.541,2.2156,-87.9014,129.731
702,7.73763,2.54409,87.0927,64.6496,186.216,2.2156,-87.9014,128.383
702.02,7.73763,2.52867,88.3268,64.6496,186.216,2.2156,-87.9014,130.175
702.04,7.7355,2.40498,88.3306,65.3927,182.89,2.2156,-87.9014,129.731
702.06,7.73603,2.40498,90.3938,65.3927,182.89,2.2625,-87.9014,128.383
702.08,7.7371,2.38879,90.3938,66.0872,182.89,2.2625,-87.9014,124.8
702.1,7.73657,2.42538,93.7865,66.0893,180.848,2.25543,-87.9014,126.137
702.12,7.73657,2.36754,93.7865,66.2751,180.848,2.25543,-87.9014,127.036
702.14,7.7355,2.36754,97.4543,66.2751,179.682,2.25543,-87.9014,127.934
702.16,7.73763,2.44001,97.4543,66.0893,179.682,2.25543,-87.9014,130.629
702.18,7.7371,2.35868,100.526,66.0893,179.857,2.25543,-87.9014,131.528
702.2,7.7371,2.31959,100.526,66.0893,179.857,2.25543,-87.9014,136.918
702.22,7.73657,2.3205,100.526,65.7189,179.973,2.25543,-103.544,132.888
702.24,7.73496,2.3205,102.589,65.7178,179.973,2.25543,-103.591,133.774
702.26,7.73657,2.34843,102.589,65.1605,179.798,2.25543,-103.591,135.121
702.28,7.73657,2.33436,103.915,65.1605,179.798,2.25543,-103.591,131.986
702.3,7.73657,2.36602,103.919,64.696,180.382,2.25543,-103.591,135.121
702.32,7.73603,2.36601,103.094,64.696,180.382,2.26297,-103.591,133.774
702.34,7.73603,2.44319,103.094,63.6311,183.232,2.26297,-103.591,132.878
702.36,7.73603,2.46984,100.801,63.6278,183.24,2.25847,-103.591,134.672
702.38,7.73603,2.37332,100.801,62.281,187.091,2.25847,-103.591,133.774
702.4,7.73763,2.37332,97.8302,62.281,187.091,2.25847,-103.591,136.908
702.42,7.73496,2.414,97.8211,60.7483,187.091,2.25847,-103.591,138.715
702.44,7.73603,2.51027,94.6576,60.7483,188.666,2.25847,-103.591,140.512
702.46,7.73497,2.43084,94.6576,58.6184,188.666,2.25847,-103.591,141.855
702.48,7.73496,2.60982,91.9067,58.6119,188.607,2.25847,-97.3937,145.902
702.5,7.73657,2.60982,91.9067,58.6119,188.607,2.25847,-97.3937,149.047
702.52,7.73497,2.44446,91.9067,57.4544,188.549,2.25847,-97.3937,149.495
702.54,7.73763,2.63391,89.9353,57.4508,188.549,2.25847,-97.3937,148.597
702.56,7.73763,2.51483,89.9353,57.8688,187.907,2.25847,-97.3937,153.539
702.58,7.73604,2.51483,88.9754,57.8688,187.907,2.28105,-97.3937,152.643
702.6,7.7371,2.45335,88.9725,58.3797,186.041,2.28112,-97.3937,151.293
702.62,7.7371,2.60644,89.11,58.3797,186.041,2.29592,-97.3937,146.801
702.64,7.73657,2.50907,89.11,59.0299,183.415,2.29592,-97.3937,153.089
702.66,7.73657,2.54539,90.027,59.0299,183.415,2.29592,-97.3937,156.683
702.68,7.7371,2.54539,90.027,59.7266,180.848,2.29592,-97.3937,161.624
702.7,7.73603,2.32092,91.2649,59.7266,180.848,2.29592,-97.3937,168.812
702.72,7.7355,2.43951,91.2649,60.3285,180.848,2.29592,-97.3937,171.947
702.74,7.7355,2.47994,92.5945,60.3303,177.932,2.29592,-90.3929,172.405
702.76,7.73496,2.47993,92.5945,60.5625,177.932,2.29592,-90.3929,174.651
702.78,7.73656,2.34197,93.5543,60.5625,175.256,2.29592,-90.3929,179.13
702.8,7.73763,2.60308,93.5573,60.5625,175.248,2.29592,-90.3929,184.983
702.82,7.73763,2.37334,93.5573,59.773,172.915,2.29592,-90.3929,186.331
702.84,7.7339,2.52226,94.5171,59.773,172.915,2.2492,-90.3929,189.018
702.86,7.7371,2.52273,94.5201,57.7295,170.756,2.24905,-90.3929,191.272
702.88,7.73443,2.46606,95.437,57.7295,170.756,2.27701,-90.3929,193.967
702.9,7.73496,2.47331,95.437,54.7661,168.72,2.27701,-90.3929,193.072
702.92,7.73496,2.4261,95.8497,54.7571,168.714,2.27701,-90.3929,193.518
702.94,7.73657,2.4261,95.8497,51.9705,169.414,2.27701,-90.3929,196.663
702.96,7.73603,2.35198,95.8039,51.9705,169.414,2.27701,-90.3929,198.454
702.98,7.73763,2.48455,95.8038,50.1592,173.031,2.27701,-90.3929,194.866
703,7.73763,2.48007,95.1619,50.1592,173.031,2.27701,-100.915,196.663
703.02,7.73497,2.50831,95.1619,49.4646,173.031,2.27701,-100.915,196.663
703.04,7.7355,2.52355,93.328,49.4625,176.473,2.27701,-100.915,202.951
703.06,7.73496,2.43163,93.328,48.7659,176.473,2.27701,-100.915,206.994
703.08,7.73656,2.46857,90.357,48.7659,180.603,2.29916,-100.915,211.921
703.1,7.73657,2.42361,90.3479,48.3943,180.615,2.29923,-100.915,211.936
703.12,7.73496,2.42361,90.3479,48.3943,187.849,2.29923,-100.915,214.182
703.14,7.73763,2.43007,88.0555,48.3943,187.849,2.30326,-100.915,215.529
703.16,7.73603,2.43365,88.0555,48.2085,200.275,2.30326,-100.915,220.92
703.18,7.73603,2.56124,89.4309,48.2085,200.275,2.30326,-100.915,225.861
703.2,7.73763,2.56124,89.4309,48.255,216.318,2.30326,-100.915,223.166
703.22,7.73657,2.40882,92.5391,48.255,216.318,2.30326,-100.915,220.031
703.24,7.73603,2.48532,92.5486,48.4872,231.136,2.30326,-102.871,216.877
703.26,7.73603,2.45523,97.5002,48.4872,231.136,2.30326,-102.871,216.877
703.28,7.7371,2.30679,97.5002,49.0428,234.975,2.30326,-102.871,213.742
703.3,7.73603,2.30633,103.552,49.0445,234.986,2.30326,-102.871,209.689
703.32,7.7371,2.32652,103.552,49.5554,234.986,2.30326,-102.871,204.748
703.34,7.73603,2.29967,110.82,49.5554,221.551,2.29405,-102.871,199.374
703.36,7.73603,2.35745,110.842,49.8805,221.51,2.29402,-102.871,197.112
703.38,7.73657,2.35745,118.682,49.8805,208.968,2.27555,-102.871,196.213
703.4,7.7355,2.41154,118.682,49.8805,208.968,2.27555,-102.871,196.661
703.42,7.73496,2.28718,118.682,50.1127,205.176,2.27555,-102.871,195.764
703.44,7.73496,2.31504,125.33,50.1127,205.176,2.27555,-102.871,192.17
703.46,7.73656,2.27581,125.33,50.3442,207.56,2.27555,-102.871,185.901
703.48,7.73603,2.38992,129.135,50.3449,207.567,2.27555,-102.871,182.288
703.5,7.7371,2.47931,129.135,50.2985,211.884,2.27555,-102.253,175.55
703.52,7.73657,2.32235,124.107,50.2985,211.884,2.27555,-102.253,169.28
703.54,7.73657,2.37096,124.092,50.5307,216.376,2.27555,-102.253,159.378
703.56,7.73443,2.37096,111.759,50.5307,216.376,2.27555,-102.253,156.683
703.58,7.73762,2.38692,111.759,50.577,221.669,2.27555,-102.253,154.892
703.6,7.73603,2.46627,100.48,50.5772,221.685,2.29792,-102.253,151.293
703.62,7.73603,2.5055,94.6118,50.4843,227.577,2.30274,-102.253,151.293
703.64,7.73763,2.50551,94.6118,50.4843,227.577,2.30274,-102.253,152.191
703.66,7.73603,2.35866,94.6118,50.4843,227.577,2.30274,-102.253,156.683
703.68,7.7387,2.40197,94.6118,50.2985,227.577,2.30274,-102.253,158.031
703.7,7.74084,2.4869,91.9984,50.2985,227.811,2.30274,-102.253,162.074
703.72,7.74084,2.52624,91.9984,50.2985,227.811,2.30274,-102.253,165.209
703.74,7.74031,2.52636,90.9898,50.4378,216.785,2.30274,-102.253,171.058
703.76,7.74031,2.45771,90.9898,50.4378,216.785,2.30274,-102.253,175.101
703.78,7.73764,2.51546,90.9898,50.3915,193.23,2.30274,-95.0684,175.996
703.8,7.73763,2.42957,91.0356,50.3914,193.158,2.30274,-95.0464,181.39
703.82,7.73924,2.42958,91.0356,50.252,171.398,2.30274,-95.0464,179.593
703.84,7.7403,2.37041,92.5897,50.252,171.398,2.30274,-95.0464,178.249
703.86,7.7387,2.46297,92.5945,50.4378,162.822,2.30274,-95.0464,181.839
703.88,7.74031,2.46887,95.9872,50.4378,162.822,2.29344,-95.0464,181.39
703.9,7.74031,2.52103,95.9872,50.9008,164.567,2.29344,-95.0464,176.015
703.92,7.73977,2.52119,100.434,50.9023,164.572,2.30871,-95.0464,174.202
703.94,7.74031,2.40677,100.434,51.924,170.814,2.30871,-95.0464,175.55
703.96,7.74244,2.52504,104.731,51.924,170.814,2.30871,-95.0464,178.237
703.98,7.74244,2.45215,104.744,53.2709,170.814,2.30871,-95.0464,179.593
704,7.74351,2.45215,107.082,53.2709,175.481,2.30871,-95.0464,174.202
704.02,7.74245,2.45001,107.082,55.3545,175.481,2.30871,-95.0464,170.62
704.04,7.74351,2.63725,107.082,55.3609,175.073,2.30871,-106.454,168.812
704.06,7.74351,2.51308,107.357,57.5901,175.073,2.30871,-106.454,167.913
704.08,7.74245,2.47936,107.357,57.5901,173.793,2.30871,-106.454,164.331
704.1,7.74458,2.47927,106.899,57.5901,173.79,2.30871,-106.454,158.48
704.12,7.74351,2.51842,106.899,59.6337,172.856,2.30871,-106.454,153.539
704.14,7.74351,2.55357,106.578,59.6337,172.856,2.27917,-106.454,149.945
704.16,7.74351,2.59974,106.578,60.9341,172.915,2.27917,-106.454,145.453
704.18,7.74405,2.59974,106.624,60.9341,172.915,2.27798,-106.454,145.453
704.2,7.74298,2.50569,106.624,61.2128,174.956,2.27798,-106.454,142.309
704.22,7.74458,2.56882,105.847,61.2128,174.956,2.27798,-106.454,134.695
704.24,7.74458,2.46034,105.844,61.3056,174.956,2.27798,-106.454,134.223
704.26,7.74458,2.46966,104.928,61.3056,179.04,2.27798,-106.454,133.324
704.28,7.74352,2.44995,104.928,60.9352,179.04,2.27798,-106.454,132.877
704.3,7.74137,2.50856,102.727,60.9341,184.232,2.27798,-101.429,132.875
704.32,7.74351,2.35576,102.727,61.3056,184.232,2.27798,-101.429,130.18
704.34,7.74351,2.56653,102.727,61.3056,190.164,2.27798,-101.429,127.493
704.36,7.74244,2.56717,100.755,61.3056,190.183,2.27798,-101.429,128.383
704.38,7.74351,2.46236,100.755,62.2345,195.491,2.27798,-101.429,129.731
704.4,7.74405,2.46057,98.6985,62.2345,195.491,2.33696,-101.429,128.387
704.42,7.74405,2.44877,98.6922,63.7207,199.692,2.33714,-101.429,133.774
704.44,7.74191,2.44877,95.8497,63.7207,199.692,2.31844,-101.429,135.121
704.46,7.74457,2.43186,95.8497,65.758,202.076,2.31844,-101.429,137.808
704.48,7.74458,2.38123,93.5114,65.7642,202.084,2.31844,-101.429,139.164
704.5,7.74351,2.36798,93.5114,68.5973,199.342,2.31844,-101.429,140.063
704.52,7.74351,2.34284,92.4601,68.5973,199.342,2.31844,-101.429,141.854
704.54,7.74191,2.34275,92.4569,71.9877,199.342,2.31844,-101.429,140.512
704.56,7.74351,2.48105,92.8695,71.9877,192.516,2.31844,-94.0168,145.902
704.58,7.74351,2.38782,92.8695,74.7658,192.516,2.31844,-94.0168,152.172
704.6,7.74351,2.50872,94.0616,74.7743,185.982,2.31844,-94.0168,150.394
704.62,7.74244,2.50872,94.0616,76.632,185.982,2.31844,-94.0168,154.437
704.64,7.74458,2.45078,96.0789,76.632,182.074,2.31844,-94.0168,157.582
704.66,7.74458,2.44582,96.0789,77.7467,182.074,2.31097,-94.0168,159.378
704.68,7.74458,2.52766,98.0962,77.7467,180.673,2.31097,-94.0168,160.277
704.7,7.74244,2.37761,98.0962,77.7467,180.673,2.29113,-94.0168,160.726
704.72,7.74404,2.37761,98.0962,78.6727,181.488,2.29113,-94.0168,159.383
704.74,7.74191,2.44503,99.1507,78.6756,181.49,2.29113,-94.0168,164.32
704.76,7.74298,2.39911,99.1507,79.7902,184.115,2.29113,-94.0168,165.667
704.78,7.74298,2.45398,100.385,79.7902,184.115,2.29113,-94.0168,162.085
704.8,7.74351,2.45415,100.389,80.812,186.274,2.29113,-94.0168,162.972
704.82,7.74244,2.38405,102.681,80.812,186.274,2.29113,-103.9,156.234
704.84,7.74511,2.37249,102.681,81.5528,188.484,2.29113,-103.9,148.621
704.86,7.74512,2.45199,105.569,81.5551,188.491,2.29113,-103.9,144.105
704.88,7.74405,2.45448,105.569,81.8802,191.758,2.29113,-103.9,141.859
704.9,7.74351,2.46355,106.758,81.8802,191.758,2.29488,-103.9,139.62
704.92,7.74458,2.34425,106.761,81.6944,191.758,2.29489,-103.9,133.324
704.94,7.74191,2.46153,105.432,81.6944,196.833,2.308,-103.9,128.383
704.96,7.74191,2.46232,105.432,81.6944,196.833,2.308,-103.9,127.487
704.98,7.74458,2.46233,105.432,81.2764,203.95,2.308,-103.9,118.95
705,7.74405,2.32432,102.91,81.2764,203.95,2.308,-103.9,111.763
705.02,7.74298,2.39056,102.91,80.7671,212.674,2.308,-103.9,109.971
705.04,7.74298,2.41374,100.664,80.7655,212.701,2.308,-103.9,105.474
705.06,7.74512,2.41375,100.664,79.9296,222.327,2.308,-104.518,103.228
705.08,7.74458,2.36263,99.7952,79.9296,222.327,2.308,-104.518,99.6449
705.1,7.74298,2.36558,99.7926,79.3258,227.577,2.308,-104.518,97.3879
705.12,7.74298,2.38207,100.343,79.3258,227.577,2.308,-104.518,95.1419
705.14,7.74512,2.28192,100.343,79.3258,222.269,2.308,-104.518,92.8959
705.16,7.74351,2.28192,102.864,79.3258,222.269,2.27247,-104.518,94.2435
705.18,7.74618,2.28019,102.864,79.8831,222.269,2.27247,-104.518,97.3879
705.2,7.74618,2.39859,105.661,79.8831,209.259,2.30846,-104.518,101.88
705.22,7.74618,2.42073,105.661,80.5776,209.259,2.30846,-104.518,101.432
705.24,7.74458,2.42079,107.954,80.5798,197.125,2.30846,-104.518,109.067
705.26,7.74458,2.4158,107.954,81.4622,197.125,2.30846,-104.518,118.501
705.28,7.74352,2.25765,109.782,81.4622,188.808,2.30846,-104.518,125.218
705.3,7.74351,2.31516,109.787,81.4622,188.783,2.30846,-104.518,128.383
705.32,7.74565,2.31881,109.787,82.5768,184.232,2.30846,-102.871,126.586
705.34,7.74458,2.30062,110.702,82.5768,184.232,2.30846,-102.871,131.513
705.36,7.74405,2.18084,110.704,83.7379,184.699,2.30846,-102.871,131.977
705.38,7.74458,2.32349,109.971,83.7379,184.699,2.30846,-102.871,131.528
705.4,7.74458,2.4052,109.971,85.0807,187.839,2.30846,-102.871,132.423
705.42,7.74351,2.40545,108.183,85.0848,187.849,2.30295,-102.871,133.324
705.44,7.74512,2.31513,108.183,86.4317,190.883,2.30295,-102.871,134.223
705.46,7.74405,2.31472,106.674,86.4317,190.883,2.29573,-102.871,135.119
705.48,7.74405,2.25771,106.67,87.4534,193.158,2.29571,-102.871,134.223
705.5,7.74512,2.25771,105.294,87.4534,193.158,2.29571,-102.871,136.02
705.52,7.74565,2.31637,105.294,88.2406,193.158,2.29571,-102.871,135.124
705.54,7.74351,2.35334,104.148,88.243,193.683,2.29571,-102.871,135.121
705.56,7.74565,2.32384,104.148,88.661,193.683,2.29571,-102.871,136.918
705.58,7.74565,2.34792,104.148,88.661,190.542,2.29571,-97.9852,134.231
705.6,7.74725,2.348,103.644,88.661,190.533,2.29571,-97.9702,132.426
705.62,7.74618,2.27364,103.644,88.5681,185.049,2.29571,-97.9702,127.485
705.64,7.74618,2.41375,103.002,88.5681,185.049,2.29571,-97.9702,122.543
705.66,7.74618,2.33197,103.002,88.4287,179.973,2.29571,-97.9702,116.255
705.68,7.74618,2.33197,101.489,88.4287,179.973,2.27358,-97.9702,110.864
705.7,7.74458,2.32587,101.489,88.243,176.065,2.27358,-97.9702,106.821
705.72,7.74725,2.47844,98.7008,88.243,176.065,2.25966,-97.9702,102.343
705.74,7.74512,2.34518,98.6922,88.1965,174.898,2.25962,-97.9702,102.778
705.76,7.74512,2.42634,95.5287,88.1965,174.898,2.25962,-97.9702,97.3879
705.78,7.74671,2.42635,95.5287,88.2428,174.898,2.25962,-97.9702,100.075
705.8,7.74565,2.57766,92.8695,88.243,177.29,2.25962,-97.9702,102.329
705.82,7.74725,2.47991,92.8695,88.3823,177.29,2.25962,-97.9702,104.575
705.84,7.74725,2.48286,90.9041,88.3823,181.419,2.25962,-102.404,105.919
705.86,7.74832,2.48287,90.8981,88.2894,181.432,2.25962,-102.418,109.966
705.88,7.74618,2.48781,90.1187,88.2894,185.282,2.25962,-102.418,110.415
705.9,7.74832,2.37633,90.1187,88.382,185.282,2.25962,-102.418,113.55
705.92,7.74832,2.41823,90.1187,88.3823,187.324,2.25962,-102.418,115.356
705.94,7.74939,2.34548,90.623,88.3823,187.324,2.33578,-102.418,121.645
705.96,7.74779,2.34548,90.623,88.336,187.033,2.33578,-102.418,123.436
705.98,7.74779,2.50301,91.815,88.3359,187.032,2.26084,-102.418,127.934
706,7.74779,2.40331,91.815,88.2894,184.991,2.26084,-102.418,131.977
706.02,7.74779,2.35203,93.9633,88.2894,184.991,2.26084,-102.418,130.185
706.04,7.74832,2.35187,93.9699,88.1036,179.623,2.26084,-102.418,134.223
706.06,7.74832,2.33679,96.9042,88.1036,179.623,2.26084,-102.418,141.41
706.08,7.74992,2.37403,96.9042,88.1962,173.517,2.26084,-102.418,143.201
706.1,7.74993,2.3128,99.7009,88.1965,173.498,2.26084,-102.377,142.309
706.12,7.74993,2.36062,99.7009,87.5463,173.498,2.26084,-102.377,145.902
706.14,7.75099,2.39721,101.764,87.5463,170.348,2.26084,-102.377,147.699
706.16,7.74993,2.40744,101.764,87.3605,170.348,2.26084,-102.377,150.394
706.18,7.74939,2.35796,102.085,87.3605,168.831,2.30696,-102.377,155.785
706.2,7.74939,2.38374,102.085,87.3605,168.831,2.30696,-102.377,155.785
706.22,7.75046,2.38374,102.085,87.2679,168.598,2.30696,-102.377,157.576
706.24,7.75153,2.28523,101.214,87.2677,168.597,2.29396,-102.377,160.277
706.26,7.74993,2.26063,99.976,87.407,170.464,2.29396,-102.377,160.277
706.28,7.74993,2.31329,99.976,87.407,170.464,2.29396,-102.377,157.59
706.3,7.74993,2.31345,99.976,87.407,170.464,2.29396,-102.377,158.929
706.32,7.75099,2.37837,99.976,87.3605,172.623,2.29396,-102.377,156.234
706.34,7.75206,2.25008,98.3762,87.3605,172.623,2.29396,-102.377,156.234
706.36,7.75206,2.40991,98.3713,86.8961,173.556,2.29396,-102.377,153.988
706.38,7.75206,2.45745,97.2251,86.8961,173.556,2.29396,-92.1431,152.64
706.4,7.75313,2.45746,97.2251,86.0164,173.207,2.29396,-92.1431,147.266
706.42,7.75099,2.31378,96.2164,86.0137,173.206,2.29396,-92.1431,144.105
706.44,7.75046,2.40522,96.2164,84.5275,173.206,2.29396,-92.1431,144.105
706.46,7.75046,2.407,95.7594,84.5275,172.276,2.21112,-92.1431,139.627
706.48,7.75099,2.40701,95.758,82.9948,172.273,2.21087,-92.1431,133.324
706.5,7.7526,2.43997,95.8955,82.9948,171.164,2.24168,-92.1431,136.469
706.52,7.751,2.40646,95.8955,82.9948,171.164,2.24168,-92.1431,136.469
706.54,7.75099,2.43274,95.8497,82.0195,170.523,2.24168,-92.1431,132.426
706.56,7.75046,2.44632,95.8497,82.0195,170.523,2.24168,-92.1431,131.078
706.58,7.75259,2.44632,95.8497,81.6954,169.883,2.24168,-92.1431,130.631
706.6,7.7526,2.42226,95.1161,81.6944,169.881,2.24168,-92.1431,126.586
706.62,7.75099,2.39607,95.1161,81.9731,168.656,2.24168,-109.975,124.34
706.64,7.75099,2.4491,94.1074,81.9731,168.656,2.24168,-109.975,122.543
706.66,7.75367,2.44911,94.1074,82.2982,167.956,2.24168,-109.975,119.399
706.68,7.75313,2.31635,93.0988,82.2982,167.956,2.24168,-109.975,120.747
706.7,7.75206,2.408,93.0988,82.9019,167.431,2.24168,-109.975,124.34
706.72,7.75206,2.41438,91.7732,82.9019,167.431,2.2037,-109.975,127.475
706.74,7.75313,2.4288,91.7692,83.7844,167.314,2.20359,-109.975,127.934
706.76,7.75153,2.44614,89.7519,83.7844,167.314,2.22431,-109.975,127.036
706.78,7.75259,2.46476,89.7519,83.9696,167.314,2.22431,-109.975,127.036
706.8,7.7526,2.38652,88.1472,83.9702,167.489,2.22431,-109.975,129.731
706.82,7.7526,2.3787,88.1472,82.9484,167.489,2.22431,-109.975,132.875
706.84,7.75153,2.3787,88.1472,82.9484,166.442,2.22431,-109.975,133.323
706.86,7.75367,2.48728,87.1844,82.9484,166.439,2.22431,-109.975,136.02
706.88,7.75206,2.53667,87.1844,81.4622,162.53,2.22431,-106.227,140.512
706.9,7.75206,2.47509,87.5044,81.4622,162.53,2.22431,-106.227,142.751
706.92,7.75313,2.4749,87.5053,79.0936,156.463,2.22431,-106.227,139.613
706.94,7.7526,2.45895,88.4681,79.0936,156.463,2.22431,-106.227,140.063
706.96,7.7494,2.34488,88.4681,76.6396,149.309,2.22431,-106.227,139.615
706.98,7.75153,2.40731,89.7977,76.632,149.288,2.27339,-106.227,138.715
707,7.75153,2.43312,89.7977,74.1705,141.762,2.27339,-106.227,139.164
707.02,7.75153,2.43312,90.4834,74.1705,141.762,2.28604,-106.227,143.195
707.04,7.74832,2.5165,90.4855,71.8484,141.762,2.28607,-106.227,146.801
707.06,7.75046,2.59615,89.7519,71.8484,135.52,2.28607,-106.227,148.597
707.08,7.75046,2.38016,89.7519,69.6722,135.52,2.28607,-106.227,151.732
707.1,7.75206,2.3795,88.514,69.6655,133.011,2.28607,-106.227,150.394
707.12,7.75313,2.52247,88.514,67.9006,133.011,2.28607,-106.227,147.25
707.14,7.7526,2.41422,88.514,67.9006,135.345,2.28607,-96.5701,145.004
707.16,7.75099,2.53115,88.0097,67.9006,135.345,2.28607,-96.5701,147.25
707.18,7.75099,2.462,88.0097,65.9965,141.237,2.28607,-96.5701,147.25
707.2,7.74993,2.462,88.0555,65.9965,141.237,2.28607,-96.5701,143.207
707.22,7.75099,2.65301,88.0555,64.3759,149.321,2.28607,-96.5701,143.655
707.24,7.75206,2.53131,87.6887,64.3709,149.346,2.2204,-96.5701,145.004
707.26,7.75206,2.51057,87.6887,62.7918,157.98,2.2204,-96.5701,142.309
707.28,7.751,2.51057,87.0488,62.7918,157.98,2.21143,-96.5701,142.756
707.3,7.74939,2.54043,87.0469,61.5843,164.397,2.2114,-96.5701,141.859
707.32,7.7526,2.42431,86.7718,61.5843,164.397,2.2114,-96.5701,139.613
707.34,7.74993,2.50362,86.7718,60.5194,164.397,2.2114,-96.5701,139.613
707.36,7.74993,2.37633,87.4136,60.5161,169.006,2.2114,-96.5701,140.961
707.38,7.75153,2.37633,87.4136,59.6801,169.006,2.2114,-96.5701,145.453
707.4,7.751,2.44891,88.8306,59.6801,172.263,2.2114,-106.855,147.692
707.42,7.7526,2.42077,88.8349,58.8441,172.273,2.2114,-106.886,146.801
707.44,7.7526,2.58786,90.9898,58.8441,173.44,2.2114,-106.886,144.105
707.46,7.7526,2.58786,90.9898,58.8441,173.44,2.2114,-106.886,140.971
707.48,7.75206,2.4563,90.9898,57.4973,173.848,2.2114,-106.886,140.961
707.5,7.75367,2.52928,92.0443,57.4973,173.848,2.26225,-106.886,137.816
707.52,7.75313,2.54201,92.0443,56.1082,175.127,2.26225,-106.886,136.921
707.54,7.75313,2.4539,90.7147,56.104,175.131,2.26315,-106.886,136.469
707.56,7.75313,2.4539,90.7147,54.8964,175.89,2.26315,-106.886,136.02
707.58,7.75153,2.52151,87.4694,54.8964,175.89,2.26315,-106.886,134.676
707.6,7.75206,2.60088,87.4595,53.7818,176.823,2.26315,-106.886,134.223
707.62,7.75206,2.61221,83.6541,53.7818,176.823,2.26315,-106.886,138.715
707.64,7.75206,2.61221,83.6541,52.76,177.173,2.26315,-106.886,138.715
707.66,7.75099,2.51476,80.5823,52.76,177.173,2.26315,-111.21,135.121
707.68,7.75046,2.52773,80.5823,51.924,177.173,2.26315,-111.21,139.164
707.7,7.75099,2.4533,77.9231,51.924,176.181,2.26315,-111.21,137.816
707.72,7.75099,2.39766,77.9231,51.2295,176.181,2.26315,-111.21,137.816
707.74,7.74993,2.39748,75.6307,51.2274,173.965,2.27634,-111.21,140.063
707.76,7.75099,2.44305,75.6307,51.2274,173.965,2.27634,-111.21,140.063
707.78,7.75153,2.4061,75.6307,50.9033,170.591,2.27634,-111.21,138.271
707.8,7.75153,2.57158,73.3383,50.9023,170.581,2.26081,-111.21,135.121
707.82,7.75099,2.57158,73.3383,50.252,169.064,2.26081,-111.21,134.672
707.84,7.75366,2.49496,71.7842,50.252,169.064,2.26081,-111.21,134.224
707.86,7.75206,2.50178,71.7795,49.9269,171.164,2.26081,-111.21,135.57
707.88,7.75206,2.48625,71.321,49.9269,171.164,2.26081,-111.21,135.57
707.9,7.751,2.51621,71.321,49.1861,174.072,2.26081,-111.21,134.675
707.92,7.75046,2.5163,72.238,49.1838,174.081,2.26081,-108.018,137.816
707.94,7.75367,2.42806,72.238,48.4872,174.956,2.26081,-108.018,138.715
707.96,7.75207,2.28252,73.4721,48.4872,174.956,2.26081,-108.018,138.715
707.98,7.75206,2.40198,73.4759,47.7905,174.956,2.26081,-108.018,137.367
708,7.7526,2.40199,74.943,47.7905,174.548,2.25512,-108.018,137.816
708.02,7.75206,2.44691,74.943,47.4201,174.548,2.25512,-108.018,137.369
708.04,7.75099,2.57946,75.86,47.419,173.44,2.26369,-108.018,135.121
708.06,7.75099,2.29553,75.86,47.4654,173.44,2.26369,-108.018,132.426
708.08,7.75153,2.33851,75.86,47.4654,174.719,2.26369,-108.018,136.009
708.1,7.74993,2.47985,75.7224,47.4654,174.723,2.26369,-108.018,134.672
708.12,7.74939,2.42934,75.7224,47.3261,178.165,2.26369,-108.018,133.774
708.14,7.74993,2.39467,75.2181,47.3261,178.165,2.26369,-108.018,132.875
708.16,7.74993,2.46837,75.2181,47.5119,178.282,2.26369,-105.012,132.426
708.18,7.75206,2.46838,74.3928,47.5119,178.282,2.26369,-105.012,135.121
708.2,7.74939,2.46886,74.3928,47.2797,174.898,2.26369,-105.012,137.816
708.22,7.74992,2.48689,73.3415,47.2797,174.898,2.26369,-105.012,139.608
708.24,7.74993,2.45421,73.3383,47.3261,170.581,2.26369,-105.012,140.063
708.26,7.74886,2.45421,72.4214,47.3261,170.581,2.26369,-105.012,143.207
708.28,7.75099,2.53988,72.4214,47.465,170.581,2.26369,-105.012,146.342
708.3,7.74832,2.39334,71.5961,47.4654,166.497,2.29044,-105.012,149.496
708.32,7.74939,2.4026,71.5961,47.837,166.497,2.29044,-105.012,150.394
708.34,7.74939,2.51595,70.4534,47.837,164.345,2.29044,-105.012,149.051
708.36,7.74993,2.5163,70.4499,47.837,164.339,2.29044,-105.012,153.089
708.38,7.75099,2.31831,70.4499,47.837,163.814,2.29044,-105.012,154.437
708.4,7.75099,2.35515,69.033,47.837,163.814,2.29044,-105.012,156.228
708.42,7.75099,2.44883,69.0286,47.7441,162.122,2.29044,-114.587,158.031
708.44,7.75153,2.44883,68.2951,47.7441,162.122,2.29044,-114.587,158.48
708.46,7.75046,2.44473,68.2951,47.3274,160.086,2.29044,-114.587,159.824
708.48,7.74993,2.44251,68.3867,47.3261,160.08,2.29044,-114.587,164.32
708.5,7.74993,2.45825,68.3867,47.2797,159.438,2.29044,-114.587,166.116
708.52,7.74993,2.49583,68.4782,47.2797,159.438,2.25322,-114.587,168.356
708.54,7.74832,2.49594,68.4784,47.2332,160.08,2.25311,-114.587,169.71
708.56,7.75099,2.49889,68.6618,47.2332,160.08,2.26386,-114.587,173.304
708.58,7.74993,2.54974,68.6618,47.0943,160.08,2.26386,-114.587,176.439
708.6,7.74993,2.37917,68.5701,47.0939,160.722,2.26386,-114.587,175.55
708.62,7.74993,2.37917,68.5701,47.6048,160.722,2.26386,-114.587,172.405
708.64,7.74993,2.4222,68.2492,47.6048,160.022,2.26386,-114.587,172.405
708.66,7.74993,2.44991,68.2492,48.3014,160.022,2.26386,-114.587,172.855
708.68,7.74886,2.44559,67.6532,48.3014,158.913,2.26386,-107.257,170.609
708.7,7.74886,2.49715,67.6532,48.3014,158.913,2.26386,-107.257,170.609
708.72,7.74886,2.49715,67.6532,49.7368,157.808,2.26386,-107.257,171.056
708.74,7.74618,2.47751,67.0572,49.7412,157.805,2.26386,-107.257,172.405
708.76,7.74886,2.37665,67.0572,50.3449,154.596,2.26386,-107.257,174.202
708.78,7.74886,2.53119,67.0572,50.3449,154.596,2.29164,-107.257,171.067
708.8,7.74512,2.53165,67.0572,50.8558,151.096,2.29172,-107.257,172.405
708.82,7.74832,2.44052,66.7821,50.8558,151.096,2.29337,-107.257,172.405
708.84,7.74619,2.38659,66.7821,51.5503,147.723,2.29337,-107.257,171.51
708.86,7.74618,2.43678,66.6445,51.5525,147.712,2.29337,-107.257,171.058
708.88,7.74618,2.39161,66.6445,52.4813,144.854,2.29337,-107.257,175.101
708.9,7.74725,2.39161,66.5988,53.1296,144.854,2.29337,-107.257,177.34
708.92,7.74779,2.41216,66.5987,53.1316,144.854,2.29337,-107.257,175.101
708.94,7.74672,2.45671,66.5987,53.1316,144.854,2.29337,-107.257,174.202
708.96,7.74672,2.49984,66.9186,53.1316,143.632,2.29337,-101.57,174.202
708.98,7.74886,2.49998,66.9196,53.596,143.629,2.29337,-101.553,174.651
709,7.74458,2.397,67.5615,53.596,145.146,2.29337,-101.553,175.101
709.02,7.74618,2.47856,67.5615,54.1053,145.146,2.29337,-101.553,178.683
709.04,7.74618,2.47144,67.5615,54.1069,148.471,2.29337,-101.553,183.186
709.06,7.74351,2.47245,68.0658,54.1069,148.471,2.33054,-101.553,183.636
709.08,7.74351,2.41736,68.0658,55.3107,149.518,2.33054,-101.553,189.457
709.1,7.74672,2.48091,68.4326,55.3144,149.521,2.31646,-101.553,187.678
709.12,7.74672,2.47369,68.4326,56.9864,148.296,2.31646,-101.553,183.636
709.14,7.74672,2.40939,68.3867,56.9864,148.296,2.31646,-101.553,181.39
709.16,7.74512,2.40938,68.3867,59.2621,147.654,2.31646,-101.553,181.39
709.18,7.74298,2.32279,67.9283,59.2621,147.654,2.31646,-101.553,180.491
709.2,7.74405,2.50672,67.9283,61.6307,150.046,2.31646,-101.553,181.39
709.22,7.74405,2.52456,67.1512,61.6307,150.046,2.31646,-108.553,182.285
709.24,7.74298,2.52461,67.1489,63.5814,150.046,2.31646,-108.574,180.042
709.26,7.74351,2.57394,66.1861,63.5814,153.196,2.31646,-108.574,181.839
709.28,7.74351,2.43251,66.1861,65.1094,153.196,2.31646,-108.574,185.421
709.3,7.74351,2.61495,65.4983,65.114,155.821,2.32395,-108.574,180.491
709.32,7.74458,2.56531,65.4983,65.7642,155.821,2.32395,-108.574,177.347
709.34,7.74405,2.56531,65.4983,65.7642,156.287,2.32395,-108.574,176.899
709.36,7.74512,2.31471,64.6731,65.7642,156.288,2.29878,-108.574,175.55
709.38,7.74618,2.4057,64.6731,66.1822,155.821,2.29878,-108.574,173.753
709.4,7.74618,2.46974,63.9874,66.1822,155.821,2.29878,-108.574,171.514
709.42,7.74351,2.46993,63.9854,65.1605,156.405,2.29878,-108.574,170.159
709.44,7.74351,2.54429,63.4352,65.1605,156.405,2.29878,-108.574,166.117
709.46,7.74564,2.44446,63.4352,64.0029,158.789,2.29878,-104.448,163.429
709.48,7.74565,2.42479,63.7561,63.9994,158.797,2.29878,-104.436,162.523
709.5,7.74512,2.45683,63.7561,62.0023,162.414,2.29878,-104.436,155.336
709.52,7.74458,2.43809,64.716,62.0023,162.414,2.29878,-104.436,153.992
709.54,7.74618,2.46999,64.7189,60.1446,162.414,2.29878,-104.436,155.336
709.56,7.74512,2.4286,66.507,60.1446,164.164,2.35369,-104.436,156.683
709.58,7.74512,2.37008,66.507,58.987,164.164,2.35369,-104.436,153.996
709.6,7.74512,2.3699,69.1662,58.9835,160.372,2.34703,-104.436,153.988
709.62,7.74458,2.37536,69.1662,58.4726,160.372,2.34703,-104.436,150.394
709.64,7.74458,2.38525,72.7882,58.4726,152.554,2.34703,-104.436,146.801
709.66,7.74458,2.37411,72.7882,58.4726,152.554,2.34703,-104.436,147.699
709.68,7.74084,2.3741,72.7882,58.3797,144.387,2.34703,-104.436,143.207
709.7,7.74405,2.36438,77.052,58.3797,144.387,2.34703,-104.436,140.063
709.72,7.74511,2.29455,77.052,58.3797,134.616,2.34703,-101.5,141.854
709.74,7.74512,2.3376,81.7285,58.3797,134.586,2.34703,-101.491,140.961
709.76,7.74512,2.25255,81.7285,58.2404,129.161,2.34703,-101.491,140.512
709.78,7.74298,2.25255,85.568,58.2404,129.161,2.34703,-101.491,142.751
709.8,7.74244,2.202,85.5797,58.1939,130.853,2.34703,-101.491,139.164
709.82,7.74351,2.25939,88.5598,58.1939,130.853,2.32233,-101.491,133.324
709.84,7.74351,2.30954,88.5598,57.8698,146.149,2.32233,-101.491,128.398
709.86,7.74351,2.3097,90.0728,57.8688,146.196,2.31188,-101.491,128.832
709.88,7.74351,2.3262,90.0728,57.3579,146.196,2.31188,-101.491,125.688
709.9,7.74564,2.19055,89.4786,57.3579,170.1,2.31188,-101.491,121.21
709.92,7.74351,2.31426,89.4768,56.7077,170.173,2.31188,-101.491,118.051
709.94,7.74351,2.27606,88.1014,56.7077,189.483,2.31188,-101.491,118.051
709.96,7.74298,2.27606,88.1014,56.7077,189.483,2.31188,-101.491,118.947
709.98,7.74298,2.28033,88.1014,55.8717,198.642,2.31188,-100.009,119.399
710,7.74298,2.42936,86.084,55.8717,198.642,2.31188,-100.009,120.747
710.02,7.74298,2.26716,86.084,54.8994,200.096,2.31188,-100.009,120.299
710.04,7.74405,2.26667,84.1584,54.8964,200.1,2.31188,-100.009,127.036
710.06,7.74351,2.29415,84.1584,54.2926,197.708,2.31188,-100.009,129.731
710.08,7.74351,2.3209,81.873,54.2926,197.708,2.31949,-100.009,138.24
710.1,7.74512,2.367,81.866,54.1069,191.699,2.31951,-100.009,148.148
710.12,7.74512,2.353,77.6939,54.1069,191.699,2.32619,-100.009,152.64
710.14,7.74405,2.35299,77.6939,54.1069,181.114,2.32619,-100.009,154.432
710.16,7.74351,2.33172,73.1091,54.1069,181.082,2.32619,-100.009,157.582
710.18,7.74458,2.29095,73.1091,54.1533,181.082,2.32619,-100.009,162.074
710.2,7.74458,2.31155,69.0745,54.1533,170.406,2.32619,-100.009,159.828
710.22,7.74511,2.31155,69.0745,54.3848,170.406,2.32619,-100.009,173.263
710.24,7.74351,2.31729,67.2864,54.3855,164.805,2.32619,-109.336,181.39
710.26,7.74244,2.26642,67.2864,54.2462,164.805,2.32619,-109.336,191.272
710.28,7.74244,2.26806,67.2864,54.2462,168.062,2.32619,-109.336,198.437
710.3,7.74298,2.2481,67.2406,54.2462,168.072,2.32619,-109.336,202.053
710.32,7.74618,2.24811,67.2406,53.9211,177.173,2.32619,-109.336,209.24
710.34,7.74352,2.34438,68.7946,53.9211,177.173,2.30154,-109.336,213.719
710.36,7.74458,2.27324,68.7994,53.4567,185.691,2.30146,-109.336,216.877
710.38,7.74458,2.32612,72.3297,53.4567,185.691,2.3293,-109.336,217.326
710.4,7.74458,2.32612,72.3297,52.8084,191.856,2.3293,-109.336,220.909
710.42,7.74351,2.31065,78.7942,52.8064,191.874,2.3293,-109.336,222.267
710.44,7.74351,2.31987,78.7942,51.7382,197.708,2.3293,-109.336,221.818
710.46,7.74351,2.41345,88.4386,51.7382,197.708,2.3293,-109.336,217.788
710.48,7.74458,2.40083,88.4681,50.7165,197.708,2.3293,-109.336,215.529
710.5,7.74512,2.43417,100.572,50.7165,203.367,2.3293,-105.177,207.893
710.52,7.74192,2.50837,100.572,49.42,203.367,2.3293,-105.177,199.832
710.54,7.74298,2.42277,112.997,49.4161,209.259,2.3293,-105.177,195.764
710.56,7.74298,2.42265,112.997,48.1156,209.259,2.3293,-105.177,193.069
710.58,7.74351,2.42265,112.997,48.1156,215.773,2.3293,-105.177,190.83
710.6,7.74458,2.53189,122.808,48.1156,215.793,2.303,-105.177,184.983
710.62,7.74458,2.47267,122.808,47.3725,223.552,2.303,-105.177,184.085
710.64,7.74458,2.39567,127.105,47.3725,223.552,2.36898,-105.177,172.441
710.66,7.74244,2.39543,127.118,46.7688,234.345,2.36918,-105.177,169.71
710.68,7.74458,2.35264,128.081,46.7688,234.345,2.36918,-105.177,164.769
710.7,7.74298,2.39056,128.081,45.9328,248.521,2.36918,-105.177,158.031
710.72,7.74138,2.48424,127.349,45.9328,248.521,2.36918,-105.177,158.479
710.74,7.74137,2.42415,127.347,44.8181,263.689,2.36918,-95.3141,158.929
710.76,7.74405,2.42416,125.33,44.8181,263.689,2.36918,-95.3141,158.031
710.78,7.74192,2.44703,125.33,43.7995,263.689,2.36918,-95.3141,156.239
710.8,7.74405,2.42761,121.662,43.7964,275.823,2.36918,-95.3141,153.539
710.82,7.74405,2.47183,121.662,42.8211,275.823,2.36918,-95.3141,148.148
710.84,7.74405,2.47183,117.868,42.8211,282.744,2.21884,-95.3141,147.253
710.86,7.74137,2.53211,117.857,41.9386,282.765,2.21838,-95.3141,149.047
710.88,7.74298,2.3325,114.968,41.9386,279.032,2.21838,-95.3141,151.293
710.9,7.74298,2.41796,114.968,41.383,279.032,2.31521,-95.3141,153.98
710.92,7.74298,2.56233,114.968,41.3813,265.906,2.31551,-95.3141,153.09
710.94,7.74031,2.56232,112.492,41.3813,265.906,2.31551,-95.3141,156.683
710.96,7.7435,2.48181,112.492,40.7331,245.782,2.31551,-95.3141,161.609
710.98,7.74351,2.4994,110.613,40.7311,245.721,2.31551,-95.3141,166.117
711,7.74351,2.48374,110.613,40.406,224.427,2.31551,-116.646,167.015
711.02,7.74405,2.48375,109.104,40.406,224.427,2.31551,-116.646,174.628
711.04,7.74405,2.38019,109.1,40.1273,206.984,2.31551,-116.646,176.448
711.06,7.74191,2.42838,107.312,40.1273,206.984,2.31551,-116.646,179.143
711.08,7.74404,2.44806,107.312,40.0347,197.155,2.31551,-116.646,178.248
711.1,7.74405,2.50149,105.157,40.0344,197.125,2.20876,-116.646,178.694
711.12,7.74458,2.50149,105.157,40.0809,197.125,2.20876,-116.646,175.55
711.14,7.74405,2.61207,102.186,40.0809,190.669,2.31204,-116.646,178.685
711.16,7.74191,2.42811,102.177,40.5453,190.649,2.31236,-116.646,178.694
711.18,7.74191,2.45531,98.7839,40.5453,184.465,2.31236,-116.646,177.796
711.2,7.74298,2.45532,98.7839,41.242,184.465,2.31236,-116.646,178.694
711.22,7.74458,2.3829,98.7839,41.242,179.987,2.31236,-116.646,177.351
711.24,7.74458,2.43705,96.354,41.242,179.973,2.31236,-116.646,177.347
711.26,7.74458,2.47272,96.354,41.8922,179.448,2.31236,-108.513,175.101
711.28,7.74352,2.59115,94.9827,41.8922,179.448,2.31236,-108.513,173.757
711.3,7.74298,2.59151,94.9785,43.0533,182.89,2.31236,-108.513,173.753
711.32,7.74351,2.433,93.5573,43.0533,182.89,2.31236,-108.513,171.956
711.34,7.74564,2.48517,93.5573,43.8404,186.554,2.31236,-108.513,173.3
711.36,7.74565,2.61344,91.3107,43.8428,186.566,2.17051,-108.513,168.812
711.38,7.74405,2.61343,91.3107,44.5859,185.516,2.17051,-108.513,162.523
711.4,7.74511,2.5565,89.071,44.5859,185.516,2.32857,-108.513,158.044
711.42,7.74565,2.4693,89.0642,45.5148,185.516,2.32905,-108.513,154.886
711.44,7.74565,2.53274,87.2761,45.5148,183.765,2.32905,-108.513,148.597
711.46,7.74512,2.50554,87.2761,46.3945,183.765,2.32905,-108.513,146.806
711.48,7.74458,2.51091,85.3963,46.3972,186.216,2.32905,-108.513,149.047
711.5,7.74565,2.5959,85.3963,47.7905,186.216,2.32905,-108.513,151.293
711.52,7.74512,2.52742,83.3395,47.7905,190.985,2.32905,-103.75,150.845
711.54,7.74512,2.41817,83.3332,49.2767,189.774,2.32905,-103.736,155.336
711.56,7.74512,2.41817,83.3332,49.2767,189.774,2.32905,-103.736,151.742
711.58,7.74671,2.37745,83.3332,49.2767,189.774,2.32905,-103.736,147.711
711.6,7.74565,2.5245,80.674,49.2767,189.774,2.32905,-103.736,147.699
711.62,7.74565,2.55757,80.674,50.9487,182.249,2.32905,-103.736,146.801
711.64,7.74405,2.55756,77.9315,50.9487,182.249,2.0823,-103.736,151.279
711.66,7.74512,2.35483,77.9231,52.8529,175.656,2.08154,-103.736,157.132
711.68,7.74351,2.4138,74.7138,52.8529,175.656,2.33541,-103.736,156.234
711.7,7.74351,2.48925,74.7138,54.5713,172.448,2.33541,-103.736,153.539
711.72,7.74458,2.46427,71.4685,54.5713,172.448,2.33541,-103.736,153.987
711.74,7.74672,2.4642,71.4586,55.9182,170.056,2.33541,-103.736,154.437
711.76,7.74618,2.4108,68.4326,55.9182,170.056,2.33541,-103.736,153.988
711.78,7.74512,2.42731,68.4326,57.2146,170.056,2.33541,-103.736,155.331
711.8,7.74512,2.61692,65.2691,57.2186,167.314,2.33541,-112.507,156.683
711.82,7.74565,2.61692,65.2691,58.4726,167.314,2.33541,-112.507,154.886
711.84,7.74352,2.68308,62.9837,58.4726,167.605,2.33541,-112.507,152.647
711.86,7.74565,2.58984,62.9767,59.773,167.606,2.33541,-112.507,150.394
711.88,7.74565,2.46667,62.9767,59.773,170.756,2.33541,-112.507,153.539
711.9,7.74672,2.52724,63.5252,59.773,170.756,2.08279,-112.507,152.643
711.92,7.74351,2.60576,63.5269,60.6554,171.981,2.08202,-112.507,152.191
711.94,7.74405,2.61372,66.0027,60.6554,171.981,2.28324,-112.507,147.25
711.96,7.74405,2.5703,66.0027,61.9982,168.084,2.28324,-112.507,142.771
711.98,7.74405,2.53274,68.5243,62.0023,168.072,2.28324,-112.507,142.309
712,7.74512,2.53274,68.5243,63.1169,160.663,2.28324,-112.507,140.961
712.02,7.74352,2.52961,71.1754,63.1169,160.663,2.28324,-112.507,141.409
712.04,7.74512,2.48519,71.1835,64.6031,151.271,2.28324,-108.471,138.715
712.06,7.74405,2.43376,74.347,64.6031,151.271,2.28324,-108.471,132.875
712.08,7.74405,2.43376,74.347,65.8533,151.271,2.28324,-108.471,126.606
712.1,7.74725,2.43377,78.1065,65.8571,146.371,2.28324,-108.471,122.993
712.12,7.74512,2.3988,78.1065,67.3898,146.371,2.28324,-108.471,120.747
712.14,7.74298,2.3744,81.9917,67.3898,150.674,2.17391,-108.471,113.581
712.16,7.74298,2.41819,82.0036,68.6902,150.688,2.17357,-108.471,112.212
712.18,7.74405,2.41819,85.3505,68.6902,157.747,2.17357,-108.471,108.169
712.2,7.74565,2.34069,85.3505,69.9906,157.747,2.25296,-108.471,104.575
712.22,7.74512,2.22477,85.3505,69.9906,159.433,2.25296,-108.471,101.888
712.24,7.74512,2.3549,87.5053,71.3839,159.438,2.25296,-108.471,100.532
712.26,7.74512,2.32058,87.5053,71.3839,155.238,2.25296,-108.471,100.083
712.28,7.74458,2.3348,87.871,71.3839,155.238,2.25296,-108.471,100.531
712.3,7.74405,2.29424,87.8721,72.963,151.271,2.25296,-105.692,96.4895
712.32,7.74458,2.28444,87.3219,72.963,151.271,2.25296,-105.692,93.3451
712.34,7.74458,2.24642,87.3219,75.0003,151.213,2.25296,-105.692,89.7624
712.36,7.74512,2.2463,87.0469,75.0065,151.213,2.25296,-105.692,87.9546
712.38,7.74458,2.26057,87.0469,76.6785,154.83,2.25296,-105.692,87.0562
712.4,7.74298,2.32374,86.8183,76.6785,154.83,2.22409,-105.692,83.9213
712.42,7.74298,2.29485,86.8176,78.6291,154.83,2.224,-105.692,80.3181
712.44,7.74512,2.28091,86.405,78.6291,160.197,2.27089,-105.692,75.826
712.46,7.74192,2.3279,86.405,80.3423,160.197,2.27089,-105.692,75.3782
712.48,7.74405,2.30055,85.5797,80.3475,166.439,2.27089,-105.692,76.2752
712.5,7.74405,2.21426,85.5797,81.7409,166.439,2.27089,-105.692,76.7244
712.52,7.74405,2.20041,85.5797,81.7409,174.116,2.27089,-105.692,78.068
712.54,7.74298,2.20037,85.0754,81.7409,174.14,2.27089,-105.053,78.0721
712.56,7.74298,2.17214,85.0754,83.1342,180.615,2.27089,-105.053,79.8689
712.58,7.74244,2.19773,84.984,83.1342,180.615,2.27089,-105.053,78.9732
712.6,7.74244,2.19708,84.9837,84.5275,182.774,2.27089,-105.053,77.6229
712.62,7.74351,2.19708,85.4422,84.5275,182.774,2.27089,-105.053,76.7244
712.64,7.74298,2.26103,85.4422,85.8702,182.599,2.27089,-105.053,75.3809
712.66,7.74351,2.21486,86.4508,85.8743,182.599,2.24482,-105.053,74.4784
712.68,7.74298,2.12454,86.4508,87.0819,183.415,2.24482,-105.053,72.6816
712.7,7.74298,2.23169,87.4595,87.0819,183.415,2.25242,-105.053,73.58
712.72,7.74351,2.23169,87.4595,88.4246,183.415,2.25242,-105.053,70.893
712.74,7.74137,2.22681,88.8349,88.4287,185.574,2.25242,-105.053,67.2911
712.76,7.74031,2.29899,88.8349,89.5434,185.574,2.25242,-105.053,63.6975
712.78,7.74031,2.11308,89.9319,89.5434,189.005,2.25242,-105.053,65.041
712.8,7.74084,2.11252,89.9353,90.5652,189.016,2.25242,-112.857,63.6975
712.82,7.74298,2.22068,90.2562,90.5652,193.158,2.25242,-112.857,63.6975
712.84,7.74191,2.17492,90.2562,91.2597,193.158,2.25242,-112.857,65.4888
712.86,7.74191,2.13477,90.0728,91.2618,197.358,2.25242,-112.857,65.9435
712.88,7.74191,2.2424,90.0728,91.1689,197.358,2.25242,-112.857,65.0451
712.9,7.74084,2.2424,90.0728,91.1689,201.371,2.25242,-112.857,63.2537
712.92,7.74191,2.23636,90.1645,91.1689,201.384,2.24732,-112.857,60.553
712.94,7.74191,2.13816,90.1645,91.0296,204.709,2.24732,-112.857,61.0022
712.96,7.74191,2.18686,90.3016,91.0296,204.709,2.2644,-112.857,61.0022
712.98,7.74298,2.18702,90.3021,91.0296,206.692,2.26445,-112.857,61.4514
713,7.74244,2.32332,90.4855,91.0296,206.692,2.26445,-112.857,60.553
713.02,7.74244,2.23632,90.4855,90.7981,206.576,2.26445,-112.857,63.6879
713.04,7.74244,2.23546,90.8064,90.7974,206.576,2.26445,-102.006,63.2483
713.06,7.74191,2.24063,90.8064,90.5187,204.709,2.26445,-102.006,63.2483
713.08,7.74138,2.24063,91.4463,90.5187,204.709,2.26445,-102.006,61.9048
713.1,7.74084,2.19246,91.4483,90.2401,204.709,2.26445,-102.006,62.7991
713.12,7.74137,2.28794,92.136,90.2401,201.734,2.26445,-102.006,60.1038
713.14,7.74137,2.22509,92.136,90.1474,201.734,2.26445,-102.006,61.8952
713.16,7.74191,2.2249,92.136,90.1472,199.342,2.2872,-102.006,62.799
713.18,7.74031,2.22283,92.6861,89.9614,199.342,2.2872,-102.006,65.9435
713.2,7.74244,2.2536,92.6861,89.9614,196.483,2.2872,-102.006,65.4943
713.22,7.74244,2.18356,93.3718,89.6373,196.483,2.2778,-102.006,66.8378
713.24,7.74084,2.17034,93.3739,89.6363,192.516,2.27777,-102.006,67.7403
713.26,7.74031,2.17626,93.6031,89.2647,192.516,2.27777,-102.006,68.1895
713.28,7.73977,2.24225,93.6031,89.2647,189.899,2.27777,-102.006,69.533
713.3,7.73977,2.20786,93.6031,88.8467,189.891,2.27777,-105.362,69.9864
713.32,7.73977,2.27701,93.6031,88.8467,189.249,2.27777,-105.362,69.9864
713.34,7.74084,2.27701,93.7859,88.5689,189.249,2.27777,-105.362,71.3299
713.36,7.73924,2.22302,93.7865,88.5681,189.249,2.27777,-105.362,69.5371
713.38,7.73977,2.23676,93.3739,88.2894,190.066,2.27777,-105.362,70.8848
713.4,7.73977,2.18979,93.3739,88.2894,190.066,2.27777,-105.362,68.1978
713.42,7.74137,2.18965,93.0071,87.9179,192.108,2.30679,-105.362,65.4943
713.44,7.74191,2.1683,93.0071,87.9179,192.108,2.30679,-105.362,61.4514
713.46,7.74031,2.27592,92.2758,87.9179,194.783,2.30679,-105.362,60.5558
713.48,7.73977,2.24324,92.2735,87.5928,194.791,2.30121,-105.362,60.553
713.5,7.73977,2.19612,91.6316,87.5928,197.125,2.30121,-105.362,60.1038
713.52,7.7419,2.19613,91.6316,86.7593,197.125,2.30121,-105.362,58.3125
713.54,7.74191,2.22025,91.6316,86.7568,200.158,2.30121,-109.501,57.4086
713.56,7.74137,2.28428,91.5858,85.735,200.158,2.30121,-109.501,56.061
713.58,7.74137,2.23189,91.5858,85.735,202.776,2.30121,-109.501,54.7174
713.6,7.74191,2.23173,91.6775,84.5275,202.784,2.30121,-109.501,53.8149
713.62,7.74137,2.20922,91.6775,84.5275,202.784,2.30121,-109.501,54.2641
713.64,7.74137,2.26922,92.6374,83.1847,202.784,2.30121,-109.501,54.712
713.66,7.74137,2.28733,92.6403,83.1806,200.1,2.30121,-109.501,51.1197
713.68,7.74137,2.25002,94.1533,81.4157,200.1,2.29044,-109.501,49.3229
713.7,7.74084,2.25002,94.1533,81.4157,196.016,2.29044,-109.501,51.1197
713.72,7.73924,2.27051,95.9816,79.5637,196.016,2.27926,-109.501,54.2545
713.74,7.74084,2.2901,95.9872,79.558,196.016,2.27922,-109.501,56.0609
713.76,7.74084,2.27163,98.463,78.2111,190.708,2.27922,-109.501,52.9165
713.78,7.74191,2.27163,98.463,78.2111,190.708,2.27922,-109.501,55.1557
713.8,7.74298,2.35897,101.122,77.0965,186.216,2.27922,-95.1081,54.7133
713.82,7.73977,2.26452,101.122,77.0965,186.216,2.27922,-95.1081,56.061
713.84,7.73977,2.35059,103.088,75.5222,183.308,2.27922,-95.1081,56.061
713.86,7.73977,2.33747,103.094,75.5174,183.299,2.27922,-95.1081,59.2054
713.88,7.73977,2.33747,104.928,73.7061,182.482,2.27922,-95.1081,61.9006
713.9,7.74137,2.29245,104.928,73.7061,182.482,2.27922,-95.1081,62.3485
713.92,7.74031,2.36553,106.12,71.5697,184.816,2.27922,-95.1081,64.1467
713.94,7.74031,2.31256,106.12,71.5697,184.816,2.25396,-95.1081,66.8419
713.96,7.74137,2.31257,107.354,71.5697,189.236,2.25396,-95.1081,66.8419
713.98,7.74031,2.31179,107.357,69.5726,189.249,2.29366,-95.1081,66.3927
714,7.73977,2.4247,108.733,69.5726,194.675,2.29366,-95.1081,66.8419
714.02,7.7403,2.35728,108.733,67.8594,194.675,2.29366,-95.1081,64.6027
714.04,7.74031,2.37155,110.338,67.8542,200.508,2.29366,-86.4189,62.7991
714.06,7.74031,2.37155,110.338,66.8324,200.508,2.29366,-86.4189,61.4514
714.08,7.7419,2.36831,110.338,66.8324,205.743,2.29366,-86.4189,64.5863
714.1,7.74031,2.27589,112.401,65.7642,205.759,2.29366,-86.4189,65.0451
714.12,7.74031,2.35612,112.401,65.7642,209.201,2.29366,-86.4189,62.3498
714.14,7.73924,2.35611,114.595,64.9771,209.201,2.29366,-86.4189,61.0063
714.16,7.74191,2.23676,114.601,64.9747,211.126,2.29366,-86.4189,59.6546
714.18,7.74084,2.2895,116.39,64.4638,214.16,2.26688,-86.4189,58.7562
714.2,7.74084,2.33345,116.39,64.4638,214.16,2.26688,-86.4189,57.4086
714.22,7.74031,2.35171,116.39,64.4638,214.16,2.26688,-86.4189,56.0651
714.24,7.74031,2.35176,116.39,64.4638,214.16,2.26688,-86.4189,56.9594
714.26,7.73977,2.28881,117.215,64.5567,214.16,2.30708,-86.4189,57.4086
714.28,7.73977,2.42424,117.215,64.5567,217.3,2.30708,-86.4189,56.5129
714.3,7.74084,2.39287,117.398,64.7425,217.31,2.30708,-86.4189,57.4086
714.32,7.74031,2.39287,117.398,64.7425,217.31,2.30708,-86.4189,59.2054
714.34,7.73871,2.4719,116.667,65.1129,223.01,2.30708,-106.105,59.2054
714.36,7.74031,2.53513,116.665,65.114,223.027,2.30708,-106.165,58.7562
714.38,7.74031,2.45173,114.418,65.114,231.486,2.30708,-106.165,60.553
714.4,7.73977,2.45902,114.418,65.114,231.486,2.30708,-106.165,62.7922
714.42,7.74031,2.45446,112.722,64.9747,239.42,2.30708,-106.165,65.0451
714.44,7.73924,2.59962,112.722,64.9747,239.42,2.30708,-106.165,69.5371
714.46,7.74084,2.42714,112.265,64.3265,242.154,2.30708,-106.165,74.4634
714.48,7.74084,2.42266,112.263,64.3245,242.162,2.28593,-106.165,77.1737
714.5,7.74351,2.54132,112.126,63.3956,239.77,2.28593,-106.165,78.5213
714.52,7.73872,2.54531,112.126,63.3956,239.77,2.3052,-106.165,78.5213
714.54,7.73977,2.55113,112.034,63.3956,234.811,2.30526,-106.165,79.4197
714.56,7.73977,2.43643,112.034,62.6525,234.811,2.30526,-106.165,83.4625
714.58,7.7403,2.43644,111.531,62.6525,228.356,2.30526,-101.074,87.0452
714.6,7.74137,2.50368,111.53,62.0023,228.336,2.30526,-101.059,92.8959
714.62,7.74244,2.65219,111.53,62.0023,222.385,2.30526,-101.059,98.2863
714.64,7.74031,2.58458,110.844,61.5393,222.385,2.30526,-101.059,100.973
714.66,7.74031,2.59054,110.842,61.5379,219.818,2.30526,-101.059,101.88
714.68,7.74137,2.56629,110.567,60.7948,219.818,2.30526,-101.059,103.677
714.7,7.74244,2.43502,110.567,60.7948,220.869,2.30526,-101.059,105.024
714.72,7.74085,2.5292,110.75,59.8687,220.869,2.29498,-101.059,106.816
714.74,7.74137,2.51745,110.75,59.8659,223.144,2.29495,-101.059,107.27
714.76,7.74137,2.51745,111.3,59.0763,223.144,2.31437,-101.059,110.864
714.78,7.74137,2.55874,111.3,59.0763,223.958,2.31437,-101.059,115.79
714.8,7.74084,2.58356,110.567,58.6119,223.96,2.31437,-101.059,120.297
714.82,7.74031,2.51053,110.567,58.6119,223.96,2.31437,-101.059,122.993
714.84,7.74137,2.49373,108.967,58.4267,220.936,2.31437,-93.0119,122.993
714.86,7.74137,2.49368,108.962,58.4261,220.927,2.31437,-92.9873,120.747
714.88,7.74031,2.52989,108.825,58.3332,216.026,2.31437,-92.9873,118.051
714.9,7.74137,2.44699,108.825,58.3332,216.026,2.31437,-92.9873,117.156
714.92,7.74084,2.54926,110.567,58.0546,211.184,2.31437,-92.9873,117.602
714.94,7.73977,2.50529,110.567,58.0546,211.184,2.31437,-92.9873,119.848
714.96,7.73977,2.51531,113.949,57.4527,207.346,2.31437,-92.9873,121.64
714.98,7.73924,2.49677,113.96,57.4508,207.334,2.31452,-92.9873,118.051
715,7.74137,2.45614,117.49,56.6613,202.784,2.31452,-92.9873,116.255
715.02,7.74191,2.39533,117.49,56.6613,202.784,2.29517,-92.9873,115.807
715.04,7.74084,2.40837,119.14,56.6613,196.95,2.29511,-92.9873,113.559
715.06,7.74084,2.44963,119.14,55.9182,196.95,2.29511,-92.9873,112.661
715.08,7.74191,2.46025,117.541,55.9182,191.134,2.29511,-106.392,115.348
715.1,7.74031,2.36462,117.536,55.3609,191.116,2.29511,-106.433,118.95
715.12,7.74137,2.39144,113.73,55.3609,187.849,2.29511,-106.433,122.543
715.14,7.74191,2.41364,113.73,55.0367,187.849,2.29511,-106.433,121.2
715.16,7.74191,2.40142,113.73,55.0357,186.041,2.29511,-106.433,121.196
715.18,7.74031,2.33765,109.1,54.85,186.041,2.29511,-106.433,118.501
715.2,7.74191,2.40302,109.1,54.85,184.582,2.29511,-106.433,114.009
715.22,7.74191,2.3465,103.798,54.7574,184.582,2.29478,-106.433,115.8
715.24,7.74137,2.43315,103.781,54.7571,184.232,2.29477,-106.433,114.458
715.26,7.74137,2.42966,97.3626,54.5713,184.232,2.27536,-106.433,122.543
715.28,7.74031,2.38556,97.3626,54.5713,184.465,2.27536,-106.433,126.574
715.3,7.74137,2.42016,90.3021,54.4784,184.465,2.27536,-106.433,130.18
715.32,7.74031,2.52202,90.3021,54.4784,183.707,2.27536,-106.433,136.02
715.34,7.74244,2.4789,83.5373,54.6173,183.707,2.27536,-100.685,138.707
715.36,7.74244,2.47217,83.5166,54.6178,183.707,2.27536,-100.668,145.453
715.38,7.74244,2.3969,77.648,54.5713,179.565,2.27536,-100.668,150.843
715.4,7.74031,2.3909,77.648,54.5713,179.565,2.27536,-100.668,157.113
715.42,7.74084,2.50618,73.2466,54.432,172.448,2.27536,-100.668,169.71
715.44,7.74084,2.442,73.2466,54.432,172.448,2.27536,-100.668,178.694
715.46,7.74084,2.45353,71.1898,54.1542,165.236,2.27536,-100.668,185.86
715.48,7.74031,2.40295,71.1835,54.1533,165.214,2.28049,-100.668,197.112
715.5,7.74191,2.47698,71.1835,53.7353,159.147,2.28049,-100.668,204.299
715.52,7.74351,2.53999,71.1835,53.7353,159.147,2.29594,-100.668,214.599
715.54,7.74351,2.37936,72.238,53.7353,153.838,2.29599,-100.668,220.47
715.56,7.74031,2.37935,72.238,53.6889,153.838,2.29599,-100.668,232.599
715.58,7.74244,2.4835,72.2837,53.6889,147.324,2.29599,-94.4682,244.691
715.6,7.74244,2.42271,72.2838,53.9211,147.304,2.29599,-94.4492,255.059
715.62,7.74084,2.46297,71.6878,53.9211,140.128,2.29599,-94.4492,261.797
715.64,7.74084,2.46297,71.6878,53.6896,140.128,2.29599,-94.4492,263.141
715.66,7.74031,2.3555,71.6878,53.6889,135.053,2.29599,-94.4492,267.637
715.68,7.7387,2.37343,71.4586,53.2244,135.053,2.29599,-94.4492,265.391
715.7,7.73924,2.55915,71.4586,53.2244,136.745,2.29599,-94.4492,270.332
715.72,7.74084,2.42207,71.0929,52.6688,136.745,2.3236,-94.4492,271.228
715.74,7.74084,2.42165,71.0918,52.6671,148.121,2.32369,-94.4492,266.739
715.76,7.74298,2.49913,70.6791,52.1098,148.121,2.29881,-94.4492,265.84
715.78,7.74351,2.48494,70.6791,52.1098,163.533,2.29881,-94.4492,261.81
715.8,7.74191,2.43074,70.2207,51.506,163.58,2.29881,-94.4492,258.653
715.82,7.74405,2.43975,70.2207,51.506,173.965,2.29881,-94.4492,258.653
715.84,7.74405,2.4034,69.5807,51.0893,173.965,2.29881,-107.649,246.561
715.86,7.74084,2.49271,69.5788,51.088,173.965,2.29881,-107.689,240.236
715.88,7.74137,2.46496,69.0745,50.5307,178.34,2.29881,-107.689,236.193
715.9,7.74031,2.548,69.0745,50.5307,178.34,2.29881,-107.689,228.132
715.92,7.74244,2.42493,69.6246,49.9734,182.482,2.29881,-107.689,220.92
715.94,7.74244,2.44128,69.6246,49.9734,182.482,2.29881,-107.689,213.283
715.96,7.74191,2.42863,71.8186,49.603,185.39,2.29881,-107.689,207.013
715.98,7.74244,2.5143,71.8253,49.6018,185.399,2.31283,-107.689,197.112
716,7.74191,2.47808,75.4015,49.4161,186.274,2.31283,-107.689,186.331
716.02,7.74031,2.47317,75.4015,49.4161,186.274,2.29577,-107.689,180.061
716.04,7.74031,2.47623,78.3816,49.4161,186.099,2.29572,-107.689,183.636
716.06,7.74191,2.55059,78.3816,49.4161,186.099,2.29572,-107.689,178.694
716.08,7.74191,2.50998,80.8955,49.4161,186.913,2.29572,-104.979,175.559
716.1,7.74191,2.50598,80.9032,49.9734,186.916,2.29572,-104.971,171.507
716.12,7.74137,2.58575,83.1956,49.9734,189.424,2.29572,-104.971,167.913
716.14,7.74137,2.57252,83.1956,49.9271,189.424,2.29572,-104.971,164.778
716.16,7.74084,2.55441,83.1956,49.9269,192.925,2.29572,-104.971,168.363
716.18,7.74084,2.52778,85.3505,50.0198,192.925,2.29572,-104.971,170.159
716.2,7.74191,2.56739,85.3505,50.0198,195.666,2.29572,-104.971,170.159
716.22,7.74084,2.55083,87.3616,49.6494,195.666,2.31678,-104.971,169.264
716.24,7.74084,2.54971,87.3678,49.6483,197.242,2.31684,-104.971,167.464
716.26,7.74298,2.59252,89.8436,48.8123,197.242,2.2886,-104.971,169.71
716.28,7.74031,2.47813,89.8436,48.8123,199.219,2.2886,-104.971,168.367
716.3,7.74137,2.66036,92.3194,48.1156,199.225,2.2886,-104.971,167.913
716.32,7.74244,2.45732,92.3194,48.1156,201.384,2.2886,-104.971,165.667
716.34,7.74244,2.46204,94.7876,46.9118,201.384,2.2886,-98.9769,165.219
716.36,7.74191,2.56309,94.7952,46.9081,201.384,2.2886,-98.9586,158.929
716.38,7.74084,2.65532,96.6749,45.6541,202.492,2.2886,-98.9586,155.785
716.4,7.74031,2.43464,96.6749,45.6541,202.492,2.2886,-98.9586,155.337
716.42,7.74351,2.51415,98.1879,44.911,202.959,2.2886,-98.9586,153.09
716.44,7.74351,2.55532,98.1879,44.911,202.959,2.2886,-98.9586,153.09
716.46,7.74085,2.63325,99.6049,44.4017,203.715,2.2886,-98.9586,143.685
716.48,7.74298,2.59132,99.6092,44.4001,203.717,2.28531,-98.9586,141.859
716.5,7.74084,2.70705,100.618,44.5859,204.009,2.28531,-98.9586,142.758
716.52,7.73871,2.53165,100.618,44.5859,204.009,2.3248,-98.9586,145.445
716.54,7.7387,2.55165,101.03,46.0721,204.184,2.32492,-98.9586,143.656
716.56,7.74084,2.54493,101.03,46.0721,204.184,2.32492,-98.9586,143.207
716.58,7.74084,2.56447,100.619,46.0721,205.056,2.32492,-103.536,139.176
716.6,7.74084,2.57263,100.618,48.255,205.059,2.32492,-103.55,139.613
716.62,7.74298,2.63328,99.976,48.255,206.167,2.32492,-103.55,139.164
716.64,7.74298,2.58761,99.976,51.0794,206.167,2.32492,-103.55,137.821
716.66,7.74084,2.52614,99.8843,51.088,206.867,2.32492,-103.55,135.121
716.68,7.74031,2.65819,99.8843,53.7353,206.867,2.32492,-103.55,134.223
716.7,7.73924,2.66593,99.8843,53.7353,206.634,2.32492,-103.55,130.18
716.72,7.74243,2.56852,100.57,56.5598,206.634,2.31116,-103.55,129.284
716.74,7.74244,2.58125,100.572,56.5684,204.3,2.31111,-103.55,128.832
716.76,7.74084,2.59401,101.397,59.0763,204.3,2.29403,-103.55,125.688
716.78,7.74191,2.52535,101.397,59.0763,199.531,2.29403,-103.55,123.001
716.8,7.74191,2.53014,101.81,61.6772,199.517,2.29403,-103.55,122.993
716.82,7.74191,2.68727,101.81,61.6772,192.574,2.29403,-103.55,122.094
716.84,7.74138,2.67513,101.17,64.2701,185.072,2.29403,-109.462,123.886
716.86,7.74405,2.53238,101.168,64.278,185.049,2.29403,-109.48,122.094
716.88,7.73977,2.57192,101.168,64.278,185.049,2.29403,-109.48,124.34
716.9,7.74137,2.56352,99.1569,66.4542,185.049,2.29403,-109.48,124.788
716.92,7.74137,2.4317,99.1507,66.4609,185.049,2.29403,-109.48,122.993
716.94,7.73977,2.42446,95.6663,68.6902,179.857,2.29403,-109.48,120.747
716.96,7.74137,2.5315,95.6663,68.6902,179.857,2.29403,-109.48,119.403
716.98,7.74084,2.55258,90.623,70.5479,176.823,2.28923,-109.48,118.95
717,7.74191,2.5096,90.623,70.5479,176.823,2.28923,-109.48,125.239
717.02,7.74191,2.5096,84.2239,72.1685,176.125,2.28923,-109.48,124.791
717.04,7.74084,2.46626,84.2043,72.1735,176.123,2.31776,-109.48,125.688
717.06,7.74244,2.60604,77.3271,73.4739,176.123,2.31776,-109.48,128.383
717.08,7.74191,2.5979,77.3271,73.4739,176.123,2.31776,-109.48,125.696
717.1,7.74137,2.57403,71.0918,73.4739,176.356,2.31776,-97.0025,127.485
717.12,7.74137,2.57403,71.0918,74.5421,176.356,2.31776,-97.0025,131.528
717.14,7.74137,2.58582,67.298,74.5421,176.531,2.31776,-97.0025,131.08
717.16,7.74298,2.52521,67.2864,75.5174,176.531,2.31776,-97.0025,133.324
717.18,7.74031,2.52168,66.3694,75.5174,174.84,2.31776,-97.0025,137.367
717.2,7.74031,2.63839,66.3694,75.4245,174.84,2.31776,-97.0025,144.555
717.22,7.74031,2.63728,66.3694,75.4245,168.791,2.31776,-97.0025,144.555
717.24,7.74031,2.46143,68.0658,75.471,168.772,2.31699,-97.0025,145.453
717.26,7.74137,2.56954,68.0658,75.471,159.263,2.31699,-97.0025,146.351
717.28,7.74084,2.54592,71.174,75.0079,159.263,2.32079,-97.0025,148.143
717.3,7.74084,2.64691,71.1835,75.0065,149.288,2.3208,-97.0025,147.699
717.32,7.74084,2.63065,75.86,74.7279,149.288,2.3208,-97.0025,149.496
717.34,7.74244,2.64487,75.86,74.7279,139.109,2.3208,-97.0025,154.422
717.36,7.74405,2.44491,81.1783,74.1241,139.078,2.3208,-95.0052,158.929
717.38,7.74298,2.42188,81.1783,74.1241,129.919,2.3208,-95.0052,157.582
717.4,7.74244,2.43151,86.4348,73.0128,129.919,2.3208,-95.0052,159.373
717.42,7.74244,2.39689,86.4508,73.0094,129.919,2.3208,-95.0052,153.539
717.44,7.74084,2.3745,90.9898,71.3375,124.144,2.3208,-95.0052,149.496
717.46,7.74244,2.25882,90.9898,71.3375,124.144,2.3208,-95.0052,146.809
717.48,7.74031,2.51869,94.7952,69.3404,122.452,2.29681,-95.0052,143.656
717.5,7.74137,2.37662,94.7952,69.3404,122.452,2.29681,-95.0052,144.105
717.52,7.74137,2.36185,96.9434,66.7938,123.731,2.29681,-95.0052,141.866
717.54,7.74244,2.42316,96.95,66.786,123.735,2.34106,-95.0052,139.164
717.56,7.74031,2.22285,96.8583,66.786,127.469,2.34106,-95.0052,136.918
717.58,7.74137,2.29428,96.8583,64.6561,127.469,2.34106,-95.0052,136.022
717.6,7.74084,2.25847,95.1619,64.6496,131.903,2.34106,-109.357,131.528
717.62,7.74084,2.2676,95.1619,62.7918,131.903,2.34106,-109.357,127.934
717.64,7.74191,2.42529,93.0594,62.7918,134.462,2.34106,-109.357,130.173
717.66,7.74244,2.41421,93.0529,61.027,134.47,2.34106,-109.357,129.731
717.68,7.74191,2.37113,90.8522,61.027,135.928,2.34106,-109.357,126.586
717.7,7.74191,2.30453,90.8522,59.8194,135.928,2.34106,-109.357,123.891
717.72,7.74191,2.30542,90.8522,59.8194,138.254,2.34106,-109.357,122.548
717.74,7.74298,2.36564,88.514,58.7977,138.262,2.32095,-109.357,119.848
717.76,7.74191,2.47076,88.514,58.7977,143.162,2.32095,-109.357,113.559
717.78,7.74138,2.47721,85.8629,58.1032,143.162,2.29386,-109.357,107.29
717.8,7.74137,2.5405,85.8548,58.101,149.346,2.29378,-109.357,109.067
717.82,7.74137,2.53946,82.6455,57.683,149.346,2.29378,-109.357,108.618
717.84,7.74244,2.52282,82.6455,57.683,156.383,2.29378,-109.357,109.066
717.86,7.74084,2.5496,79.6195,57.4973,156.405,2.29378,-97.8673,112.212
717.88,7.74137,2.38128,79.6195,57.4973,164.339,2.29378,-97.8673,116.704
717.9,7.74297,2.52651,76.6485,57.2658,164.339,2.29378,-97.8673,123.869
717.92,7.74298,2.51769,76.6394,57.265,164.339,2.29378,-97.8673,126.137
717.94,7.74137,2.4624,74.2094,57.4044,172.564,2.29378,-97.8673,126.586
717.96,7.74137,2.50221,74.2094,57.4044,172.564,2.29378,-97.8673,131.96
717.98,7.74137,2.45756,72.4214,57.8224,179.332,2.29264,-97.8673,135.57
718,7.74137,2.49246,72.4214,57.8224,179.332,2.29264,-97.8673,136.469
718.02,7.74191,2.50178,70.7759,58.1002,182.356,2.29264,-97.8673,143.634
718.04,7.74137,2.57546,70.7708,58.101,182.365,2.33148,-97.8673,149.496
718.06,7.74244,2.44306,69.3954,58.3797,181.549,2.33148,-97.8673,147.699
718.08,7.74351,2.55198,69.3954,58.3797,181.549,2.33148,-97.8673,148.595
718.1,7.74351,2.41374,68.4784,58.3797,179.448,2.33148,-93.3785,153.988
718.12,7.74298,2.40582,68.4784,58.6584,179.448,2.33148,-93.3785,156.234
718.14,7.74138,2.50122,68.1128,58.6584,176.947,2.33148,-93.3785,158.473
718.16,7.74244,2.4889,68.1117,58.4726,176.94,2.33148,-93.3785,160.726
718.18,7.74244,2.67564,68.1117,58.4726,175.073,2.33148,-93.3785,163.87
718.2,7.74244,2.67564,67.8824,57.4508,175.073,2.33148,-93.3785,168.363
718.22,7.74138,2.47063,67.8824,57.4508,174.433,2.33148,-93.3785,168.81
718.24,7.74137,2.50949,67.3781,56.1968,174.431,2.3315,-93.3785,169.71
718.26,7.74031,2.39925,67.3781,56.1968,176.123,2.3315,-93.3785,171.507
718.28,7.74244,2.49475,66.921,54.8541,176.123,2.31601,-93.3785,169.716
718.3,7.74244,2.49504,66.9196,54.85,180.323,2.31596,-93.3785,167.913
718.32,7.74137,2.50271,66.9196,53.7818,180.323,2.31596,-93.3785,165.218
718.34,7.74084,2.44852,66.9196,53.7818,183.813,2.31596,-93.3785,168.353
718.36,7.74031,2.42463,67.4698,52.8993,183.824,2.31596,-111.828,168.363
718.38,7.74244,2.52106,67.4698,52.8993,183.824,2.31596,-111.828,164.769
718.4,7.74244,2.51277,69.2067,51.927,184.58,2.31596,-111.828,163.425
718.42,7.74137,2.42217,69.212,51.924,184.582,2.31596,-111.828,162.523
718.44,7.74191,2.55172,72.1921,50.9487,182.715,2.31596,-111.828,157.132
718.46,7.74297,2.52956,72.1921,50.9487,182.715,2.31596,-111.828,151.31
718.48,7.74137,2.44363,75.2639,50.0663,181.024,2.31596,-111.828,153.09
718.5,7.74137,2.42227,75.2639,50.0663,181.024,2.31594,-111.828,151.293
718.52,7.74191,2.3451,77.5493,48.8624,182.012,2.31594,-111.828,148.606
718.54,7.74084,2.50043,77.5563,48.8587,182.015,2.34118,-111.828,147.699
718.56,7.74031,2.534,79.5736,48.0228,183.532,2.34118,-111.828,146.801
718.58,7.7419,2.42595,79.5736,48.0228,183.532,2.34118,-111.828,145.905
718.6,7.74191,2.37079,81.7743,48.0228,182.89,2.34118,-98.4438,142.758
718.62,7.74031,2.3925,81.7743,47.001,182.89,2.34118,-98.4438,141.41
718.64,7.74244,2.34513,83.6484,47.001,181.611,2.34118,-98.4438,141.858
718.66,7.74191,2.46482,83.6541,46.2579,181.607,2.34118,-98.4438,144.105
718.68,7.74137,2.3579,85.3046,46.2579,177.232,2.34118,-98.4438,146.801
718.7,7.74137,2.33759,85.3046,45.8399,177.232,2.34118,-98.4438,149.047
718.72,7.74031,2.39088,85.3046,45.8399,165.599,2.34118,-98.4438,149.942
718.74,7.73977,2.34693,86.7259,45.9328,165.564,2.34135,-98.4438,148.597
718.76,7.74244,2.44877,86.7259,45.9328,153.43,2.34135,-98.4438,149.047
718.78,7.74244,2.30719,86.3603,46.3958,153.43,2.34522,-98.4438,148.151
718.8,7.74244,2.33422,86.3591,46.3972,149.638,2.34523,-98.4438,147.699
718.82,7.74137,2.38761,83.6083,47.2797,149.638,2.34523,-98.4438,146.801
718.84,7.74137,2.36166,83.6083,47.2797,153.709,2.34523,-98.4438,144.114
718.86,7.74298,2.42365,79.3444,47.7905,153.721,2.34523,-93.2138,146.351
718.88,7.74031,2.39833,79.3444,47.7905,159.03,2.34523,-93.2138,146.351
718.9,7.74031,2.39299,75.4592,47.9757,159.03,2.34523,-93.2138,148.591
718.92,7.74298,2.2537,75.4473,47.9763,159.03,2.34523,-93.2138,151.742
718.94,7.74244,2.5278,72.0546,48.255,160.955,2.34523,-93.2138,151.293
718.96,7.74404,2.44597,72.0546,48.255,160.955,2.34523,-93.2138,157.562
718.98,7.74084,2.40976,69.3037,48.4407,159.672,2.34608,-93.2138,162.523
719,7.74084,2.42588,69.3037,48.4407,159.672,2.34608,-93.2138,168.363
719.02,7.74084,2.36304,66.7898,48.7186,155.368,2.34608,-93.2138,175.528
719.04,7.74191,2.50957,66.7821,48.7194,155.355,2.33637,-93.2138,175.55
719.06,7.74031,2.58585,64.8106,49.3696,149.404,2.33637,-93.2138,176.897
719.08,7.7419,2.33206,64.8106,49.3696,149.404,2.33637,-93.2138,174.658
719.1,7.74191,2.3105,62.7016,49.3696,142.287,2.33637,-108.863,173.304
719.12,7.74137,2.36435,62.7016,50.0663,142.287,2.33637,-108.863,173.753
719.14,7.74244,2.33913,60.919,50.0663,136.762,2.33637,-108.863,174.649
719.16,7.74137,2.34395,60.9135,50.67,136.745,2.33637,-108.863,173.753
719.18,7.74137,2.30055,59.8132,50.67,133.828,2.33637,-108.863,171.507
719.2,7.74244,2.32603,59.8132,51.3203,133.828,2.33637,-108.863,175.55
719.22,7.74138,2.41789,59.8132,51.3203,131.385,2.33637,-108.863,179.133
719.24,7.74191,2.34875,59.3089,51.5989,131.378,2.3385,-108.863,183.636
719.26,7.74298,2.49693,59.3089,51.5989,129.044,2.3385,-108.863,192.62
719.28,7.74298,2.45925,59.446,51.6452,129.044,2.3095,-108.863,189.485
719.3,7.74405,2.40961,59.4464,51.6454,131.144,2.30941,-108.863,192.17
719.32,7.74191,2.3456,59.7673,51.8311,131.144,2.30941,-108.863,191.272
719.34,7.74138,2.39563,59.7673,51.8311,136.088,2.30941,-108.863,197.094
719.36,7.74137,2.29727,60.2717,51.2738,136.103,2.30941,-103.53,200.256
719.38,7.74137,2.29727,60.2717,51.2738,140.128,2.30941,-103.53,193.967
719.4,7.74084,2.34569,60.8202,50.6719,140.128,2.30941,-103.53,189.041
719.42,7.74191,2.52735,60.8218,50.67,140.128,2.30941,-103.53,184.085
719.44,7.74244,2.50129,61.3262,49.9269,143.979,2.30941,-103.53,181.839
719.46,7.74191,2.47489,61.3262,49.9269,143.979,2.30941,-103.53,187.661
719.48,7.74191,2.47481,61.6471,49.5554,149.521,2.30902,-103.53,187.678
719.5,7.74351,2.3962,61.6471,49.5554,149.521,2.30902,-103.53,189.475
719.52,7.74298,2.50427,61.6471,49.5554,149.521,2.30902,-103.53,189.027
719.54,7.74191,2.40101,61.968,48.9981,156.871,2.30902,-103.53,187.229
719.56,7.74191,2.48237,61.968,48.9981,156.871,2.35557,-103.53,188.128
719.58,7.74191,2.47887,61.7852,48.535,163.734,2.35557,-103.53,185.441
719.6,7.74137,2.41966,61.7847,48.5336,163.755,2.35557,-103.53,182.288
719.62,7.74405,2.60866,61.2345,48.5336,167.547,2.35557,-99.3704,180.491
719.64,7.74458,2.3971,61.2345,48.1169,167.547,2.35557,-99.3704,180.491
719.66,7.74298,2.5433,60.3634,48.1156,167.197,2.35557,-99.3704,182.737
719.68,7.74298,2.56129,60.3634,47.6512,167.197,2.35557,-99.3704,177.347
719.7,7.74351,2.41223,59.5381,47.6512,164.747,2.35557,-99.3704,179.143
719.72,7.74245,2.46844,59.5381,46.7715,164.747,2.35557,-99.3704,180.039
719.74,7.74298,2.53725,59.5381,46.7688,159.38,2.35557,-99.3704,182.288
719.76,7.74244,2.41222,58.8962,46.2114,159.38,2.35348,-99.3704,178.245
719.78,7.74244,2.41074,58.8962,46.2114,151.005,2.35348,-99.3704,181.38
719.8,7.74351,2.35901,58.071,46.0721,150.979,2.32242,-99.3704,187.229
719.82,7.74458,2.46173,58.071,46.0721,140.712,2.32242,-99.3704,190.374
719.84,7.74245,2.51414,57.1111,46.3962,140.712,2.32242,-99.3704,197.091
719.86,7.74458,2.47428,57.1082,46.3972,129.978,2.32242,-99.3704,196.663
719.88,7.74458,2.4621,55.7327,46.4437,129.978,2.32242,-105.671,191.272
719.9,7.74298,2.40893,55.7327,46.4437,123.347,2.32242,-105.671,190.376
719.92,7.74298,2.38164,53.6696,46.3043,123.327,2.32242,-105.671,192.17
719.94,7.74351,2.38365,53.6696,46.3043,123.327,2.32242,-105.671,194.417
719.96,7.74351,2.34623,52.0698,46.0728,122.396,2.32242,-105.671,195.76
719.98,7.74351,2.34659,52.0649,46.0721,122.394,2.32242,-105.671,197.561
720,7.74351,2.4165,50.5978,45.4684,124.61,2.32177,-105.671,205.647
720.02,7.74085,2.29504,50.5978,45.4684,124.61,2.32177,-105.671,208.782
720.04,7.74405,2.52204,49.6808,44.493,128.519,2.32177,-105.671,208.791
720.06,7.74244,2.41217,49.6808,44.493,128.519,2.36255,-105.671,207.443
720.08,7.74244,2.38366,48.9038,44.493,130.438,2.36255,-105.671,204.309
720.1,7.74405,2.35314,48.9014,43.657,130.444,2.36255,-105.671,206.994
720.12,7.74405,2.3963,48.5805,43.657,125.135,2.36255,-107.833,210.139
720.14,7.74405,2.39724,48.5805,42.9625,125.135,2.36255,-107.833,211.034
720.16,7.74298,2.38101,48.3971,42.9604,117.96,2.36255,-107.833,214.631
720.18,7.74298,2.34214,48.3971,42.496,117.96,2.36255,-107.833,213.283
720.2,7.74458,2.28486,48.3971,42.496,113.876,2.36255,-107.833,210.139
720.22,7.74352,2.31302,48.3971,42.2181,113.876,2.36255,-107.833,212.378
720.24,7.74298,2.4177,48.3971,42.2173,112.068,2.36255,-107.833,217.326
720.26,7.74298,2.20798,48.4888,41.9851,112.068,2.36255,-107.833,213.732
720.28,7.74404,2.24634,48.4888,41.9851,112.707,2.36255,-107.833,211.493
720.3,7.74458,2.35208,48.0761,41.9851,112.709,2.34702,-107.833,210.139
720.32,7.74137,2.3835,48.0761,41.9851,114.81,2.34702,-107.833,213.732
720.34,7.74351,2.33591,46.4763,42.2629,114.81,2.34702,-107.833,208.358
720.36,7.74351,2.34378,46.4714,42.2637,117.785,2.34702,-107.833,210.588
720.38,7.74405,2.37227,45.0502,42.7746,117.785,2.34702,-97.8055,212.385
720.4,7.74458,2.46806,45.0502,42.7746,121.1,2.34702,-97.8055,210.593
720.42,7.74405,2.38486,44.4083,44.0286,121.11,2.34702,-97.8055,207.443
720.44,7.74298,2.42118,44.4083,44.0286,121.11,2.34702,-97.8055,210.139
720.46,7.74298,2.42118,44.4083,45.1861,124.658,2.34702,-97.8055,211.034
720.48,7.74405,2.41719,44.4083,45.1897,124.669,2.34702,-97.8055,213.732
720.5,7.74512,2.46197,45.0043,45.9328,128.227,2.34947,-97.8055,215.08
720.52,7.74512,2.35504,45.0043,45.9328,128.227,2.34947,-97.8055,214.184
720.54,7.74405,2.3699,45.8296,46.2114,125.894,2.34947,-97.8055,217.775
720.56,7.74405,2.3699,45.8296,46.2114,125.894,2.35529,-97.8055,220.021
720.58,7.74298,2.44728,47.2922,46.4893,116.007,2.35529,-97.8055,218.23
720.6,7.74298,2.44121,47.2967,46.4901,115.976,2.35529,-97.8055,223.166
720.62,7.74351,2.2424,48.6721,46.4901,108.101,2.35529,-99.5557,228.107
720.64,7.74405,2.39547,48.6721,46.9994,108.101,2.35529,-99.5557,230.346
720.66,7.74405,2.44257,50.1851,47.001,105.476,2.35529,-99.5557,228.556
720.68,7.74244,2.40715,50.1851,47.3261,105.476,2.35529,-99.5557,231.701
720.7,7.74298,2.35011,50.1851,47.3261,105.651,2.35529,-99.5557,233.947
720.72,7.74351,2.42734,51.6935,47.465,105.651,2.35529,-99.5557,238.425
720.74,7.74351,2.46828,51.6981,47.4654,108.451,2.35529,-99.5557,237.091
720.76,7.74351,2.46131,52.7985,47.4654,108.451,2.35908,-99.5557,240.236
720.78,7.74351,2.52003,52.7985,47.4654,115.837,2.35908,-99.5557,235.309
720.8,7.74405,2.38012,52.936,47.5119,115.86,2.3494,-99.5557,231.701
720.82,7.74405,2.33167,52.936,47.5119,127.119,2.3494,-99.5557,227.209
720.84,7.74351,2.4718,53.0274,47.373,127.119,2.3494,-99.5557,222.73
720.86,7.74351,2.46922,53.0277,47.3725,140.362,2.3494,-99.5557,218.224
720.88,7.74298,2.41676,53.3945,47.4654,140.362,2.3494,-107.854,215.529
720.9,7.74404,2.41126,53.3945,47.4654,140.362,2.3494,-107.854,213.738
720.92,7.74351,2.5053,54.6324,47.2332,150.629,2.3494,-107.854,213.283
720.94,7.74244,2.52539,54.6324,47.2332,150.629,2.3494,-107.854,212.385
720.96,7.74244,2.56878,56.7807,47.1406,154.526,2.3494,-107.854,204.772
720.98,7.74298,2.48663,56.7872,47.1403,154.538,2.3494,-107.854,198.459
721,7.74298,2.57184,60.18,46.9081,157.397,2.3494,-107.854,191.272
721.02,7.74458,2.59683,60.18,46.9081,157.397,2.34819,-107.854,184.555
721.04,7.74244,2.42615,65.0857,46.7223,163.23,2.34819,-107.854,175.55
721.06,7.74244,2.42816,65.0857,46.7223,163.23,2.38113,-107.854,166.566
721.08,7.74564,2.43586,70.7535,46.7223,167.243,2.38113,-107.854,161.64
721.1,7.74298,2.37911,70.7708,46.7223,167.256,2.38113,-107.854,153.988
721.12,7.74298,2.43255,75.2639,46.7223,165.214,2.38113,-97.7643,149.496
721.14,7.74298,2.37489,75.2639,46.676,165.214,2.38113,-97.7643,145.465
721.16,7.74244,2.39056,77.5563,46.6759,160.78,2.38113,-97.7643,141.41
721.18,7.74405,2.38844,77.5563,46.4437,160.78,2.38113,-97.7643,139.164
721.2,7.74458,2.34853,77.969,46.4437,156.463,2.38113,-97.7643,137.367
721.22,7.74405,2.41678,77.969,46.027,156.463,2.38113,-97.7643,136.472
721.24,7.74405,2.58386,77.969,46.0257,153.605,2.38113,-97.7643,138.715
721.26,7.74458,2.52701,76.456,45.7935,153.605,2.38703,-97.7643,139.164
721.28,7.74511,2.42398,76.456,45.7935,156.105,2.38703,-97.7643,138.716
721.3,7.74298,2.47332,73.4759,45.2361,156.113,2.3619,-97.7643,140.961
721.32,7.74458,2.58322,73.4759,45.2361,160.255,2.3619,-97.7643,143.656
721.34,7.74458,2.58322,69.9563,44.9583,160.255,2.3619,-97.7643,140.969
721.36,7.74191,2.51977,69.9456,44.9575,160.313,2.3619,-97.7643,142.758
721.38,7.74458,2.50708,72.238,45.3755,162.764,2.41955,-88.7045,146.351
721.4,7.74458,2.6484,69.3584,44.9587,162.764,2.41955,-88.7045,150.83
721.42,7.74565,2.61463,69.3496,44.9575,162.88,2.42499,-88.7045,156.234
721.44,7.74565,2.61463,66.4611,44.5395,157.863,2.42294,-88.7045,160.277
721.46,7.74458,2.47748,66.4611,43.8913,157.863,2.42294,-88.7045,161.172
721.48,7.74405,2.57583,63.802,43.8893,149.229,2.42294,-88.7045,159.378
721.5,7.74458,2.48561,61.1428,42.9604,149.229,2.42294,-72.0055,160.726
721.52,7.74458,2.49098,61.1428,42.9604,139.167,2.42294,-72.0055,163.861
721.54,7.74458,2.47918,58.8045,42.1709,129.919,2.42294,-72.0055,169.261
721.56,7.74244,2.45294,57.0623,41.3349,129.919,2.42294,-72.0055,170.159
721.58,7.74244,2.3514,57.0623,41.3349,123.58,2.42294,-72.0055,171.951
721.6,7.74405,2.35063,56.0995,40.5453,120.877,2.42294,-72.0055,175.999
721.62,7.74458,2.38534,56.0995,39.8951,120.877,2.33784,-72.0055,178.245
721.64,7.74458,2.43737,55.2768,39.8951,120.993,2.36937,-72.0055,178.693
721.66,7.74351,2.32285,54.4948,39.5236,120.993,2.36947,-72.0055,176.897
721.68,7.74244,2.47927,54.4948,39.5236,124.027,2.36947,-72.0055,184.085
721.7,7.74458,2.34826,54.2197,39.5236,127.236,2.36947,-93.1932,190.823
721.72,7.74458,2.31283,54.2197,39.5236,127.236,2.36947,-93.1932,190.823
721.74,7.74458,2.31641,53.9905,39.5236,128.927,2.36947,-93.1932,183.636
721.76,7.74458,2.37447,54.3114,39.6165,129.219,2.36947,-93.1932,180.491
721.78,7.74245,2.36483,54.3114,39.8943,129.219,2.36947,-93.1932,177.356
721.8,7.74298,2.49308,54.3573,39.8951,130.619,2.50736,-93.1932,173.304
721.82,7.74191,2.3927,53.9905,39.5236,130.619,2.50736,-93.1932,170.609
721.84,7.74191,2.35006,53.9905,39.5236,133.469,2.51463,-93.1932,165.235
721.86,7.74405,2.38653,53.4403,39.4771,138.145,2.51466,-93.1932,158.48
721.88,7.74191,2.59358,53.4403,39.5236,138.145,2.51466,-93.1932,158.929
721.9,7.74457,2.54471,53.029,39.5236,143.438,2.51466,-69.2988,160.273
721.92,7.74458,2.40588,52.6151,39.5236,143.454,2.51466,-69.2257,159.378
721.94,7.74405,2.38122,52.6151,39.57,148.587,2.51466,-69.2257,160.277
721.96,7.74405,2.4128,52.0666,39.57,152.368,2.51466,-69.2257,159.829
721.98,7.74512,2.48813,51.5606,39.4307,152.379,2.51466,-69.2257,159.378
722,7.74137,2.47356,51.5606,39.4307,154.946,2.43058,-69.2257,160.726
722.02,7.74137,2.41611,51.1492,39.2455,154.539,2.43058,-69.2257,159.83
722.04,7.74458,2.41442,51.1479,38.8734,154.538,2.41562,-69.2257,159.828
722.06,7.74351,2.52083,51.0562,38.8734,150.221,2.41562,-69.2257,162.074
722.08,7.74458,2.49817,50.8734,38.6418,150.221,2.41562,-87.4955,164.313
722.1,7.74244,2.32129,50.8728,38.6411,146.371,2.41562,-87.5514,162.074
722.12,7.74244,2.32129,50.5061,38.4554,147.829,2.41562,-87.5514,157.582
722.14,7.74351,2.3319,50.5061,38.4554,147.829,2.41562,-87.5514,164.299
722.16,7.74351,2.31028,50.5061,38.4554,147.829,2.41562,-87.5514,174.651
722.18,7.74191,2.30984,50.0476,38.4554,149.813,2.41562,-87.5514,178.694
722.2,7.74191,2.27349,50.1851,38.5018,147.712,2.41562,-87.5514,180.94
722.22,7.74191,2.27349,50.1851,38.6407,147.712,2.5576,-87.5514,183.627
722.24,7.74351,2.21485,51.0562,38.6411,144.504,2.48753,-87.5514,183.636
722.26,7.74244,2.26107,52.7068,38.5482,144.504,2.48753,-87.5514,186.331
722.28,7.74351,2.22018,52.7068,38.5482,142.294,2.48753,-87.5514,189.466
722.3,7.74244,2.25263,54.6324,38.6876,141.82,2.48753,-69.3904,189.026
722.32,7.74244,2.27022,54.6324,39.0127,141.82,2.48753,-69.3904,186.78
722.34,7.74298,2.33773,57.3292,39.0127,143.798,2.48753,-69.3904,183.645
722.36,7.74298,2.41935,60.6843,39.4307,143.804,2.48753,-69.3904,178.694
722.38,7.74191,2.3678,60.6843,40.0809,147.596,2.48753,-69.3904,173.304
722.4,7.74244,2.39019,63.7467,40.0809,153.179,2.44487,-69.3904,168.825
722.42,7.74244,2.37766,66.6445,40.4524,153.196,2.44474,-69.3904,164.32
722.44,7.74298,2.66372,66.6445,40.4524,159.263,2.43717,-69.3904,159.828
722.46,7.74244,2.52945,68.8385,40.7766,165.487,2.43717,-69.3904,154.901
722.48,7.74244,2.59392,68.8452,40.9633,165.506,2.43717,-69.3904,149.496
722.5,7.74351,2.60534,70.8625,40.9633,170.173,2.43717,-90.0017,145.453
722.52,7.74351,2.61393,73.2851,40.8707,170.173,2.43717,-90.0017,139.183
722.54,7.74298,2.66051,73.2925,40.8704,174.256,2.43717,-90.0017,135.57
722.56,7.74298,2.72525,76.0892,41.1491,179.565,2.43717,-90.0017,123.891
722.58,7.74085,2.68056,79.3802,41.4732,179.565,2.43717,-90.0017,111.8
722.6,7.74298,2.67412,79.3903,41.4742,186.507,2.47822,-90.0017,106.821
722.62,7.74298,2.5938,82.5996,42.2637,193.741,2.47822,-90.0017,104.126
722.64,7.74138,2.57644,82.5996,43.1898,193.741,2.46374,-90.0017,101.887
722.66,7.74351,2.67084,85.1212,43.1926,198.175,2.46369,-90.0017,101.431
722.68,7.74405,2.73793,86.405,44.5859,198.175,2.46369,-67.3726,100.532
722.7,7.74298,2.67581,86.405,44.5859,197.242,2.46369,-67.3726,94.6927
722.72,7.74298,2.67941,87.2734,45.7898,191.658,2.46369,-67.3726,93.3492
722.74,7.74405,2.60538,87.2761,47.2797,191.641,2.46369,-67.3726,92.8959
722.76,7.74191,2.56394,87.4595,47.2797,184.932,2.46369,-67.3726,90.2006
722.78,7.74191,2.60388,87.4595,48.9465,179.058,2.46369,-67.3726,89.7528
722.8,7.74405,2.51392,87.4595,50.8094,179.04,2.44116,-67.3726,91.099
722.82,7.74405,2.52245,87.5512,50.8094,174.198,2.4441,-67.3726,95.5911
722.84,7.74351,2.4791,87.3683,53.1245,174.198,2.4441,-67.3726,98.2781
722.86,7.74191,2.50832,87.3678,53.1316,170.931,2.4441,-67.3726,97.8371
722.88,7.74351,2.39537,85.6256,55.3609,168.772,2.4441,-84.3598,98.2863
722.9,7.74191,2.37631,85.6256,57.9538,168.772,2.4441,-84.3598,97.8385
722.92,7.74191,2.41723,82.7372,57.9617,167.197,2.4441,-84.3598,96.9387
722.94,7.74351,2.49734,79.5736,60.8876,167.197,2.4441,-84.3598,96.9387
722.96,7.74245,2.59298,79.5736,60.8876,166.209,2.4441,-84.3598,98.2822
722.98,7.74405,2.47002,77.2813,64.3245,165.272,2.42723,-84.3598,100.982
723,7.74405,2.5303,76.2726,67.622,165.272,2.42723,-84.3598,101.431
723.02,7.74405,2.49639,76.2726,67.622,164.167,2.4757,-84.3598,100.535
723.04,7.74405,2.45638,75.86,70.873,161.655,2.47584,-84.3598,97.3879
723.06,7.74298,2.41359,75.86,74.1705,161.655,2.47584,-84.3598,94.6927
723.08,7.74351,2.37743,75.7228,74.1705,156.537,2.47584,-68.6765,92.4535
723.1,7.74351,2.31679,75.4015,77.05,156.521,2.47584,-68.6286,89.3022
723.12,7.74405,2.34069,75.4015,77.05,149.171,2.47584,-68.6286,90.6498
723.14,7.74351,2.41055,74.7159,79.6893,140.33,2.47584,-68.6286,89.7542
723.16,7.74244,2.4105,74.7138,81.7873,140.303,2.47584,-68.6286,88.853
723.18,7.74298,2.43209,73.8885,81.7873,132.719,2.40798,-68.6286,89.3022
723.2,7.74298,2.43209,73.5676,83.6451,127.761,2.40798,-68.6286,88.853
723.22,7.74458,2.30978,73.5676,85.2193,127.761,2.43242,-68.6286,87.0617
723.24,7.74405,2.26469,73.9343,85.2241,125.486,2.43249,-68.6286,84.3609
723.26,7.74512,2.38169,74.7596,86.4781,125.486,2.43249,-78.8004,78.9705
723.28,7.74192,2.36066,74.7596,86.4781,125.602,2.43249,-78.8004,81.2097
723.3,7.74191,2.3606,75.539,86.7103,127.527,2.43249,-78.8004,79.8689
723.32,7.74512,2.3208,75.539,86.6639,127.527,2.43249,-78.8004,79.8689
723.34,7.74245,2.35263,75.3562,86.6639,130.261,2.43249,-78.8004,78.5254
723.36,7.74405,2.56326,74.5304,86.153,130.269,2.43249,-78.8004,78.0721
723.38,7.74191,2.43731,74.5304,85.2241,132.778,2.48878,-78.8004,77.1737
723.4,7.74191,2.42603,73.6162,85.2241,134.057,2.4649,-78.8004,75.3823
723.42,7.74298,2.51209,73.0174,84.4346,134.061,2.46482,-78.8004,76.2752
723.44,7.74351,2.43409,73.0174,84.4346,134.878,2.46482,-78.8004,75.826
723.46,7.74564,2.43761,73.0631,83.3696,136.565,2.46482,-78.4514,77.6174
723.48,7.74351,2.34357,73.0632,82.8091,136.57,2.46482,-78.4503,79.8689
723.5,7.74351,2.32882,74.026,82.8091,138.028,2.46482,-78.4503,78.0721
723.52,7.74458,2.39273,75.9001,81.883,138.028,2.46482,-78.4503,77.6242
723.54,7.74351,2.44769,75.9058,81.8802,138.495,2.46482,-78.4503,77.6228
723.56,7.74351,2.44216,78.5191,80.7655,136.861,2.47033,-78.4503,74.4784
723.58,7.74405,2.44665,78.5191,79.4228,136.861,2.47033,-78.4503,75.3741
723.6,7.74405,2.45329,80.7657,79.4187,134.061,2.48694,-78.4503,76.2752
723.62,7.74298,2.54941,82.9205,78.0254,130.561,2.48694,-78.4503,76.7244
723.64,7.74458,2.35816,82.9205,76.4974,130.561,2.48694,-78.4503,77.1723
723.66,7.74458,2.39744,85.5797,76.4927,127.119,2.48694,-70.8318,76.2752
723.68,7.74244,2.442,88.4223,74.9601,127.119,2.48694,-70.8318,80.3181
723.7,7.74244,2.41272,88.4223,74.9601,124.085,2.48694,-70.8318,78.0721
723.72,7.74564,2.33313,91.0734,74.034,121.875,2.48694,-70.8318,79.4156
723.74,7.74244,2.23319,91.0815,73.5203,121.869,2.48694,-70.8318,85.7086
723.76,7.74298,2.3525,93.2822,73.5203,120.352,2.42864,-70.8318,87.0562
723.78,7.74244,2.32196,95.0191,73.011,120.352,2.42864,-70.8318,87.9519
723.8,7.74244,2.30833,95.0244,73.0094,119.827,2.44799,-70.8318,88.853
723.82,7.74458,2.28689,95.9414,72.6843,121.227,2.44799,-70.8318,90.2006
723.84,7.74245,2.27056,96.4441,72.3139,121.227,2.44799,-82.4506,93.7833
723.86,7.74244,2.35556,96.4457,72.3128,125.719,2.44799,-82.4861,96.4895
723.88,7.74351,2.23531,96.2623,72.3128,133.245,2.44799,-82.4861,96.0403
723.9,7.74351,2.24653,96.2623,72.3128,133.245,2.44799,-82.4861,100.071
723.92,7.74298,2.38575,95.6204,72.3128,142.404,2.44799,-82.4861,106.372
723.94,7.74191,2.35112,94.1991,71.8948,142.404,2.44799,-82.4861,107.27
723.96,7.74404,2.40715,94.1991,71.8948,151.244,2.53818,-82.4861,112.645
723.98,7.74458,2.35957,92.2735,71.1981,159.322,2.52045,-82.4861,118.501
724,7.74458,2.32658,90.1187,70.2693,159.322,2.52045,-82.4861,118.95
724.02,7.74245,2.51932,90.1187,70.2693,166.883,2.52045,-82.4861,120.293
724.04,7.74244,2.49633,87.9638,69.3868,173.848,2.52045,-65.3341,121.196
724.06,7.74137,2.44261,87.9638,68.3651,173.848,2.52045,-65.3341,122.544
724.08,7.74137,2.64558,86.364,68.3651,181.7,2.52045,-65.3341,122.991
724.1,7.74351,2.66228,85.9465,67.3898,181.724,2.52045,-65.3341,119.848
724.12,7.74351,2.55886,85.9465,67.3898,190.474,2.52045,-65.3341,118.501
724.14,7.74191,2.60945,86.3579,66.4637,200.245,2.41148,-65.3341,119.396
724.16,7.74351,2.77265,86.3591,65.0676,200.275,2.41114,-65.3341,113.559
724.18,7.74351,2.68247,87.4595,65.0676,210.251,2.43282,-65.3341,115.805
724.2,7.74137,2.63637,88.8808,63.8136,219.118,2.43282,-65.3341,117.602
724.22,7.74351,2.60466,88.8808,63.8136,219.118,2.43282,-65.3341,116.259
724.24,7.74405,2.6014,90.4396,62.4203,226.761,2.43282,-87.5308,113.11
724.26,7.74137,2.53972,91.9984,61.1663,226.761,2.43282,-87.5308,111.313
724.28,7.74137,2.53972,91.9984,61.1663,233.1,2.43282,-87.5308,109.97
724.3,7.74298,2.60093,93.6031,60.1446,238.953,2.43282,-87.5308,109.517
724.32,7.74191,2.53426,93.6031,59.1692,238.953,2.43282,-87.5308,105.024
724.34,7.74351,2.59382,96.0714,59.1692,244.362,2.53546,-87.5308,100.098
724.36,7.74351,2.54575,99.7467,58.5655,244.379,2.53577,-87.5308,100.532
724.38,7.74351,2.54575,99.7467,58.5655,250.096,2.51759,-87.5308,96.9387
724.4,7.74405,2.52962,103.266,58.0098,255.04,2.51759,-87.5308,95.5952
724.42,7.74244,2.46552,103.277,58.0081,255.055,2.51759,-87.5308,96.0403
724.44,7.74298,2.50245,106.532,58.0081,257.913,2.51759,-65.9106,95.1419
724.46,7.74191,2.44787,109.32,57.9155,255.587,2.51759,-65.9106,92.9027
724.48,7.74191,2.49875,109.329,57.8224,255.58,2.51759,-65.9106,91.9975
724.5,7.74084,2.59076,111.713,57.8224,246.479,2.51759,-65.9106,91.9975
724.52,7.7435,2.55543,113.998,57.4983,246.479,2.51759,-65.9106,92.4453
724.54,7.74084,2.54879,114.005,57.4973,233.47,2.41931,-65.9106,94.2435
724.56,7.74298,2.46969,115.931,56.9399,220.81,2.43679,-65.9106,93.7943
724.58,7.74298,2.45585,115.931,56.338,220.81,2.43679,-65.9106,92.8986
724.6,7.74191,2.5558,117.582,56.3362,211.768,2.43679,-65.9106,89.3022
724.62,7.74351,2.70067,118.774,55.6395,211.768,2.43679,-89.1986,89.7514
724.64,7.74298,2.45597,118.774,54.9913,205.428,2.43679,-89.1986,91.0949
724.66,7.74191,2.46988,119.92,54.9893,199.925,2.43679,-89.1986,97.3879
724.68,7.74191,2.46831,120.699,54.9429,199.925,2.43679,-89.1986,97.8371
724.7,7.74405,2.5014,120.699,54.9429,195.841,2.43679,-89.1986,100.532
724.72,7.74138,2.50152,120.471,54.8966,193.631,2.43679,-89.1986,103.219
724.74,7.74298,2.49412,120.47,54.8035,193.625,2.55616,-89.1986,105.923
724.76,7.74298,2.48869,114.326,54.6642,193.041,2.53562,-89.1986,104.126
724.78,7.74191,2.4808,114.326,54.6642,193.041,2.53562,-89.1986,106.365
724.8,7.74244,2.53388,114.326,54.6642,193.041,2.53562,-89.1986,107.72
724.82,7.74298,2.48217,114.326,54.6642,193.916,2.53562,-89.1986,109.067
724.84,7.74244,2.55038,109.664,54.7105,195.312,2.53562,-65.14,109.515
724.86,7.74244,2.47101,109.65,54.7106,195.316,2.53562,-65.0664,113.559
724.88,7.74512,2.49298,104.836,54.7106,197.65,2.53562,-65.0664,118.95
724.9,7.74458,2.38725,99.7165,54.9885,201.198,2.53562,-65.0664,122.533
724.92,7.74405,2.4457,99.7009,55.7324,201.209,2.53562,-65.0664,125.239
724.94,7.74298,2.53377,94.7493,55.7324,203.659,2.49358,-65.0664,127.934
724.96,7.74298,2.53377,90.407,56.4269,203.659,2.49358,-65.0664,127.934
724.98,7.74458,2.39311,90.3938,56.4291,204.534,2.49555,-65.0664,130.18
725,7.74351,2.46817,87.001,57.265,201.85,2.49555,-65.0664,134.672
725.02,7.74405,2.48152,87.001,57.7744,201.85,2.49555,-65.0664,137.359
725.04,7.74405,2.38268,85.0754,57.7759,196.6,2.49555,-87.9632,136.469
725.06,7.74405,2.38268,85.1212,57.7759,196.6,2.49555,-87.9632,136.918
725.08,7.74405,2.51199,85.1212,57.7759,189.446,2.49555,-87.9632,134.231
725.1,7.74672,2.49694,86.4967,57.4973,182.307,2.49555,-87.9632,134.672
725.12,7.74565,2.51777,88.2848,57.1722,182.307,2.49555,-87.9632,133.324
725.14,7.74405,2.41256,88.2848,57.1722,175.793,2.52103,-87.9632,130.637
725.16,7.74405,2.40782,90.2562,56.7542,169.473,2.5211,-87.9632,129.282
725.18,7.74512,2.37899,90.2562,56.6613,169.473,2.53709,-87.9632,132.875
725.2,7.74672,2.38248,92.5028,56.6613,162.239,2.53709,-87.9632,132.426
725.22,7.74725,2.46762,93.9654,57.1706,162.239,2.53709,-68.1949,133.77
725.24,7.74512,2.32892,93.9699,57.1722,155.355,2.53709,-68.1344,132.426
725.26,7.74512,2.36413,95.0702,57.8688,151.563,2.53709,-68.1344,130.18
725.28,7.74618,2.46954,95.9387,58.6559,151.563,2.53709,-68.1344,125.702
725.3,7.74672,2.33791,95.9414,58.6584,151.738,2.53709,-68.1344,126.137
725.32,7.74725,2.44864,96.8583,59.9123,155.705,2.53709,-68.1344,125.688
725.34,7.74832,2.29871,96.8583,60.8847,155.705,2.49371,-68.1344,125.688
725.36,7.74832,2.34537,97.6377,60.8876,162.005,2.48535,-68.1344,124.789
725.38,7.74672,2.35469,97.9128,62.0023,162.005,2.48535,-68.1344,125.239
725.4,7.74832,2.41198,97.9128,62.0023,168.577,2.48535,-68.1344,125.239
725.42,7.74832,2.53454,96.95,63.3492,173.381,2.48535,-91.896,124.34
725.44,7.75099,2.48918,96.95,64.5103,173.381,2.48535,-91.896,123.442
725.46,7.75099,2.50398,93.7961,64.5103,174.719,2.48535,-91.896,126.129
725.48,7.74939,2.4451,90.3938,65.4391,174.373,2.48535,-91.896,128.832
725.5,7.75046,2.56664,90.3938,65.4391,174.373,2.48535,-91.896,128.832
725.52,7.75046,2.48855,86.7371,66.0411,174.722,2.55067,-91.896,126.145
725.54,7.75046,2.51854,84.8462,66.9253,174.723,2.55087,-91.896,126.586
725.56,7.75099,2.53709,84.8462,66.9253,176.24,2.54628,-91.896,127.485
725.58,7.75046,2.3313,85.029,67.944,177.345,2.54628,-91.896,125.693
725.6,7.75046,2.44747,85.0295,69.1546,177.348,2.54628,-91.896,122.993
725.62,7.74993,2.43409,86.084,69.1546,177.407,2.54628,-73.8792,123.891
725.64,7.74993,2.37638,85.9926,70.7289,177.407,2.54628,-73.8792,122.1
725.66,7.74939,2.38352,85.9924,70.7337,176.065,2.54628,-73.8792,122.993
725.68,7.75153,2.53159,84.5252,72.2199,174.081,2.54628,-73.8792,121.196
725.7,7.74993,2.48387,84.5252,73.1023,174.081,2.54628,-73.8792,123.891
725.72,7.75152,2.50041,82.0113,73.1023,171.58,2.47903,-73.8792,122.1
725.74,7.75153,2.50046,78.3816,73.6132,169.064,2.47882,-73.8792,123.891
725.76,7.75206,2.42054,78.3816,73.9383,169.064,2.49526,-73.8792,126.137
725.78,7.75206,2.48116,75.0449,73.9383,168.483,2.49526,-73.8792,129.272
725.8,7.75313,2.57875,72.7882,74.1705,168.481,2.49526,-88.7456,129.282
725.82,7.75367,2.48622,72.7882,74.1705,170.581,2.49526,-88.7456,131.078
725.84,7.75367,2.48622,72.1939,74.0779,173.489,2.49526,-88.7456,127.944
725.86,7.75206,2.52423,72.1921,73.8454,173.498,2.49526,-88.7456,126.586
725.88,7.75367,2.5471,72.9257,73.8454,174.198,2.49526,-88.7456,124.79
725.9,7.7558,2.61073,73.8856,73.8454,174.198,2.49526,-88.7456,122.103
725.92,7.75634,2.63382,73.8885,73.8454,170.989,2.55684,-88.7456,118.95
725.94,7.75634,2.62096,74.0719,73.7061,165.097,2.54606,-88.7456,118.501
725.96,7.75474,2.52181,73.6148,73.382,165.097,2.54606,-88.7456,116.709
725.98,7.75687,2.62449,73.6134,73.381,159.497,2.54606,-88.7456,117.602
726,7.75474,2.52452,73.9343,72.963,156.055,2.54606,-79.3975,115.805
726.02,7.75687,2.68255,73.9343,72.1296,156.055,2.54606,-79.3975,115.358
726.04,7.75687,2.74449,75.9058,72.127,156.988,2.54606,-79.3975,114.458
726.06,7.75634,2.50306,78.7942,70.8266,156.988,2.54606,-79.3975,114.458
726.08,7.75527,2.59838,78.7942,70.8266,160.071,2.54606,-79.3975,111.323
726.1,7.75687,2.59364,82.1411,69.3868,162.53,2.52967,-79.3975,114.907
726.12,7.75687,2.56006,82.1411,68.1329,162.53,2.52967,-79.3975,112.661
726.14,7.75687,2.51065,85.4321,68.1329,162.298,2.51281,-79.3975,110.87
726.16,7.75741,2.58252,88.514,67.1575,157.747,2.51276,-79.3975,106.372
726.18,7.7558,2.60439,88.514,66.4144,157.747,2.51276,-79.3975,101.431
726.2,7.75634,2.50156,91.8609,66.4144,152.088,2.51276,-82.3214,96.0403
726.22,7.75474,2.41087,95.1519,65.7199,152.088,2.51276,-82.3214,94.6968
726.24,7.75474,2.43034,95.1619,65.7178,148.296,2.51276,-82.3214,92.4467
726.26,7.75687,2.36584,97.867,65.0676,146.779,2.51276,-82.3214,96.0403
726.28,7.75687,2.26891,97.867,64.4193,146.779,2.51276,-82.3214,100.519
726.3,7.75634,2.33275,100.618,64.4174,146.371,2.54578,-82.3214,98.7356
726.32,7.75794,2.19303,102.773,63.7672,146.371,2.54578,-82.3214,97.3879
726.34,7.75794,2.24216,102.773,63.7672,144.8,2.513,-82.3214,98.2836
726.36,7.75794,2.23254,103.415,63.0705,141.354,2.5129,-82.3214,98.2863
726.38,7.7558,2.37364,102.085,62.4203,141.354,2.5129,-82.3214,98.7355
726.4,7.7558,2.37948,102.085,62.4203,139.202,2.5129,-84.641,95.6007
726.42,7.75741,2.39589,99.0132,61.863,140.187,2.5129,-84.6481,100.083
726.44,7.75741,2.39541,99.0132,61.6772,140.187,2.5129,-84.6481,101.88
726.46,7.75794,2.3185,94.6709,61.6772,145.247,2.5129,-84.6481,100.536
726.48,7.75741,2.36423,89.8436,61.3985,145.262,2.5129,-84.6481,100.083
726.5,7.75741,2.28671,89.8436,61.3985,153.546,2.53336,-84.6481,103.228
726.52,7.75528,2.41283,85.0442,61.167,161.805,2.53336,-84.6481,105.019
726.54,7.75527,2.39431,85.0295,60.8412,161.83,2.53336,-84.6481,108.169
726.56,7.75741,2.39468,80.6281,60.8412,168.889,2.53336,-84.6481,110.864
726.58,7.75581,2.3712,76.6058,60.3782,172.321,2.53336,-72.9062,112.208
726.6,7.75741,2.40954,76.5935,59.4479,172.331,2.53336,-72.8703,120.747
726.62,7.75741,2.31815,72.7882,59.4479,174.081,2.53336,-72.8703,124.79
726.64,7.75048,2.27361,69.6343,58.846,174.081,2.53336,-72.8703,127.924
726.66,7.74779,2.42927,69.6246,58.8441,172.506,2.53336,-72.8703,133.324
726.68,7.75046,2.28843,67.103,58.5655,166.381,2.48502,-72.8703,136.469
726.7,7.74832,2.31906,67.103,58.6119,166.381,2.48502,-72.8703,138.715
726.72,7.74832,2.32994,65.3204,58.6119,158.006,2.50463,-72.8703,143.641
726.74,7.74244,2.32292,64.1687,58.8906,157.98,2.50469,-72.8703,149.047
726.76,7.74084,2.43271,64.1687,58.8906,152.204,2.50469,-72.8703,157.132
726.78,7.74031,2.38355,63.5288,59.4925,150.809,2.50469,-89.3541,162.954
726.8,7.74137,2.46558,63.5727,60.0517,150.804,2.50469,-89.4045,168.812
726.82,7.74137,2.46558,63.5727,60.0517,152.963,2.50469,-89.4045,175.999
726.84,7.73871,2.25092,63.8013,60.098,157.15,2.50469,-89.4045,178.238
726.86,7.73977,2.37381,63.802,59.8194,157.163,2.50469,-89.4045,185.432
726.88,7.73817,2.30108,64.077,59.8194,162.064,2.62478,-89.4045,189.475
726.9,7.73923,2.30782,64.4427,59.6342,162.064,2.62478,-89.4045,194.849
726.92,7.73924,2.30784,64.4438,59.6337,164.105,2.58976,-89.4045,196.663
726.94,7.73817,2.46858,64.994,59.1692,162.005,2.58976,-89.4045,197.112
726.96,7.73923,2.38477,64.994,58.5673,162.005,2.58976,-89.4045,200.247
726.98,7.74084,2.36198,65.5442,58.5655,159.322,2.58976,-67.7432,200.256
727,7.7387,2.42112,66.5987,57.6366,157.98,2.58976,-67.7432,205.647
727.02,7.7387,2.43184,66.5987,56.1549,157.98,2.58976,-67.7432,204.303
727.04,7.73817,2.27616,68.02,56.1504,158.797,2.58976,-67.7432,206.545
727.06,7.74084,2.38593,69.3496,54.4784,158.797,2.58976,-67.7432,206.545
727.08,7.73764,2.34238,69.3496,54.4784,160.89,2.45157,-67.7432,201.171
727.1,7.73977,2.38515,70.4958,52.8529,164.689,2.49798,-67.7432,199.358
727.12,7.73977,2.37192,70.4958,51.2274,164.689,2.49798,-67.7432,197.561
727.14,7.73924,2.34527,71.4099,51.2274,169.4,2.49798,-67.7432,192.635
727.16,7.73924,2.35466,72.1004,49.7876,169.414,2.49798,-88.7868,189.026
727.18,7.73977,2.35466,72.1004,49.7876,174.315,2.49798,-88.7868,187.229
727.2,7.74031,2.34361,72.8799,48.2085,179.798,2.49798,-88.7868,187.229
727.22,7.74031,2.33026,73.5655,47.0973,179.798,2.49798,-88.7868,186.781
727.24,7.73817,2.37867,73.5676,47.0939,185.282,2.49798,-88.7868,188.577
727.26,7.7387,2.37924,74.5762,46.4437,188.257,2.49798,-88.7868,191.272
727.28,7.73924,2.29631,74.5762,45.8417,188.257,2.55658,-88.7868,188.585
727.3,7.73977,2.34163,76.0434,45.8399,185.457,2.56611,-88.7868,186.331
727.32,7.73977,2.35533,77.7397,45.5612,185.457,2.56611,-88.7868,181.839
727.34,7.73817,2.25421,77.7397,45.5612,180.514,2.56611,-88.7868,182.287
727.36,7.7387,2.35112,79.8946,45.4219,177.582,2.56611,-68.8963,180.94
727.38,7.73603,2.34531,79.8946,45.5612,177.582,2.56611,-68.8963,180.94
727.4,7.7371,2.37763,82.4999,45.5612,178.047,2.56611,-68.8963,180.492
727.42,7.7371,2.35816,85.3505,46.7688,180.032,2.56611,-68.8963,175.999
727.44,7.73763,2.38059,85.3505,46.7688,180.032,2.56611,-68.8963,169.261
727.46,7.73763,2.43752,85.3505,46.7688,180.032,2.56611,-68.8963,167.47
727.48,7.7387,2.3115,87.5512,46.7688,182.015,2.52034,-68.8963,167.015
727.5,7.7387,2.42152,88.9725,47.837,182.015,2.52034,-68.8963,166.566
727.52,7.73977,2.42971,88.9725,47.837,183.702,2.51398,-68.8963,164.774
727.54,7.73924,2.39599,90.6688,48.9981,185.866,2.51396,-68.8963,162.523
727.56,7.74031,2.33799,90.6688,50.0663,185.866,2.51396,-68.8963,167.015
727.58,7.73871,2.40643,92.5429,50.0663,188.134,2.51396,-89.6499,166.567
727.6,7.7387,2.51237,95.0244,51.0416,188.141,2.51396,-89.7134,162.523
727.62,7.7387,2.45714,95.0244,51.0416,189.074,2.51396,-89.7134,158.929
727.64,7.73924,2.30917,97.2641,52.1065,188.667,2.51396,-89.7134,158.034
727.66,7.73817,2.39752,98.6922,53.2244,188.666,2.51396,-89.7134,157.582
727.68,7.73763,2.35083,98.6922,53.2244,188.666,2.61134,-89.7134,151.742
727.7,7.73763,2.35083,99.7009,54.1533,191.174,2.61134,-89.7134,152.64
727.72,7.73817,2.32818,99.7009,55.2183,191.174,2.57894,-89.7134,156.223
727.74,7.73817,2.29814,99.976,55.2215,195.083,2.57884,-89.7134,155.785
727.76,7.73763,2.35009,99.3341,56.2433,195.083,2.57884,-69.4934,155.785
727.78,7.73977,2.46322,99.3341,56.2433,198.456,2.57884,-69.4934,161.607
727.8,7.73977,2.46357,97.546,56.9864,199.633,2.57884,-69.4934,156.234
727.82,7.73763,2.44538,97.546,57.8224,199.633,2.57884,-69.4934,154.437
727.84,7.7371,2.39346,95.6263,57.8224,199.401,2.57884,-69.4934,154.885
727.86,7.7371,2.36362,94.6118,58.9835,199.4,2.57884,-69.4934,155.336
727.88,7.73657,2.40445,94.6118,58.9835,199.4,2.48763,-69.4934,155.336
727.9,7.73657,2.43559,94.7032,60.604,200.331,2.50712,-69.4934,153.096
727.92,7.73763,2.36339,95.2995,62.5596,200.333,2.50718,-69.4934,151.293
727.94,7.73657,2.51267,95.2995,62.5596,202.959,2.50718,-69.4934,152.191
727.96,7.73763,2.39594,95.7109,64.3654,207.67,2.50718,-94.3732,149.952
727.98,7.73817,2.63917,95.7121,66.2287,207.684,2.50718,-94.4492,145.453
728,7.73817,2.63755,96.3998,66.2287,214.276,2.50718,-94.4492,144.555
728.02,7.73817,2.61293,97.9539,68.2197,214.276,2.50718,-94.4492,141.42
728.04,7.7387,2.70369,97.9587,68.2257,220.635,2.50718,-94.4492,142.309
728.06,7.73603,2.67221,100.71,70.1764,224.836,2.49427,-94.4492,138.266
728.08,7.73603,2.62829,104.32,71.8896,224.836,2.49427,-94.4492,132.444
728.1,7.73657,2.61495,104.332,71.8948,225.886,2.53346,-94.4492,131.078
728.12,7.7387,2.61905,108.687,73.4739,224.894,2.53346,-94.4492,123.891
728.14,7.73764,2.50396,108.687,74.6314,224.894,2.53346,-94.4492,119.413
728.16,7.7371,2.56738,113.593,74.635,222.969,2.53346,-73.9204,117.602
728.18,7.7371,2.50407,118.682,75.4245,222.969,2.53346,-73.9204,114.458
728.2,7.73977,2.47638,118.682,75.4245,220.518,2.53346,-73.9204,107.27
728.22,7.73764,2.65026,123.618,75.7486,217.262,2.53346,-73.9204,109.51
728.24,7.7371,2.55622,123.633,75.9818,217.252,2.53346,-73.9204,108.169
728.26,7.73657,2.57711,127.255,75.9818,212.468,2.4791,-73.9204,105.474
728.28,7.73657,2.57711,129.541,76.1671,206.768,2.4791,-73.9204,104.578
728.3,7.73657,2.49981,129.548,76.4463,206.751,2.52176,-73.9204,101.431
728.32,7.73924,2.53117,130.74,76.4463,201.15,2.52176,-73.9204,98.7356
728.34,7.73711,2.4617,131.106,76.4926,201.15,2.52176,-73.9204,100.079
728.36,7.7387,2.48355,131.107,76.4927,197.65,2.52176,-95.2729,100.083
728.38,7.7387,2.48355,130.694,76.3534,195.375,2.52176,-95.2729,104.575
728.4,7.7371,2.46677,130.694,75.983,195.375,2.52176,-95.2729,107.71
728.42,7.7371,2.40595,128.356,75.9818,194.441,2.52176,-95.2729,108.618
728.44,7.73817,2.4778,124.459,75.7032,194.441,2.52176,-95.2729,112.212
728.46,7.7387,2.54291,124.459,75.7032,194.209,2.56439,-95.2729,111.764
728.48,7.7387,2.53232,120.332,75.5174,194.15,2.57918,-95.2729,111.763
728.5,7.7387,2.52184,120.332,75.7496,194.15,2.57918,-95.2729,111.313
728.52,7.7371,2.51416,117.316,75.7496,193.917,2.57918,-95.2729,113.553
728.54,7.73657,2.45062,115.977,76.0283,193.625,2.57918,-75.5265,116.704
728.56,7.7387,2.45557,115.977,76.2141,193.625,2.57918,-75.5265,117.153
728.58,7.7387,2.48973,115.337,76.2141,193.392,2.57918,-75.5265,116.257
728.6,7.73763,2.46236,115.06,76.2605,193.391,2.57918,-75.5265,114.458
728.62,7.73603,2.50441,115.06,76.2605,192.166,2.57918,-75.5265,112.661
728.64,7.73976,2.5166,115.471,76.3994,189.084,2.56327,-75.5265,109.526
728.66,7.7371,2.48633,115.473,76.2605,189.074,2.56322,-75.5265,111.763
728.68,7.7371,2.42779,116.619,76.2605,184.465,2.54542,-75.5265,114.009
728.7,7.73763,2.49709,117.903,75.6567,184.465,2.54542,-75.5265,116.704
728.72,7.73817,2.36846,117.903,74.8672,180.382,2.54542,-75.5265,114.458
728.74,7.74031,2.41159,119.324,74.8672,178.573,2.54542,-87.2219,116.255
728.76,7.73763,2.46535,120.516,73.5668,178.573,2.54542,-87.2219,116.255
728.78,7.73763,2.50259,120.516,73.5668,179.155,2.54542,-87.2219,114.911
728.8,7.73817,2.56893,120.974,72.4057,180.498,2.54542,-87.2219,113.11
728.82,7.73817,2.52224,120.974,70.6873,180.498,2.54542,-87.2219,112.212
728.84,7.73764,2.41656,120.654,70.6873,182.534,2.58996,-87.2219,113.555
728.86,7.73817,2.43422,119.095,69.1546,182.54,2.5901,-87.2219,115.356
728.88,7.73817,2.43169,119.095,69.1546,184.699,2.58343,-87.2219,117.153
728.9,7.73657,2.40934,115.849,67.3025,187.665,2.58343,-87.2219,118.497
728.92,7.7387,2.46202,112.126,65.5785,187.674,2.58343,-87.2219,122.543
728.94,7.7387,2.48786,112.126,65.5785,191.466,2.58343,-81.4771,125.688
728.96,7.7387,2.57572,108.743,64.6061,195.712,2.58343,-81.4771,128.375
728.98,7.73763,2.53664,108.733,64.4174,195.725,2.58343,-81.4771,131.078
729,7.73817,2.44062,105.432,64.4174,199.75,2.58343,-81.4771,136.02
729.02,7.73657,2.44962,102.324,64.6026,199.75,2.58343,-81.4771,136.915
729.04,7.73603,2.5377,102.314,64.6031,202.259,2.58343,-81.4771,139.164
729.06,7.73603,2.42542,99.8384,65.2534,202.434,2.55846,-81.4771,141.859
729.08,7.73763,2.41342,99.8384,65.9479,202.434,2.55846,-81.4771,142.755
729.1,7.73763,2.39158,98.0504,65.95,201.325,2.55846,-81.4771,141.41
729.12,7.73763,2.51672,97.4543,66.6931,201.034,2.55846,-80.88,140.961
729.14,7.73817,2.4818,97.4543,66.6931,201.034,2.55846,-80.88,146.335
729.16,7.73817,2.48169,98.4171,67.2969,202.9,2.55846,-80.88,149.496
729.18,7.73763,2.51398,101.076,67.5291,202.9,2.55846,-80.88,150.394
729.2,7.7387,2.52072,101.076,67.5291,206.226,2.55846,-80.88,148.597
729.22,7.7371,2.50579,104.423,67.5291,209.493,2.54941,-80.88,146.801
729.24,7.7387,2.50389,104.423,67.1575,209.493,2.54941,-80.88,148.148
729.26,7.7387,2.50389,107.174,67.1575,213.051,2.5501,-80.88,149.496
729.28,7.7371,2.53682,108.865,66.3241,213.051,2.5501,-80.88,145.913
729.3,7.7371,2.50604,108.87,66.3216,217.018,2.5501,-80.88,144.105
729.32,7.73763,2.60372,109.833,65.6249,220.752,2.5501,-85.657,144.105
729.34,7.73763,2.355,109.97,65.2082,220.752,2.5501,-85.657,144.105
729.36,7.73763,2.37423,109.971,65.2069,222.21,2.5501,-85.657,142.309
729.38,7.7371,2.41321,109.65,65.4391,222.269,2.5501,-85.657,141.41
729.4,7.73816,2.40684,109.65,65.9948,222.269,2.5501,-85.657,141.41
729.42,7.7387,2.4775,108.55,65.9965,222.56,2.57728,-85.657,142.309
729.44,7.7387,2.53935,106.028,66.4144,222.56,2.57728,-85.657,146.351
729.46,7.73764,2.53343,106.028,66.4144,223.084,2.5573,-85.657,149.038
729.48,7.73817,2.44876,102.406,66.2287,223.902,2.55724,-85.657,149.496
729.5,7.7371,2.41454,102.406,66.1358,223.902,2.55724,-85.657,147.699
729.52,7.7387,2.37888,98.0179,66.1358,224.426,2.55724,-74.4283,151.73
729.54,7.7387,2.32514,92.9154,65.8571,223.552,2.55724,-74.394,150.394
729.56,7.7387,2.3729,92.9154,65.114,223.552,2.55724,-74.394,148.148
729.58,7.73657,2.52205,88.7102,65.114,221.516,2.55724,-74.394,145.461
729.6,7.73817,2.43572,86.4967,64.8818,221.51,2.55724,-74.394,145.902
729.62,7.73817,2.46274,86.4967,64.8818,218.885,2.55176,-74.394,147.25
729.64,7.73817,2.46274,86.451,64.4651,213.941,2.53474,-74.394,149.489
729.66,7.73817,2.26146,86.4508,64.278,213.926,2.53469,-74.394,147.699
729.68,7.73924,2.24773,88.1472,64.278,205.409,2.53469,-74.394,148.597
729.7,7.7371,2.39,90.8981,64.5103,205.409,2.53469,-89.0339,147.699
729.72,7.73924,2.40572,90.8981,64.5103,195.783,2.53469,-89.0339,149.945
729.74,7.73924,2.40572,93.9699,65.114,188.666,2.53469,-89.0339,150.843
729.76,7.73817,2.33022,93.9699,65.9965,188.666,2.53469,-89.0339,149.047
729.78,7.73817,2.43127,97.7637,65.9965,184.187,2.53469,-89.0339,145.912
729.8,7.73924,2.36104,101.672,67.1575,179.507,2.53469,-89.0339,146.351
729.82,7.7387,2.48433,101.672,68.5509,179.507,2.59361,-89.0339,141.859
729.84,7.7387,2.52031,105.466,68.5509,174.33,2.58828,-89.0339,136.933
729.86,7.73817,2.34915,108.274,70.3157,174.315,2.58826,-89.0339,132.875
729.88,7.73817,2.3773,108.274,70.3157,169.473,2.58826,-89.0339,130.629
729.9,7.7387,2.322,109.371,72.353,166.157,2.58826,-71.6058,125.703
729.92,7.7387,2.29026,109.375,74.635,166.147,2.58826,-71.5525,125.239
729.94,7.7387,2.36657,109.1,74.635,163.755,2.58826,-71.5525,118.051
729.96,7.7387,2.32871,108.78,76.9964,163.755,2.58826,-71.5525,115.364
729.98,7.73496,2.43767,108.779,77.0036,162.064,2.58826,-71.5525,118.95
730,7.73229,2.32959,108.916,79.4187,161.305,2.45378,-71.5525,118.95
730.02,7.73389,2.38526,108.733,81.919,161.305,2.45378,-71.5525,119.845
730.04,7.73389,2.39974,108.733,81.9266,161.714,2.49415,-71.5525,122.543
730.06,7.73443,2.30239,108.137,86.2923,162.414,2.49415,-71.5525,119.399
730.08,7.73389,2.30828,108.137,86.2923,162.414,2.49415,-71.5525,117.16
730.1,7.73443,2.46967,108.137,86.2923,162.414,2.49415,-71.5525,112.661
730.12,7.73496,2.34765,108.137,86.2923,162.414,2.49415,-71.5525,111.313
730.14,7.73496,2.34258,106.903,86.2923,162.704,2.49415,-92.1624,105.044
730.16,7.73443,2.41541,105.386,88.0107,162.705,2.49415,-92.2255,105.024
730.18,7.73282,2.40304,105.386,88.0107,160.78,2.49415,-92.2255,102.778
730.2,7.73389,2.39315,103.644,89.4969,159.263,2.49415,-92.2255,101.88
730.22,7.7355,2.40979,101.81,90.9367,159.263,2.49415,-92.2255,96.9387
730.24,7.7355,2.4191,101.81,90.9367,160.547,2.60657,-92.2255,96.0403
730.26,7.7355,2.40664,100.572,92.0978,165.797,2.60657,-92.2255,96.0403
730.28,7.73337,2.33022,100.572,93.2553,165.797,2.58139,-92.2255,94.6968
730.3,7.73389,2.3893,100.159,93.2589,174.023,2.58132,-92.2255,90.6498
730.32,7.73336,2.40147,101.214,94.4664,174.023,2.58132,-70.1523,90.6498
730.34,7.73336,2.4146,101.214,94.4664,183.561,2.58132,-70.1523,88.4107
730.36,7.73336,2.36313,103.139,96.0919,192.049,2.58132,-70.1523,90.2006
730.38,7.73496,2.38397,103.139,97.9033,192.049,2.58132,-70.1523,90.6498
730.4,7.73443,2.33542,104.328,97.9033,197.807,2.58132,-70.1523,87.0671
730.42,7.73443,2.37547,103.873,100.086,199.458,2.58132,-70.1523,85.2594
730.44,7.73336,2.38744,103.873,102.78,199.458,2.4842,-70.1523,79.4197
730.46,7.73442,2.42507,103.005,102.78,197.016,2.49938,-70.1523,77.6283
730.48,7.73496,2.46758,102.452,105.613,197.008,2.49942,-70.1523,77.1737
730.5,7.73389,2.39809,102.452,105.613,192.574,2.49942,-70.1523,78.9705
730.52,7.73389,2.30353,102.726,108.484,187.922,2.49942,-88.8942,77.1791
730.54,7.73496,2.31202,102.727,111.093,187.907,2.49942,-88.9515,78.0721
730.56,7.73443,2.59455,103.415,111.093,184.699,2.49942,-88.9515,83.4625
730.58,7.73549,2.40673,104.237,113.362,184.699,2.49942,-88.9515,79.8798
730.6,7.73336,2.42761,104.24,113.369,182.832,2.49942,-88.9515,78.5213
730.62,7.73336,2.42761,104.928,115.041,182.015,2.59415,-88.9515,78.9705
730.64,7.73442,2.2763,104.928,116.523,182.015,2.59415,-88.9515,80.314
730.66,7.73443,2.36076,105.157,116.527,180.907,2.57886,-88.9515,83.4625
730.68,7.73389,2.3711,105.569,117.363,178.398,2.57886,-88.9515,83.9118
730.7,7.7355,2.28654,105.569,118.06,178.398,2.57886,-88.9515,84.3609
730.72,7.7355,2.28654,106.165,118.06,175.365,2.57886,-67.0225,85.7086
730.74,7.73229,2.30193,106.578,118.478,175.365,2.57886,-67.0225,88.853
730.76,7.73282,2.39403,106.578,118.478,171.806,2.57886,-67.0225,91.099
730.78,7.73336,2.32125,107.035,118.802,167.967,2.57886,-67.0225,91.5469
730.8,7.73389,2.35941,107.037,118.942,167.956,2.57886,-67.0225,91.9975
730.82,7.73389,2.37582,107.954,118.942,163.23,2.51833,-67.0225,90.2006
730.84,7.73496,2.35539,109.005,118.387,163.23,2.51833,-67.0225,92.8877
730.86,7.73389,2.46563,109.008,118.385,158.038,2.52217,-67.0225,95.5911
730.88,7.73336,2.33703,109.65,117.27,154.305,2.52217,-67.0225,94.2435
730.9,7.73336,2.27172,109.376,116.159,154.305,2.52217,-67.0225,94.2435
730.92,7.73336,2.28423,109.375,116.156,153.488,2.52217,-89.5075,91.0991
730.94,7.73336,2.41441,108.55,115.459,154.246,2.52217,-89.5075,92.4467
730.96,7.73389,2.42101,108.55,114.811,154.246,2.52217,-89.5075,91.1032
730.98,7.73336,2.3946,107.77,114.809,155.646,2.52217,-89.5075,87.5054
731,7.73389,2.38242,107.082,114.298,155.646,2.52217,-89.5075,88.4038
731.02,7.73389,2.42036,107.082,114.298,157.798,2.56598,-89.5075,89.2995
731.04,7.73336,2.43462,106.486,113.415,162.822,2.56359,-89.5075,89.3022
731.06,7.73496,2.4089,106.12,112.347,162.822,2.56359,-89.5075,87.5054
731.08,7.7339,2.45691,106.12,112.347,169.976,2.56359,-89.5075,83.4749
731.1,7.73443,2.41441,106.165,111.465,177.523,2.56359,-64.3663,84.3609
731.12,7.73443,2.3861,106.165,110.768,177.523,2.56359,-64.3663,86.607
731.14,7.73283,2.49163,106.76,110.768,183.572,2.56359,-64.3663,87.5027
731.16,7.73389,2.42767,107.403,110.257,183.59,2.56359,-64.3663,86.1578
731.18,7.73389,2.39151,107.403,110.257,186.974,2.56359,-64.3663,85.7086
731.2,7.73389,2.4944,108.366,109.375,190.124,2.45563,-64.3663,85.2594
731.22,7.73336,2.47475,108.366,108.91,190.124,2.45563,-64.3663,86.1578
731.24,7.73336,2.4247,109.558,108.91,193.275,2.45959,-64.3663,84.8102
731.26,7.73336,2.42708,111.438,109.003,196.6,2.45959,-64.3663,83.9117
731.28,7.73283,2.305,111.438,109.188,196.6,2.45959,-64.3663,81.2247
731.3,7.73282,2.43364,114.556,109.189,201.034,2.45959,-84.3187,83.0133
731.32,7.73282,2.43516,118.453,109.514,201.034,2.45959,-84.3187,86.607
731.34,7.73336,2.3146,118.453,109.514,206.617,2.45959,-84.3187,87.5027
731.36,7.73389,2.40292,122.212,109.793,211.768,2.45959,-84.3187,88.4038
731.38,7.73336,2.4091,122.212,109.793,211.768,2.45959,-84.3187,90.6498
731.4,7.73336,2.4091,126.189,109.793,215.257,2.57618,-84.3187,94.2325
731.42,7.73496,2.38677,130.74,109.236,215.268,2.57654,-84.3187,97.8371
731.44,7.73336,2.32701,130.74,109.236,215.91,2.57781,-84.3187,100.532
731.46,7.73336,2.34685,134.488,107.893,214.747,2.57781,-84.3187,103.219
731.48,7.73336,2.33041,134.499,105.613,214.743,2.57781,-84.3187,108.618
731.5,7.73336,2.33041,137.342,105.613,212.118,2.57781,-70.77,109.516
731.52,7.73123,2.49508,139.216,102.696,209.152,2.57781,-70.77,107.277
731.54,7.73176,2.44791,139.222,100.318,209.143,2.57781,-70.77,105.923
731.56,7.73336,2.3032,141.102,100.318,207.567,2.57781,-70.77,105.474
731.58,7.73336,2.42121,142.976,98.9293,207.567,2.57781,-70.77,106.369
731.6,7.73336,2.44493,142.981,98.925,209.376,2.52293,-70.77,109.517
731.62,7.73282,2.41853,144.815,97.671,216.493,2.53552,-70.77,112.661
731.64,7.73229,2.39333,144.815,95.9579,216.493,2.53552,-70.77,115.348
731.66,7.73229,2.5563,147.245,95.9526,228.277,2.53552,-70.77,118.95
731.68,7.73229,2.35485,149.767,93.3982,228.277,2.53552,-79.2122,118.501
731.7,7.73389,2.36643,149.767,93.3982,241.695,2.53552,-79.2122,119.848
731.72,7.73282,2.34278,152.564,90.2401,252.78,2.53552,-79.2122,116.704
731.74,7.73336,2.40585,155.452,86.8961,252.78,2.53552,-79.2122,114.458
731.76,7.73389,2.40326,155.452,86.8961,260.422,2.53552,-79.2122,115.805
731.78,7.73389,2.42556,158.332,83.655,266.005,2.53552,-79.2122,113.566
731.8,7.73122,2.46501,158.34,80.1153,266.022,2.54825,-79.2122,112.661
731.82,7.73336,2.40797,161.229,80.1153,272.148,2.57326,-79.2122,105.923
731.84,7.73283,2.43511,165.982,76.7816,272.148,2.57326,-79.2122,104.132
731.86,7.73443,2.35528,165.997,76.7714,279.965,2.57326,-79.2122,99.634
731.88,7.73443,2.35528,172.324,73.8454,289.183,2.57326,-80.5918,93.7943
731.9,7.73389,2.32891,179.5,71.5766,289.183,2.57326,-80.5918,87.0767
731.92,7.73282,2.39483,179.522,71.5697,299.8,2.57326,-80.5918,89.7514
731.94,7.73336,2.55421,186.124,69.7119,309.776,2.57326,-80.5918,91.9975
731.96,7.73336,2.40105,186.124,68.5081,309.776,2.57326,-80.5918,91.1018
731.98,7.73336,2.40058,192.543,68.5044,317.71,2.56425,-80.5918,91.5482
732,7.73336,2.4239,198.87,67.5755,317.71,2.56425,-80.5918,90.6498
732.02,7.73336,2.31757,198.87,67.5755,320.851,2.55855,-80.5918,88.8585
732.04,7.73336,2.33942,204.005,66.9253,318.702,2.55853,-80.5918,85.2594
732.06,7.73282,2.39605,204.005,66.2751,318.702,2.55853,-80.5918,81.2165
732.08,7.73282,2.38454,207.113,66.2751,312.828,2.55853,-74.2076,78.5295
732.1,7.73229,2.44307,206.985,66.1822,305.459,2.55853,-74.1881,78.0721
732.12,7.73229,2.48026,206.985,66.0429,305.459,2.55853,-74.1881,80.3181
732.14,7.73229,2.45028,203.74,66.0429,298.189,2.55853,-74.1881,81.6616
732.16,7.73176,2.4732,201.208,66.2287,298.167,2.55853,-74.1881,81.2165
732.18,7.73176,2.53251,201.208,66.2287,292.158,2.51708,-74.1881,79.8689
732.2,7.73229,2.5673,202.033,66.6467,289.708,2.52216,-74.1881,80.7673
732.22,7.73336,2.58699,202.033,67.1111,289.708,2.52216,-74.1881,80.3181
732.24,7.73229,2.45695,204.968,67.1111,291.166,2.52216,-74.1881,83.4625
732.26,7.73389,2.56481,207.994,67.5755,291.166,2.52216,-84.0716,80.7673
732.28,7.73389,2.54303,207.994,67.5755,294.947,2.52216,-84.0716,79.8716
732.3,7.73443,2.43511,209.873,68.2257,295.366,2.52216,-84.0716,79.4197
732.32,7.73176,2.50854,209.873,68.6902,295.366,2.52216,-84.0716,80.7673
732.34,7.73122,2.61057,210.468,68.6902,287.806,2.52216,-84.0716,77.1846
732.36,7.73336,2.66047,209.782,69.0153,275.415,2.52216,-84.0716,76.2752
732.38,7.73336,2.60475,209.782,69.4333,275.415,2.58696,-84.0716,77.6229
732.4,7.73229,2.54894,208.822,69.4333,270.238,2.57922,-84.0716,75.3837
732.42,7.73282,2.62953,207.581,69.7584,270.223,2.5792,-84.0716,72.2324
732.44,7.73336,2.50498,207.581,69.7584,275.881,2.5792,-84.0716,68.6387
732.46,7.73336,2.67526,206.53,70.0825,289.84,2.5792,-70.1537,65.5039
732.48,7.73336,2.68041,206.527,70.6873,289.883,2.5792,-70.1111,67.2911
732.5,7.73389,2.67545,205.701,70.6873,308.726,2.5792,-70.1111,69.0879
732.52,7.73389,2.62272,202.547,71.3818,308.726,2.5792,-70.1111,67.7444
732.54,7.73389,2.59851,202.538,72.3128,327.978,2.5792,-70.1111,64.5959
732.56,7.73389,2.64191,197.449,72.3128,343.729,2.56112,-70.1111,63.2482
732.58,7.73389,2.61201,191.827,73.0073,343.729,2.56112,-70.1111,64.1439
732.6,7.73336,2.67287,191.809,73.0094,354.58,2.55415,-70.1111,65.0451
732.62,7.73336,2.6598,185.666,73.799,359.714,2.55415,-70.1111,65.0451
732.64,7.73496,2.68029,185.666,74.725,359.714,2.55415,-70.1111,67.7321
732.66,7.73496,2.68036,180.989,74.7279,357.497,2.55415,-86.5836,66.8419
732.68,7.73176,2.69413,178.834,76.4927,357.497,2.55415,-86.5836,66.8419
732.7,7.73229,2.56807,178.834,76.4927,347.404,2.55415,-86.5836,70.8848
732.72,7.73282,2.58607,177.963,81.5086,330.486,2.55415,-86.5836,75.3768
732.74,7.73176,2.52518,177.963,81.5086,330.486,2.55415,-86.5836,76.7244
732.76,7.73176,2.52518,177.963,81.5086,330.486,2.55415,-86.5836,80.7673
732.78,7.73122,2.49642,177.963,81.5086,311.817,2.55957,-86.5836,82.5587
732.8,7.73336,2.59134,177.596,84.2488,294.258,2.55959,-86.5836,82.1149
732.82,7.73176,2.50994,177.596,84.2488,294.258,2.58449,-86.5836,85.2594
732.84,7.73229,2.52616,177.414,86.7954,277.857,2.58449,-86.5836,88.3942
732.86,7.73229,2.52843,177.138,89.8221,277.807,2.58449,-69.2051,87.5054
732.88,7.73389,2.49388,177.138,89.8221,262.055,2.58449,-69.2051,87.9546
732.9,7.73229,2.47005,176.727,92.4613,246.526,2.58449,-69.2051,88.8503
732.92,7.73282,2.54305,176.725,94.838,246.479,2.58449,-69.2051,87.9546
732.94,7.73336,2.46496,175.854,94.838,232.011,2.58449,-69.2051,91.9975
732.96,7.73336,2.46392,174.574,97.1531,220.03,2.58449,-69.2051,92.8931
732.98,7.73389,2.54342,174.571,97.1602,219.993,2.52358,-69.2051,92.8959
733,7.73443,2.54374,172.462,98.6464,210.776,2.50305,-69.2051,91.9975
733.02,7.73176,2.54825,170.222,99.665,210.776,2.50305,-69.2051,91.1018
733.04,7.73282,2.48117,170.215,99.6681,204.125,2.50305,-69.2051,92.8959
733.06,7.73282,2.46989,167.418,99.9468,199.283,2.50305,-90.5576,93.3451
733.08,7.73176,2.60156,167.418,99.8542,199.283,2.50305,-90.5576,95.1364
733.1,7.73122,2.59934,163.842,99.8539,196.016,2.50305,-90.5576,95.5911
733.12,7.73282,2.39199,159.67,99.1108,196.016,2.50305,-90.5576,94.6927
733.14,7.73282,2.48983,159.67,99.1108,194.213,2.50305,-90.5576,93.3492
733.16,7.73389,2.49474,154.902,98.1819,193.741,2.6624,-90.5576,93.3451
733.18,7.73282,2.48722,149.95,96.9744,193.741,2.6624,-90.5576,92.4467
733.2,7.73176,2.50853,149.95,96.9744,194.15,2.60926,-90.5576,91.5482
733.22,7.73443,2.68267,144.357,95.8133,195.433,2.60926,-90.5576,93.3451
733.24,7.73443,2.59749,144.357,94.4664,195.433,2.60926,-90.5576,92.8959
733.26,7.73122,2.53931,138.442,94.4664,197.475,2.60926,-70.3994,93.3451
733.28,7.73388,2.60241,133.323,93.2626,197.475,2.60926,-70.3994,97.3756
733.3,7.73336,2.47015,133.307,93.2589,199.4,2.60926,-70.3994,101.88
733.32,7.73122,2.41743,129.823,92.6087,200.859,2.60926,-70.3994,102.778
733.34,7.73122,2.41743,129.823,92.0531,200.859,2.60926,-70.3994,103.226
733.36,7.73443,2.54863,128.127,92.0514,201.734,2.5,-70.3994,101.88
733.38,7.73336,2.50277,127.714,91.5405,202.317,2.5,-70.3994,104.575
733.4,7.73602,2.48053,127.714,91.5405,202.317,2.53486,-70.3994,108.606
733.42,7.73282,2.4375,127.531,90.8903,202.142,2.53496,-70.3994,108.169
733.44,7.73282,2.4375,127.531,90.4258,202.142,2.53496,-70.3994,112.661
733.46,7.73442,2.42495,128.033,90.4258,201.153,2.53496,-89.0797,115.348
733.48,7.73282,2.50025,129.548,89.9614,200.158,2.53496,-89.1369,114.458
733.5,7.73496,2.40174,129.548,89.4505,200.158,2.53496,-89.1369,115.356
733.52,7.7323,2.46708,131.742,89.4505,199.286,2.53496,-89.1369,119.387
733.54,7.73229,2.51358,134.499,88.9861,199.283,2.53496,-89.1369,120.297
733.56,7.73496,2.56581,134.499,88.9861,198.292,2.57693,-89.1369,121.196
733.58,7.73283,2.49715,137.562,88.4304,197.477,2.57953,-89.1369,124.779
733.6,7.73336,2.41629,137.571,87.9179,197.475,2.57954,-89.1369,127.934
733.62,7.73496,2.34601,140.781,87.9179,196.483,2.57954,-89.1369,131.977
733.64,7.73496,2.3722,143.386,87.177,196.483,2.57954,-65.6941,131.977
733.66,7.73336,2.44031,143.394,86.8032,194.616,2.57954,-65.6224,133.324
733.68,7.73443,2.52432,144.403,86.8032,192.516,2.57954,-65.6224,135.121
733.7,7.73389,2.42635,141.789,86.6639,192.516,2.57954,-65.6224,137.817
733.72,7.73282,2.4808,141.789,86.6639,191.233,2.57954,-65.6224,136.469
733.74,7.73282,2.48484,135.325,86.9426,191.058,2.57954,-65.6224,133.774
733.76,7.73496,2.4237,135.325,87.3605,191.058,2.51397,-65.6224,133.324
733.78,7.73496,2.3861,127.691,87.3605,192.686,2.54548,-65.6224,135.116
733.8,7.73496,2.5308,119.828,87.9643,192.691,2.54558,-65.6224,140.063
733.82,7.73603,2.53081,119.828,87.9643,196.425,2.54558,-65.6224,140.961
733.84,7.73603,2.54601,112.743,88.1495,202.473,2.54558,-90.769,145.887
733.86,7.73603,2.48526,106.165,88.1965,202.492,2.54558,-90.8459,145.902
733.88,7.7355,2.47269,106.165,88.1965,210.076,2.54558,-90.8459,144.105
733.9,7.7355,2.46468,100.543,87.4557,217.288,2.54558,-90.8459,145.897
733.92,7.73817,2.5638,100.526,86.2923,217.31,2.54558,-90.8459,151.742
733.94,7.73817,2.53685,95.758,86.2923,222.035,2.60856,-90.8459,155.785
733.96,7.73391,2.53166,91.6899,85.0885,222.035,2.60856,-90.8459,156.68
733.98,7.7371,2.47407,91.6775,85.0848,221.394,2.59661,-90.8459,159.828
734,7.73496,2.32173,88.6515,83.6451,216.843,2.59661,-90.8459,164.32
734.02,7.7355,2.3751,88.6515,82.0708,216.843,2.59661,-90.8459,162.976
734.04,7.7355,2.37876,86.5884,82.066,211.068,2.59661,-72.0055,160.726
734.06,7.73496,2.3527,86.0382,80.6262,205.934,2.59661,-72.0055,163.87
734.08,7.73443,2.56838,86.0382,80.6262,205.934,2.59661,-72.0055,165.214
734.1,7.73443,2.35615,87.0469,79.558,202.667,2.59661,-72.0055,167.015
734.12,7.73443,2.35615,88.9266,79.0007,202.667,2.59661,-72.0055,167.015
734.14,7.73603,2.36779,88.9266,79.0007,200.515,2.55332,-72.0055,170.598
734.16,7.73763,2.34851,90.623,78.6291,198.058,2.57193,-72.0055,174.651
734.18,7.73603,2.3256,90.623,78.6756,198.058,2.57193,-72.0055,178.245
734.2,7.73229,2.42733,91.815,78.6756,195.55,2.57193,-72.0055,183.186
734.22,7.73229,2.37645,92.8695,78.9542,195.55,2.57193,-87.469,180.94
734.24,7.73496,2.34147,92.8695,78.9542,192.983,2.57193,-87.469,181.39
734.26,7.7355,2.30822,93.5573,79.1865,190.999,2.57193,-87.469,184.085
734.28,7.73443,2.3857,94.6543,79.6032,190.999,2.57193,-87.469,184.98
734.3,7.7371,2.41089,94.6576,79.6044,188.607,2.57193,-87.469,187.229
734.32,7.7371,2.41089,96.2623,79.6509,185.574,2.57193,-87.469,186.78
734.34,7.73337,2.45278,96.2623,79.049,185.574,2.58087,-87.469,181.406
734.36,7.73336,2.36123,98.5088,79.0471,183.007,2.58311,-87.469,175.55
734.38,7.73657,2.39898,101.535,78.3969,183.007,2.58311,-87.469,175.999
734.4,7.73497,2.34055,101.535,78.3969,182.193,2.58311,-87.469,170.177
734.42,7.73496,2.34037,105.157,77.6538,183.59,2.58311,-77.1531,163.87
734.44,7.73657,2.39491,105.157,76.1212,183.59,2.58311,-77.1531,162.523
734.46,7.73603,2.42871,108.265,76.1212,186.789,2.58311,-77.1531,157.597
734.48,7.73657,2.46397,110.246,74.1241,191.058,2.58311,-77.1531,153.09
734.5,7.73603,2.58217,110.246,71.4768,191.058,2.58311,-77.1531,154.886
734.52,7.73603,2.56841,110.52,71.4768,194.954,2.59563,-77.1531,155.782
734.54,7.73443,2.43209,109.742,68.0864,194.966,2.59567,-77.1531,157.132
734.56,7.7371,2.34934,109.742,68.0864,197.358,2.56728,-77.1531,157.132
734.58,7.73657,2.42094,108.462,64.4286,196.718,2.56728,-77.1531,158.028
734.6,7.73657,2.45711,108.458,60.609,196.716,2.56728,-77.1531,158.929
734.62,7.73657,2.45305,106.716,60.609,195.725,2.56728,-78.6562,156.234
734.64,7.7339,2.39979,104.887,57.0437,195.725,2.56728,-78.6562,158.025
734.66,7.73603,2.42273,104.882,57.0328,195.141,2.56728,-78.6562,154.886
734.68,7.73603,2.33157,102.956,54.6178,194.208,2.56728,-78.6562,157.132
734.7,7.73657,2.4082,102.956,53.2244,194.208,2.56728,-78.6562,159.378
734.72,7.73657,2.43663,101.306,53.2244,191.233,2.5419,-78.6562,159.378
734.74,7.73657,2.3705,99.655,52.8529,185.399,2.5419,-78.6562,162.074
734.76,7.73496,2.43952,99.655,53.1316,185.399,2.56687,-78.6562,162.523
734.78,7.73603,2.23114,97.9638,53.1316,178.827,2.56687,-78.6562,162.971
734.8,7.73603,2.2305,97.0875,53.6424,178.807,2.56687,-82.8773,162.074
734.82,7.73657,2.35271,97.0875,53.6424,173.906,2.56687,-82.8773,165.218
734.84,7.73497,2.34152,96.859,54.2907,171.115,2.56687,-82.8773,165.666
734.86,7.7355,2.29236,96.8583,54.8035,171.106,2.56687,-82.8773,165.218
734.88,7.7355,2.35954,97.546,54.8035,170.698,2.56687,-82.8773,166.566
734.9,7.73763,2.42781,98.9173,55.3592,170.698,2.56687,-82.8773,167.014
734.92,7.73763,2.4438,98.9215,55.3609,172.564,2.61539,-82.8773,162.972
734.94,7.73603,2.33991,100.48,55.7788,177.173,2.61683,-82.8773,158.48
734.96,7.7355,2.38997,101.714,55.7788,177.173,2.61683,-82.8773,153.106
734.98,7.73603,2.28374,101.718,55.7788,185.166,2.61683,-82.8773,151.293
735,7.73389,2.32909,102.91,55.7788,196.308,2.61683,-72.7879,149.496
735.02,7.73389,2.40461,102.91,55.5936,196.308,2.61683,-72.7879,148.152
735.04,7.73496,2.40644,104.332,55.5931,208.734,2.61683,-72.7879,149.496
735.06,7.73496,2.34882,105.019,55.3144,208.734,2.61683,-72.7879,145.004
735.08,7.73709,2.4335,105.019,55.3144,219.785,2.61683,-72.7879,144.108
735.1,7.7371,2.3746,105.386,55.0357,226.819,2.57013,-72.7879,139.164
735.12,7.73603,2.33685,104.607,54.7106,226.819,2.57013,-72.7879,136.02
735.14,7.73656,2.43129,104.607,54.7106,229.32,2.57457,-72.7879,136.02
735.16,7.73443,2.51029,102.589,54.6178,227.519,2.57458,-72.7879,136.469
735.18,7.73657,2.32337,102.589,54.7571,227.519,2.57458,-72.7879,139.613
735.2,7.73657,2.38707,98.6464,54.7571,222.385,2.57458,-86.11,142.309
735.22,7.73603,2.40194,92.9612,54.9429,222.385,2.57458,-86.11,145.453
735.24,7.73657,2.29709,92.9612,54.9429,215.151,2.57458,-86.11,147.699
735.26,7.7355,2.37352,86.3133,55.3609,209.143,2.57458,-86.11,148.148
735.28,7.73603,2.28139,86.3133,55.3609,209.143,2.57458,-86.11,155.314
735.3,7.73603,2.28111,80.2614,55.3609,207.626,2.61223,-86.11,160.277
735.32,7.73603,2.29047,75.6766,55.3144,210.834,2.61223,-86.11,163.87
735.34,7.7371,2.06146,75.6766,55.3144,210.834,2.61664,-86.11,166.557
735.36,7.73603,2.11918,72.5131,55.4537,215.443,2.61666,-66.8166,169.71
735.38,7.73763,2.23312,72.5131,55.4537,215.443,2.61666,-66.8166,172.855
735.4,7.73763,2.23312,72.5131,55.4537,215.443,2.61666,-66.8166,172.407
735.42,7.73389,2.1999,72.5131,55.4537,217.893,2.61666,-66.8166,171.058
735.44,7.73443,2.20775,73.43,55.9182,216.435,2.61666,-66.8166,171.507
735.46,7.73603,2.11766,73.43,56.7053,216.435,2.61666,-66.8166,167.924
735.48,7.73603,2.24416,76.4101,56.7077,211.126,2.61666,-66.8166,167.913
735.5,7.7371,2.26895,80.9032,57.7295,211.126,2.61666,-66.8166,168.812
735.52,7.73603,2.35559,80.9032,57.7295,203.74,2.5596,-66.8166,166.125
735.54,7.73496,2.34034,87.1385,58.5655,197.475,2.55565,-66.8166,161.175
735.56,7.73603,2.39226,87.1385,59.6337,197.475,2.55565,-66.8166,160.277
735.58,7.73603,2.27619,94.9089,59.6337,194.683,2.55565,-66.8166,158.038
735.6,7.73657,2.26444,103.919,60.5161,194.966,2.55565,-89.178,155.336
735.62,7.73603,2.44992,103.919,61.5379,194.966,2.55565,-89.178,153.539
735.64,7.7355,2.4255,113.198,61.5379,195.373,2.55565,-89.178,152.643
735.66,7.73603,2.4635,120.928,62.5596,195.375,2.55565,-89.178,152.64
735.68,7.73603,2.4635,120.928,62.5596,196.191,2.55565,-89.178,153.988
735.7,7.73657,2.43371,126.293,63.5814,198.875,2.66688,-89.178,149.496
735.72,7.73443,2.56692,126.293,64.8818,198.875,2.66688,-89.178,149.047
735.74,7.7355,2.53344,129.456,64.8818,203.134,2.64376,-89.178,143.656
735.76,7.73496,2.52418,130.74,66.2287,203.134,2.64376,-89.178,142.758
735.78,7.73496,2.52418,130.74,66.2287,208.95,2.64376,-89.178,138.727
735.8,7.73603,2.4978,130.052,67.2969,215.093,2.64376,-67.5785,135.57
735.82,7.73657,2.42257,127.806,68.5044,215.093,2.64376,-67.5785,135.57
735.84,7.73603,2.42402,127.806,68.5044,220.851,2.64376,-67.5785,136.914
735.86,7.73603,2.4833,125.284,69.4797,224.252,2.64376,-67.5785,134.223
735.88,7.73603,2.43817,125.284,70.3622,224.252,2.64376,-67.5785,135.121
735.9,7.7371,2.36811,123.41,70.3622,223.496,2.52287,-67.5785,136.017
735.92,7.73443,2.45061,121.57,71.6626,223.494,2.5225,-67.5785,136.469
735.94,7.73496,2.48346,121.57,71.6626,219.643,2.54597,-67.5785,133.324
735.96,7.73763,2.49833,119.879,72.9127,214.932,2.54597,-67.5785,136.011
735.98,7.73763,2.48582,119.874,74.2634,214.918,2.54597,-67.5785,135.57
736,7.7387,2.56009,119.415,74.2634,209.668,2.54597,-88.6221,136.02
736.02,7.7371,2.37818,120.33,75.3284,204.608,2.54597,-88.6221,136.02
736.04,7.73496,2.39358,120.332,76.2605,204.592,2.54597,-88.6221,131.977
736.06,7.73603,2.41406,122.579,76.2605,201.325,2.54597,-88.6221,126.586
736.08,7.73603,2.37648,124.773,77.3254,201.325,2.54597,-88.6221,121.212
736.1,7.73657,2.42921,124.78,77.3287,199.4,2.65356,-88.6221,121.196
736.12,7.73603,2.45134,127.439,78.304,198.642,2.62833,-88.6221,114.458
736.14,7.7355,2.47972,127.439,79.9246,198.642,2.62833,-88.6221,112.666
736.16,7.7355,2.42538,129.41,79.9296,198.35,2.62833,-88.6221,113.11
736.18,7.7355,2.35561,129.869,82.3911,198.35,2.62833,-64.5105,109.966
736.2,7.73603,2.4783,129.869,85.2241,198.117,2.62833,-64.5105,111.313
736.22,7.73603,2.42213,129.502,85.2241,196.833,2.62833,-64.5105,115.356
736.24,7.73443,2.38621,128.768,88.0572,196.833,2.62833,-64.5105,113.559
736.26,7.73657,2.38621,128.768,88.0572,194.091,2.62833,-64.5105,112.212
736.28,7.73657,2.37434,128.586,89.8167,190.136,2.62833,-64.5105,109.525
736.3,7.73496,2.37646,128.585,90.7509,190.124,2.58116,-64.5105,104.575
736.32,7.73496,2.35231,129.456,90.7509,187.616,2.58324,-64.5105,101.88
736.34,7.73603,2.44977,131.604,90.3805,187.616,2.58324,-64.5105,100.089
736.36,7.73603,2.37412,131.611,90.3794,187.207,2.58324,-64.5105,104.575
736.38,7.73603,2.35175,133.445,89.2183,188.257,2.58324,-86.6866,105.474
736.4,7.7371,2.39757,133.445,87.644,188.257,2.58324,-86.6866,106.369
736.42,7.73496,2.39236,134.087,87.6392,189.541,2.58324,-86.6866,105.474
736.44,7.7355,2.50321,133.353,85.9672,190.999,2.58324,-86.6866,106.372
736.46,7.7355,2.63761,133.353,85.9672,190.999,2.58324,-86.6866,109.059
736.48,7.73443,2.57088,131.519,84.2488,192.341,2.64672,-86.6866,112.212
736.5,7.73657,2.46826,129.227,82.8555,192.341,2.64672,-86.6866,115.805
736.52,7.73657,2.5403,129.227,82.8555,192.981,2.64268,-86.6866,114.014
736.54,7.73603,2.56587,127.347,81.7409,193.975,2.64267,-86.6866,119.848
736.56,7.73603,2.56587,127.347,81.6015,193.975,2.64267,-86.6866,118.501
736.58,7.73603,2.54059,127.119,81.6015,195.37,2.64267,-66.8156,119.844
736.6,7.73496,2.50546,127.76,81.7409,195.375,2.64267,-66.7548,124.79
736.62,7.73496,2.64724,127.76,81.7409,197.533,2.64267,-66.7548,128.832
736.64,7.73603,2.58507,128.948,82.0187,200.383,2.64267,-66.7548,123.458
736.66,7.73603,2.58488,129.41,82.1589,200.392,2.64267,-66.7548,125.688
736.68,7.73657,2.56136,129.41,82.1589,203.425,2.5049,-66.7548,126.137
736.7,7.73443,2.46636,128.356,82.6697,206.109,2.5049,-66.7548,130.629
736.72,7.73443,2.50104,128.356,83.3664,206.109,2.52373,-66.7548,136.02
736.74,7.73657,2.58016,126.109,83.3664,208.442,2.52373,-66.7548,139.164
736.76,7.73657,2.61171,123.954,84.1559,208.442,2.52373,-66.7548,142.309
736.78,7.7371,2.44925,123.954,84.1559,210.362,2.52373,-85.7842,147.235
736.8,7.73657,2.63743,122.075,84.8526,213.576,2.52373,-85.8424,151.742
736.82,7.73496,2.52831,120.47,85.4564,213.576,2.52373,-85.8424,150.843
736.84,7.73443,2.68085,120.47,85.4564,218.287,2.52373,-85.8424,152.187
736.86,7.73443,2.65593,119.37,85.9208,224.194,2.52373,-85.8424,152.191
736.88,7.73657,2.42951,119.37,86.7103,224.194,2.58658,-85.8424,155.785
736.9,7.73603,2.51981,118.318,86.7103,230.301,2.59679,-85.8424,158.024
736.92,7.73657,2.65768,116.573,87.825,230.319,2.59682,-85.8424,160.726
736.94,7.7371,2.63868,116.573,87.825,235.57,2.59682,-85.8424,163.87
736.96,7.7371,2.60205,113.739,89.1677,238.71,2.59682,-71.1239,166.11
736.98,7.7371,2.49655,113.73,91.0296,238.72,2.59682,-71.0789,169.261
737,7.7355,2.5595,110.659,91.0296,240.645,2.59682,-71.0789,171.956
737.02,7.73656,2.37486,108.602,92.6502,241.692,2.59682,-71.0789,171.061
737.04,7.73657,2.51516,108.595,92.6551,241.695,2.59682,-71.0789,170.159
737.06,7.73496,2.49206,107.495,94.002,241.987,2.6435,-71.0789,175.999
737.08,7.73709,2.6259,107.495,95.1595,241.987,2.6435,-71.0789,182.269
737.1,7.73763,2.5225,107.403,95.1631,240.82,2.63202,-71.0789,184.085
737.12,7.73603,2.45119,107.724,95.6275,238.37,2.63202,-71.0789,187.229
737.14,7.7339,2.57712,107.724,96.0442,238.37,2.63202,-71.0789,184.094
737.16,7.73389,2.57915,108.458,96.0455,235.336,2.63202,-82.2184,180.94
737.18,7.73657,2.53896,110.383,96.1384,235.336,2.63202,-82.2184,179.143
737.2,7.73496,2.38182,110.383,96.1384,231.369,2.63202,-82.2184,170.609
737.22,7.73443,2.42713,112.997,95.8597,226.177,2.63202,-82.2184,165.667
737.24,7.73443,2.42713,112.997,95.256,226.177,2.63202,-82.2184,162.523
737.26,7.73443,2.36696,115.61,95.256,219.993,2.59775,-82.2184,158.929
737.28,7.7307,2.30456,117.896,94.0521,219.993,2.59775,-82.2184,156.242
737.3,7.73122,2.37628,117.903,92.1907,212.643,2.62972,-82.2184,150.844
737.32,7.73229,2.44758,120.241,92.1907,204.592,2.62972,-82.2184,147.699
737.34,7.73229,2.38077,122.435,90.2923,204.592,2.62972,-79.6114,143.221
737.36,7.73229,2.34357,122.441,90.2865,197.125,2.62972,-79.6034,137.817
737.38,7.73176,2.36073,124.596,88.243,193.275,2.62972,-79.6034,131.528
737.4,7.73069,2.38373,124.596,86.715,193.275,2.62972,-79.6034,124.362
737.42,7.73069,2.31591,126.293,86.7103,193.1,2.62972,-79.6034,120.747
737.44,7.73069,2.30435,127.576,85.4564,193.1,2.62972,-79.6034,115.805
737.46,7.73175,2.3498,127.576,85.4564,194.205,2.59604,-79.6034,110.431
737.48,7.73122,2.35838,128.31,84.8526,194.091,2.59516,-79.6034,107.27
737.5,7.72908,2.28372,128.585,84.5275,194.091,2.59516,-79.6034,99.634
737.52,7.73335,2.4191,128.585,84.5275,192.928,2.59516,-79.6034,93.8121
737.54,7.73336,2.41952,128.402,84.3881,191.058,2.59516,-78.265,86.1578
737.56,7.73015,2.42054,128.402,84.3881,191.058,2.59516,-78.265,83.9117
737.58,7.72962,2.32422,127.853,84.7123,189.604,2.59516,-78.265,84.3596
737.6,7.73015,2.33451,127.485,85.4564,189.599,2.59516,-78.265,83.0133
737.62,7.73069,2.30542,127.485,85.4564,188.783,2.59516,-78.265,83.4625
737.64,7.73069,2.34731,127.668,86.5213,188.317,2.62352,-78.265,80.7755
737.66,7.73176,2.38134,127.668,87.8714,188.316,2.62361,-78.265,81.2165
737.68,7.73229,2.34219,128.264,87.8714,187.849,2.63687,-78.265,82.5641
737.7,7.73282,2.39688,128.539,89.6827,187.091,2.63687,-78.265,79.4197
737.72,7.73282,2.40918,128.539,89.6827,187.091,2.63687,-78.265,81.2165
737.74,7.73282,2.4087,128.081,91.494,185.691,2.63687,-84.7716,82.1149
737.76,7.73176,2.54076,126.522,93.1196,185.691,2.63687,-84.7716,82.1149
737.78,7.73229,2.3782,126.522,93.1196,183.946,2.63687,-84.7716,83.9063
737.8,7.73015,2.49131,123.633,94.1878,181.549,2.63687,-84.7716,86.1578
737.82,7.73282,2.44549,123.633,94.6986,181.549,2.63687,-84.7716,94.6927
737.84,7.73282,2.40439,120.205,94.6986,179.513,2.69881,-84.7716,100.067
737.86,7.73015,2.4499,116.069,94.6058,179.507,2.699,-84.7716,107.72
737.88,7.73122,2.44726,116.069,94.6058,179.04,2.65271,-84.7716,112.212
737.9,7.73175,2.52981,111.086,94.189,180.552,2.65271,-84.7716,113.107
737.92,7.73122,2.3747,105.248,93.2589,180.557,2.65271,-84.7716,113.559
737.94,7.73122,2.40973,105.248,93.2589,183.065,2.65271,-73.6115,116.704
737.96,7.73069,2.40304,99.3064,91.7309,184.519,2.65271,-73.6115,122.526
737.98,7.73069,2.62291,99.2882,89.4505,184.524,2.65271,-73.6115,127.934
738,7.73122,2.36844,89.11,86.1066,183.474,2.65271,-73.6115,132.426
738.02,7.73122,2.46411,89.11,86.1066,183.474,2.65271,-73.6115,137.8
738.04,7.73122,2.44231,89.11,86.1066,183.474,2.65271,-73.6115,143.656
738.06,7.73176,2.45473,89.11,86.1066,179.798,2.62378,-73.6115,146.801
738.08,7.73282,2.37894,85.5905,83.0969,175.495,2.58771,-73.6115,156.205
738.1,7.73122,2.25459,85.5797,80.812,175.481,2.5876,-73.6115,162.074
738.12,7.73122,2.30104,82.9205,80.812,172.331,2.5876,-73.6115,172.405
738.14,7.73122,2.34014,81.3665,78.9136,170.528,2.5876,-85.5382,179.123
738.16,7.73229,2.4435,81.3617,77.1894,170.523,2.5876,-85.5747,183.186
738.18,7.73282,2.39809,80.8115,77.1894,171.573,2.5876,-85.5747,188.577
738.2,7.73176,2.41548,80.8115,75.471,171.573,2.5876,-85.5747,189.924
738.22,7.73176,2.41548,81.27,75.471,175.015,2.5876,-85.5747,191.721
738.24,7.73069,2.368,82.3704,73.4739,180.265,2.71621,-85.5747,187.678
738.26,7.73015,2.42655,82.3704,72.127,180.265,2.71621,-85.5747,185.432
738.28,7.73122,2.31139,84.3358,72.127,187.186,2.68387,-85.5747,180.506
738.3,7.72962,2.40205,87.7804,71.2446,187.207,2.68377,-85.5747,178.694
738.32,7.72962,2.40205,87.7804,71.2446,195.666,2.68377,-85.5747,178.245
738.34,7.73175,2.35986,93.0369,70.9205,203.344,2.68377,-75.4339,179.141
738.36,7.73122,2.31124,93.0529,70.5015,203.367,2.68377,-75.4029,176.448
738.38,7.73229,2.37005,100.068,70.5015,208.734,2.68377,-75.4029,173.304
738.4,7.73016,2.40651,108.158,70.5478,208.734,2.68377,-75.4029,170.617
738.42,7.73015,2.39885,108.183,71.1981,211.476,2.68377,-75.4029,166.117
738.44,7.72908,2.4445,116.986,71.1981,213.343,2.53499,-75.4029,160.277
738.46,7.72962,2.40437,126.493,71.7538,213.343,2.53499,-75.4029,157.59
738.48,7.73122,2.33368,126.522,71.7555,213.343,2.58704,-75.4029,154.437
738.5,7.73122,2.41224,136.15,72.2663,211.301,2.58704,-75.4029,145.004
738.52,7.73016,2.36746,136.15,73.0998,211.301,2.58704,-75.4029,138.286
738.54,7.73229,2.32373,145.64,73.1023,210.076,2.58704,-89.0339,129.282
738.56,7.72962,2.43405,154.214,73.8454,210.076,2.58704,-89.0339,121.645
738.58,7.72962,2.40636,154.214,73.8454,212.402,2.58704,-89.0339,114.032
738.6,7.72962,2.30693,161.504,74.635,219.702,2.58704,-89.0339,105.024
738.62,7.72962,2.3418,166.96,75.5639,219.702,2.58704,-89.0339,98.2864
738.64,7.73122,2.3871,166.96,75.5639,232.788,2.69244,-89.0339,94.7037
738.66,7.73176,2.34316,169.573,76.6785,250.854,2.69276,-89.0339,93.3451
738.68,7.73069,2.4473,169.573,78.0718,250.854,2.67327,-89.0339,91.9975
738.7,7.73122,2.4473,169.481,78.0718,272.498,2.67327,-89.0339,87.5054
738.72,7.73122,2.36303,167.327,79.7438,272.498,2.67327,-73.6733,83.0133
738.74,7.72962,2.45791,167.327,79.7438,296.942,2.67327,-73.6733,80.3181
738.76,7.72801,2.35317,163.75,81.7409,323.894,2.67327,-73.6733,74.9276
738.78,7.73068,2.30696,160.414,84.1486,323.894,2.67327,-73.6733,74.9276
738.8,7.73069,2.30682,160.404,84.1559,354.23,2.67327,-73.6733,71.7832
738.82,7.72962,2.40834,157.653,86.8961,385.674,2.67327,-73.6733,68.6387
738.84,7.72962,2.39988,157.653,86.8961,385.674,2.62743,-73.6733,65.9517
738.86,7.72962,2.52232,155.131,89.4969,409.243,2.63166,-73.6733,65.4943
738.88,7.72801,2.4482,154.031,92.5158,409.243,2.63166,-73.6733,63.6975
738.9,7.72801,2.53623,154.031,92.5158,413.547,2.63166,-73.6733,61.4583
738.92,7.72962,2.52006,155.223,95.8133,402.184,2.63166,-89.6928,58.307
738.94,7.72801,2.37824,155.223,99.2501,402.184,2.63166,-89.6928,54.2641
738.96,7.73015,2.22785,156.64,99.2501,385.608,2.63166,-89.6928,56.0555
738.98,7.73015,2.36608,158.157,102.826,368.581,2.63166,-89.6928,57.4086
739,7.73015,2.40091,158.157,102.826,368.581,2.63166,-89.6928,63.6975
739.02,7.73015,2.47337,160.442,105.975,350.202,2.69942,-89.6928,71.3107
739.04,7.73069,2.35459,161.458,109.003,350.146,2.69963,-89.6928,78.0721
739.06,7.72855,2.35597,161.458,109.003,327.277,2.67001,-89.6928,78.5213
739.08,7.72908,2.39279,160.864,112.152,300.989,2.67001,-89.6928,80.3126
739.1,7.72908,2.39291,160.862,114.669,300.909,2.67001,-89.6928,80.3181
739.12,7.72962,2.36195,159.853,114.669,275.356,2.67001,-66.0959,86.1578
739.14,7.73015,2.38251,158.985,116.66,275.356,2.67001,-66.0959,93.3232
739.16,7.72962,2.42527,158.982,116.666,252.079,2.67001,-66.0959,98.7355
739.18,7.72962,2.2516,158.386,117.177,232.244,2.67001,-66.0959,106.372
739.2,7.73015,2.22257,158.386,116.388,232.244,2.67001,-66.0959,112.212
739.22,7.72908,2.33685,158.203,116.388,214.685,2.56049,-66.0959,117.602
739.24,7.72908,2.30141,158.57,114.251,200.1,2.56049,-66.0959,120.297
739.26,7.73122,2.29187,158.57,110.907,200.1,2.59456,-66.0959,123.442
739.28,7.73122,2.33194,158.387,110.907,189.98,2.59456,-66.0959,125.681
739.3,7.73069,2.34181,157.469,106.449,189.949,2.59456,-89.1369,126.137
739.32,7.73176,2.25219,157.469,106.449,184.465,2.59456,-89.1369,130.18
739.34,7.73176,2.3295,156.235,100.522,182.546,2.59456,-89.1369,134.211
739.36,7.73336,2.3661,156.231,93.3518,182.54,2.59456,-89.1369,138.715
739.38,7.73336,2.3661,154.81,93.3518,181.549,2.59456,-89.1369,137.367
739.4,7.73283,2.35956,153.21,85.8045,181.549,2.59456,-89.1369,135.128
739.42,7.73229,2.39286,153.205,85.7815,180.965,2.56167,-89.1369,132.426
739.44,7.73176,2.40204,152.105,78.304,180.498,2.6357,-89.1369,126.586
739.46,7.73335,2.26173,152.105,70.942,180.498,2.6357,-89.1369,123.004
739.48,7.73336,2.2613,150.775,70.9195,179.857,2.6357,-89.1369,122.094
739.5,7.73389,2.3754,149.583,63.7672,179.682,2.6357,-66.7548,119.399
739.52,7.73389,2.42377,149.583,56.9145,179.682,2.6357,-66.7548,116.264
739.54,7.73282,2.33751,149.217,56.8935,180.44,2.6357,-66.7548,113.559
739.56,7.73336,2.35727,149.629,51.6918,180.44,2.6357,-66.7548,110.415
739.58,7.73336,2.35865,149.629,51.6918,181.603,2.6357,-66.7548,104.593
739.6,7.73176,2.39124,150.409,48.6265,182.774,2.47173,-66.7548,98.7356
739.62,7.73229,2.43409,150.409,47.5119,182.774,2.47173,-66.7548,95.1419
739.64,7.73122,2.51758,151.186,47.5119,183.995,2.55236,-66.7548,94.2462
739.66,7.73282,2.41153,151.876,47.0474,183.999,2.55261,-66.7548,92.4467
739.68,7.73282,2.41597,151.876,47.0474,185.632,2.55261,-66.7548,91.9975
739.7,7.73443,2.34726,152.426,46.583,186.916,2.55261,-85.9041,91.0991
739.72,7.73282,2.41664,153.297,45.9792,186.916,2.55261,-85.9041,92.8959
739.74,7.73336,2.42207,153.297,45.9792,188.491,2.55261,-85.9041,97.3879
739.76,7.73122,2.39115,154.581,45.7006,192.341,2.55261,-85.9041,98.7355
739.78,7.73122,2.37561,154.581,45.1912,192.341,2.55261,-85.9041,98.2877
739.8,7.73229,2.5606,155.039,45.1897,198.992,2.69276,-85.9041,99.1848
739.82,7.73336,2.36835,153.939,44.8646,198.992,2.69276,-85.9041,103.228
739.84,7.73389,2.43587,153.939,44.8646,206.436,2.66398,-85.9041,106.362
739.86,7.73122,2.33014,151.188,44.5859,215.326,2.66389,-85.9041,107.27
739.88,7.73122,2.30406,147.291,44.6324,215.326,2.66389,-76.8031,108.169
739.9,7.73229,2.36486,147.291,44.6324,224.632,2.66389,-76.8031,109.512
739.92,7.73336,2.27897,141.789,44.5859,236.095,2.66389,-76.8031,110.415
739.94,7.73229,2.41308,141.789,44.4466,236.095,2.66389,-76.8031,112.661
739.96,7.73229,2.30443,135.253,44.4466,249.879,2.66389,-76.8031,114.452
739.98,7.73389,2.30962,127.576,44.2608,249.921,2.66389,-76.8031,115.356
740,7.73389,2.32207,127.576,44.2608,265.439,2.66041,-76.8031,117.153
740.02,7.73283,2.23713,119.715,44.0756,279.572,2.62393,-76.8031,118.944
740.04,7.73389,2.3461,119.691,43.7035,279.615,2.62381,-76.8031,118.051
740.06,7.73389,2.27852,112.263,43.7035,290.466,2.62381,-76.8031,116.704
740.08,7.73283,2.30324,105.316,43.4257,299.481,2.62381,-87.9908,118.943
740.1,7.73229,2.26204,105.294,43.2391,299.508,2.62381,-88.025,117.602
740.12,7.73496,2.37715,97.4543,43.2391,307.267,2.62381,-88.025,116.255
740.14,7.73656,2.35942,88.1299,43.1001,307.267,2.62381,-88.025,112.224
740.16,7.73657,2.35936,88.1014,43.0997,311.293,2.62381,-88.025,107.72
740.18,7.7371,2.23939,81.6826,43.0068,310.709,2.68748,-88.025,106.372
740.2,7.73763,2.27699,81.6826,42.8675,310.709,2.68748,-88.025,103.677
740.22,7.73763,2.19106,78.9776,42.8675,305.576,2.64672,-88.025,105.024
740.24,7.73603,2.23075,80.3531,42.8675,305.576,2.64672,-88.025,102.329
740.26,7.73603,2.23075,80.3531,42.8675,296.883,2.64672,-88.025,96.9387
740.28,7.73763,2.29923,84.1925,42.5897,281.762,2.64672,-87.1833,96.9387
740.3,7.7387,2.23866,84.2043,42.3566,281.715,2.64672,-87.1808,93.7943
740.32,7.73657,2.38532,89.4768,42.3566,260.013,2.64672,-87.1808,91.099
740.34,7.73603,2.35126,95.0532,42.0788,233.725,2.64672,-87.1808,88.412
740.36,7.73603,2.35299,95.0702,41.8922,233.645,2.64672,-87.1808,84.3609
740.38,7.73817,2.23674,100.939,41.8922,213.635,2.63412,-87.1808,79.4197
740.4,7.74136,2.31155,107.155,41.8922,213.635,2.63412,-87.1808,74.0456
740.42,7.74298,2.29506,107.174,41.8922,203.017,2.62979,-87.1808,71.7832
740.44,7.74512,2.34016,113.364,41.7993,200.45,2.62979,-87.1808,68.6387
740.46,7.74512,2.3246,113.364,42.1234,200.45,2.62979,-87.1192,67.2952
740.48,7.74779,2.23079,118.957,42.1244,204.417,2.62979,-87.119,65.0451
740.5,7.75687,2.29191,124.963,42.2173,204.417,2.62979,-87.119,61.0022
740.52,7.75687,2.22285,124.963,42.5414,212.036,2.62979,-87.119,60.1065
740.54,7.75901,2.25844,131.703,42.5424,220.577,2.62979,-87.119,60.1038
740.56,7.75901,2.27629,138.121,43.0068,220.577,2.62979,-87.119,58.7562
740.58,7.75741,2.25651,138.121,43.0068,227.033,2.66035,-87.119,55.1735
740.6,7.75954,2.28562,141.331,43.6106,230.728,2.66044,-87.119,50.2213
740.62,7.75954,2.24587,141.331,44.7253,230.728,2.66761,-87.119,49.3229
740.64,7.75954,2.38729,139.594,45.9291,232.182,2.66761,-96.5618,48.4272
740.66,7.76008,2.39895,139.589,45.9328,232.186,2.66761,-96.5907,46.1784
740.68,7.74084,2.24795,139.589,45.9328,232.186,2.66761,-96.5907,45.7292
740.7,7.73657,2.27248,139.589,47.4654,234.111,2.66761,-96.5907,45.7292
740.72,7.73763,2.2389,138.03,47.4654,236.386,2.66761,-96.5907,48.4244
740.74,7.73763,2.28638,136.7,49.0445,236.386,2.66761,-96.5907,50.6705
740.76,7.73763,2.26188,136.7,49.0445,239.303,2.66761,-96.5907,53.3657
740.78,7.7371,2.37766,135.786,51.1281,243.026,2.66761,-96.5907,55.6049
740.8,7.73657,2.36961,135.783,53.5031,243.037,2.66401,-96.5907,55.6118
740.82,7.73603,2.17925,135.095,53.5031,247.996,2.67499,-96.5907,57.8578
740.84,7.73603,2.17925,134.913,56.7906,247.996,2.67499,-96.5907,56.9621
740.86,7.73657,2.23503,134.912,56.8006,253.13,2.67499,-96.5907,56.9594
740.88,7.73763,2.35175,134.912,60.7019,256.105,2.67499,-78.8827,58.307
740.9,7.73497,2.36346,134.912,65.471,256.105,2.67499,-78.8827,55.62
740.92,7.73389,2.2685,135.004,65.4856,255.055,2.67499,-78.8827,57.8578
740.94,7.73389,2.2685,134.958,71.2446,248.988,2.67499,-78.8827,57.4086
740.96,7.73602,2.31509,134.958,77.8658,248.988,2.67499,-78.8827,56.0651
740.98,7.73496,2.28985,134.775,77.886,239.653,2.62847,-78.8827,56.5102
741,7.7355,2.38602,134.683,84.8526,239.653,2.62847,-78.8827,57.8578
741.02,7.73603,2.39417,134.683,84.8526,231.22,2.63758,-78.8827,57.8578
741.04,7.73603,2.383,134.82,92.3765,226.761,2.63761,-78.8827,59.6546
741.06,7.73443,2.34401,134.82,99.2037,226.761,2.63761,-78.8827,57.4086
741.08,7.73443,2.34374,135.415,99.2037,226.47,2.63761,-91.3021,56.0651
741.1,7.73603,2.25143,136.012,105.241,226.469,2.63761,-91.3401,53.8149
741.12,7.7355,2.19663,136.012,111.418,228.919,2.63761,-91.3401,54.7133
741.14,7.7355,2.19405,136.195,111.418,231.595,2.63761,-91.3401,53.8177
741.16,7.73389,2.28329,135.691,117.317,231.603,2.63761,-91.3401,52.9165
741.18,7.73443,2.40833,135.691,117.317,233.528,2.6804,-91.3401,51.5689
741.2,7.73389,2.29545,134.133,122.983,234.286,2.6804,-91.3401,51.1197
741.22,7.73282,2.35234,134.133,126.048,234.286,2.65252,-91.3401,52.9165
741.24,7.73282,2.34631,132.849,126.048,234.578,2.65252,-91.3401,54.2641
741.26,7.7355,2.32167,131.84,126.931,234.578,2.65252,-68.8963,57.4086
741.28,7.73443,2.33561,131.84,127.069,235.683,2.65252,-68.8963,60.9913
741.3,7.73443,2.31042,131.657,127.07,237.67,2.65252,-68.8963,61.0022
741.32,7.7355,2.31043,131.703,126.605,237.67,2.65252,-68.8963,62.3498
741.34,7.7355,2.3073,131.703,126.605,240.636,2.65252,-68.8963,61.4542
741.36,7.73389,2.30462,132.207,126.002,242.92,2.65252,-68.8963,61.4514
741.38,7.73443,2.47709,132.207,125.305,242.92,2.66696,-68.8963,64.1467
741.4,7.73283,2.35414,132.801,125.305,243.676,2.62754,-68.8963,67.2815
741.42,7.73603,2.35746,133.72,124.655,243.679,2.62742,-68.8963,67.7403
741.44,7.73603,2.34719,133.72,124.655,242.745,2.62742,-68.8963,69.0879
741.46,7.73497,2.2733,134.451,124.053,240.303,2.62742,-93.4681,68.1923
741.48,7.73336,2.28643,134.454,123.633,240.295,2.62742,-93.5433,65.4943
741.5,7.73389,2.26081,135.325,123.633,237.612,2.62742,-93.5433,64.5959
741.52,7.73389,2.25095,136.102,123.54,234.413,2.62742,-93.5433,66.8351
741.54,7.73496,2.2355,136.104,123.587,234.403,2.62742,-93.5433,66.3927
741.56,7.73336,2.25515,138.076,123.587,231.953,2.70454,-93.5433,66.8419
741.58,7.73283,2.24115,140.132,123.494,231.953,2.70454,-93.5433,65.4984
741.6,7.73336,2.3262,140.139,123.494,231.078,2.69665,-93.5433,67.2911
741.62,7.73336,2.32283,141.698,123.354,232.653,2.69665,-93.5433,65.9435
741.64,7.73283,2.29402,141.698,123.03,232.653,2.69665,-93.5433,65.9435
741.66,7.73336,2.25575,142.523,123.029,236.503,2.69665,-69.1434,64.5959
741.68,7.73496,2.25632,142.89,122.565,236.503,2.69665,-69.1434,62.799
741.7,7.73282,2.25941,142.89,122.472,241.229,2.69665,-69.1434,59.2054
741.72,7.73282,2.25941,143.302,122.472,246.537,2.69665,-69.1434,56.9594
741.74,7.73443,2.20462,143.577,121.682,246.537,2.69665,-69.1434,57.4086
741.76,7.73389,2.28178,143.577,121.682,253.888,2.67821,-69.1434,56.9594
741.78,7.73389,2.27792,144.126,121.312,263.833,2.67821,-69.1434,58.7507
741.8,7.73443,2.20464,144.128,121.079,263.864,2.66469,-69.1434,57.8578
741.82,7.73443,2.20464,145.09,121.079,275.473,2.66469,-69.1434,55.6117
741.84,7.7307,2.24955,146.096,120.569,275.473,2.66469,-95.2958,56.5074
741.86,7.73443,2.36358,146.099,120.568,284.282,2.66469,-95.3758,59.2054
741.88,7.73336,2.25578,147.795,120.382,287.957,2.66469,-95.3758,59.2054
741.9,7.73283,2.23764,149.669,119.734,287.957,2.66469,-95.3758,62.7881
741.92,7.73282,2.20848,149.675,119.732,289.008,2.66469,-95.3758,66.3927
741.94,7.73443,2.23026,151.371,118.803,288.424,2.66469,-95.3758,64.1467
741.96,7.73336,2.29422,151.371,117.877,288.424,2.71275,-95.3758,61.0118
741.98,7.73443,2.29028,153.205,117.874,288.483,2.69869,-95.3758,59.6546
742,7.73176,2.25705,156.14,116.992,288.483,2.69869,-95.3758,60.553
742.02,7.73176,2.22854,156.14,116.992,288.483,2.69869,-95.3758,61.0009
742.04,7.73496,2.21325,158.707,115.413,288.133,2.69869,-71.6554,61.9006
742.06,7.73496,2.13251,158.707,113.833,288.133,2.69869,-71.6554,61.4514
742.08,7.7355,2.29751,160.49,113.833,287.26,2.69869,-71.6554,61.0036
742.1,7.73496,2.36295,161.917,111.697,285.391,2.69869,-71.6554,62.3498
742.12,7.73496,2.34469,161.917,109.375,285.391,2.69869,-71.6554,62.799
742.14,7.73656,2.26213,163.151,109.375,283.006,2.58176,-71.6554,64.5904
742.16,7.73603,2.30213,164.071,106.774,282.999,2.5814,-71.6554,66.3927
742.18,7.73603,2.21835,164.071,106.774,280.14,2.63122,-71.6554,66.3927
742.2,7.73496,2.25505,164.942,104.08,277.632,2.63122,-71.6554,64.5959
742.22,7.73496,2.24283,164.942,101.526,277.632,2.63122,-93.2756,63.6975
742.24,7.73657,2.25576,165.722,101.526,275.648,2.63122,-93.2756,62.3498
742.26,7.73817,2.27392,166.089,99.1108,275.648,2.63122,-93.2756,59.6546
742.28,7.73977,2.19932,166.089,97.1198,274.834,2.63122,-93.2756,59.2068
742.3,7.74031,2.25678,165.676,97.1137,275.356,2.63122,-93.2756,60.1038
742.32,7.74031,2.25678,164.209,94.7915,275.356,2.63122,-93.2756,58.7562
742.34,7.74137,2.32571,164.209,94.7915,277.159,2.66578,-93.2756,59.6519
742.36,7.74084,2.39842,161.504,92.1907,279.673,2.66589,-93.2756,64.1467
742.38,7.74031,2.21883,161.504,90.0543,279.673,2.70578,-93.2756,68.6387
742.4,7.74031,2.26235,158.304,90.0543,281.767,2.70578,-93.2756,71.7736
742.42,7.74031,2.24401,155.085,88.1036,281.774,2.70578,-67.9285,72.2324
742.44,7.73924,2.16421,155.085,88.1036,284.049,2.70578,-67.9285,71.334
742.46,7.73924,2.29815,153.074,86.3905,285.154,2.70578,-67.9285,73.1253
742.48,7.73817,2.27801,153.068,85.1777,285.157,2.70578,-67.9285,74.0292
742.5,7.73817,2.2747,152.38,85.1777,284.924,2.70578,-67.9285,75.826
742.52,7.74083,2.28623,153.431,84.159,281.667,2.70578,-67.9285,75.3782
742.54,7.73977,2.33978,153.435,83.3199,281.657,2.60532,-67.9285,76.7244
742.56,7.74031,2.25788,155.314,83.3199,274.656,2.67009,-67.9285,76.2752
742.58,7.73977,2.24476,158.011,82.6254,274.656,2.67009,-91.7819,74.9317
742.6,7.73977,2.24472,158.019,81.9731,265.381,2.67009,-91.8548,75.826
742.62,7.74191,2.388,160.679,81.9731,257.213,2.67009,-91.8548,75.3768
742.64,7.73978,2.15396,160.679,81.7416,257.213,2.67009,-91.8548,74.0333
742.66,7.73817,2.29683,163.659,81.7409,253.771,2.67009,-91.8548,76.2752
742.68,7.74191,2.3627,166.501,81.648,253.771,2.67009,-91.8548,77.1737
742.7,7.74191,2.3627,166.501,81.6015,255.755,2.67009,-91.8548,75.3768
742.72,7.74137,2.30085,169.436,81.6015,261.764,2.75239,-91.8548,75.826
742.74,7.73924,2.1696,172.416,81.5551,261.764,2.75239,-91.8548,76.7244
742.76,7.74137,2.24688,172.416,81.4157,270.456,2.70816,-91.8548,74.0292
742.78,7.74137,2.3065,175.707,81.4157,279.238,2.70816,-73.544,71.79
742.8,7.74137,2.30399,175.717,81.2764,279.265,2.70816,-73.488,69.5371
742.82,7.73977,2.34443,179.66,81.2764,287.316,2.70816,-73.488,67.7403
742.84,7.7403,2.29598,184.505,81.1838,287.316,2.70816,-73.488,68.1881
742.86,7.7387,2.27982,184.52,81.0906,295.075,2.70816,-73.488,66.3927
742.88,7.73977,2.41556,189.884,81.0906,303.359,2.70816,-73.488,63.6975
742.9,7.73977,2.401,196.603,81.1369,303.359,2.70816,-73.488,64.1453
742.92,7.73977,2.28557,196.623,80.9978,313.218,2.66893,-73.488,63.6975
742.94,7.7371,2.40163,203.546,80.9978,325.994,2.66893,-73.488,63.2483
742.96,7.7403,2.41408,203.546,80.9515,325.994,2.63781,-73.488,61.9048
742.98,7.7387,2.50058,209.919,80.9513,340.812,2.63772,-87.0984,62.3498
743,7.7387,2.5146,216.155,80.3475,340.812,2.63772,-87.0984,61.4514
743.02,7.7403,2.36844,216.155,79.5141,354.305,2.63772,-87.0984,60.1079
743.04,7.74137,2.39085,222.573,79.5116,366.014,2.63772,-87.0984,60.553
743.06,7.74512,2.36608,222.573,78.3969,366.014,2.63772,-87.0984,58.7562
743.08,7.74565,2.36979,228.881,78.3969,376.716,2.63772,-87.0984,57.4127
743.1,7.74565,2.33186,236.282,77.2358,387.074,2.63772,-87.0984,58.307
743.12,7.74565,2.34681,236.282,76.4463,387.074,2.80607,-87.0984,59.6546
743.14,7.74352,2.35412,244.418,76.4463,396.845,2.75553,-87.0984,57.8633
743.16,7.74565,2.333,252.42,75.4245,396.875,2.75537,-87.0984,58.7562
743.18,7.74565,2.34033,252.42,74.7279,404.226,2.75537,-76.9884,61.0022
743.2,7.74832,2.30048,257.005,74.7279,407.259,2.75537,-76.9884,62.799
743.22,7.74458,2.45699,258.701,73.9383,407.259,2.75537,-76.9884,62.3498
743.24,7.74565,2.44644,258.701,73.9383,405.917,2.75537,-76.9884,60.553
743.26,7.74565,2.41471,257.418,72.8701,405.917,2.75537,-76.9884,61.9006
743.28,7.74565,2.46869,254.127,70.9023,393.762,2.70005,-76.9884,61.005
743.3,7.74779,2.48438,254.117,70.8963,393.725,2.69988,-76.9884,61.0022
743.32,7.74458,2.45496,254.117,70.8963,393.725,2.69988,-76.9884,61.0022
743.34,7.74618,2.50156,249.683,69.1136,393.725,2.69988,-76.9884,58.763
743.36,7.74618,2.3944,249.669,69.1082,385.149,2.6958,-76.9884,60.1038
743.38,7.74618,2.3944,244.626,67.8542,376.282,2.6958,-76.9884,62.799
743.4,7.74672,2.46069,238.181,66.6966,376.282,2.6958,-78.5074,65.0382
743.42,7.74618,2.39628,238.162,66.6931,366.481,2.6958,-78.5121,72.6816
743.44,7.74672,2.41468,230.963,65.95,354.58,2.6958,-78.5121,78.0721
743.46,7.74619,2.46905,230.963,65.95,354.58,2.6958,-78.5121,80.7591
743.48,7.74618,2.46921,223.444,65.1605,339.937,2.6958,-78.5121,85.7086
743.5,7.74672,2.40732,215.421,64.8354,339.937,2.6958,-78.5121,87.9546
743.52,7.74725,2.41304,215.421,64.8354,323.943,2.7623,-78.5121,87.5068
743.54,7.74725,2.44624,207.214,64.696,307.501,2.66517,-78.5121,88.853
743.56,7.74672,2.53424,200.887,64.696,307.501,2.66517,-78.5121,92.4467
743.58,7.74672,2.55441,200.887,64.7423,292.205,2.66517,-78.5121,94.6859
743.6,7.74725,2.45824,195.706,65.3462,279.032,2.66517,-80.1182,97.8371
743.62,7.74939,2.48158,195.706,65.3462,279.032,2.66517,-80.1182,102.778
743.64,7.74886,2.46883,190.541,66.0871,268.854,2.66517,-80.1182,106.361
743.66,7.74886,2.45519,184.703,67.3898,268.823,2.66517,-80.1182,110.415
743.68,7.74886,2.42861,184.703,67.3898,260.247,2.66517,-80.1182,112.661
743.7,7.75099,2.45118,178.926,69.0153,252.254,2.75362,-80.1182,116.255
743.72,7.74993,2.56911,178.926,69.0153,252.254,2.75362,-80.1182,122.993
743.74,7.74886,2.44623,172.966,71.0588,245.371,2.76293,-80.1182,127.036
743.76,7.75046,2.52111,167.51,72.9166,242.512,2.76293,-80.1182,133.324
743.78,7.75046,2.53625,167.51,72.9166,242.512,2.76293,-73.385,134.668
743.8,7.75046,2.5858,163.154,74.7279,243.387,2.76293,-73.3644,135.57
743.82,7.75153,2.53202,160.266,74.7279,243.387,2.76293,-73.3644,135.57
743.84,7.75046,2.56563,160.266,76.2558,246.76,2.76293,-73.3644,134.227
743.86,7.75099,2.45588,156.919,77.468,251.496,2.76293,-73.3644,137.367
743.88,7.75099,2.41788,156.919,77.468,251.496,2.76293,-73.3644,142.309
743.9,7.75046,2.52312,151.891,78.4867,255.044,2.61016,-73.3644,149.026
743.92,7.74993,2.53554,143.188,78.4898,255.055,2.60969,-73.3644,150.843
743.94,7.74779,2.4067,143.188,78.8149,257.68,2.63824,-73.3644,157.132
743.96,7.74725,2.34977,134.069,78.9538,257.913,2.63824,-73.3644,159.819
743.98,7.74725,2.39593,134.041,78.9542,257.913,2.63824,-88.5397,162.523
744,7.74886,2.51608,128.218,78.722,256.98,2.63824,-88.5397,163.87
744.02,7.74779,2.53035,123.556,78.722,256.107,2.63824,-88.5397,164.766
744.04,7.74886,2.4301,123.542,78.2111,256.105,2.63824,-88.5397,161.175
744.06,7.74832,2.53872,119.782,77.6538,254.996,2.63824,-88.5397,162.074
744.08,7.74832,2.5171,119.782,77.6538,254.996,2.63824,-88.5397,162.969
744.1,7.74993,2.44939,116.527,77.2358,253.188,2.66097,-88.5397,162.972
744.12,7.74832,2.49466,114.281,77.2358,248.958,2.68961,-88.5397,164.769
744.14,7.74832,2.47105,114.281,77.1895,248.958,2.68961,-88.5397,162.978
744.16,7.74725,2.36558,112.676,77.1429,242.337,2.68961,-66.1783,162.074
744.18,7.74725,2.39686,112.676,77.1429,242.337,2.68961,-66.1783,161.175
744.2,7.74725,2.37317,111.851,77.5145,235.92,2.68961,-66.1783,162.074
744.22,7.74886,2.38942,111.071,78.304,228.511,2.68961,-66.1783,163.87
744.24,7.74725,2.47128,111.071,78.304,228.511,2.68961,-66.1783,166.117
744.26,7.74886,2.38289,111.025,79.1865,220.285,2.72524,-66.1783,163.421
744.28,7.74886,2.39056,111.894,79.1865,220.285,2.72524,-66.1783,158.495
744.3,7.74779,2.46235,111.896,80.2547,212.001,2.72622,-66.1783,154.886
744.32,7.74939,2.37704,114.281,80.6262,203.367,2.72622,-66.1783,147.699
744.34,7.74673,2.43583,114.281,80.6262,203.367,2.72622,-66.1783,148.147
744.36,7.74779,2.41348,116.986,80.812,196.133,2.72622,-89.3222,145.004
744.38,7.74779,2.41591,119.782,80.812,196.133,2.72622,-89.3222,143.656
744.4,7.74779,2.39723,119.782,80.6731,190.666,2.72622,-89.3222,138.282
744.42,7.74779,2.49661,122.533,80.394,186.274,2.72622,-89.3222,137.816
744.44,7.74672,2.4245,122.533,80.394,186.274,2.72622,-89.3222,134.223
744.46,7.74778,2.40406,124.819,79.6532,184.18,2.69818,-89.3222,133.327
744.48,7.74779,2.39379,126.751,79.6509,183.707,2.6981,-89.3222,134.223
744.5,7.74939,2.39939,126.751,78.304,183.707,2.68841,-89.3222,131.977
744.52,7.74992,2.40321,127.345,77.1465,183.358,2.68841,-89.3222,130.633
744.54,7.74939,2.40898,127.347,77.1429,183.357,2.68841,-89.3222,128.383
744.56,7.74779,2.37576,127.118,75.7961,183.357,2.68841,-72.4996,126.586
744.58,7.74779,2.40266,125.838,74.6848,183.822,2.68841,-72.4996,124.795
744.6,7.74672,2.45399,125.834,74.6814,183.824,2.68841,-72.4996,123.442
744.62,7.74886,2.36949,123.496,73.4739,184.699,2.68841,-72.4996,123.442
744.64,7.74939,2.43355,123.496,72.5941,184.699,2.68841,-72.4996,124.785
744.66,7.74939,2.43374,120.332,72.5915,186.099,2.6433,-72.4996,125.239
744.68,7.74939,2.40686,115.748,72.0806,187.849,2.67781,-72.4996,127.036
744.7,7.75046,2.3924,115.748,72.0806,187.849,2.67781,-72.4996,128.832
744.72,7.74993,2.37183,110.383,71.8484,190.299,2.67781,-72.4996,129.731
744.74,7.75099,2.34186,110.383,71.8948,190.299,2.67781,-89.7958,132.875
744.76,7.75153,2.57622,106.074,71.8948,193.566,2.67781,-89.7958,130.629
744.78,7.75153,2.55786,102.646,71.6633,196.823,2.67781,-89.7958,129.286
744.8,7.75206,2.43148,102.635,71.5232,196.833,2.67781,-89.7958,129.282
744.82,7.75206,2.46812,100.389,71.5232,199.05,2.67781,-89.7958,134.672
744.84,7.75366,2.49868,99.2459,71.338,199.05,2.67781,-89.7958,135.568
744.86,7.75527,2.53421,99.2424,71.3375,200.042,2.73164,-89.7958,138.715
744.88,7.75527,2.58271,99.7467,71.2446,200.1,2.73669,-89.7958,140.512
744.9,7.75474,2.63519,99.7467,71.1983,200.1,2.73669,-89.7958,139.616
744.92,7.75474,2.5698,101.306,71.1981,199.167,2.73669,-89.7958,140.961
744.94,7.75634,2.57363,103.094,71.4304,199.167,2.73669,-63.1309,140.063
744.96,7.75714,2.50467,103.094,71.4767,197.538,2.73669,-63.1309,143.197
744.98,7.75714,2.50549,104.928,71.4768,195.2,2.73669,-63.1309,146.351
745,7.75954,2.51005,104.928,71.291,195.2,2.73669,-63.1309,149.047
745.02,7.76114,2.55265,106.619,71.291,191.594,2.73669,-63.1309,151.286
745.04,7.75901,2.45369,107.633,70.5944,187.966,2.73669,-63.1309,154.886
745.06,7.75901,2.37808,107.633,70.0835,187.966,2.63672,-63.1309,153.988
745.08,7.76008,2.38348,107.358,70.0835,185.93,2.65676,-63.1309,154.884
745.1,7.76061,2.45594,107.357,69.6191,185.924,2.65682,-63.1309,157.582
745.12,7.75901,2.36271,105.661,69.2475,185.341,2.65682,-84.0716,163.421
745.14,7.76114,2.46995,102.69,69.2475,185.573,2.65682,-84.0716,161.63
745.16,7.76115,2.37437,102.681,68.876,185.574,2.65682,-84.0716,165.218
745.18,7.76115,2.36215,98.5547,68.876,185.282,2.65682,-84.0716,170.159
745.2,7.76168,2.34171,93.6031,68.458,185.282,2.65682,-84.0716,175.101
745.22,7.76222,2.36352,93.6031,68.1793,184.232,2.65682,-84.0716,180.491
745.24,7.76435,2.33265,88.7432,68.1793,181.665,2.75054,-84.0716,186.331
745.26,7.76435,2.33265,83.7917,67.7613,181.665,2.75054,-84.0716,186.331
745.28,7.76329,2.33506,83.7917,67.7613,178.234,2.74933,-84.0716,189.466
745.3,7.76382,2.27031,79.7112,67.1111,178.223,2.74932,-84.0716,193.967
745.32,7.76489,2.32399,79.7112,66.4144,174.49,2.74932,-64.3869,193.967
745.34,7.76489,2.35761,76.4202,66.4144,170.535,2.74932,-64.3869,201.581
745.36,7.76542,2.35771,74.2094,65.8107,170.523,2.74932,-64.3869,207.443
745.38,7.76542,2.35259,74.2094,65.4856,166.964,2.74932,-64.3869,209.69
745.4,7.76649,2.34428,72.4725,65.4856,163.823,2.74932,-64.3869,211.929
745.42,7.76596,2.46448,71.321,65.1605,163.814,2.74932,-64.3869,211.486
745.44,7.76596,2.31716,71.321,65.1605,160.78,2.6574,-64.3869,215.08
745.46,7.76809,2.25863,70.544,64.5585,157.756,2.6574,-64.3869,212.841
745.48,7.76542,2.43134,70.5416,64.0458,157.747,2.66566,-64.3869,209.69
745.5,7.76703,2.38065,70.6333,64.0458,154.83,2.66566,-64.3869,204.748
745.52,7.76809,2.28912,70.7704,63.4902,154.83,2.66566,-85.3048,206.987
745.54,7.7681,2.28884,70.7708,62.9312,152.963,2.66566,-85.3688,202.951
745.56,7.7681,2.38648,71.0459,62.9312,153.138,2.66566,-85.3688,205.197
745.58,7.7681,2.4854,71.0916,62.3755,153.138,2.66566,-85.3688,200.271
745.6,7.76596,2.47322,71.0918,61.8165,154.48,2.66566,-85.3688,196.213
745.62,7.76596,2.40672,70.9542,61.8165,156.288,2.66566,-85.3688,189.924
745.64,7.76809,2.40672,70.9542,61.4924,156.288,2.73507,-85.3688,185.894
745.66,7.7681,2.47387,70.3124,61.0734,157.455,2.71643,-85.3688,181.39
745.68,7.76916,2.46469,69.5788,61.0734,157.455,2.71643,-85.3688,182.288
745.7,7.7681,2.45501,69.5788,60.7483,157.863,2.71643,-61.1542,177.347
745.72,7.7681,2.49615,69.0286,60.7483,157.163,2.71643,-61.1542,173.753
745.74,7.7697,2.50489,68.7535,60.2374,157.163,2.71643,-61.1542,173.304
745.76,7.76756,2.4201,68.7535,59.6801,155.705,2.71643,-61.1542,164.769
745.78,7.76863,2.37825,68.9364,59.6801,153.436,2.71643,-61.1542,160.291
745.8,7.76863,2.50346,68.9369,59.0299,153.43,2.71643,-61.1542,156.683
745.82,7.7697,2.50346,69.4413,58.6119,151.504,2.71643,-61.1542,158.031
745.84,7.76863,2.43056,70.1726,58.6119,151.504,2.71643,-61.1542,156.687
745.86,7.76863,2.4487,70.1748,58.0546,150.104,2.70379,-61.1542,153.988
745.88,7.76916,2.36322,70.6791,58.0546,148.996,2.70379,-61.1542,153.988
745.9,7.76916,2.37103,70.6791,57.8231,148.996,2.70379,-84.4944,157.571
745.92,7.76703,2.37105,71.2293,57.5901,149.404,2.70379,-84.5657,162.972
745.94,7.76863,2.49926,71.2293,57.5901,149.404,2.70379,-84.5657,157.582
745.96,7.7697,2.33085,71.2293,57.5901,149.404,2.70379,-84.5657,159.373
745.98,7.7697,2.35028,71.2293,57.5901,149.404,2.70379,-84.5657,162.074
746,7.76863,2.35027,71.2293,57.5901,149.404,2.70379,-84.5657,166.117
746.02,7.76916,2.40852,71.6864,57.5901,150.102,2.70379,-84.5657,170.595
746.04,7.76863,2.33977,72.6048,57.6366,150.104,2.70379,-84.5657,175.55
746.06,7.7697,2.40789,72.6048,57.9153,150.863,2.7205,-84.5657,175.101
746.08,7.7697,2.65005,73.7018,57.9153,152.142,2.72955,-84.5657,173.757
746.1,7.76863,2.65078,73.7051,58.2868,152.146,2.72958,-84.5657,172.405
746.12,7.7697,2.42279,74.7596,58.7512,154.013,2.72958,-84.5657,172.855
746.14,7.77023,2.46721,75.3081,58.7512,154.013,2.72958,-66.7476,175.542
746.16,7.76756,2.30419,75.3098,59.3086,155.705,2.72958,-66.6931,178.245
746.18,7.76756,2.30419,75.7224,59.3086,156.463,2.72958,-66.6931,182.288
746.2,7.76756,2.46065,75.8141,59.6801,156.463,2.72958,-66.6931,184.085
746.22,7.76863,2.44319,75.8141,60.4232,156.23,2.72958,-66.6931,184.534
746.24,7.7681,2.51825,75.9517,60.4232,155.763,2.72958,-66.6931,182.737
746.26,7.7697,2.33296,75.9517,60.7948,155.763,2.72217,-66.6931,185.432
746.28,7.77076,2.33296,75.9517,61.4893,154.949,2.70923,-66.6931,185.432
746.3,7.77077,2.3748,76.1809,61.4914,154.946,2.70919,-66.6931,184.983
746.32,7.76863,2.33859,76.2726,61.9094,154.946,2.70919,-79.6446,183.186
746.34,7.76916,2.40555,76.2726,61.9094,156.226,2.70919,-79.6446,182.291
746.36,7.76596,2.43236,76.3643,62.3274,156.23,2.70919,-79.6446,181.39
746.38,7.76863,2.43335,76.3643,62.3738,157.922,2.70919,-79.6446,176.448
746.4,7.76863,2.49038,75.9072,62.3738,160.539,2.70919,-79.6446,172.866
746.42,7.76863,2.43618,75.1264,62.281,160.547,2.70919,-79.6446,170.159
746.44,7.7681,2.47839,75.1264,62.281,163.639,2.70547,-79.6446,167.913
746.46,7.76916,2.40156,74.0751,62.0031,167.361,2.70547,-79.6446,169.257
746.48,7.76863,2.44611,73.7051,61.445,167.372,2.72139,-79.6446,171.956
746.5,7.76863,2.44512,73.7051,61.445,170.348,2.72139,-79.6446,172.855
746.52,7.76863,2.33282,73.9794,60.5189,171.86,2.72139,-72.5625,168.376
746.54,7.76863,2.36899,73.9802,59.4943,171.864,2.72139,-72.5408,171.507
746.56,7.77023,2.38663,74.8055,59.4943,171.981,2.72139,-72.5408,163.87
746.58,7.76917,2.49167,76.0853,58.3831,171.981,2.72139,-72.5408,161.183
746.6,7.76916,2.47753,76.0892,58.3797,171.806,2.72139,-72.5408,158.48
746.62,7.77077,2.41779,77.8314,57.3579,172.039,2.74358,-72.5408,160.726
746.64,7.7681,2.5136,77.8314,56.3856,172.039,2.74358,-72.5408,161.174
746.66,7.77023,2.44572,79.8946,56.3826,171.631,2.74591,-72.5408,162.523
746.68,7.76916,2.42774,81.8202,55.4537,171.398,2.74591,-72.5408,161.624
746.7,7.76916,2.45556,81.8202,54.6642,171.398,2.74591,-73.2615,160.726
746.72,7.77023,2.46413,83.5166,54.6642,170.814,2.74591,-73.2615,161.175
746.74,7.76649,2.52111,84.9837,54.0604,170.814,2.74591,-73.2615,165.218
746.76,7.76863,2.46947,84.9837,54.0604,170.231,2.74591,-73.2615,164.769
746.78,7.76756,2.41444,86.2635,53.5974,169.359,2.74591,-73.2615,171.039
746.8,7.76756,2.44603,86.2674,53.4567,169.356,2.74591,-73.2615,172.405
746.82,7.76863,2.46463,87.1385,53.4567,168.422,2.67761,-73.2615,172.405
746.84,7.7681,2.41093,87.9613,53.6882,168.422,2.67761,-73.2615,173.749
746.86,7.76863,2.40039,87.9638,54.432,167.547,2.70595,-73.2615,171.058
746.88,7.76863,2.3786,88.7891,54.432,166.847,2.70595,-73.2615,167.913
746.9,7.76863,2.39361,89.4747,55.4506,166.847,2.70595,-75.0679,164.331
746.92,7.76703,2.43165,89.4768,55.4537,166.906,2.70595,-75.0735,162.074
746.94,7.76756,2.48201,89.9353,56.5684,167.256,2.70595,-75.0735,160.726
746.96,7.76756,2.58412,89.9353,57.6796,167.256,2.70595,-75.0735,158.935
746.98,7.76756,2.41977,89.706,57.683,167.256,2.70595,-75.0735,162.972
747,7.76489,2.39209,88.8808,58.4726,167.256,2.70595,-75.0735,162.972
747.02,7.76649,2.32098,88.8808,59.4449,166.907,2.76423,-75.0735,162.972
747.04,7.76596,2.35413,87.5512,59.4479,166.847,2.74443,-75.0735,161.175
747.06,7.76489,2.5269,87.5512,60.5161,166.847,2.74443,-75.0735,162.972
747.08,7.76489,2.5269,86.1342,60.5161,167.313,2.74443,-75.0735,160.733
747.1,7.76329,2.44209,84.3418,61.445,168.072,2.74443,-63.9339,161.624
747.12,7.76061,2.47597,84.3418,62.5596,168.072,2.74443,-63.9339,161.624
747.14,7.76115,2.42137,82.285,62.5596,168.247,2.74443,-63.9339,162.968
747.16,7.75954,2.43807,80.2155,63.9529,168.247,2.74443,-63.9339,161.624
747.18,7.75848,2.43807,80.2155,65.4391,167.839,2.74443,-63.9339,160.726
747.2,7.75848,2.47019,78.565,65.4391,167.489,2.70208,-63.9339,156.683
747.22,7.76168,2.3837,78.565,66.9718,167.489,2.70208,-63.9339,154.437
747.24,7.75901,2.34996,77.052,66.9718,167.197,2.71782,-63.9339,153.539
747.26,7.75954,2.4778,75.4473,68.1793,167.197,2.71782,-63.9339,156.234
747.28,7.76168,2.49017,75.4473,69.3369,166.325,2.71782,-74.7932,161.608
747.3,7.75901,2.48559,73.5676,69.3404,165.447,2.71782,-74.8264,159.828
747.32,7.75901,2.49951,71.4586,70.3622,165.447,2.71782,-74.8264,158.48
747.34,7.76008,2.39176,71.4586,71.3345,165.273,2.71782,-74.8264,159.824
747.36,7.76008,2.40931,69.7163,71.3375,165.389,2.71782,-74.8264,163.87
747.38,7.75901,2.40597,69.7163,72.4986,165.389,2.71782,-74.8264,161.175
747.4,7.75901,2.41521,68.208,72.4986,165.796,2.7799,-74.8264,164.758
747.42,7.75901,2.46528,67.1489,73.6597,165.797,2.78009,-74.8264,168.812
747.44,7.76061,2.3969,67.1489,74.9601,167.081,2.7782,-74.8264,167.913
747.46,7.75848,2.42362,66.966,74.9601,169.349,2.7782,-74.8264,162.987
747.48,7.75954,2.37009,68.616,76.0283,169.356,2.7782,-58.3539,161.175
747.5,7.76008,2.38315,68.616,76.8178,171.281,2.7782,-58.3539,159.828
747.52,7.76008,2.37687,71.5413,76.8178,171.804,2.7782,-58.3539,153.558
747.54,7.75848,2.39006,71.5503,77.2358,171.806,2.7782,-58.3539,149.047
747.56,7.75741,2.43626,74.943,77.1894,169.473,2.7782,-58.3539,145.004
747.58,7.75794,2.37951,78.7825,77.1894,169.473,2.7782,-58.3539,138.734
747.6,7.75794,2.22033,78.7942,76.8178,164.805,2.68846,-58.3539,133.774
747.62,7.75794,2.23045,82.4621,76.8178,158.563,2.70846,-58.3539,130.629
747.64,7.75847,2.37907,86.393,76.1696,158.563,2.70846,-58.3539,134.212
747.66,7.75901,2.35906,86.405,75.1459,154.13,2.70846,-58.3539,131.977
747.68,7.75687,2.26419,90.1645,75.1459,150.746,2.70846,-77.4208,129.282
747.7,7.75741,2.40037,90.1645,74.0312,150.746,2.70846,-77.4208,127.036
747.72,7.75741,2.40322,94.0157,72.6843,148.587,2.70846,-77.4208,128.383
747.74,7.75848,2.28231,97.4543,72.6843,148.587,2.70846,-77.4208,128.383
747.76,7.75954,2.29912,97.4543,71.6161,146.779,2.70846,-77.4208,126.586
747.78,7.76008,2.28158,100.654,71.6161,145.325,2.80638,-77.4208,126.139
747.8,7.75794,2.27075,103.506,70.2228,145.321,2.80668,-77.4208,126.137
747.82,7.75794,2.33074,103.506,69.3404,144.679,2.78989,-77.4208,121.196
747.84,7.75794,2.34211,105.655,69.3404,145.144,2.78989,-77.4208,118.957
747.86,7.75954,2.37114,105.661,68.5509,145.146,2.78989,-59.8158,118.051
747.88,7.75687,2.36547,105.707,68.5509,146.429,2.78989,-59.8158,120.747
747.9,7.75954,2.40223,104.427,67.8563,146.429,2.78989,-59.8158,119.851
747.92,7.75954,2.40767,104.423,67.5291,147.946,2.78989,-59.8158,120.297
747.94,7.75741,2.3185,103.185,67.5291,148.937,2.78989,-59.8158,122.544
747.96,7.75794,2.46477,101.768,67.8995,148.937,2.78989,-59.8158,127.918
747.98,7.75848,2.59181,101.764,68.7366,149.988,2.67828,-59.8158,130.629
748,7.75794,2.53518,100.847,68.7366,152.438,2.67828,-59.8158,136.02
748.02,7.75794,2.51633,100.847,69.9868,152.438,2.71109,-59.8158,140.498
748.04,7.75687,2.44391,99.976,71.4768,156.288,2.71119,-59.8158,143.656
748.06,7.75848,2.42422,99.5175,71.4768,156.288,2.71119,-78.9857,143.656
748.08,7.75848,2.4182,99.5175,73.6067,160.359,2.71119,-78.9857,149.03
748.1,7.75848,2.40964,99.059,73.6132,162.705,2.71119,-78.9857,149.047
748.12,7.75954,2.40622,98.463,76.0283,162.705,2.71119,-78.9857,149.945
748.14,7.75795,2.45712,98.463,78.899,164.159,2.71119,-78.9857,155.767
748.16,7.75794,2.45172,97.3626,78.9078,164.98,2.71119,-78.9857,164.769
748.18,7.75848,2.41947,95.6663,82.2982,164.98,2.81607,-78.9857,172.855
748.2,7.75794,2.54156,95.6663,82.2982,165.506,2.79529,-78.9857,176.897
748.22,7.75794,2.49303,94.1991,85.735,165.506,2.79529,-78.9857,179.593
748.24,7.75794,2.42807,94.1991,89.2183,166.264,2.79529,-78.9857,183.186
748.26,7.75741,2.57449,93.0529,89.2183,167.547,2.79529,-61.9572,179.593
748.28,7.75901,2.49707,91.8645,92.3668,167.547,2.79529,-61.9572,179.593
748.3,7.76008,2.49683,91.8609,94.7915,169.648,2.79529,-61.9572,178.245
748.32,7.76008,2.55881,90.4855,94.7915,172.506,2.79529,-61.9572,178.245
748.34,7.76008,2.52073,88.5657,96.6899,172.506,2.79529,-61.9572,179.141
748.36,7.75741,2.52776,88.5598,96.6957,175.773,2.71507,-61.9572,184.983
748.38,7.75687,2.44752,86.3133,97.7175,178.69,2.71507,-61.9572,186.78
748.4,7.75794,2.45734,86.3133,98.1342,178.69,2.72662,-61.9572,188.124
748.42,7.75794,2.47108,83.5166,98.1355,180.265,2.72665,-61.9572,185.882
748.44,7.75794,2.41376,80.9949,97.6246,180.265,2.72665,-84.2363,186.331
748.46,7.75847,2.6897,80.9949,97.6246,181.428,2.72665,-84.2363,186.779
748.48,7.75794,2.50586,78.3816,95.8597,181.724,2.72665,-84.2363,186.78
748.5,7.75848,2.38715,78.3816,93.0731,181.724,2.72665,-84.2363,184.085
748.52,7.75848,2.38329,76.3704,93.0731,181.956,2.72665,-84.2363,178.711
748.54,7.75687,2.5615,75.6307,88.5681,182.832,2.72665,-84.2363,175.999
748.56,7.7558,2.43537,75.6307,82.6233,182.832,2.77564,-84.2363,169.261
748.58,7.75847,2.47917,78.3732,75.215,183.879,2.77093,-84.2363,160.752
748.6,7.75848,2.38266,78.3816,75.1923,183.882,2.77091,-84.2363,151.742
748.62,7.75741,2.35423,78.3816,75.1923,183.882,2.77091,-84.2363,148.148
748.64,7.75581,2.40467,78.3816,75.1923,183.359,2.77091,-84.2363,143.222
748.66,7.75634,2.41623,80.9032,67.5291,180.848,2.77091,-61.9984,138.715
748.68,7.75794,2.27885,84.0667,62.1881,180.848,2.77091,-61.9984,138.715
748.7,7.75794,2.34333,84.0667,62.1881,177.757,2.77091,-61.9984,139.613
748.72,7.75741,2.33754,87.9638,58.7048,177.757,2.77091,-61.9984,136.918
748.74,7.75741,2.30115,87.9638,56.6613,174.84,2.77091,-61.9984,134.672
748.76,7.75634,2.32764,93.1446,56.6613,171.864,2.74364,-61.9984,130.629
748.78,7.75794,2.33263,98.9039,55.6889,171.864,2.74364,-61.9984,124.807
748.8,7.75794,2.33265,98.9215,55.686,169.123,2.74567,-61.9984,118.051
748.82,7.75687,2.3385,105.019,55.1751,166.089,2.74567,-61.9984,113.11
748.84,7.75634,2.37561,105.019,55.0362,166.089,2.74567,-61.9984,114.006
748.86,7.75687,2.2919,111.255,55.0357,164.28,2.74567,-82.239,112.212
748.88,7.7558,2.32441,117.627,55.268,163.464,2.74567,-82.239,109.966
748.9,7.7558,2.32441,117.627,55.268,163.464,2.74567,-82.239,106.383
748.92,7.75687,2.36925,123.542,55.3609,163.347,2.74567,-82.239,101.88
748.94,7.7558,2.27881,127.668,55.5931,163.347,2.74567,-82.239,102.329
748.96,7.75474,2.32562,127.668,55.5931,163.173,2.76016,-82.239,100.986
748.98,7.75634,2.34056,130.052,55.8717,163.58,2.76089,-82.239,100.982
749,7.75687,2.31702,130.052,56.3826,163.58,2.76089,-82.239,100.083
749.02,7.75687,2.37348,130.921,56.3826,164.453,2.76089,-82.239,101.875
749.04,7.75634,2.41158,131.061,56.9399,164.455,2.76089,-63.6662,100.083
749.06,7.75474,2.39921,131.061,56.9399,166.381,2.76089,-63.6662,104.126
749.08,7.75527,2.49366,130.649,57.866,168.765,2.76089,-63.6662,106.813
749.1,7.75687,2.53928,130.648,59.355,168.772,2.76089,-63.6662,105.923
749.12,7.75687,2.60187,129.456,59.355,171.398,2.76089,-63.6662,103.228
749.14,7.75687,2.38191,127.034,60.8367,172.503,2.76089,-63.6662,105.019
749.16,7.75687,2.13597,127.026,62.7454,172.506,2.7264,-63.6662,103.228
749.18,7.75954,2.25689,122.487,62.7454,172.389,2.75632,-63.6662,100.982
749.2,7.75901,2.25716,115.197,64.7889,172.389,2.75632,-63.6662,101.88
749.22,7.76061,2.23657,115.197,64.7889,173.323,2.75632,-63.6662,101.431
749.24,7.76061,2.14471,104.102,66.8324,176.356,2.75632,-77.6885,101.88
749.26,7.76008,2.0869,104.102,68.5509,176.356,2.75632,-77.6885,100.083
749.28,7.76061,2.22504,91.1212,68.5509,181.882,2.75632,-77.6885,101.875
749.3,7.76061,2.10487,80.5365,70.0371,181.899,2.75632,-77.6885,101.431
749.32,7.76061,2.16373,80.5365,70.0371,188.958,2.75632,-77.6885,100.532
749.34,7.76061,2.20401,73.1317,71.8428,198.554,2.69563,-77.6885,101.876
749.36,7.75901,2.29381,68.616,73.4274,198.583,2.69545,-77.6885,100.982
749.38,7.76008,2.2045,68.616,73.4274,210.018,2.7338,-77.6885,98.2863
749.4,7.75795,2.21344,66.1021,74.7239,221.475,2.7338,-77.6885,96.9428
749.42,7.76115,2.25909,66.0944,75.6103,221.51,2.7338,-77.6885,96.4895
749.44,7.76115,2.23616,66.0944,75.6103,228.628,2.7338,-69.6787,95.1419
749.46,7.76008,2.34187,67.6484,75.4714,228.628,2.7338,-69.6787,96.4854
749.48,7.75954,2.32251,67.6532,75.471,224.427,2.7338,-69.6787,94.2435
749.5,7.76115,2.46448,71.0918,74.1705,208.092,2.7338,-69.6787,94.2435
749.52,7.76115,2.4035,71.0918,71.7628,208.092,2.7338,-69.6787,95.587
749.54,7.76115,2.32664,76.0434,71.7555,190.124,2.76202,-69.6787,95.1419
749.56,7.75954,2.32373,83.0581,67.9006,176.006,2.76202,-69.6787,93.3451
749.58,7.75848,2.30141,83.0581,62.8074,176.006,2.69888,-69.6787,95.1364
749.6,7.76008,2.27863,92.4569,62.7918,166.906,2.69868,-69.6787,95.1419
749.62,7.76008,2.39637,104.194,58.0546,166.906,2.69868,-74.1469,92.4467
749.64,7.75848,2.35136,104.194,58.0546,162.602,2.69868,-74.1469,91.9988
749.66,7.75901,2.3429,115.381,54.7571,161.422,2.69868,-74.1469,89.7514
749.68,7.75848,2.28693,115.381,52.1562,161.422,2.69868,-74.1469,90.2006
749.7,7.76275,2.37215,123.267,52.1562,162.88,2.69868,-74.1469,84.361
749.72,7.76168,2.37214,128.218,50.2056,162.88,2.69868,-74.1469,82.1149
749.74,7.76168,2.3707,128.218,50.2056,166.147,2.83106,-74.1469,81.6657
749.76,7.76115,2.29448,131.29,48.8123,169.998,2.77158,-74.1469,81.2165
749.78,7.75955,2.37567,133.073,47.7937,169.998,2.77158,-74.1469,82.56
749.8,7.75954,2.38334,133.078,47.7905,173.498,2.77158,-74.1469,83.4625
749.82,7.75901,2.38334,134.316,46.8152,176.415,2.77158,-61.7513,81.6657
749.84,7.75901,2.28202,134.316,46.4448,176.415,2.77158,-61.7513,79.8744
749.86,7.76061,2.19154,134.912,46.4437,179.39,2.77158,-61.7513,78.5213
749.88,7.75954,2.34829,135.462,46.0257,179.39,2.77158,-61.7513,74.4784
749.9,7.76008,2.2613,135.462,46.0257,182.589,2.77158,-61.7513,73.5827
749.92,7.76008,2.31997,135.967,45.8863,185.807,2.75672,-61.7513,67.2911
749.94,7.76115,2.29603,135.967,45.6541,185.807,2.75672,-61.7513,63.2483
749.96,7.76168,2.28762,136.607,45.6541,188.483,2.72665,-61.7513,65.0396
749.98,7.75848,2.3027,137.204,45.8399,191.116,2.72656,-61.7513,67.7403
750,7.75901,2.27923,137.204,46.1186,191.116,2.72656,-61.7513,67.7403
750.02,7.75901,2.45903,137.707,46.1186,193.85,2.72656,-61.7513,68.1881
750.04,7.76168,2.45233,137.663,46.3508,193.858,2.72656,-61.7513,68.1895
750.06,7.76168,2.34115,137.663,46.3508,196.191,2.72656,-61.7513,69.0879
750.08,7.76062,2.24779,136.429,47.1842,198.285,2.72656,-61.7513,72.2228
750.1,7.76168,2.23356,136.425,48.1621,198.292,2.72656,-61.7513,70.4356
750.12,7.76168,2.23356,133.949,48.1621,198.933,2.73407,-61.7513,72.6816
750.14,7.76008,2.25874,128.967,49.9216,198.933,2.73407,-61.7513,73.5773
750.16,7.76115,2.11457,128.952,49.9269,198.817,2.72607,-61.7513,75.826
750.18,7.76168,2.03862,120.516,52.342,198.875,2.72607,-61.7513,78.0721
750.2,7.76168,2.12395,108.87,55.1751,198.875,2.72607,-61.7513,78.0721
750.22,7.76168,2.12395,108.87,55.1751,201.092,2.72607,-61.7513,82.5641
750.24,7.76168,2.10618,96.6749,58.3797,206.167,2.72607,-61.7513,88.4038
750.26,7.76329,2.10552,96.6749,60.7019,206.167,2.72607,-61.7513,92.4467
750.28,7.76275,2.06275,87.1219,60.7019,214.077,2.72607,-61.7513,91.9988
750.3,7.76115,2.0704,79.8029,62.1416,214.101,2.72607,-61.7513,96.4895
750.32,7.76115,2.11747,79.8029,62.1416,223.202,2.75999,-61.7513,99.634
750.34,7.76328,2.1424,74.2722,62.9751,232.973,2.73823,-61.7513,105.904
750.36,7.76222,2.24761,74.2553,63.1169,233.003,2.73816,-61.7513,111.313
750.38,7.76329,2.26787,70.5875,63.1169,239.828,2.73816,-61.7513,114.458
750.4,7.76116,2.25181,68.622,62.5613,238.549,2.73816,-61.7513,113.114
750.42,7.76115,2.23096,68.616,61.7701,238.545,2.73816,-61.7513,117.602
750.44,7.76115,2.42017,67.8824,61.7701,226.061,2.73816,-61.7513,123.442
750.46,7.76328,2.51636,68.568,60.6588,226.061,2.73816,-61.7513,132.399
750.48,7.76222,2.61585,68.5701,60.6554,209.259,2.73816,-61.7513,138.266
750.5,7.76382,2.65023,70.5416,59.1228,195.783,2.70967,-61.7513,141.859
750.52,7.76382,2.52989,70.5416,57.5485,195.783,2.70967,-61.7513,147.681
750.54,7.76168,2.52928,73.8427,57.5437,186.274,2.70434,-61.7513,151.742
750.56,7.76329,2.45695,78.7025,56.0575,186.274,2.70434,-61.7513,154.437
750.58,7.76329,2.43711,78.7025,56.0575,181.214,2.70434,-61.7513,156.228
750.6,7.76329,2.54318,84.1584,54.3855,179.565,2.70434,-82.4861,159.828
750.62,7.76382,2.50934,88.2389,52.9922,179.565,2.70434,-82.4861,163.87
750.64,7.76329,2.50063,88.2389,52.9922,178.169,2.70434,-82.4861,162.527
750.66,7.76168,2.31095,90.7605,51.6454,174.548,2.70434,-82.4861,163.421
750.68,7.76435,2.4867,90.7605,50.3449,174.548,2.70434,-82.4861,160.726
750.7,7.76435,2.3969,91.4024,50.3449,170.698,2.8167,-82.4861,160.726
750.72,7.76222,2.4456,91.0356,50.3449,170.698,2.8167,-82.4861,158.48
750.74,7.76329,2.6451,91.0356,50.3449,167.547,2.83157,-82.4861,158.929
750.76,7.76168,2.50776,90.4396,50.3449,165.856,2.83157,-82.4861,158.929
750.78,7.76328,2.54719,90.4396,50.3449,165.856,2.83157,-82.4861,158.929
750.8,7.76329,2.54731,89.8436,50.3449,165.564,2.83157,-62.019,156.234
750.82,7.76275,2.50887,89.2934,50.3449,165.681,2.83157,-62.019,157.132
750.84,7.76275,2.52043,89.2934,50.3449,165.681,2.83157,-62.019,155.341
750.86,7.75634,2.53025,88.4223,50.3449,165.972,2.83157,-62.019,153.539
750.88,7.75794,2.48371,87.8263,50.3449,165.972,2.83157,-62.019,146.801
750.9,7.75794,2.48371,87.8263,50.3449,165.798,2.58454,-62.019,143.218
750.92,7.75794,2.70637,87.2302,50.3449,165.331,2.68484,-62.019,140.063
750.94,7.75687,2.5163,87.2302,50.3449,165.331,2.68484,-62.019,135.57
750.96,7.75741,2.56888,86.8189,50.3449,165.098,2.68484,-62.019,132.436
750.98,7.75741,2.60312,86.5425,50.3449,165.097,2.68484,-83.5568,134.223
751,7.75741,2.62058,86.5425,50.3449,165.797,2.68484,-83.5568,133.324
751.02,7.75634,2.57852,86.2226,50.3449,166.553,2.68484,-83.5568,131.085
751.04,7.7558,2.51298,85.9465,50.3449,166.556,2.68484,-83.5568,128.832
751.06,7.7558,2.53546,85.9465,50.3449,167.256,2.68484,-83.5568,127.934
751.08,7.75421,2.50912,85.8094,50.3449,168.128,2.68484,-83.5568,127.934
751.1,7.7542,2.49212,85.809,50.3449,168.131,2.71393,-83.5568,129.282
751.12,7.75367,2.65712,85.6256,50.3449,169.706,2.7382,-83.5568,130.629
751.14,7.7526,2.57469,85.3513,50.3449,169.706,2.7382,-83.5568,134.212
751.16,7.7526,2.63829,85.3505,50.3449,171.514,2.7382,-83.5568,133.774
751.18,7.75099,2.45198,84.9379,50.3449,173.44,2.7382,-63.6457,134.672
751.2,7.75099,2.4683,84.9379,50.3449,173.44,2.7382,-63.6457,134.672
751.22,7.75099,2.45021,83.8833,50.3449,179.04,2.7382,-63.6457,136.469
751.24,7.74993,2.5431,83.8833,50.3449,179.04,2.7382,-63.6457,137.367
751.26,7.74832,2.60486,83.8833,50.3449,179.04,2.7382,-63.6457,138.266
751.28,7.74779,2.59867,83.8833,50.3449,179.04,2.7382,-63.6457,135.579
751.3,7.74779,2.57574,83.2415,50.3449,183.124,2.67881,-63.6457,134.672
751.32,7.74725,2.61921,82.5538,50.3449,183.124,2.67881,-63.6457,134.223
751.34,7.74566,2.54635,82.5538,50.3449,187.428,2.69062,-63.6457,134.671
751.36,7.74672,2.59189,82.5538,66.8789,191.524,2.69065,-63.6457,136.469
751.38,7.74405,2.5001,82.5538,66.8789,191.524,2.69065,-63.6457,135.57
751.4,7.74405,2.54548,82.5538,66.8789,193.909,2.69065,-86.8421,131.092
751.42,7.74565,2.47624,82.5538,67.3433,193.916,2.69065,-86.9131,131.078
751.44,7.74351,2.59193,82.5538,67.3433,194.85,2.69065,-86.9131,129.731
751.46,7.74564,2.44263,82.5538,67.7137,194.268,2.69065,-86.9131,130.179
751.48,7.74351,2.53549,82.5538,67.8078,194.266,2.69065,-86.9131,131.078
751.5,7.74351,2.51109,82.5538,67.8078,193.216,2.77854,-86.9131,128.832
751.52,7.74564,2.40429,82.5538,67.7151,191.937,2.77854,-86.9131,133.759
751.54,7.74672,2.46723,82.5538,67.3433,191.933,2.72617,-86.9131,133.774
751.56,7.74512,2.35371,82.5538,67.3433,191.933,2.72617,-86.9131,132.875
751.58,7.74405,2.47816,82.5538,66.7877,191.933,2.72617,-62.567,132.875
751.6,7.74405,2.526,82.5538,66.786,191.933,2.72617,-62.4926,131.977
751.62,7.74405,2.40076,82.5538,65.8107,191.933,2.72617,-62.4926,134.223
751.64,7.74565,2.3067,82.5538,65.1625,191.933,2.72617,-62.4926,132.432
751.66,7.74351,2.44903,82.5538,65.1605,191.933,2.72617,-62.4926,133.774
751.68,7.74351,2.32145,82.5538,64.696,191.933,2.72617,-62.4926,134.672
751.7,7.74565,2.30787,82.5538,64.696,191.933,2.72617,-62.4926,139.164
751.72,7.74458,2.46746,82.5538,64.5567,191.933,2.72617,-62.4926,141.859
751.74,7.74191,2.4435,82.5538,64.8818,191.933,2.72617,-62.4926,142.758
751.76,7.74458,2.50078,82.5538,64.8818,191.933,2.72617,-62.4926,143.207
751.78,7.74458,2.3942,82.5538,65.2985,191.933,2.72617,-85.1348,144.103
751.8,7.74618,2.36952,82.5538,66.0893,191.933,2.72617,-85.204,147.699
751.82,7.74458,2.48742,82.5538,66.0893,191.933,2.72617,-85.204,150.394
751.84,7.74511,2.41991,82.5538,66.8765,191.933,2.72617,-85.204,151.738
751.86,7.74512,2.40626,82.5538,66.8789,191.933,2.72617,-85.204,152.191
751.88,7.74512,2.40626,82.5538,67.7613,191.933,2.72617,-85.204,147.25
751.9,7.74352,2.38116,82.5538,68.8263,191.933,2.72617,-85.204,141.876
751.92,7.74298,2.39933,82.5538,68.8295,191.933,2.72617,-85.204,139.164
751.94,7.74458,2.35488,82.5538,69.8048,191.933,2.72617,-85.204,134.672
751.96,7.74298,2.44545,82.5538,70.8698,191.933,2.72617,-85.204,134.672
751.98,7.74298,2.44573,104.377,70.873,191.933,2.72617,-64.7576,133.324
752,7.74458,2.4804,104.377,72.0341,191.933,2.72617,-64.7576,131.528
752.02,7.74511,2.37035,104.377,72.0341,191.933,2.72617,-64.7576,127.945
752.04,7.74565,2.38749,105.203,73.2881,191.933,2.72617,-64.7576,125.688
752.06,7.74565,2.35933,105.203,74.4492,191.933,2.72617,-64.7576,128.832
752.08,7.74352,2.35641,106.071,74.4492,191.933,2.72617,-64.7576,129.728
752.1,7.74618,2.45137,106.257,75.5639,191.933,2.72617,-64.7576,127.036
752.12,7.74351,2.51987,106.257,75.5639,191.933,2.72617,-64.7576,125.239
752.14,7.74458,2.43293,106.029,76.8603,191.933,2.72617,-64.7576,127.03
752.16,7.74458,2.44094,105.065,78.1647,191.933,2.72617,-64.7576,127.036
752.18,7.74458,2.43996,105.065,78.1647,154.83,2.72617,-75.0117,126.586
752.2,7.74565,2.4464,102.773,79.6044,154.83,2.72617,-75.0117,126.586
752.22,7.74512,2.47016,102.773,81.0442,154.83,2.72617,-75.0117,129.731
752.24,7.74512,2.43663,99.4716,81.0442,154.946,2.72617,-75.0117,132.426
752.26,7.74512,2.43663,95.6204,82.2982,154.946,2.72617,-75.0117,130.18
752.28,7.74618,2.49021,95.6204,82.2982,156.4,2.72617,-75.0117,130.18
752.3,7.74565,2.42176,92.136,83.6915,158.913,2.72617,-75.0117,136.02
752.32,7.74405,2.54217,92.136,85.4099,158.913,2.72617,-75.0117,139.613
752.34,7.74351,2.67503,89.0278,85.4099,162.752,2.72617,-75.0117,141.405
752.36,7.74351,2.67544,86.5884,87.2677,166.789,2.72617,-68.505,139.164
752.38,7.74458,2.51872,86.5884,89.4969,166.789,2.72617,-68.505,137.367
752.4,7.74458,2.43344,85.1257,89.4969,169.988,2.72617,-68.505,136.472
752.42,7.74672,2.4668,84.296,91.9585,169.998,2.72617,-68.505,134.672
752.44,7.74458,2.42787,84.296,91.9585,171.281,2.72617,-68.505,133.774
752.46,7.74458,2.44947,83.976,94.6903,170.641,2.83789,-68.505,131.534
752.48,7.74458,2.39791,83.975,97.3459,170.639,2.83823,-68.505,127.934
752.5,7.74565,2.46742,83.975,97.3459,168.656,2.78012,-68.505,122.993
752.52,7.74512,2.46963,84.2493,100.263,168.656,2.78012,-68.505,120.306
752.54,7.74512,2.40181,84.2501,100.272,165.681,2.78012,-68.505,116.255
752.56,7.74512,2.37786,85.0754,102.78,162.239,2.78012,-66.2607,110.864
752.58,7.74352,2.34209,86.6752,104.725,162.239,2.78012,-66.2607,107.729
752.6,7.74405,2.5073,86.6801,104.73,159.147,2.78012,-66.2607,107.72
752.62,7.74405,2.38768,88.6515,106.17,156.93,2.78012,-66.2607,103.677
752.64,7.74511,2.30184,88.6515,107.467,156.93,2.78012,-66.2607,99.6463
752.66,7.74512,2.31553,90.5313,107.471,155.821,2.78576,-66.2607,95.1419
752.68,7.74618,2.3374,92.0443,108.074,155.821,2.78576,-66.2607,94.6927
752.7,7.74618,2.25408,92.0443,108.074,154.946,2.74033,-66.2607,99.634
752.72,7.74565,2.39016,93.2363,108.26,153.43,2.74033,-66.2607,98.2863
752.74,7.74565,2.35753,93.2363,107.61,153.43,2.74033,-66.2607,98.2863
752.76,7.74565,2.34252,93.924,107.61,150.396,2.74033,-74.4352,97.3879
752.78,7.74458,2.34167,93.8326,106.128,146.848,2.74033,-74.4352,101.418
752.8,7.74351,2.29833,93.8323,106.124,146.837,2.74033,-74.4352,102.778
752.82,7.74512,2.30011,93.4197,103.476,143.687,2.74033,-74.4352,104.126
752.84,7.74618,2.33309,92.7798,99.3093,143.687,2.74033,-74.4352,107.709
752.86,7.74618,2.29405,92.7778,99.2966,141.82,2.75179,-74.4352,112.212
752.88,7.74458,2.4261,92.1818,94.5129,141.529,2.71963,-74.4352,115.805
752.9,7.74352,2.31504,92.1818,89.0955,141.529,2.71963,-74.4352,118.94
752.92,7.74565,2.29198,91.5399,89.079,142.754,2.71963,-74.4352,121.645
752.94,7.74565,2.28866,90.7605,84.1095,142.754,2.71963,-59.6511,122.544
752.96,7.74352,2.27842,90.7605,84.1095,144.615,2.71963,-59.6511,123.887
752.98,7.74405,2.39812,90.1187,79.4651,146.896,2.71963,-59.6511,131.528
753,7.74565,2.22585,89.5685,74.8207,146.896,2.71963,-59.6511,135.57
753.02,7.74352,2.34801,89.5685,74.8207,148.757,2.71963,-59.6511,138.705
753.04,7.74351,2.46559,89.5685,70.2693,150.629,2.71963,-59.6511,146.801
753.06,7.74458,2.43717,89.5685,65.95,150.629,2.75249,-59.6511,151.742
753.08,7.74458,2.31622,90.117,65.95,152.141,2.74777,-59.6511,157.116
753.1,7.74405,2.48379,91.0356,62.1881,152.146,2.74775,-59.6511,165.667
753.12,7.74458,2.34339,91.0356,62.1881,152.963,2.74775,-59.6511,165.218
753.14,7.74458,2.34339,92.4526,58.5302,152.963,2.74775,-76.6687,170.592
753.16,7.74512,2.36696,92.4569,55.5931,152.963,2.74775,-76.7207,176.897
753.18,7.74458,2.37038,93.9699,55.5931,152.321,2.74775,-76.7207,182.737
753.2,7.74512,2.34885,95.2536,53.5495,150.804,2.74775,-76.7207,181.839
753.22,7.74618,2.28868,95.2536,52.0169,150.804,2.74775,-76.7207,184.983
753.24,7.74618,2.28868,96.6291,52.0169,149.113,2.74969,-76.7207,187.229
753.26,7.74458,2.38826,98.0504,50.5307,149.113,2.74969,-76.7207,182.288
753.28,7.74511,2.33087,98.0504,50.5307,147.542,2.7609,-76.7207,181.392
753.3,7.74405,2.29013,99.4716,49.1374,146.779,2.76094,-76.7207,177.347
753.32,7.74512,2.30468,99.4716,47.7905,146.779,2.76094,-76.7207,178.245
753.34,7.74512,2.28733,100.797,47.7905,146.604,2.76094,-54.7148,180.932
753.36,7.74618,2.31658,101.718,46.4901,146.604,2.76094,-54.6475,180.491
753.38,7.74512,2.34311,101.718,45.1897,146.604,2.76094,-54.6475,184.983
753.4,7.74512,2.37168,102.038,45.1897,146.488,2.76094,-54.6475,186.327
753.42,7.74512,2.19106,102.039,44.2144,146.487,2.76094,-54.6475,184.983
753.44,7.74512,2.18084,100.71,44.2144,145.846,2.74551,-54.6475,181.39
753.46,7.74565,2.2888,97.51,43.4272,144.857,2.74551,-54.6475,181.837
753.48,7.74405,2.3586,97.5002,43.2855,144.854,2.75028,-54.6475,179.143
753.5,7.74618,2.23711,92.6403,43.2855,144.854,2.75028,-54.6475,180.042
753.52,7.74672,2.15369,86.7897,43.1003,144.854,2.75028,-80.4305,172.877
753.54,7.74672,2.18517,86.7718,43.0997,147.479,2.75028,-80.5094,169.261
753.56,7.74458,2.18793,81.3159,42.8675,153.838,2.75028,-80.5094,167.464
753.58,7.74618,2.22896,81.3159,42.7286,153.838,2.75028,-80.5094,161.642
753.6,7.74725,2.21066,76.1809,42.7282,164.689,2.75028,-80.5094,159.378
753.62,7.74458,2.27641,70.9542,42.4495,164.689,2.75028,-80.5094,162.523
753.64,7.74458,2.25532,70.9542,42.1254,178.822,2.75604,-80.5094,164.314
753.66,7.74618,2.24627,66.0027,42.1244,194.908,2.76888,-80.5094,161.175
753.68,7.74672,2.23114,61.0969,41.8457,194.908,2.76888,-80.5094,167.913
753.7,7.74512,2.02993,61.0969,41.8457,209.901,2.76888,-80.5094,171.058
753.72,7.74512,2.10503,56.7872,41.4742,220.052,2.76888,-60.4953,174.202
753.74,7.74672,2.17415,56.7872,41.0098,220.052,2.76888,-60.4953,172.855
753.76,7.74672,2.30054,53.6696,41.0098,222.094,2.76888,-60.4953,170.159
753.78,7.74619,2.33044,52.1155,40.5467,222.094,2.76888,-60.4953,171.055
753.8,7.74512,2.36028,52.1107,40.5453,219.935,2.76888,-60.4953,168.363
753.82,7.74512,2.38677,52.4775,40.0344,214.976,2.72864,-60.4953,159.828
753.84,7.74512,2.39498,54.5801,39.664,214.976,2.72864,-60.4953,157.588
753.86,7.74351,2.39181,54.5865,39.6629,206.459,2.72277,-60.4953,158.48
753.88,7.74512,2.44755,57.3833,39.152,194.791,2.72277,-60.4953,155.336
753.9,7.74565,2.4252,57.3833,39.152,194.791,2.72277,-60.4953,153.992
753.92,7.74565,2.42514,57.3833,39.152,194.791,2.72277,-60.4953,154.437
753.94,7.74351,2.4556,59.6756,39.152,181.374,2.72277,-84.6893,159.828
753.96,7.74405,2.47418,60.3613,38.8279,181.374,2.72277,-84.6893,160.723
753.98,7.74565,2.53119,60.3634,38.8269,168.947,2.72277,-84.6893,160.277
754,7.74458,2.51989,59.9966,38.5482,159.73,2.72277,-84.6893,160.726
754.02,7.74458,2.51989,59.4938,38.4093,159.73,2.72277,-84.6893,158.935
754.04,7.74191,2.51262,59.4923,38.4089,153.78,2.74196,-84.6893,156.234
754.06,7.74405,2.61038,58.9421,38.316,149.229,2.74196,-84.6893,156.683
754.08,7.74298,2.51744,58.9421,38.316,149.229,2.74144,-84.6893,157.579
754.1,7.74298,2.6143,59.1713,38.1767,145.262,2.74144,-84.6893,158.031
754.12,7.74298,2.62232,60.18,37.9909,145.262,2.74144,-63.275,158.48
754.14,7.74191,2.52864,60.18,37.9909,141.307,2.74144,-63.275,161.615
754.16,7.74191,2.42306,61.7847,38.1303,136.978,2.74144,-63.275,163.87
754.18,7.74084,2.44915,61.7847,38.0838,136.978,2.74144,-63.275,166.117
754.2,7.74351,2.44916,63.5727,38.0838,132.253,2.74144,-63.275,170.159
754.22,7.74351,2.42613,65.1774,38.1303,127.819,2.74144,-63.275,172.855
754.24,7.74351,2.4147,65.1774,38.1303,127.819,2.77409,-63.275,179.143
754.26,7.74351,2.35794,66.1861,38.1303,123.735,2.76717,-63.275,181.839
754.28,7.74458,2.45785,67.1002,38.0376,123.735,2.76717,-63.275,184.526
754.3,7.74298,2.47258,67.103,38.0374,121.168,2.76717,-63.275,183.636
754.32,7.74298,2.44208,67.9283,38.316,119.302,2.76717,-80.0976,184.085
754.34,7.74191,2.42458,67.9283,38.5012,119.302,2.76717,-80.0976,184.085
754.36,7.74298,2.40982,68.8911,38.5018,118.427,2.76717,-80.0976,182.288
754.38,7.74298,2.54171,69.7622,39.0591,118.427,2.76717,-80.0976,183.636
754.4,7.74298,2.46197,69.7622,39.0591,118.659,2.76717,-80.0976,186.77
754.42,7.74351,2.43043,70.5875,39.8487,120.352,2.71326,-80.0976,193.069
754.44,7.74244,2.35519,70.5875,41.3349,120.352,2.71326,-80.0976,192.17
754.46,7.74244,2.63529,71.2274,41.3349,122.969,2.71348,-80.0976,193.066
754.48,7.74244,2.36242,71.2293,43.6106,125.952,2.71348,-80.0976,188.577
754.5,7.74244,2.39748,71.2293,46.5366,125.952,2.71348,-80.0976,189.475
754.52,7.74244,2.44499,70.4066,46.5366,128.104,2.71348,-62.2999,186.34
754.54,7.74031,2.40341,69.3954,49.4161,128.111,2.71348,-62.2455,183.186
754.56,7.74298,2.55842,69.3954,49.4161,129.569,2.71348,-62.2455,185.432
754.58,7.74298,2.38811,68.4355,52.2868,130.616,2.71348,-62.2455,184.985
754.6,7.74298,2.38759,68.4326,54.7106,130.619,2.71348,-62.2455,184.983
754.62,7.74137,2.47317,67.5615,54.7106,132.019,2.72503,-62.2455,184.085
754.64,7.74137,2.52263,66.8759,56.9794,132.019,2.72503,-62.2455,183.637
754.66,7.74351,2.53261,66.8738,56.9864,133.828,2.73677,-62.2455,180.94
754.68,7.74084,2.58137,66.4611,59.3086,135.286,2.73677,-62.2455,183.636
754.7,7.74084,2.58137,66.4611,61.445,135.286,2.73677,-62.2455,183.186
754.72,7.74191,2.44238,66.2319,61.445,135.695,2.73677,-82.8567,181.39
754.74,7.74351,2.55202,66.1402,63.7207,135.636,2.73677,-82.8567,180.042
754.76,7.74084,2.48921,66.1402,65.6713,135.636,2.73677,-82.8567,175.55
754.78,7.74031,2.58119,66.0945,65.6713,135.578,2.73677,-82.8567,171.071
754.8,7.74031,2.57494,66.1861,67.5755,135.578,2.73677,-82.8567,167.913
754.82,7.74191,2.53261,66.1861,67.5755,135.228,2.72719,-82.8567,162.523
754.84,7.74084,2.52286,66.3232,68.7794,134.007,2.72385,-82.8567,158.94
754.86,7.74137,2.56573,66.3236,69.7119,134.003,2.72384,-82.8567,158.031
754.88,7.74031,2.50436,66.4153,69.7119,132.253,2.72384,-82.8567,160.277
754.9,7.74031,2.53743,66.461,69.8509,132.253,2.72384,-67.0708,164.755
754.92,7.74031,2.67647,66.4611,69.5726,129.803,2.72384,-67.0225,168.812
754.94,7.74137,2.56561,66.5987,69.5726,126.769,2.72384,-67.0225,171.058
754.96,7.73871,2.55181,66.553,69.4337,126.769,2.72384,-67.0225,175.088
754.98,7.73763,2.58538,66.5528,69.4333,124.552,2.72384,-67.0225,172.855
755,7.73763,2.58006,66.4611,69.2011,121.985,2.72384,-67.0225,174.202
755.02,7.74083,2.45809,66.4611,69.1085,121.985,2.75063,-67.0225,174.202
755.04,7.74137,2.42924,66.2319,69.1082,119.535,2.76818,-67.0225,171.956
755.06,7.74084,2.70122,65.8651,68.9688,119.535,2.76818,-67.0225,173.753
755.08,7.74137,2.49855,65.8651,68.9688,117.965,2.76818,-67.0225,173.753
755.1,7.74137,2.42594,65.6817,68.6902,116.676,2.76818,-75.3823,171.956
755.12,7.74137,2.46366,65.4066,68.3186,116.676,2.76818,-75.3823,167.464
755.14,7.74137,2.46454,65.4066,68.3186,116.095,2.76818,-75.3823,167.016
755.16,7.74244,2.4277,65.2691,67.7613,116.151,2.76818,-75.3823,167.015
755.18,7.74244,2.50804,65.2691,67.4362,116.151,2.76818,-75.3823,169.261
755.2,7.73924,2.47305,65.3149,67.4362,116.268,2.77962,-75.3823,173.304
755.22,7.74405,2.52905,64.994,66.8789,116.268,2.77962,-75.3823,174.651
755.24,7.74779,2.53247,64.994,66.8789,116.21,2.76932,-75.3823,170.159
755.26,7.74725,2.45684,64.9482,66.6931,115.568,2.76932,-75.3823,169.261
755.28,7.74725,2.48164,64.9482,66.3227,115.568,2.76932,-75.3823,171.948
755.3,7.74618,2.49714,64.7648,66.3216,115.276,2.76932,-70.2347,169.71
755.32,7.74725,2.46002,64.8106,66.1822,114.985,2.76932,-70.2347,168.812
755.34,7.74725,2.47871,64.8106,66.1822,114.985,2.76932,-70.2347,164.333
755.36,7.75046,2.5131,65.2691,65.8107,115.16,2.76932,-70.2347,163.87
755.38,7.75046,2.5131,65.6817,65.5785,115.16,2.76932,-70.2347,162.074
755.4,7.74993,2.43326,65.6817,65.5785,115.683,2.77505,-70.2347,161.178
755.42,7.75046,2.61099,66.1861,65.3462,115.51,2.77329,-70.2347,156.683
755.44,7.74939,2.53136,66.1861,65.0211,115.51,2.77329,-70.2347,157.582
755.46,7.75046,2.52867,66.9174,65.0211,114.637,2.77329,-70.2347,157.134
755.48,7.75046,2.52866,67.3781,64.7889,114.635,2.77329,-62.7808,155.336
755.5,7.7542,2.49767,67.3781,64.7889,113.059,2.77329,-62.7808,156.234
755.52,7.7542,2.48394,67.0581,64.7426,111.082,2.77329,-62.7808,158.921
755.54,7.7558,2.47625,66.1402,64.6031,111.076,2.77329,-62.7808,159.378
755.56,7.75527,2.5316,66.1402,64.6031,109.267,2.77329,-62.7808,165.218
755.58,7.75527,2.50843,65.0889,64.5105,107.174,2.77329,-62.7808,170.144
755.6,7.75741,2.58911,65.0857,64.5567,107.167,2.75988,-62.7808,168.363
755.62,7.75794,2.4911,64.077,64.5567,104.484,2.75729,-62.7808,169.261
755.64,7.75634,2.41966,63.3914,64.4178,104.484,2.75729,-62.7808,170.604
755.66,7.75634,2.45352,63.3893,64.4174,102.559,2.75729,-62.7808,174.202
755.68,7.75741,2.48222,62.6099,64.278,103.2,2.75729,-74.3116,172.405
755.7,7.75687,2.6042,62.6099,64.0458,103.2,2.75729,-74.3116,174.202
755.72,7.75848,2.49173,61.8305,64.0458,106.759,2.75729,-74.3116,172.405
755.74,7.75794,2.56425,60.8677,63.7207,110.726,2.75729,-74.3116,169.71
755.76,7.75794,2.49163,60.8677,63.5814,110.726,2.75729,-74.3116,169.261
755.78,7.75901,2.47681,59.9992,63.5814,112.878,2.82613,-74.3116,166.574
755.8,7.75794,2.4788,59.263,63.3027,112.884,2.82634,-74.3116,162.972
755.82,7.75741,2.54759,59.263,63.3027,113.643,2.82552,-74.3116,162.523
755.84,7.75687,2.45214,58.6688,63.0712,113.817,2.82552,-74.3116,164.314
755.86,7.75687,2.45185,58.667,63.0241,113.818,2.82552,-74.3116,162.972
755.88,7.75474,2.52699,58.1627,63.0241,113.818,2.82552,-59.8158,165.218
755.9,7.74728,2.54519,58.4369,63.163,113.818,2.82552,-59.8158,165.666
755.92,7.74725,2.54325,58.4378,63.1634,113.818,2.82552,-59.8158,162.972
755.94,7.74832,2.61501,58.9879,63.1634,113.935,2.82552,-59.8158,161.175
755.96,7.74832,2.61501,58.9879,63.3023,113.935,2.82552,-59.8158,159.832
755.98,7.74779,2.66907,59.0796,63.3027,113.76,2.78715,-59.8158,152.191
756,7.74725,2.70478,58.9879,63.3027,113.526,2.78715,-59.8158,148.148
756.02,7.74725,2.58712,58.9879,63.2101,113.526,2.77293,-59.8158,146.357
756.04,7.74725,2.57555,58.6211,63.2098,113.176,2.77289,-59.8158,145.004
756.06,7.74725,2.55436,58.071,63.3956,113.176,2.77289,-78.5327,144.105
756.08,7.74725,2.57126,58.071,63.3956,113.002,2.77289,-78.5327,145.001
756.1,7.74886,2.62803,57.75,63.3492,112.826,2.77289,-78.5327,147.699
756.12,7.74832,2.39397,57.75,63.2563,112.826,2.77289,-78.5327,146.801
756.14,7.74779,2.49202,57.2472,63.2563,112.186,2.77289,-78.5327,150.831
756.16,7.74779,2.47958,56.8331,63.3492,112.184,2.77289,-78.5327,149.945
756.18,7.74672,2.60304,56.8331,63.3492,111.251,2.76132,-78.5327,149.945
756.2,7.74832,2.51826,56.558,63.3492,109.559,2.77817,-78.5327,152.191
756.22,7.74779,2.61697,56.1912,63.7672,109.559,2.77817,-78.5327,155.785
756.24,7.74832,2.56331,56.1912,63.7672,107.926,2.77817,-78.5327,152.64
756.26,7.74832,2.55901,55.641,64.1852,106.817,2.77817,-55.7183,150.843
756.28,7.74672,2.59412,55.641,64.6945,106.817,2.77817,-55.7183,149.052
756.3,7.75206,2.56617,55.045,64.696,106.409,2.77817,-55.7183,145.004
756.32,7.75046,2.5057,54.2656,65.114,106.409,2.77817,-55.7183,145.004
756.34,7.7478,2.52211,54.2656,65.114,106.642,2.77817,-55.7183,146.347
756.36,7.74779,2.54239,53.5779,65.6713,107.809,2.75709,-55.7183,145.004
756.38,7.75046,2.4449,52.9819,65.9965,107.809,2.75709,-55.7183,148.148
756.4,7.75099,2.48275,52.9819,65.9965,110.077,2.7551,-55.7183,152.627
756.42,7.74939,2.5425,52.2941,66.2751,112.709,2.7551,-55.7183,151.742
756.44,7.75313,2.55806,52.2941,66.2751,112.709,2.7551,-55.7183,151.742
756.46,7.75313,2.50431,51.6999,66.2751,114.396,2.7551,-78.3194,148.607
756.48,7.75206,2.46878,51.2855,66.5073,114.401,2.7551,-78.3885,150.394
756.5,7.75206,2.60445,51.2855,66.5073,115.16,2.7551,-78.3885,149.496
756.52,7.75419,2.46515,50.9655,67.1093,114.753,2.7551,-78.3885,150.392
756.54,7.7526,2.61041,50.9645,67.1111,114.751,2.7551,-78.3885,149.047
756.56,7.7526,2.61268,50.9645,67.1111,114.751,2.7551,-78.3885,146.351
756.58,7.75313,2.74815,50.6446,67.1111,113.588,2.80864,-78.3885,149.934
756.6,7.75099,2.45212,50.4602,67.204,112.301,2.8088,-78.3885,149.945
756.62,7.75313,2.66117,50.4602,67.204,112.301,2.81426,-78.3885,148.148
756.64,7.75313,2.55862,50.2774,67.204,110.44,2.81426,-78.3885,146.357
756.66,7.75527,2.56751,50.1851,66.9718,110.434,2.81426,-54.874,148.148
756.68,7.75367,2.54984,50.1851,66.9718,109.443,2.81426,-54.874,150.394
756.7,7.75313,2.68915,49.9559,66.3216,109.034,2.81426,-54.874,150.843
756.72,7.7526,2.7154,49.9559,65.7642,109.034,2.81426,-54.874,155.785
756.74,7.7526,2.60318,49.7725,65.7642,109.676,2.81426,-54.874,155.785
756.76,7.75474,2.56687,49.5891,65.2998,109.676,2.81426,-54.874,157.582
756.78,7.7542,2.55214,49.5891,65.2998,111.246,2.73793,-54.874,156.686
756.8,7.75206,2.70606,49.3599,65.0676,113.118,2.77254,-54.874,158.031
756.82,7.75153,2.78965,49.3599,64.696,113.118,2.77254,-54.874,158.48
756.84,7.75153,2.78965,49.177,64.696,114.863,2.77254,-54.874,161.615
756.86,7.75206,2.63074,49.314,64.3709,116.035,2.77254,-75.3205,165.667
756.88,7.7526,2.56054,49.314,64.278,116.035,2.77254,-75.3205,166.566
756.9,7.7526,2.63132,49.4511,64.278,115.86,2.77254,-75.3205,165.67
756.92,7.7526,2.57315,49.5891,63.9529,115.86,2.77254,-75.3205,164.769
756.94,7.7526,2.57315,49.5891,63.9529,114.343,2.77254,-75.3205,160.277
756.96,7.75206,2.56547,49.9091,63.6288,111.609,2.6841,-75.3205,156.694
756.98,7.75313,2.65654,49.91,63.3027,111.601,2.68383,-75.3205,156.234
757,7.7558,2.49067,50.3685,63.3027,108.859,2.79809,-75.3205,155.336
757.02,7.75207,2.469,50.7342,62.8397,108.859,2.79809,-75.3205,157.575
757.04,7.75206,2.51939,50.7353,62.8383,106.876,2.79809,-75.3205,159.378
757.06,7.75206,2.49832,51.3772,62.3738,106.467,2.79809,-53.6386,156.683
757.08,7.75419,2.4401,51.6971,61.8645,106.467,2.79809,-53.6386,157.131
757.1,7.7542,2.51584,51.6981,61.863,107.051,2.79809,-53.6386,153.988
757.12,7.7542,2.50085,51.8357,61.3056,108.392,2.79809,-53.6386,153.539
757.14,7.7526,2.48253,51.8357,60.7037,108.392,2.79809,-53.6386,150.852
757.16,7.75313,2.63373,51.9732,60.7019,109.501,2.5735,-53.6386,148.597
757.18,7.75367,2.75693,52.0649,60.1446,109.501,2.5735,-53.6386,141.859
757.2,7.75367,2.59256,52.0649,60.1446,110.376,2.78747,-53.6386,145.004
757.22,7.75367,2.62344,51.9732,59.6801,111.309,2.78747,-53.6386,140.961
757.24,7.7558,2.60587,51.9732,59.2157,111.309,2.78747,-53.6386,136.469
757.26,7.74458,2.57973,51.8357,59.2157,112.709,2.78747,-75.1352,132.426
757.28,7.74618,2.60738,51.4243,58.8453,114.047,2.78747,-75.1352,129.739
757.3,7.74351,2.59854,51.423,58.6584,114.051,2.78747,-75.1352,131.528
757.32,7.74351,2.59854,50.827,58.6584,114.401,2.78747,-75.1352,130.18
757.34,7.74564,2.61795,50.1414,58.3342,114.401,2.78747,-75.1352,131.524
757.36,7.74832,2.5404,50.1393,58.3332,113.935,2.49002,-75.1352,135.57
757.38,7.74725,2.60536,49.6808,58.0546,112.826,2.7903,-75.1352,143.207
757.4,7.74725,2.55463,49.6808,57.8231,112.826,2.7903,-75.1352,147.685
757.42,7.74725,2.55448,49.1765,57.8224,112.359,2.7903,-75.1352,144.555
757.44,7.74832,2.51254,48.8555,57.5437,112.359,2.7903,-54.9976,141.859
757.46,7.74672,2.56484,48.8555,57.4511,113.057,2.7903,-54.9976,140.516
757.48,7.74832,2.5958,48.8097,57.4508,115.801,2.7903,-54.9976,142.758
757.5,7.74672,2.62656,48.9931,57.0328,115.801,2.7903,-54.9976,140.961
757.52,7.74672,2.5977,48.9931,57.0328,119.407,2.7903,-54.9976,143.648
757.54,7.74618,2.56634,49.4974,56.847,121.985,2.7903,-54.9976,145.453
757.56,7.74618,2.57797,49.4974,56.6613,121.985,2.49098,-54.9976,149.496
757.58,7.74778,2.48199,50.183,56.6613,123.381,2.75917,-54.9976,152.183
757.6,7.74832,2.60806,51.1479,56.5219,123.385,2.75999,-54.9976,158.929
757.62,7.74832,2.61594,51.1479,56.5219,124.144,2.75999,-54.9976,159.378
757.64,7.74779,2.50238,52.3821,56.2904,124.667,2.75999,-75.8128,164.752
757.66,7.74886,2.42986,52.3858,56.1968,124.669,2.75999,-75.8765,169.261
757.68,7.74779,2.50207,53.9905,56.1968,124.844,2.75999,-75.8765,169.261
757.7,7.74565,2.53496,55.8244,56.0575,125.194,2.75999,-75.8765,167.464
757.72,7.74565,2.54899,55.8244,55.9646,125.194,2.75999,-75.8765,164.769
757.74,7.74725,2.64362,57.4291,55.9646,126.186,2.5404,-75.8765,163.87
757.76,7.74886,2.49851,58.3461,55.8253,126.186,2.5404,-75.8765,162.523
757.78,7.74992,2.46617,58.3461,55.8253,128.396,2.74475,-75.8765,160.732
757.8,7.74725,2.49787,58.8962,55.4073,131.494,2.74537,-75.8765,158.031
757.82,7.74725,2.50161,58.8962,54.85,131.494,2.74537,-75.8765,155.336
757.84,7.74672,2.63904,59.399,54.85,134.519,2.74537,-62.9234,155.336
757.86,7.74832,2.47494,59.7215,54.6642,134.528,2.74537,-62.8838,157.132
757.88,7.74886,2.57891,59.7215,54.6642,136.628,2.74537,-62.8838,158.48
757.9,7.74779,2.62814,60.1329,54.2475,137.384,2.74537,-62.8838,157.584
757.92,7.74779,2.63721,60.4551,53.9675,137.387,2.74537,-62.8838,157.582
757.94,7.74832,2.54957,60.4551,53.9675,137.328,2.59731,-62.8838,153.988
757.96,7.74992,2.46063,60.9579,53.6434,137.212,2.59731,-62.8838,151.749
757.98,7.74779,2.67879,60.9594,53.4102,137.212,2.71332,-62.8838,145.902
758,7.74779,2.78466,61.6013,53.4102,136.92,2.71332,-62.8838,143.207
758.02,7.74992,2.78052,62.0583,53.0398,136.92,2.71332,-68.0158,140.968
758.04,7.74779,2.63112,62.0597,53.0387,136.803,2.71332,-68.0315,135.121
758.06,7.74725,2.55313,62.7016,52.76,136.686,2.71332,-68.0315,132.426
758.08,7.74672,2.51678,63.2044,52.3896,136.686,2.71332,-68.0315,130.635
758.1,7.74672,2.59637,63.2059,52.3885,135.928,2.71332,-68.0315,131.977
758.12,7.74565,2.61063,63.7103,52.1562,135.228,2.71332,-68.0315,133.774
758.14,7.74725,2.54461,63.7103,51.7858,135.228,2.62833,-68.0315,135.117
758.16,7.74618,2.52902,64.0312,51.7847,134.061,2.75776,-68.0315,136.918
758.18,7.74832,2.54931,64.3521,51.8311,134.061,2.75776,-68.0315,137.816
758.2,7.74832,2.54931,64.3521,51.8311,132.603,2.75776,-68.0315,136.469
758.22,7.74672,2.56585,64.6731,51.8311,131.436,2.75776,-73.7351,131.528
758.24,7.74779,2.4668,64.6731,52.0634,131.436,2.75776,-73.7351,131.528
758.26,7.74725,2.63559,65.1316,52.0634,130.328,2.75776,-73.7351,131.078
758.28,7.74672,2.52852,65.5886,52.2949,128.583,2.75776,-73.7351,130.183
758.3,7.74672,2.52819,65.59,52.2491,128.577,2.75776,-73.7351,128.383
758.32,7.74779,2.65638,66.0027,52.2491,127.061,2.84087,-73.7351,127.485
758.34,7.74725,2.55476,66.3226,52.2954,127.061,2.84087,-73.7351,126.141
758.36,7.74512,2.55186,66.3236,52.2956,125.135,2.59162,-73.7351,126.586
758.38,7.74725,2.49681,66.5528,52.0169,123.385,2.59162,-73.7351,123.442
758.4,7.74725,2.49055,66.5528,51.9706,123.385,2.59162,-73.7351,121.651
758.42,7.74512,2.49054,66.5987,51.9705,122.277,2.59162,-59.7952,121.645
758.44,7.74298,2.45793,66.5528,51.924,122.277,2.59162,-59.7952,121.196
758.46,7.74298,2.44581,66.5528,51.924,121.521,2.59162,-59.7952,123.435
758.48,7.74565,2.52148,66.2777,51.8776,121.46,2.59162,-59.7952,123.442
758.5,7.74565,2.5146,66.2777,51.924,121.46,2.59162,-59.7952,123.442
758.52,7.73819,2.44046,65.9578,51.924,122.1,3.03428,-59.7952,121.651
758.54,7.7371,2.52122,65.6359,52.2027,123.152,3.03563,-59.7952,119.848
758.56,7.7387,2.62975,65.6359,52.342,123.152,2.66605,-59.7952,116.255
758.58,7.7403,2.62353,65.4073,52.342,124.024,2.66605,-59.7952,114.015
758.6,7.74031,2.61905,65.1774,52.8064,124.027,2.66605,-77.6061,113.11
758.62,7.7387,2.49084,65.1774,52.8064,124.552,2.66605,-77.6061,109.516
758.64,7.7371,2.59016,64.9032,53.4547,125.017,2.66605,-77.6061,114.443
758.66,7.73817,2.65932,64.9023,54.1533,125.019,2.66605,-77.6061,111.763
758.68,7.73817,2.66561,64.7189,54.1533,125.544,2.66605,-77.6061,111.313
758.7,7.7387,2.673,64.398,54.85,125.544,2.66605,-77.6061,109.516
758.72,7.73817,2.61088,64.398,55.4073,125.777,3.15273,-77.6061,109.516
758.74,7.7387,2.51012,63.9854,55.4073,125.252,2.63657,-77.6061,108.169
758.76,7.73977,2.58798,63.5727,56.1968,125.252,2.63657,-77.6061,109.517
758.78,7.73977,2.58189,63.5727,56.1968,125.136,2.63657,-77.6061,109.069
758.8,7.7387,2.60314,63.2518,57.0328,125.019,2.63657,-58.7863,110.864
758.82,7.7387,2.59191,63.2518,58.101,125.019,2.63657,-58.7863,114.009
758.84,7.73764,2.48691,62.8404,58.101,125.6,2.63657,-58.7863,115.352
758.86,7.73657,2.37094,62.6558,58.7512,125.602,2.63657,-58.7863,114.907
758.88,7.73657,2.37094,62.6558,58.7512,126.827,2.63657,-58.7863,113.559
758.9,7.73603,2.42717,62.3815,59.6773,128.921,2.95483,-58.7863,111.32
758.92,7.73496,2.53713,61.9222,60.609,128.927,2.95581,-58.7863,110.864
758.94,7.7371,2.42719,61.9222,60.609,130.853,2.75861,-58.7863,109.966
758.96,7.7371,2.41034,61.4194,61.4424,131.551,2.75861,-58.7863,113.101
758.98,7.7371,2.41029,61.4179,61.9094,131.553,2.75861,-58.7863,116.255
759,7.7355,2.55991,60.6385,61.9094,130.386,2.75861,-76.9884,117.602
759.02,7.7355,2.48681,59.9071,62.2335,130.386,2.75861,-76.9884,119.394
759.04,7.73603,2.51593,59.9049,62.2345,127.702,2.75861,-76.9884,124.79
759.06,7.73603,2.41288,59.4923,62.4667,125.135,2.75861,-76.9884,120.747
759.08,7.73603,2.43051,59.4923,63.0687,125.135,2.75861,-76.9884,120.747
759.1,7.73496,2.56415,59.263,63.0705,123.56,2.59388,-76.9884,122.544
759.12,7.73443,2.47361,59.263,63.7672,123.035,2.59388,-76.9884,127.036
759.14,7.73762,2.48109,59.263,63.7672,123.035,2.78297,-76.9884,125.244
759.16,7.7371,2.48111,59.2172,65.3927,122.744,2.78355,-76.9884,125.239
759.18,7.7371,2.52703,59.2172,65.3927,122.744,2.78355,-76.9884,122.993
759.2,7.73443,2.53851,59.2172,65.3927,122.744,2.78355,-76.9884,122.993
759.22,7.73496,2.38632,59.2172,65.3927,121.519,2.78355,-55.5741,124.789
759.24,7.73603,2.40882,59.3547,65.9965,119.768,2.78355,-55.5741,122.993
759.26,7.73336,2.56379,59.3547,66.4144,119.768,2.78355,-55.5741,116.704
759.28,7.73336,2.56163,59.309,66.4144,117.558,2.78355,-55.5741,112.673
759.3,7.73122,2.58323,59.4923,66.4609,117.552,2.78355,-55.5741,112.212
759.32,7.73389,2.63551,59.4923,66.4609,116.093,2.49549,-55.5741,109.966
759.34,7.73176,2.55695,59.4923,66.5535,114.872,2.84653,-55.5741,106.383
759.36,7.73176,2.58481,59.7215,66.6931,114.868,2.84761,-55.5741,109.067
759.38,7.73069,2.57999,59.7215,66.6931,114.576,2.84761,-55.5741,107.72
759.4,7.73015,2.59071,60.2243,66.7394,114.111,2.84761,-78.1137,106.824
759.42,7.73069,2.45607,60.2258,66.8789,114.11,2.84761,-78.1826,104.575
759.44,7.73229,2.60196,60.8218,66.8789,113.76,2.84761,-78.1826,100.532
759.46,7.73229,2.56586,61.4161,66.8326,113.76,2.84761,-78.1826,97.8453
759.48,7.73122,2.58363,61.4179,66.8324,112.593,2.84761,-78.1826,98.2863
759.5,7.73015,2.55946,61.968,66.8789,110.318,2.54348,-78.1826,97.8371
759.52,7.73069,2.47569,61.968,66.8326,110.318,2.54348,-78.1826,96.9415
759.54,7.73282,2.5068,62.4265,66.8324,106.526,2.82565,-78.1826,95.5911
759.56,7.73282,2.5068,62.885,66.8789,101.917,2.82565,-78.1826,96.0403
759.58,7.73336,2.33824,62.885,67.0641,101.917,2.82565,-78.1826,96.936
759.6,7.73282,2.38035,63.481,67.0647,98.1249,2.82565,-53.8445,99.1848
759.62,7.73229,2.39431,63.8937,67.3898,98.1249,2.82565,-53.8445,100.982
759.64,7.73815,2.4122,63.8937,67.3898,95.624,2.82565,-53.8445,100.534
759.66,7.73817,2.41225,63.8478,68.04,94.5663,2.82565,-53.8445,102.329
759.68,7.73924,2.41424,63.8478,69.0617,94.5663,2.82565,-53.8445,107.72
759.7,7.74244,2.46667,63.6186,69.0617,93.9245,2.6451,-53.8445,111.763
759.72,7.74137,2.38244,63.7561,70.1299,93.9245,2.6451,-53.8445,113.11
759.74,7.74298,2.39463,63.7561,70.1299,93.5162,2.85468,-53.8445,115.805
759.76,7.74298,2.4093,64.077,71.6626,92.9911,2.85468,-53.8445,118.051
759.78,7.74404,2.43749,64.077,72.7738,92.9911,2.85468,-53.8445,115.364
759.8,7.74618,2.46798,64.5814,72.7772,93.6912,2.85468,-77.8532,113.559
759.82,7.74618,2.53568,64.994,74.0312,97.3665,2.85468,-77.8532,114.458
759.84,7.74725,2.56335,64.994,75.0035,97.3665,2.85468,-77.8532,113.562
759.86,7.74725,2.56343,65.3149,75.0065,101.567,2.85468,-77.8532,114.009
759.88,7.75099,2.51874,65.2691,75.9354,101.567,2.85468,-77.8532,115.805
759.9,7.75366,2.53389,65.2691,75.9354,103.312,2.52831,-77.8532,121.179
759.92,7.76756,2.69539,65.0399,76.7714,103.725,2.82896,-77.8532,119.399
759.94,7.76596,2.43076,65.0399,77.5609,103.725,2.82896,-77.8532,122.543
759.96,7.76596,2.42175,64.6742,77.5609,104.249,2.82896,-77.8532,123.439
759.98,7.76916,2.41974,64.7189,77.8396,104.25,2.82896,-57.7979,123.891
760,7.77291,2.50112,64.7189,77.8396,105.884,2.82896,-57.7979,124.79
760.02,7.77664,2.41308,64.7646,77.8859,109.141,2.82896,-57.7979,125.237
760.04,7.77665,2.49759,65.59,77.5609,109.151,2.82896,-57.7979,127.036
760.06,7.77665,2.48833,65.59,77.5609,113.818,2.82896,-57.7979,129.282
760.08,7.77505,2.47976,66.5956,76.8201,118.703,2.82896,-57.7979,129.729
760.1,7.77665,2.41083,66.5987,75.5639,118.718,2.72754,-57.7979,127.934
760.12,7.77611,2.56861,67.2864,75.5639,122.51,2.87089,-57.7979,130.629
760.14,7.77771,2.5967,67.2407,74.1748,122.51,2.87089,-57.7979,131.525
760.16,7.77772,2.56108,67.2406,74.1705,124.377,2.87089,-57.7979,132.875
760.18,7.77665,2.37957,66.6904,72.8237,125.486,2.87089,-79.7064,133.324
760.2,7.77451,2.51393,66.2319,71.6626,125.486,2.87089,-79.7064,134.672
760.22,7.77184,2.57209,66.2319,71.6626,126.244,2.87089,-79.7064,133.774
760.24,7.77184,2.53045,66.3236,70.1764,127.177,2.87089,-79.7064,132.426
760.26,7.75634,2.49827,66.3236,68.7366,127.177,2.87089,-79.7064,134.223
760.28,7.74568,2.38926,67.0549,68.7366,128.399,2.83249,-79.7064,134.671
760.3,7.74725,2.46628,68.4326,67.5291,128.402,2.83237,-79.7064,132.426
760.32,7.74351,2.61296,68.4326,67.5291,131.786,2.80134,-79.7064,125.688
760.34,7.74351,2.57114,70.0781,66.7883,136.497,2.80134,-79.7064,127.031
760.36,7.74244,2.57047,70.0831,66.3216,136.511,2.80134,-79.7064,123.891
760.38,7.74351,2.58808,71.8712,66.3216,141.295,2.80134,-63.0279,118.95
760.4,7.74138,2.45364,73.7452,65.8122,144.494,2.80134,-63.0279,118.502
760.42,7.74298,2.54568,73.751,65.8107,144.504,2.80134,-63.0279,118.501
760.44,7.74298,2.54568,75.7683,65.2534,146.312,2.80134,-63.0279,118.95
760.46,7.74138,2.44082,77.9165,64.8366,146.312,2.80134,-63.0279,118.502
760.48,7.74351,2.48195,77.9231,64.8354,147.596,2.89474,-63.0279,118.501
760.5,7.74031,2.53365,80.7198,64.1387,147.362,2.75047,-63.0279,121.196
760.52,7.74137,2.65215,80.7198,63.5831,147.362,2.75047,-63.0279,121.644
760.54,7.74137,2.65252,84.1126,63.5814,146.137,2.75047,-63.0279,121.196
760.56,7.74084,2.47774,87.9638,62.4667,146.137,2.75047,-80.8182,122.543
760.58,7.74031,2.41934,87.9638,62.4667,145.09,2.75047,-80.8182,120.752
760.6,7.74031,2.58892,92.3194,61.6307,145.146,2.75047,-80.8182,121.196
760.62,7.74031,2.39634,92.3194,60.6554,145.146,2.75047,-80.8182,121.196
760.64,7.7419,2.37104,96.3874,60.6554,144.564,2.75047,-80.8182,122.539
760.66,7.74031,2.5835,99.8384,59.9588,144.329,2.75047,-80.8182,122.094
760.68,7.74031,2.49293,99.8384,59.2157,144.329,2.98214,-80.8182,121.196
760.7,7.74084,2.47529,102.498,59.2157,145.321,2.70818,-80.8182,122.543
760.72,7.74084,2.48527,103.598,58.4726,145.321,2.70818,-80.8182,121.645
760.74,7.74191,2.48272,103.598,58.4726,148.471,2.70818,-80.8182,121.645
760.76,7.74031,2.46229,103.827,57.9153,154.071,2.70818,-66.0342,122.543
760.78,7.74084,2.56823,103.827,57.3133,154.071,2.70818,-66.0342,124.335
760.8,7.74244,2.60762,103.965,57.3115,162.764,2.70818,-66.0342,125.688
760.82,7.74244,2.60762,103.965,57.0793,162.764,2.70818,-66.0342,125.239
760.84,7.74298,2.52572,103.965,57.0793,174.687,2.70818,-66.0342,123.895
760.86,7.74191,2.65087,104.377,57.1722,189.541,3.02347,-66.0342,119.399
760.88,7.74137,2.51988,104.836,57.0328,189.541,3.02347,-66.0342,114.009
760.9,7.74191,2.45442,104.836,57.0328,204.953,2.75182,-66.0342,106.843
760.92,7.74191,2.45422,105.615,56.9399,218.593,2.75099,-66.0342,99.1848
760.94,7.74244,2.56159,105.615,56.847,218.593,2.75099,-66.0342,94.2435
760.96,7.74031,2.54605,107.718,56.847,227.376,2.75099,-66.0957,87.9738
760.98,7.74137,2.51952,111.209,56.9399,227.402,2.75099,-66.0959,82.1149
761,7.73496,2.44979,111.209,56.9399,233.411,2.75099,-66.0959,78.5213
761.02,7.73496,2.43901,116.008,56.8473,238.936,2.75099,-66.0959,75.3864
761.04,7.73603,2.47616,116.023,57.0328,238.953,2.75099,-66.0959,72.6816
761.06,7.73657,2.55885,121.754,57.0328,246.887,2.95986,-66.0959,70.8848
761.08,7.73497,2.6051,128.153,57.0791,253.925,2.95986,-66.0959,67.7499
761.1,7.73443,2.60524,128.172,57.265,253.946,2.71086,-66.0959,65.4943
761.12,7.73443,2.64895,135.325,57.265,257.213,2.71086,-66.0959,61.4514
761.14,7.73283,2.48716,142.181,57.265,257.213,2.71086,-68.0871,58.7644
761.16,7.73496,2.4662,142.202,57.265,255.638,2.71086,-68.0932,56.9594
761.18,7.73443,2.48627,148.3,57.1257,253.363,2.71086,-68.0932,52.0181
761.2,7.73389,2.46631,148.3,56.9399,253.363,2.71086,-68.0932,47.526
761.22,7.73389,2.44751,154.764,56.9399,252.138,2.71086,-68.0932,45.28
761.24,7.73389,2.47356,162.971,56.7542,252.138,2.71086,-68.0932,42.1356
761.26,7.7387,2.43412,162.971,56.7542,251.204,2.93454,-68.0932,38.5419
761.28,7.74137,2.47157,172.295,56.7542,249.285,2.75474,-68.0932,36.7506
761.3,7.74031,2.37794,181.264,56.9399,249.279,2.75419,-68.0932,35.3975
761.32,7.74031,2.3489,181.264,56.9399,246.012,2.75419,-68.0932,35.3975
761.34,7.74137,2.46102,188.166,57.2641,241.592,2.75419,-60.19,35.3975
761.36,7.74672,2.41761,188.187,57.7759,241.579,2.75419,-60.1658,36.2959
761.38,7.74779,2.48183,193.368,57.7759,236.912,2.75419,-60.1658,35.3975
761.4,7.74619,2.5931,196.476,58.1463,236.912,2.75419,-60.1658,34.0539
761.42,7.74618,2.5929,196.486,58.1475,234.811,2.75419,-60.1658,33.6006
761.44,7.74672,2.5574,198.457,58.5655,238.953,2.79962,-60.1658,31.3546
761.46,7.74565,2.45924,198.457,58.8896,238.953,2.79962,-60.1658,30.9068
761.48,7.74672,2.47249,198.366,58.8906,249.163,2.71947,-60.1658,30.007
761.5,7.74565,2.59151,195.477,59.4943,262.93,2.71947,-60.1658,32.7022
761.52,7.74565,2.5538,195.477,60.0963,262.93,2.71947,-60.1658,34.9414
761.54,7.74405,2.60344,190.663,60.0981,277.282,2.71947,-74.0851,36.2959
761.56,7.74298,2.57661,184.932,60.8876,277.282,2.71947,-74.0851,35.8467
761.58,7.73978,2.61979,184.932,60.8876,289.902,2.71947,-74.0851,36.7423
761.6,7.73977,2.39702,178.147,61.6307,300.792,2.71947,-74.0851,35.8467
761.62,7.73657,2.3388,178.147,62.5132,300.792,2.71947,-74.0851,33.6006
761.64,7.73657,2.50603,171.153,62.5132,306.143,2.76082,-74.0851,34.4963
761.66,7.73496,2.54034,165.493,63.7672,306.159,2.76095,-74.0851,38.0927
761.68,7.73603,2.44855,165.493,63.7672,304,2.75743,-74.0851,42.1356
761.7,7.73603,2.49245,161.275,65.2998,294.55,2.75743,-74.0851,47.0768
761.72,7.73763,2.50075,157.744,66.9718,294.55,2.75743,-57.3861,52.4673
761.74,7.73657,2.55373,157.744,66.9718,277.457,2.75743,-57.3861,57.8578
761.76,7.73924,2.55092,154.031,68.5044,254.996,2.75743,-57.3861,62.3498
761.78,7.7387,2.57974,154.031,70.0324,254.996,2.75743,-57.3861,65.9325
761.8,7.7387,2.57983,143.852,71.8484,229.269,2.75743,-57.3861,69.0879
761.82,7.74565,2.53115,143.852,71.8484,229.269,2.75743,-57.3861,72.2324
761.84,7.74725,2.4956,143.852,71.8484,229.269,2.75743,-57.3861,74.9194
761.86,7.74405,2.59237,143.852,71.8484,229.269,2.75743,-57.3861,78.5213
761.88,7.74618,2.50728,143.852,71.8484,204.942,2.62594,-57.3861,80.7673
761.9,7.74618,2.50728,137.636,73.7467,185.691,2.68438,-57.3861,84.35
761.92,7.74565,2.50412,132.253,76.0747,185.632,2.68456,-57.3861,86.607
761.94,7.74512,2.46551,132.253,76.0747,173.031,2.68456,-57.3861,88.4038
761.96,7.74831,2.42256,127.316,78.2972,166.982,2.68456,-78.5503,89.2995
761.98,7.74725,2.50395,127.301,80.1618,166.964,2.68456,-78.6151,92.8959
762,7.74725,2.4917,123.221,80.1618,164.805,2.68456,-78.6151,94.2435
762.02,7.75045,2.61605,119.976,82.1065,164.805,2.68456,-78.6151,100.065
762.04,7.74886,2.4157,119.966,82.1124,163.989,2.68456,-78.6151,104.575
762.06,7.75046,2.54726,117.627,84.4346,161.889,2.75672,-78.6151,106.372
762.08,7.75046,2.60969,117.627,86.7497,161.889,2.75672,-78.6151,108.611
762.1,7.75099,2.60876,115.885,86.7568,156.58,2.75112,-78.6151,110.864
762.12,7.75313,2.58649,115.197,88.9861,149.696,2.75112,-78.6151,109.516
762.14,7.75313,2.59785,115.197,90.8845,149.696,2.75112,-78.6151,109.964
762.16,7.7542,2.65143,115.427,90.8903,142.695,2.75112,-65.9724,111.313
762.18,7.7542,2.44683,116.206,92.33,142.695,2.75112,-65.9724,113.559
762.2,7.75474,2.45199,116.206,92.33,137.387,2.75112,-65.9724,115.805
762.22,7.75474,2.5394,117.673,93.4911,134.703,2.75112,-65.9724,114.907
762.24,7.7542,2.4736,117.673,93.9555,134.703,2.75112,-65.9724,117.602
762.26,7.75367,2.45801,118.819,93.9555,133.711,2.71403,-65.9724,116.704
762.28,7.75367,2.45801,119.505,94.4186,133.711,2.71403,-65.9724,116.256
762.3,7.75313,2.38444,119.507,94.42,134.995,2.6413,-65.9724,115.356
762.32,7.75367,2.49377,119.232,94.6058,137.562,2.6413,-65.9724,115.805
762.34,7.75313,2.43526,119.232,94.8836,137.562,2.6413,-65.9724,111.775
762.36,7.75474,2.51774,118.59,94.8844,141.062,2.6413,-82.7744,110.864
762.38,7.75474,2.51774,117.123,94.7915,144.737,2.6413,-82.7744,114.009
762.4,7.75367,2.4426,117.123,94.5137,144.737,2.6413,-82.7744,116.248
762.42,7.75474,2.43013,114.693,94.5129,148.354,2.6413,-82.7744,115.805
762.44,7.75474,2.4331,112.08,94.1413,148.354,2.6413,-82.7744,114.009
762.46,7.75154,2.51635,112.08,94.1413,151.262,2.74819,-82.7744,115.352
762.48,7.75153,2.48769,109.466,93.0731,153.079,2.70679,-82.7744,113.559
762.5,7.74993,2.58035,109.466,92.1442,153.079,2.70679,-82.7744,109.966
762.52,7.74993,2.40864,107.41,92.1442,154.882,2.70679,-82.7744,105.935
762.54,7.74993,2.50237,106.165,90.9831,154.888,2.70679,-56.6242,105.474
762.56,7.74993,2.48734,106.165,90.3329,156.521,2.70679,-56.6242,104.575
762.58,7.74993,2.49042,105.48,90.3329,158.673,2.70679,-56.6242,101.888
762.6,7.74939,2.52171,105.019,89.6363,158.68,2.70679,-56.6242,98.7355
762.62,7.74886,2.53005,105.019,89.6363,160.255,2.70679,-56.6242,96.4895
762.64,7.74939,2.80971,105.293,88.8954,160.313,2.70679,-56.6242,98.7287
762.66,7.74886,2.58221,105.294,88.1501,160.313,2.74382,-56.6242,97.3879
762.68,7.74886,2.53402,106.303,88.1501,158.913,2.7404,-56.6242,100.083
762.7,7.74939,2.47151,108.045,87.0354,158.913,2.7404,-56.6242,101.431
762.72,7.74565,2.51136,108.045,87.0354,156.58,2.7404,-56.6242,100.532
762.74,7.75099,2.49445,110.063,86.1994,155.705,2.7404,-77.1943,98.7355
762.76,7.74993,2.42064,112.309,85.2706,155.705,2.7404,-77.1943,106.372
762.78,7.74993,2.459,112.309,85.2706,155.588,2.7404,-77.1943,111.298
762.8,7.75099,2.56782,114.831,84.3881,155.238,2.7404,-77.1943,111.763
762.82,7.75206,2.47418,114.831,83.6451,155.238,2.7404,-77.1943,109.067
762.84,7.75473,2.51369,117.07,83.6451,153.435,2.73855,-77.1943,109.963
762.86,7.76008,2.4478,118.544,82.9948,153.43,2.73855,-77.1943,113.11
762.88,7.76008,2.50606,118.544,82.9948,152.029,2.73075,-77.1943,114.458
762.9,7.76328,2.53093,119.55,82.3929,151.506,2.73075,-77.1943,114.458
762.92,7.76329,2.51421,119.553,81.5551,151.504,2.73075,-77.1943,116.255
762.94,7.76275,2.533,120.012,81.5551,151.971,2.73075,-57.4479,119.399
762.96,7.76648,2.47782,120.194,80.3512,152.262,2.73075,-57.4479,122.086
762.98,7.76649,2.45683,120.195,80.3475,152.263,2.73075,-57.4479,123.442
763,7.76649,2.44407,119.92,79.3258,153.313,2.73075,-57.4479,126.586
763.02,7.76596,2.5706,118.869,78.0293,153.313,2.73075,-57.4479,127.93
763.04,7.76542,2.6038,118.865,78.0254,154.655,2.71029,-57.4479,127.485
763.06,7.76542,2.53701,116.665,76.9107,157.047,2.71758,-57.4479,127.485
763.08,7.76702,2.49986,116.665,75.6143,157.047,2.71758,-57.4479,127.485
763.1,7.76435,2.58419,113.593,75.6103,159.088,2.71758,-57.4479,127.934
763.12,7.76435,2.52081,110.108,74.7279,159.088,2.71758,-78.9857,126.137
763.14,7.76595,2.43265,110.108,74.7279,161.066,2.71758,-78.9857,127.481
763.16,7.76596,2.63208,106.12,74.0312,164.455,2.71758,-78.9857,128.383
763.18,7.76435,2.65315,103.369,73.4739,164.455,2.71758,-78.9857,124.34
763.2,7.76596,2.58228,103.369,73.4739,169.181,2.71758,-78.9857,117.602
763.22,7.76596,2.52598,101.856,73.1952,175.481,2.71758,-78.9857,113.559
763.24,7.76596,2.55209,101.856,72.8701,175.481,2.73242,-78.9857,115.805
763.26,7.76596,2.55209,101.122,72.8701,181.782,2.75544,-78.9857,115.805
763.28,7.76436,2.60916,100.574,72.4997,181.782,2.75544,-78.9857,113.118
763.3,7.76649,2.62117,100.572,72.4986,186.332,2.75544,-78.9857,107.72
763.32,7.76435,2.50536,100.251,72.4986,189.599,2.75544,-63.2956,110.415
763.34,7.76649,2.5245,100.251,72.1745,189.599,2.75544,-63.2956,113.55
763.36,7.76649,2.52456,100.205,72.1735,190.766,2.75544,-63.2956,111.313
763.38,7.76649,2.51443,100.526,72.0341,190.241,2.75544,-63.2956,108.618
763.4,7.76756,2.51151,100.526,71.8952,190.241,2.75544,-63.2956,108.17
763.42,7.76542,2.43953,101.626,71.8948,190.416,2.72419,-63.2956,105.474
763.44,7.76596,2.48383,103.644,72.1735,190.416,2.72419,-63.2956,107.27
763.46,7.76596,2.50688,103.644,72.1735,191.579,2.73554,-63.2956,109.957
763.48,7.76275,2.55834,106.257,72.3128,192.341,2.73558,-63.2956,113.559
763.5,7.7526,2.45692,106.257,72.4057,192.341,2.73558,-63.2956,112.661
763.52,7.74567,2.5179,109.502,72.4057,192.399,2.73558,-75.1607,112.213
763.54,7.74458,2.52914,112.263,72.2199,192.399,2.73558,-75.197,111.313
763.56,7.74458,2.49615,112.263,71.9877,192.749,2.73558,-75.197,108.169
763.58,7.74618,2.51839,113.726,71.9877,193.273,2.73558,-75.197,103.243
763.6,7.74725,2.61554,113.73,71.8948,193.275,2.73558,-75.197,100.532
763.62,7.74618,2.53701,114.281,71.8948,193.158,2.72643,-75.197,99.634
763.64,7.74618,2.39028,114.189,71.9411,192.809,2.72643,-75.197,100.53
763.66,7.74672,2.37944,114.189,72.0341,192.808,2.74567,-75.197,98.2863
763.68,7.74779,2.51711,114.189,72.0341,194.15,2.74567,-75.197,96.0403
763.7,7.74512,2.49465,113.868,72.4521,194.15,2.74567,-70.1729,95.5911
763.72,7.74725,2.6259,113.868,72.4521,197.183,2.74567,-70.1729,97.3879
763.74,7.74725,2.40727,113.364,72.7308,200.567,2.74567,-70.1729,95.5911
763.76,7.74779,2.39349,113.364,73.3346,200.567,2.74567,-70.1729,91.5482
763.78,7.74512,2.53619,113.044,73.3346,202.486,2.74567,-70.1729,93.7874
763.8,7.74565,2.49786,112.905,73.799,202.492,2.74567,-70.1729,94.2435
763.82,7.74618,2.5422,112.905,74.2634,202.025,2.77657,-70.1729,93.7943
763.84,7.74618,2.5422,112.859,74.2634,201.502,2.7759,-70.1729,103.199
763.86,7.74618,2.52881,112.584,74.8672,201.5,2.77589,-70.1729,109.966
763.88,7.74672,2.61823,112.584,74.8672,200.158,2.77589,-70.1729,111.763
763.9,7.74672,2.59381,111.944,75.4691,197.309,2.77589,-67.9764,115.345
763.92,7.74512,2.54011,111.942,76.1676,197.3,2.77589,-67.9697,118.95
763.94,7.74512,2.54011,111.759,76.1676,192.574,2.77589,-67.9697,121.645
763.96,7.74885,2.53727,111.256,76.8158,192.574,2.77589,-67.9697,127.019
763.98,7.74779,2.60145,111.255,76.8178,186.157,2.77589,-67.9697,132.875
764,7.74512,2.54278,110.108,77.4216,179.448,2.73592,-67.9697,141.859
764.02,7.74725,2.44052,108.874,78.255,179.448,2.73592,-67.9697,146.338
764.04,7.74725,2.41128,108.87,78.2576,173.498,2.72582,-67.9697,153.09
764.06,7.75153,2.43003,108.045,78.5827,168.014,2.72582,-67.9697,158.48
764.08,7.75259,2.66148,108.045,79.3235,168.014,2.72582,-67.9697,161.615
764.1,7.75634,2.48692,107.22,79.3258,162.822,2.72582,-70.873,167.913
764.12,7.75901,2.50708,106.441,80.0689,162.822,2.72582,-70.873,169.71
764.14,7.75901,2.48845,106.441,80.0689,159.1,2.72582,-70.873,173.293
764.16,7.76115,2.53842,105.111,80.812,155.821,2.72582,-70.873,176.448
764.18,7.76168,2.44258,103.644,81.5551,155.821,2.72582,-70.873,175.101
764.2,7.75901,2.43496,103.644,81.5551,151.796,2.76959,-70.873,175.999
764.22,7.75954,2.53705,102.085,82.066,147.071,2.76959,-70.873,176.897
764.24,7.75954,2.56059,102.085,82.5304,147.071,2.72516,-70.873,176.448
764.26,7.76115,2.54469,100.71,82.5304,142.812,2.72516,-70.873,167.913
764.28,7.76062,2.51007,99.6582,82.7156,142.812,2.72516,-62.5181,160.3
764.3,7.76222,2.41873,99.655,82.7162,140.128,2.72516,-62.4926,161.624
764.32,7.76115,2.49407,98.8756,83.0877,139.137,2.72516,-62.4926,153.988
764.34,7.76115,2.47825,98.8756,83.5507,139.137,2.72516,-62.4926,150.853
764.36,7.76329,2.50035,98.463,83.5522,138.553,2.72516,-62.4926,148.148
764.38,7.76275,2.51472,98.1879,83.8308,137.97,2.72516,-62.4926,145.902
764.4,7.76169,2.47326,98.1879,84.3864,137.97,2.74551,-62.4926,144.559
764.42,7.76168,2.58661,97.867,84.3881,136.57,2.72221,-62.4926,139.613
764.44,7.76275,2.63322,97.1792,85.4099,136.57,2.72221,-62.4926,136.918
764.46,7.76328,2.49962,96.4936,86.0118,132.382,2.72221,-76.082,132.44
764.48,7.76329,2.55764,96.4915,86.0137,132.369,2.72221,-76.1236,131.078
764.5,7.76275,2.40902,96.4915,86.0137,132.369,2.72221,-76.1236,130.629
764.52,7.76275,2.43811,96.4915,86.8471,132.369,2.72221,-76.1236,127.494
764.54,7.76435,2.49445,95.8497,86.8497,130.211,2.72221,-76.1236,127.036
764.56,7.76435,2.55287,95.5287,87.5463,130.211,2.72221,-76.1236,123.891
764.58,7.76222,2.50344,95.5287,87.5463,129.048,2.72221,-76.1236,122.1
764.6,7.76168,2.48693,95.3912,88.1965,128.752,2.74656,-76.1236,125.239
764.62,7.76168,2.48693,95.3912,88.661,128.752,2.74656,-76.1236,124.34
764.64,7.76328,2.44953,95.3912,88.661,129.043,2.7758,-76.1236,122.997
764.66,7.76382,2.43648,95.2536,89.4041,129.394,2.77589,-76.1236,123.891
764.68,7.76222,2.51748,95.2536,89.8221,129.394,2.77589,-76.1236,123.442
764.7,7.76542,2.49643,94.6118,89.8221,129.219,2.77589,-53.3297,122.543
764.72,7.76542,2.49643,93.7865,90.7045,129.219,2.77589,-53.3297,117.602
764.74,7.76435,2.51039,93.7865,90.7045,128.169,2.77589,-53.3297,118.501
764.76,7.76489,2.58488,92.6861,91.4476,126.536,2.77589,-53.3297,119.848
764.78,7.76329,2.55985,92.6861,91.6791,126.536,2.77589,-53.3297,120.296
764.8,7.76489,2.63787,91.815,91.6798,125.194,2.60953,-53.3297,120.747
764.82,7.76489,2.59512,90.8981,92.1442,125.194,2.60953,-53.3297,121.196
764.84,7.76436,2.46032,90.8981,92.3757,125.31,2.65619,-53.3297,120.748
764.86,7.76489,2.5151,90.5313,92.3765,127.702,2.65633,-53.3297,120.747
764.88,7.76382,2.39794,89.8894,92.7944,127.702,2.65633,-77.1943,121.196
764.9,7.76435,2.4246,89.8894,92.7944,131.018,2.65633,-77.1943,118.957
764.92,7.76435,2.4357,88.8808,93.0267,133.536,2.65633,-77.1943,118.051
764.94,7.76222,2.50986,88.8808,93.2589,133.536,2.65633,-77.1943,117.153
764.96,7.76328,2.58308,87.7838,93.2589,134.641,2.65633,-77.1943,119.392
764.98,7.76168,2.63644,86.6342,93.4911,134.645,2.65633,-77.1943,121.196
765,7.76115,2.67433,86.6342,93.4911,136.453,2.8163,-77.1943,119.848
765.02,7.76115,2.62019,85.4001,93.9078,138.547,2.78808,-77.1943,118.057
765.04,7.76115,2.43766,84.6169,94.1878,138.553,2.78799,-77.1943,118.051
765.06,7.76115,2.49316,84.6169,94.1878,141.062,2.78799,-77.1943,120.297
765.08,7.76115,2.55363,84.6169,94.5119,142.923,2.78799,-54.0594,118.506
765.1,7.76222,2.58768,84.6169,95.0237,142.929,2.78799,-53.9886,117.602
765.12,7.76222,2.57472,84.8462,95.0237,143.862,2.78799,-53.9886,116.255
765.14,7.76062,2.43701,85.4404,95.3016,143.862,2.78799,-53.9886,117.15
765.16,7.76222,2.48172,85.4422,95.3024,143.745,2.78799,-53.9886,120.297
765.18,7.76168,2.34502,86.405,95.9062,142.579,2.72171,-53.9886,121.196
765.2,7.76168,2.40574,86.405,96.1848,142.579,2.72171,-53.9886,121.645
765.22,7.76382,2.41628,87.2761,96.1848,140.595,2.73301,-53.9886,121.645
765.24,7.76275,2.39045,87.7804,96.5099,137.912,2.73301,-53.9886,121.645
765.26,7.76222,2.41528,87.7804,96.6957,137.912,2.73301,-53.9886,125.239
765.28,7.76168,2.4949,88.7403,96.6957,134.538,2.73301,-75.3171,125.687
765.3,7.76168,2.6112,90.027,96.9279,134.528,2.73301,-75.3823,126.137
765.32,7.76489,2.60963,90.027,96.9279,131.728,2.73301,-75.3823,130.629
765.34,7.76276,2.47362,91.901,96.9279,130.39,2.73301,-75.3823,132.421
765.36,7.76329,2.34853,91.9067,96.8815,130.386,2.73301,-75.3823,135.121
765.38,7.76329,2.56207,93.6031,96.8815,130.736,2.777,-75.3823,133.324
765.4,7.76329,2.56207,95.2486,96.6963,130.736,2.777,-75.3823,133.324
765.42,7.76382,2.51477,95.2536,96.6957,131.961,2.75341,-75.3823,136.02
765.44,7.76542,2.39684,96.6291,96.6028,133.42,2.75341,-75.3823,140.961
765.46,7.76542,2.43508,97.4061,96.5102,133.42,2.75341,-54.6697,140.961
765.48,7.76489,2.54379,97.4085,96.5099,133.828,2.75341,-54.6064,140.961
765.5,7.76489,2.54379,98.0962,96.3242,133.536,2.75341,-54.6064,142.758
765.52,7.76702,2.40428,98.0962,96.2779,133.536,2.75341,-54.6064,146.34
765.54,7.76596,2.56294,98.6922,96.2777,133.478,2.75341,-54.6064,147.25
765.56,7.76596,2.53437,99.1507,96.2777,133.478,2.75341,-54.6064,145.004
765.58,7.76809,2.52431,99.1507,96.2777,134.874,2.77371,-54.6064,141.869
765.6,7.7681,2.54158,99.5633,96.3706,136.978,2.72379,-54.6064,140.512
765.62,7.76649,2.43263,99.5633,96.3706,136.978,2.72379,-54.6064,139.613
765.64,7.76809,2.48214,100.295,96.3706,138.897,2.72379,-54.6064,140.957
765.66,7.76756,2.50812,100.939,96.6957,141.12,2.72379,-74.7852,141.859
765.68,7.76756,2.53838,100.939,97.3459,141.12,2.72379,-74.7852,140.512
765.7,7.76756,2.53785,101.535,97.3459,143.22,2.72379,-74.7852,141.859
765.72,7.76649,2.50407,102.177,97.8104,143.22,2.72379,-74.7852,140.512
765.74,7.76703,2.5269,102.177,97.8104,144.97,2.72379,-74.7852,136.02
765.76,7.76649,2.5109,103.002,98.4606,146.312,2.72379,-74.7852,136.469
765.78,7.76489,2.3978,103.002,99.2014,146.312,2.72379,-74.7852,136.917
765.8,7.76489,2.42753,104.286,99.2037,146.487,2.72746,-74.7852,140.961
765.82,7.76649,2.4347,105.799,99.8074,146.487,2.72746,-74.7852,143.207
765.84,7.76543,2.31001,105.799,99.8074,146.255,2.72746,-74.7852,142.759
765.86,7.76382,2.47676,107.22,100.133,145.612,2.72746,-54.0916,143.207
765.88,7.76382,2.4623,108.687,100.597,145.612,2.72746,-54.0916,146.801
765.9,7.75636,2.4633,108.687,100.597,144.856,2.72746,-54.0916,149.488
765.92,7.75206,2.54844,110.108,101.015,144.562,2.72746,-54.0916,152.191
765.94,7.75313,2.47339,110.108,101.015,144.562,2.72746,-54.0916,150.843
765.96,7.75207,2.50867,111.388,101.015,145.9,2.73121,-54.0916,155.322
765.98,7.75367,2.4592,112.492,100.922,145.904,2.73122,-54.0916,160.726
766,7.75367,2.48087,112.492,100.922,148.412,2.69987,-54.0916,163.87
766.02,7.75313,2.50144,113.361,100.413,151.669,2.69987,-54.0916,163.423
766.04,7.74993,2.47969,113.364,99.3895,151.679,2.69987,-54.0916,163.87
766.06,7.74672,2.48003,113.96,99.3895,155.18,2.69987,-71.7584,162.074
766.08,7.74672,2.48003,114.051,98.1856,158.902,2.69987,-71.7584,160.73
766.1,7.74458,2.45977,114.051,97.1137,158.913,2.69987,-71.7584,159.828
766.12,7.74405,2.52246,113.914,97.1137,162.647,2.69987,-71.7584,162.074
766.14,7.74405,2.48654,113.914,96.1877,162.647,2.69987,-71.7584,164.313
766.16,7.73977,2.50081,113.914,96.1848,166.206,2.72464,-71.7584,166.566
766.18,7.73977,2.5058,114.005,95.3024,169.006,2.75298,-71.7584,166.566
766.2,7.7371,2.54657,114.005,94.6986,169.006,2.75298,-71.7584,165.218
766.22,7.7371,2.39388,114.418,94.6986,171.223,2.75298,-71.7584,162.074
766.24,7.7371,2.40137,114.922,94.3735,171.223,2.75298,-51.9914,163.421
766.26,7.73496,2.46573,114.922,94.1413,172.506,2.75298,-51.9914,162.972
766.28,7.73496,2.46221,115.425,94.1413,173.146,2.75298,-51.9914,159.389
766.3,7.73496,2.46227,116.252,93.9555,173.148,2.75298,-51.9914,155.785
766.32,7.7355,2.61069,116.252,93.9555,174.081,2.75298,-51.9914,152.64
766.34,7.73337,2.40639,117.166,93.8166,175.535,2.75298,-51.9914,152.64
766.36,7.73336,2.43658,117.169,93.5376,175.54,2.69456,-51.9914,150.843
766.38,7.73336,2.43658,118.499,93.5376,178.107,2.75973,-51.9914,145.902
766.4,7.73549,2.56748,119.733,93.5838,178.107,2.75973,-51.9914,143.215
766.42,7.73443,2.47461,119.736,93.584,181.14,2.75973,-51.9914,140.512
766.44,7.73336,2.47119,120.928,93.2589,184.232,2.75973,-63.9957,142.758
766.46,7.73389,2.4319,120.928,92.9811,184.232,2.75973,-63.9957,145.445
766.48,7.73389,2.46008,122.304,92.9802,186.974,2.75973,-63.9957,148.148
766.5,7.73443,2.47385,123.771,92.4229,189.191,2.75973,-63.9957,146.801
766.52,7.73389,2.54148,123.771,91.4969,189.191,2.75973,-63.9957,149.04
766.54,7.73282,2.5859,125.513,91.494,190.358,2.67711,-63.9957,147.699
766.56,7.73229,2.59152,127.301,90.5187,190.358,2.67711,-63.9957,146.801
766.58,7.73229,2.57908,127.301,90.5187,191.23,2.70338,-63.9957,144.561
766.6,7.73496,2.5075,128.585,89.3112,191.758,2.70346,-63.9957,145.004
766.62,7.73603,2.52197,128.585,87.6392,191.758,2.70346,-63.9957,142.309
766.64,7.73497,2.49801,129.773,87.6392,191.351,2.70346,-57.7142,141.861
766.66,7.73496,2.5566,130.19,86.2459,191.349,2.70346,-57.695,139.613
766.68,7.7387,2.55927,130.19,86.2459,190.999,2.70346,-57.695,140.961
766.7,7.7355,2.47629,130.74,84.5275,191.233,2.70346,-57.695,139.164
766.72,7.73657,2.56553,130.923,82.9019,191.233,2.70346,-57.695,138.266
766.74,7.73603,2.3649,130.923,82.9019,193.216,2.76708,-57.695,140.063
766.76,7.73603,2.44448,131.198,81.4157,197.475,2.76708,-57.695,140.512
766.78,7.73816,2.46268,131.198,79.7026,197.475,2.76114,-57.695,144.99
766.8,7.74031,2.53042,131.519,79.6973,204.184,2.76112,-57.695,146.351
766.82,7.74725,2.40237,132.253,78.6291,204.184,2.76112,-58.6833,148.597
766.84,7.74992,2.38218,132.253,78.6291,212.443,2.76112,-58.6833,149.493
766.86,7.74993,2.38212,133.17,78.0254,221.394,2.76112,-58.6833,148.597
766.88,7.75848,2.51869,134.27,78.2111,221.394,2.76112,-58.6833,146.801
766.9,7.76913,2.52649,134.27,78.2111,229.943,2.76112,-58.6833,146.801
766.92,7.77451,2.63946,135.829,78.8614,236.678,2.76112,-58.6833,147.699
766.94,7.77665,2.59378,135.829,80.0224,236.678,2.72648,-58.6833,145.004
766.96,7.77665,2.59378,137.84,80.0224,241.389,2.74413,-58.6833,142.765
766.98,7.77772,2.71412,140.23,81.4622,241.404,2.74419,-58.6833,145.004
767,7.77825,2.43685,140.23,81.4622,243.795,2.74419,-58.6833,145.902
767.02,7.77985,2.49021,143.11,82.666,246.122,2.74419,-69.7068,139.633
767.04,7.77985,2.50031,143.119,83.8308,246.129,2.74419,-69.7405,137.816
767.06,7.77825,2.51198,146.374,83.8308,249.221,2.74419,-69.7405,137.367
767.08,7.77931,2.47088,148.979,84.618,252.885,2.74419,-69.7405,135.576
767.1,7.77825,2.44064,150.959,85.2706,255.988,2.84036,-69.7405,134.223
767.12,7.77825,2.61648,150.959,85.2706,255.988,2.84036,-69.7405,136.02
767.14,7.77825,2.61083,150.959,85.2706,255.988,2.84036,-69.7405,136.915
767.16,7.77825,2.6262,152.334,85.4099,255.988,2.84036,-69.7405,135.57
767.18,7.78146,2.46378,152.334,85.4099,257.447,2.79911,-69.7405,133.324
767.2,7.77932,2.55862,152.839,85.2241,257.33,2.79911,-69.7405,133.774
767.22,7.77985,2.45398,152.839,84.6668,257.33,2.79911,-69.7405,134.672
767.24,7.77985,2.45398,152.564,84.6668,255.113,2.79911,-59.7334,132.426
767.26,7.78627,2.52569,151.28,83.7844,255.113,2.79911,-59.7334,131.977
767.28,7.78893,2.43694,151.28,83.7844,251.158,2.79911,-59.7334,128.394
767.3,7.79375,2.49381,149.721,82.8555,245.896,2.79911,-59.7334,126.137
767.32,7.79695,2.51726,149.721,82.2517,245.896,2.79911,-59.7334,123.891
767.34,7.79695,2.4973,147.893,82.2517,240.487,2.71644,-59.7334,124.787
767.36,7.79589,2.51324,146.007,82.2053,236.97,2.71619,-59.7334,121.645
767.38,7.79749,2.48885,146.007,82.5304,236.97,2.71012,-59.7334,122.993
767.4,7.79589,2.61311,143.402,82.5304,235.632,2.71012,-59.7334,120.753
767.42,7.79695,2.50443,139.818,82.8555,235.628,2.71012,-74.2292,118.501
767.44,7.79695,2.45981,139.818,82.8555,235.453,2.71012,-74.2292,120.747
767.46,7.79589,2.42492,136.115,82.8555,235.569,2.71012,-74.2292,125.225
767.48,7.79802,2.50165,136.104,82.484,235.57,2.71012,-74.2292,128.383
767.5,7.79589,2.50534,132.482,82.484,236.445,2.71012,-74.2292,130.629
767.52,7.79855,2.63006,129.283,81.9283,236.445,2.71012,-74.2292,133.316
767.54,7.79856,2.63045,129.273,81.5086,238.778,2.74332,-74.2292,136.02
767.56,7.79909,2.49634,127.118,81.5086,241.929,2.77194,-74.2292,136.02
767.58,7.79803,2.42788,126.844,81.2308,241.929,2.77194,-74.2292,135.124
767.6,7.79695,2.58393,126.843,81.23,243.97,2.77194,-74.2292,134.672
767.62,7.8007,2.59529,129.227,80.9978,242.629,2.77194,-55.5329,131.977
767.64,7.8007,2.59687,129.227,80.8125,242.629,2.77194,-55.5329,131.977
767.66,7.81726,2.46894,133.491,80.812,236.62,2.77194,-55.5329,133.774
767.68,7.83917,2.60449,139.084,80.7655,236.62,2.77194,-55.5329,132.426
767.7,7.9017,2.53826,139.084,80.7655,226.177,2.77194,-55.5329,134.672
767.72,7.9017,2.60555,145.136,80.394,213.401,2.71174,-55.5329,138.715
767.74,8.63706,2.58466,151.096,80.0689,213.401,2.71174,-55.5329,140.961
767.76,9.47342,2.58909,151.096,80.0689,199.633,2.73363,-55.5329,140.961
767.78,10.1997,2.57964,156.947,79.3744,187.652,2.73363,-55.5329,144.544
767.8,10.5084,2.5146,156.965,78.4898,187.616,2.73363,-55.5329,140.961
767.82,10.5084,2.53116,161.962,78.4898,179.973,2.73363,-72.3761,139.613
767.84,10.6024,2.56372,164.522,77.7027,179.973,2.73363,-72.3761,139.613
767.86,10.7239,2.38365,164.53,77.7003,176.706,2.73363,-72.3761,138.715
767.88,10.9166,2.31196,163.796,77.05,176.415,2.73363,-72.3761,137.817
767.9,11.0953,2.34576,163.796,76.4481,176.415,2.73363,-72.3761,136.025
767.92,11.0958,2.34586,160.449,76.4463,177.407,2.83875,-72.3761,135.57
767.94,11.1279,2.39087,156.186,76.2141,179.332,2.83875,-72.3761,130.629
767.96,11.1589,2.41217,156.186,76.3067,179.332,2.81582,-72.3761,127.942
767.98,11.1622,2.34117,152.105,76.3069,181.607,2.81575,-72.3761,122.993
768,11.1674,2.34221,148.85,76.5856,181.607,2.81575,-52.4444,119.848
768.02,11.1674,2.34221,148.85,76.5856,184.922,2.81575,-52.4444,115.37
768.04,11.2291,2.38283,145.686,76.8178,189.541,2.81575,-52.4444,113.559
768.06,10.7206,2.36427,145.686,76.9107,189.541,2.81575,-52.4444,111.313
768.08,9.48468,2.73595,142.167,76.9107,194.601,2.81575,-52.4444,107.731
768.1,8.50452,2.46926,138.442,76.632,194.616,2.81575,-52.4444,105.923
768.12,8.50452,2.43154,138.442,76.0747,199.633,2.80476,-52.4444,104.126
768.14,7.70907,2.33409,134.557,76.0747,202.832,2.77214,-52.4444,102.335
768.16,7.70129,2.29633,130.832,75.5174,202.842,2.77204,-52.4444,97.8371
768.18,7.70022,2.31332,130.832,75.5174,205.759,2.77204,-52.4444,96.0403
768.2,7.70022,2.23565,127.806,75.1923,210.251,2.77204,-73.6115,94.2435
768.22,7.70076,2.26194,127.806,75.1923,210.251,2.77204,-73.6115,95.1419
768.24,7.70129,2.31323,126.109,75.1923,215.326,2.77204,-73.6115,95.1419
768.26,7.70076,2.31824,124.963,75.3781,215.326,2.77204,-73.6115,96.0403
768.28,7.70129,2.25596,124.963,75.3781,220.27,2.77204,-73.6115,96.936
768.3,7.70129,2.42654,124.23,75.7032,223.027,2.82768,-73.6115,95.5911
768.32,7.70557,2.46747,124.23,76.4463,223.027,2.82768,-73.6115,92.4467
768.34,7.70877,2.38942,122.813,76.4463,221.98,2.80474,-73.6115,88.864
768.36,7.70664,2.4938,121.433,77.05,216.318,2.80467,-73.6115,87.9546
768.38,7.70771,2.61412,121.433,77.8396,216.318,2.80467,-73.6115,87.5054
768.4,7.70771,2.61412,118.736,77.8396,208.815,2.80467,-53.9253,90.6403
768.42,7.70717,2.52327,114.831,78.5827,208.793,2.80467,-53.8651,92.8959
768.44,7.70717,2.39837,114.831,78.5827,201.034,2.80467,-53.8651,99.1847
768.46,7.70664,2.40417,111.631,79.1383,195.741,2.80467,-53.8651,100.976
768.48,7.70824,2.47672,111.621,79.9296,195.725,2.80467,-53.8651,102.778
768.5,7.70824,2.47672,109.283,79.9296,192.633,2.8028,-53.8651,104.126
768.52,7.70664,2.42518,107.043,81.226,192.633,2.8028,-53.8651,107.261
768.54,7.70824,2.48646,107.037,82.4375,193.333,2.77455,-53.8651,107.72
768.56,7.71359,2.52516,105.661,82.4375,196.6,2.77455,-53.8651,106.372
768.58,7.43963,2.42806,105.204,83.734,196.6,2.77455,-73.3255,106.82
768.6,7.43879,2.43178,105.203,83.7379,200.042,2.77455,-73.385,107.72
768.62,7.20795,2.47122,105.065,84.6668,200.625,2.77455,-73.385,108.618
768.64,7.2092,2.53053,105.065,85.2687,200.625,2.77455,-73.385,109.066
768.66,7.21736,2.44004,105.386,85.2706,198.642,2.77455,-73.385,109.517
768.68,7.25374,2.26906,105.936,85.5957,198.642,2.77455,-73.385,111.763
768.7,7.25374,2.30082,105.936,85.5957,194.733,2.80859,-73.385,109.067
768.72,7.38672,2.38147,106.12,85.6886,190.299,2.80563,-73.385,106.372
768.74,7.46576,2.51245,105.432,86.0137,190.299,2.80563,-73.385,107.27
768.76,7.46702,2.60536,105.432,86.0137,186.916,2.80563,-73.385,105.474
768.78,7.46952,2.47377,104.655,86.1526,185.578,2.80563,-59.5903,103.682
768.8,7.46953,2.47641,104.652,86.2923,185.574,2.80563,-59.5481,101.431
768.82,7.46953,2.5725,104.056,86.2923,186.391,2.80563,-59.5481,100.532
768.84,7.47265,2.59005,103.508,86.4312,186.391,2.80563,-59.5481,98.741
768.86,7.56487,2.5452,103.506,86.4317,187.849,2.80563,-59.5481,92.4467
768.88,7.6548,2.46476,102.452,86.8032,189.599,2.76778,-59.5481,90.2006
768.9,7.6548,2.50633,102.452,87.1736,189.599,2.76778,-59.5481,88.4093
768.92,7.65694,2.47891,101.535,87.1748,190.533,2.74858,-59.5481,85.7086
768.94,7.66282,2.50538,100.664,87.3605,189.249,2.74858,-59.5481,81.6657
768.96,7.6415,2.39316,100.664,87.2679,189.249,2.74858,-59.5481,82.1136
768.98,7.63877,2.45536,99.7467,87.2677,184.757,2.74858,-74.6205,78.0721
769,7.63877,2.46231,98.6005,86.8961,184.757,2.74858,-74.6205,77.6229
769.02,7.64196,2.31411,98.6005,86.8961,178.185,2.74858,-74.6205,76.2794
769.04,7.6409,2.47742,96.8583,86.571,170.931,2.74858,-74.6205,74.0292
769.06,7.63877,2.49511,96.8583,86.1066,170.931,2.74858,-74.6205,73.58
769.08,7.6393,2.44352,94.9386,86.1066,164.068,2.81128,-74.6205,75.8192
769.1,7.6393,2.44434,93.6948,85.5028,164.047,2.81147,-74.6205,75.3768
769.12,7.6393,2.5057,93.6948,85.5028,158.388,2.80373,-74.6205,79.4197
769.14,7.6409,2.40608,93.5577,84.9009,154.317,2.80373,-74.6205,82.5545
769.16,7.6393,2.38402,93.7407,84.5739,154.305,2.80373,-63.1927,83.4625
769.18,7.64144,2.44977,93.7407,84.5739,152.438,2.80373,-63.1927,87.0562
769.2,7.64144,2.44977,93.8323,84.4346,152.438,2.80373,-63.1927,91.5482
769.22,7.6409,2.48254,93.8323,84.5739,152.438,2.80373,-63.1927,94.2435
769.24,7.63823,2.35903,93.8323,84.5739,151.913,2.80373,-63.1927,93.7943
769.26,7.64037,2.26797,93.5114,84.9455,151.913,2.80373,-63.1927,96.4895
769.28,7.63984,2.30021,93.5114,84.9455,148.365,2.76942,-63.1927,103.655
769.3,7.63984,2.29894,92.8695,85.317,140.945,2.78302,-63.1927,108.169
769.32,7.63556,2.30683,92.8695,85.5957,140.945,2.78302,-63.1927,113.11
769.34,7.6265,2.42607,91.864,85.5957,133.908,2.78302,-63.1927,113.11
769.36,7.62167,2.35062,90.9439,85.6421,129.102,2.78302,-72.8085,117.602
769.38,7.62167,2.41145,90.9439,85.5028,129.102,2.78302,-72.8085,117.602
769.4,7.64777,2.50087,90.304,85.5028,125.264,2.78302,-72.8085,120.737
769.42,7.64197,2.53209,90.3021,85.735,125.252,2.78302,-72.8085,122.544
769.44,7.63022,2.50873,90.3021,85.735,122.16,2.78302,-72.8085,123.442
769.46,7.63022,2.47482,90.6677,85.9202,119.601,2.72806,-72.8085,124.785
769.48,7.48521,2.46248,90.6688,86.1994,119.593,2.72789,-72.8085,125.688
769.5,7.42373,2.41855,90.9439,86.1994,117.143,2.7314,-72.8085,123.891
769.52,7.47376,2.64951,91.0353,86.3847,117.143,2.7314,-72.8085,123.443
769.54,7.47705,2.40193,91.0356,86.4781,114.576,2.7314,-72.8085,126.137
769.56,7.47705,2.64898,90.8522,86.4781,112.476,2.7314,-68.3815,127.934
769.58,7.48768,2.64902,90.3037,86.7559,112.476,2.7314,-68.3815,129.277
769.6,7.48583,2.71749,90.3021,86.7568,111.484,2.7314,-68.3815,131.078
769.62,7.48521,2.52559,89.8436,86.6174,111.951,2.7314,-68.3815,132.875
769.64,7.48958,2.68197,89.8436,86.8027,111.951,2.7314,-68.3815,131.98
769.66,7.4896,2.74956,89.4309,86.8032,114.693,2.88721,-68.3815,134.672
769.68,7.49524,2.57539,88.7432,86.7103,114.693,2.88721,-68.3815,136.02
769.7,7.49336,2.58201,88.7432,86.7103,120.06,2.85886,-68.3815,133.324
769.72,7.49524,2.46441,87.7346,86.8961,128.227,2.85886,-68.3815,127.485
769.74,7.4965,2.43533,86.4967,86.9426,138.612,2.85886,-70.7494,124.79
769.76,7.4965,2.43533,86.4967,86.9426,138.612,2.85886,-70.7494,127.485
769.78,7.49525,2.57539,86.4967,86.9426,138.612,2.85886,-70.7494,127.037
769.8,7.55044,2.46131,85.3963,87.2212,149.346,2.85886,-70.7494,129.282
769.82,7.58871,2.53882,85.3963,87.4999,149.346,2.85886,-70.7494,130.18
769.84,7.58683,2.56552,84.4822,87.4999,158.361,2.85886,-70.7494,132.419
769.86,7.58683,2.5683,84.0209,87.825,158.388,2.85886,-70.7494,131.528
769.88,7.58745,2.59265,84.0209,87.825,166.147,2.65923,-70.7494,131.078
769.9,7.58558,2.45847,83.9752,87.7324,173.301,2.64892,-70.7494,131.078
769.92,7.58745,2.55679,83.975,87.6856,173.323,2.64889,-70.7494,133.324
769.94,7.58683,2.33836,84.0209,87.6856,177.115,2.64889,-70.7494,131.528
769.96,7.58683,2.34794,84.2951,87.8709,177.115,2.64889,-73.7465,127.497
769.98,7.5862,2.50201,84.296,87.6392,176.006,2.64889,-73.7557,125.239
770,7.58745,2.40839,84.7086,87.6392,171.689,2.64889,-73.7557,123.891
770.02,7.59121,2.65851,84.8457,87.5466,171.689,2.64889,-73.7557,125.235
770.04,7.58871,2.60739,84.8462,87.5463,166.556,2.64889,-73.7557,127.485
770.06,7.58871,2.58758,85.0754,87.825,162.589,2.64889,-73.7557,127.485
770.08,7.59246,2.63358,85.0754,88.1028,162.589,2.864,-73.7557,131.067
770.1,7.59059,2.41534,85.5797,88.1036,160.255,2.85142,-73.7557,133.774
770.12,7.58683,2.40831,86.3591,88.3823,160.255,2.85142,-73.7557,133.774
770.14,7.58495,2.36969,86.3591,88.9842,159.383,2.85142,-73.7557,136.908
770.16,7.58495,2.37742,86.9552,88.9861,159.963,2.85142,-61.5866,134.672
770.18,7.59185,2.44205,87.3678,89.2647,159.963,2.85142,-61.5866,133.324
770.2,7.59624,2.5447,87.3678,89.2647,161.305,2.85142,-61.5866,131.977
770.22,7.5793,2.50249,87.597,89.7292,162.297,2.85142,-61.5866,131.078
770.24,7.58369,2.5025,87.597,90.1936,162.297,2.85142,-61.5866,131.528
770.26,7.58369,2.47635,87.597,90.1936,160.43,2.76816,-61.5866,129.282
770.28,7.58119,2.46308,87.6884,90.7492,160.43,2.76816,-61.5866,131.073
770.3,7.57993,2.50134,87.6887,90.7509,156.346,2.76515,-61.5866,133.324
770.32,7.58118,2.57844,87.5512,91.2154,151.796,2.76515,-61.5866,132.426
770.34,7.58118,2.50933,87.5512,91.6321,151.796,2.76515,-78.1731,134.665
770.36,7.58432,2.5212,87.3678,91.6334,147.421,2.76515,-78.2238,136.02
770.38,7.58369,2.58407,87.2761,91.8191,144.387,2.76515,-78.2238,137.817
770.4,7.57931,2.47915,87.2761,91.8191,144.387,2.76515,-78.2238,138.712
770.42,7.58118,2.43225,87.5053,91.8191,142.695,2.76515,-78.2238,138.266
770.44,7.58118,2.47158,87.8263,91.4476,142.695,2.76515,-78.2238,133.774
770.46,7.58056,2.50111,87.8263,91.4476,142.114,2.76129,-78.2238,131.087
770.48,7.57993,2.54309,87.918,91.4476,141.645,2.7663,-78.2238,132.875
770.5,7.58306,2.44802,87.918,91.2154,141.645,2.7663,-78.2238,129.731
770.52,7.58244,2.5698,87.6894,91.2154,140.889,2.7663,-78.2238,126.596
770.54,7.58244,2.57018,87.4595,90.9831,140.887,2.7663,-58.0244,124.34
770.56,7.58306,2.63147,87.4595,90.7974,139.428,2.7663,-58.0244,122.543
770.58,7.58119,2.51627,87.2309,90.7974,137.16,2.7663,-58.0244,122.543
770.6,7.58244,2.66428,87.0469,90.658,137.153,2.7663,-58.0244,121.645
770.62,7.58306,2.48435,87.0469,90.658,134.586,2.7663,-58.0244,123.442
770.64,7.58306,2.48435,86.6355,90.5654,132.376,2.7663,-58.0244,123.442
770.66,7.58181,2.54281,86.6342,90.5652,132.369,2.78759,-58.0244,125.688
770.68,7.58683,2.63153,86.2674,90.5652,130.969,2.83513,-58.0244,127.934
770.7,7.59686,2.45017,86.0382,90.7045,130.969,2.83513,-58.0244,125.239
770.72,7.60188,2.51925,86.0382,90.7045,130.153,2.83513,-58.0244,127.485
770.74,7.60188,2.54009,85.9924,90.7045,129.511,2.83513,-75.5882,131.977
770.76,7.60941,2.55223,86.0382,90.7045,129.511,2.83513,-75.5882,131.078
770.78,7.61379,2.63022,86.0382,90.7045,129.22,2.83513,-75.5882,128.839
770.8,7.61694,2.46225,85.9007,90.7974,129.219,2.83513,-75.5882,128.832
770.82,7.6238,2.4065,85.9007,90.7045,129.219,2.83513,-75.5882,129.282
770.84,7.6238,2.41584,85.6721,90.7045,129.277,2.71005,-75.5882,131.073
770.86,7.62487,2.53026,85.3505,90.5652,129.278,2.70967,-75.5882,134.223
770.88,7.62541,2.48734,85.3505,90.5652,129.336,2.88287,-75.5882,133.774
770.9,7.62434,2.49744,85.0762,90.3799,129.161,2.88287,-75.5882,133.326
770.92,7.62594,2.55339,85.0754,90.1007,129.161,2.88287,-75.5882,134.672
770.94,7.62594,2.57014,84.9379,90.1007,129.102,2.88287,-52.3208,136.02
770.96,7.63393,2.42662,84.9836,89.9155,129.219,2.88287,-52.3208,139.155
770.98,7.62968,2.49096,84.9837,89.4505,129.219,2.88287,-52.3208,141.859
771,7.62808,2.49655,84.8003,89.4505,129.219,2.88287,-52.3208,143.656
771.02,7.63074,2.45694,84.7089,89.0338,129.219,2.88287,-52.3208,143.656
771.04,7.63075,2.47763,84.7086,89.0325,128.927,2.67893,-52.3208,140.961
771.06,7.63075,2.54616,84.5711,88.8003,128.169,2.85043,-52.3208,139.613
771.08,7.63235,2.53437,84.5711,88.5225,128.169,2.85043,-52.3208,138.27
771.1,7.63182,2.56337,84.3418,88.5216,127.469,2.85043,-52.3208,136.918
771.12,7.63396,2.47704,84.2043,88.1501,127.469,2.85043,-69.7817,139.164
771.14,7.63396,2.40647,84.2043,88.0112,126.713,2.85043,-69.7817,142.747
771.16,7.63235,2.47611,84.0209,88.0107,126.361,2.85043,-69.7817,142.309
771.18,7.63396,2.56751,83.975,88.0107,126.361,2.85043,-69.7817,141.859
771.2,7.63289,2.52916,83.975,88.0107,126.594,2.85043,-69.7817,144.555
771.22,7.63235,2.57928,83.7917,87.8714,127.527,2.85043,-69.7817,142.758
771.24,7.63235,2.60359,83.7917,87.6856,127.527,2.87363,-69.7817,144.555
771.26,7.62861,2.53863,83.6541,87.6856,128.286,2.90215,-69.7817,141.859
771.28,7.62808,2.58374,83.6084,87.5467,128.286,2.90215,-69.7817,139.172
771.3,7.63129,2.42874,83.6083,87.5463,129.569,2.90215,-69.7817,139.164
771.32,7.63129,2.43765,83.1956,87.407,131.611,2.90215,-53.0621,140.961
771.34,7.58196,2.43854,83.1956,86.9903,131.611,2.90215,-53.0621,144.096
771.36,7.57365,2.522,82.8747,86.989,135.228,2.90215,-53.0621,143.207
771.38,7.57428,2.59933,82.5538,86.8497,140.128,2.90215,-53.0621,142.309
771.4,7.57678,2.53961,82.5538,86.6181,140.128,2.90215,-53.0621,143.204
771.42,7.57491,2.51898,82.5538,86.6174,144.795,2.85301,-53.0621,143.207
771.44,7.57491,2.51742,82.4162,86.2923,144.795,2.85301,-53.0621,148.148
771.46,7.57366,2.53241,82.4162,86.2923,148.343,2.77336,-53.0621,153.074
771.48,7.5724,2.49894,82.5996,86.3852,150.746,2.77312,-53.0621,155.785
771.5,7.5724,2.5444,82.5996,86.2923,150.746,2.77312,-53.0621,156.683
771.52,7.5724,2.5444,83.4681,86.2923,152.491,2.77312,-73.5694,156.235
771.54,7.57365,2.51447,84.1584,86.3388,152.496,2.77312,-73.6321,155.336
771.56,7.57303,2.60597,84.1584,86.3388,153.021,2.77312,-73.6321,147.699
771.58,7.5749,2.62199,84.7984,86.3388,152.149,2.77312,-73.6321,144.564
771.6,7.57428,2.57211,85.2129,86.1066,152.146,2.77312,-73.6321,141.41
771.62,7.57428,2.55544,85.2129,86.1066,150.396,3.03712,-73.6321,141.859
771.64,7.57241,2.58502,85.3958,86.1066,148.186,3.03712,-73.6321,143.651
771.66,7.57177,2.66979,85.3963,85.8743,148.179,2.72434,-73.6321,142.309
771.68,7.57365,2.52783,85.5339,85.8743,146.721,2.72434,-73.6321,143.207
771.7,7.57177,2.45969,85.4422,85.7815,146.721,2.72434,-54.7093,145.453
771.72,7.57177,2.49504,85.4422,85.7815,146.837,2.72434,-54.7093,149.047
771.74,7.57303,2.52844,85.3505,85.735,148.179,2.72434,-54.7093,144.105
771.76,7.57365,2.57066,85.3505,85.8743,148.179,2.72434,-54.7093,136.918
771.78,7.57303,2.50459,85.3505,85.8743,150.157,2.72434,-54.7093,136.022
771.8,7.5724,2.49835,85.4422,86.2459,151.796,2.72434,-54.7093,133.324
771.82,7.5724,2.49835,85.4422,86.5246,151.796,2.56684,-54.7093,131.528
771.84,7.56802,2.46105,85.4422,86.5246,152.959,2.84248,-54.7093,129.736
771.86,7.5655,2.47567,85.809,86.8497,152.963,2.84333,-54.7093,125.239
771.88,7.56801,2.41918,85.809,86.8497,153.488,2.84333,-54.7093,119.399
771.9,7.56676,2.5418,85.9004,87.0812,153.023,2.84333,-69.1404,119.399
771.92,7.56675,2.51776,85.9007,87.0819,153.021,2.84333,-69.1845,118.501
771.94,7.56675,2.49088,86.1757,87.0819,152.438,2.84333,-69.1845,117.153
771.96,7.56675,2.5521,86.3586,87.0819,151.624,2.84333,-69.1845,117.601
771.98,7.56613,2.56965,86.3591,86.8497,151.621,2.84333,-69.1845,118.95
772,7.5655,2.48401,86.4508,86.8497,150.746,1.92417,-69.1845,117.602
772.02,7.5655,2.4903,86.5422,87.0812,150.746,1.92417,-69.1845,121.185
772.04,7.56613,2.53792,86.5425,87.0819,149.579,2.85358,-69.1845,117.602
772.06,7.5655,2.54039,86.9552,87.3141,149.054,2.85358,-69.1845,114.907
772.08,7.5655,2.47559,86.9552,87.3604,149.054,2.85358,-69.1845,114.459
772.1,7.56801,2.45564,87.2761,87.3605,148.996,2.85358,-52.1973,113.559
772.12,7.56801,2.44642,87.5512,87.4534,148.996,2.85358,-52.1973,113.11
772.14,7.56613,2.50342,87.5512,87.4997,150.101,2.85358,-52.1973,109.527
772.16,7.56864,2.48193,87.7804,87.4999,151.446,2.85358,-52.1973,116.255
772.18,7.57115,2.58514,87.7804,87.3141,151.446,2.85358,-52.1973,119.848
772.2,7.57115,2.54045,87.8721,87.3141,151.504,2.4695,-52.1973,122.094
772.22,7.57365,2.50588,87.9638,87.1283,150.746,2.4695,-52.1973,125.239
772.24,7.57428,2.51735,87.9638,87.1283,150.746,2.66136,-52.1973,125.688
772.26,7.57616,2.44107,87.9638,87.1283,149.988,2.66136,-52.1973,128.383
772.28,7.57616,2.49888,88.1466,87.0357,149.988,2.66136,-64.8014,133.309
772.3,7.57616,2.54471,88.1472,87.0354,149.404,2.66136,-64.8399,137.816
772.32,7.5793,2.511,88.3306,87.2212,149.171,2.66136,-64.8399,139.164
772.34,7.57867,2.47485,88.3306,87.0823,149.171,2.66136,-64.8399,138.716
772.36,7.58369,2.50554,88.8349,87.0819,149.054,2.66136,-64.8399,140.063
772.38,7.5862,2.38109,89.6602,87.1748,148.937,3.19835,-64.8399,141.859
772.4,7.5862,2.38109,89.6602,87.1748,148.937,3.19835,-64.8399,142.755
772.42,7.58557,2.52543,89.6602,87.1748,148.937,3.19835,-64.8399,144.555
772.44,7.58745,2.47314,90.6688,87.1748,149.288,2.67036,-64.8399,141.41
772.46,7.58933,2.54857,91.6744,87.3137,149.288,2.67036,-64.8399,142.306
772.48,7.59624,2.51562,91.6775,87.3141,150.279,2.67036,-64.8399,148.148
772.5,7.6,2.51563,92.3194,87.4534,151.154,2.67036,-60.8247,151.293
772.52,7.6,2.40263,92.3194,87.4997,151.154,2.67036,-60.8247,152.636
772.54,7.59749,2.47211,92.7778,87.4999,151.504,2.67036,-60.8247,152.191
772.56,7.60251,2.54017,92.9612,87.3141,151.504,2.67036,-60.8247,153.539
772.58,7.60564,2.54526,92.9612,87.3141,151.621,2.67036,-60.8247,146.373
772.6,7.60941,2.50939,92.5486,86.8961,152.088,3.28078,-60.8247,145.902
772.62,7.60941,2.44114,91.7233,86.3852,152.088,3.28078,-60.8247,145.902
772.64,7.60566,2.43437,91.7233,86.3852,153.367,2.77837,-60.8247,146.798
772.66,7.60502,2.45758,91.219,85.9208,155.646,2.77683,-60.8247,146.801
772.68,7.60753,2.41,91.219,85.9208,155.646,2.77683,-60.8247,146.351
772.7,7.60753,2.53472,90.9898,85.9208,157.98,2.77683,-61.113,145.453
772.72,7.60565,2.49585,90.5313,85.735,157.98,2.77683,-61.113,144.105
772.74,7.60753,2.43013,90.5313,85.735,159.555,2.77683,-61.113,142.309
772.76,7.60878,2.59921,90.2562,85.735,159.73,2.77683,-61.113,140.512
772.78,7.60816,2.59305,89.4792,85.5498,159.73,2.77683,-61.113,138.72
772.8,7.60815,2.44515,89.4768,85.5492,157.922,3.0275,-61.113,136.469
772.82,7.60815,2.42919,88.7432,85.0384,155.121,3.0275,-61.113,134.672
772.84,7.60815,2.56408,88.7432,84.6216,155.121,2.8766,-61.113,133.776
772.86,7.60878,2.50687,87.8721,84.6204,152.496,2.87614,-61.113,135.121
772.88,7.60941,2.58122,86.9552,83.9702,152.496,2.87614,-66.3636,134.223
772.9,7.60941,2.58122,86.9552,83.9702,150.984,2.87614,-66.3636,129.297
772.92,7.60878,2.30724,85.9924,83.9237,150.921,2.87614,-66.3636,127.036
772.94,7.60627,2.47188,85.9924,83.6915,150.921,2.87614,-66.3636,127.485
772.96,7.6069,2.71383,85.3067,83.6915,151.735,2.87614,-66.3636,127.037
772.98,7.6069,2.46364,84.5711,83.5057,153.021,2.87614,-66.3636,125.239
773,7.6069,2.46364,84.5711,83.5057,153.021,2.75813,-66.3636,127.485
773.02,7.6094,2.59121,84.0226,83.2742,154.708,2.92569,-66.3636,127.037
773.04,7.6069,2.49407,83.6083,83.0877,154.713,2.9262,-66.3636,125.239
773.06,7.60815,2.50334,83.6083,83.0877,155.238,2.9262,-66.3636,122.094
773.08,7.6069,2.45363,83.2426,83.1803,154.889,2.9262,-57.4545,122.542
773.1,7.6069,2.41452,83.2415,82.9948,154.888,2.9262,-57.4273,120.747
773.12,7.60627,2.52683,83.0122,82.9948,152.846,2.9262,-57.4273,117.602
773.14,7.6069,2.59138,83.0122,82.717,152.846,2.9262,-57.4273,116.707
773.16,7.60753,2.43847,83.0122,82.7162,151.504,2.9262,-57.4273,116.255
773.18,7.60753,2.38181,83.0581,82.2982,151.096,2.79536,-57.4273,118.051
773.2,7.6069,2.4015,83.0581,81.6015,151.096,2.79536,-57.4273,121.196
773.22,7.60627,2.57745,82.9205,81.6015,151.446,3.00804,-57.4273,122.993
773.24,7.60627,2.38224,82.5079,80.9049,151.971,3.00804,-57.4273,124.34
773.26,7.60815,2.43193,82.5079,80.2547,151.971,3.00804,-57.4273,127.934
773.28,7.60815,2.48112,82.188,80.2547,151.855,3.00804,-71.2015,128.382
773.3,7.60627,2.49679,82.2787,79.8367,151.854,3.00804,-71.2436,130.629
773.32,7.60565,2.49679,82.2787,79.8367,150.629,3.00804,-71.2436,131.977
773.34,7.60752,2.51332,82.69,79.3736,150.048,3.00804,-71.2436,131.529
773.36,7.60941,2.42945,82.6913,78.8149,150.046,3.00804,-71.2436,129.731
773.38,7.60941,2.42945,83.2873,78.8149,150.629,2.55104,-71.2436,131.078
773.4,7.61129,2.48398,84.1101,78.3982,150.629,2.55104,-71.2436,134.213
773.42,7.61066,2.49795,84.1126,78.0718,152.146,2.99363,-71.2436,138.266
773.44,7.61255,2.51928,84.5711,78.0718,151.504,2.99363,-71.2436,140.512
773.46,7.6138,2.44053,84.5254,77.8866,151.504,2.99363,-51.0647,140.064
773.48,7.6138,2.44029,84.5252,77.886,149.754,2.99363,-51.003,142.309
773.5,7.61317,2.57848,84.296,77.5145,148.529,2.99363,-51.003,140.063
773.52,7.61192,2.56596,84.296,77.0052,148.529,2.99363,-51.003,141.406
773.54,7.61631,2.48234,84.3877,77.0036,148.646,2.99363,-51.003,142.309
773.56,7.61443,2.55635,84.5711,76.8643,148.646,2.99363,-51.003,142.309
773.58,7.61505,2.53022,84.5711,76.8643,150.972,2.57427,-51.003,140.517
773.6,7.61505,2.6047,85.3046,76.6785,155.53,2.97719,-51.003,140.512
773.62,7.61694,2.36682,85.3046,76.7249,155.53,2.97719,-51.003,140.961
773.64,7.61756,2.47522,85.8988,76.7249,160.939,2.97719,-51.003,142.752
773.66,7.61631,2.35147,86.7718,76.6785,164.63,2.97719,-74.5793,145.004
773.68,7.61694,2.3461,86.7718,76.632,164.63,2.97719,-74.5793,141.859
773.7,7.61694,2.42482,87.6887,76.632,165.622,2.97719,-74.5793,140.512
773.72,7.61899,2.51185,88.3306,76.4927,165.622,2.97719,-74.5793,140.961
773.74,7.61694,2.50285,88.3306,76.4927,166.031,2.97719,-74.5793,143.207
773.76,7.61899,2.61183,89.0183,76.3998,166.089,2.71863,-74.5793,140.512
773.78,7.62006,2.50964,89.0183,76.2146,166.089,2.71863,-74.5793,142.751
773.8,7.62006,2.53914,89.6602,76.2141,165.797,2.87682,-74.5793,138.266
773.82,7.61953,2.58315,90.3021,76.0283,165.797,2.87682,-74.5793,131.528
773.84,7.62006,2.51611,90.3021,75.8431,164.227,2.87682,-74.5793,126.601
773.86,7.61756,2.6248,90.8064,75.8425,162.589,2.87682,-50.4265,122.993
773.88,7.61756,2.49138,91.0815,75.6103,162.589,2.87682,-50.4265,122.094
773.9,7.61952,2.45047,91.0815,75.6103,161.6,2.87682,-50.4265,124.333
773.92,7.61846,2.50414,91.4483,75.5639,161.655,2.87682,-50.4265,128.383
773.94,7.61953,2.47557,91.4483,75.6103,161.655,2.87682,-50.4265,125.688
773.96,7.61899,2.53007,91.2197,75.6103,164.04,2.79812,-50.4265,123.897
773.98,7.61899,2.52016,90.7605,75.6567,164.047,2.79788,-50.4265,126.137
774,7.61899,2.48312,90.7605,75.6567,167.431,2.88713,-50.4265,125.688
774.02,7.61846,2.42012,90.0749,75.5178,170.571,2.88713,-50.4265,123.449
774.04,7.61846,2.39534,89.5226,75.5639,170.581,2.88713,-50.4265,121.645
774.06,7.62006,2.44436,89.5226,75.5639,170.756,2.88713,-68.2991,122.094
774.08,7.62006,2.44436,88.6999,75.4249,169.593,2.88713,-68.2991,121.199
774.1,7.61756,2.51517,88.6974,75.1923,169.589,2.88713,-68.2991,126.586
774.12,7.61953,2.60134,88.0097,75.1923,169.123,2.88713,-68.2991,131.078
774.14,7.61899,2.5618,87.4155,75.0071,169.123,2.88713,-68.2991,130.631
774.16,7.61899,2.61067,87.4136,75.0065,169.239,2.90748,-68.2991,127.036
774.18,7.61899,2.61067,87.3219,74.8207,168.831,2.84583,-68.2991,129.731
774.2,7.62167,2.43287,87.3219,74.5421,168.831,2.84583,-68.2991,130.18
774.22,7.61694,2.46486,87.5053,74.5421,167.197,2.84583,-68.2991,135.121
774.24,7.61694,2.62108,87.918,74.3563,165.039,2.84583,-52.4444,140.512
774.26,7.61568,2.52172,87.918,74.3099,165.039,2.84583,-52.4444,144.555
774.28,7.61568,2.49681,88.3293,74.3099,163.294,2.84583,-52.4444,145.45
774.3,7.61953,2.46539,88.6974,74.4028,163.289,2.84583,-52.4444,146.801
774.32,7.61505,2.48442,88.6974,74.4028,161.48,2.84583,-52.4444,143.656
774.34,7.61443,2.53503,88.6517,74.5417,159.503,2.94241,-52.4444,141.417
774.36,7.61846,2.51329,88.6515,74.5885,159.497,2.94271,-52.4444,141.41
774.38,7.61846,2.49745,88.6057,74.5885,157.63,2.81254,-52.4444,143.656
774.4,7.61757,2.48497,88.24,74.959,157.63,2.81254,-52.4444,142.761
774.42,7.61846,2.50375,88.2389,75.5174,155.53,2.81254,-52.4444,145.902
774.44,7.61846,2.43694,87.7346,75.5174,153.663,2.81254,-52.4444,149.496
774.46,7.62006,2.43695,87.0947,75.8415,153.663,2.81254,-69.5235,149.496
774.48,7.62006,2.46595,87.0927,75.8425,152.788,2.81254,-69.5758,148.148
774.5,7.61694,2.58667,86.1757,76.5392,152.146,2.81254,-69.5758,147.699
774.52,7.61694,2.35411,86.1757,77.0485,152.146,2.81254,-69.5758,143.669
774.54,7.61846,2.58037,85.488,77.05,151.563,2.9343,-69.5758,139.164
774.56,7.61846,2.45871,85.2588,77.6538,151.563,2.9343,-69.5758,143.656
774.58,7.61757,2.50423,85.2588,77.6538,150.807,2.7896,-69.5758,149.03
774.6,7.61756,2.56522,85.2129,78.1182,150.396,2.78915,-69.5758,152.64
774.62,7.62113,2.56409,85.2129,78.8614,150.396,2.78915,-69.5758,147.699
774.64,7.62166,2.52084,85.3044,78.8614,150.047,2.78915,-69.5758,148.595
774.66,7.62167,2.43668,85.2588,79.4187,149.404,2.78915,-62.3896,149.047
774.68,7.6206,2.41135,85.2588,79.6509,149.404,2.78915,-62.3896,145.902
774.7,7.6222,2.46196,85.0754,79.6509,148.062,2.78915,-62.3896,145.453
774.72,7.62167,2.5991,84.892,79.8367,148.062,2.78915,-62.3896,145.004
774.74,7.62113,2.59605,84.892,79.8367,146.079,2.98547,-62.3896,146.351
774.76,7.62327,2.59605,84.5711,80.0224,145.612,2.79079,-62.3896,147.25
774.78,7.62327,2.52094,84.5711,80.2076,145.612,2.79079,-62.3896,150.833
774.8,7.62434,2.51065,84.2043,80.2082,146.487,2.79079,-62.3896,151.293
774.82,7.62594,2.5291,83.6541,80.6727,146.487,2.79079,-62.3896,152.64
774.84,7.62168,2.53751,83.6541,80.6727,147.65,2.79079,-62.3896,151.745
774.86,7.62167,2.53754,83.2873,81.1371,148.879,2.79079,-62.3896,151.293
774.88,7.62594,2.48556,82.9664,81.4622,148.879,2.79079,-62.1014,154.886
774.9,7.62434,2.54868,82.9664,81.4622,149.577,2.79079,-62.1014,157.573
774.92,7.62648,2.49464,82.8288,81.7873,149.638,2.79079,-62.1014,159.378
774.94,7.62701,2.43938,82.8288,81.7873,149.638,3.03606,-62.1014,158.929
774.96,7.62701,2.50305,83.0117,82.1114,149.172,2.82141,-62.1014,159.377
774.98,7.62648,2.53111,83.1498,82.5304,149.171,2.82075,-62.1014,156.683
775,7.62594,2.54294,83.1498,82.5304,148.471,2.82075,-62.1014,154.437
775.02,7.62541,2.54789,84.0182,83.6417,146.959,2.82075,-62.1014,153.094
775.04,7.62434,2.47871,84.0209,83.6451,146.954,2.82075,-62.1014,158.48
775.06,7.62434,2.45735,84.0209,83.6451,146.954,2.82075,-62.1014,158.48
775.08,7.6254,2.40561,84.0209,83.6451,145.209,2.82075,-58.55,160.271
775.1,7.62594,2.45166,84.5711,84.481,142.754,2.82075,-58.5392,165.218
775.12,7.62434,2.36865,84.5711,84.481,142.754,2.82075,-58.5392,164.32
775.14,7.62647,2.42496,85.211,85.1756,140.834,3.03647,-58.5392,163.424
775.16,7.62648,2.42514,85.8548,85.1777,140.828,3.03713,-58.5392,164.32
775.18,7.62648,2.49679,85.8548,85.8279,139.37,2.81421,-58.5392,162.523
775.2,7.62541,2.47427,86.8176,86.7568,138.378,2.81421,-58.5392,161.175
775.22,7.62541,2.47167,86.8176,86.7568,138.378,2.81421,-58.5392,162.074
775.24,7.62541,2.50652,87.7804,87.407,137.97,2.81421,-58.5392,159.828
775.26,7.62541,2.52104,88.8349,87.407,138.378,2.81421,-60.7012,161.175
775.28,7.62594,2.40635,88.8349,88.0089,138.378,2.81421,-60.7012,162.519
775.3,7.62487,2.49079,89.4768,88.8467,138.437,2.81421,-60.7012,161.175
775.32,7.62487,2.51775,89.7977,88.8467,138.437,2.81421,-60.7012,156.234
775.34,7.62647,2.39098,89.7977,89.3098,138.262,2.95394,-60.7012,152.651
775.36,7.62648,2.37987,89.8436,89.3112,137.095,2.81476,-60.7012,150.394
775.38,7.62594,2.42479,89.8436,89.6363,137.095,2.81476,-60.7012,154.886
775.4,7.62594,2.41737,89.7979,89.6363,135.99,2.81476,-60.7012,158.469
775.42,7.62434,2.44873,89.8436,89.6827,135.986,2.81476,-60.7012,156.683
775.44,7.62594,2.49765,89.8436,89.5434,134.82,2.81476,-57.3037,156.683
775.46,7.62594,2.47929,89.9807,89.5434,134.82,2.81476,-57.3037,155.34
775.48,7.62594,2.52492,89.9811,89.5434,134.82,2.81476,-57.3037,155.785
775.5,7.62754,2.5034,90.1187,89.5434,135.17,2.81476,-57.3037,154.437
775.52,7.62754,2.48128,90.073,89.1267,135.402,2.81476,-57.3037,149.959
775.54,7.62541,2.56383,90.0728,89.1254,135.403,2.93384,-57.3037,152.191
775.56,7.62541,2.5601,90.027,88.5681,135.286,2.82694,-57.3037,151.293
775.58,7.62647,2.53801,90.027,87.8735,135.286,2.82694,-57.3037,146.814
775.6,7.6222,2.47739,89.8894,87.8714,135.578,2.82694,-57.3037,144.555
775.62,7.62434,2.48445,89.4768,87.3141,136.22,2.82694,-59.4246,143.207
775.64,7.62647,2.48445,89.4768,87.3141,136.22,2.82694,-59.4246,142.311
775.66,7.62648,2.52,89.3392,86.7103,137.62,2.82694,-59.4246,140.512
775.68,7.62541,2.56946,89.2934,86.7103,137.62,2.82694,-59.4246,137.367
775.7,7.62434,2.55801,89.2934,86.5246,139.603,2.82694,-59.4246,135.57
775.72,7.62541,2.53469,89.4768,86.6174,141.879,2.86072,-59.4246,132.875
775.74,7.62541,2.68626,89.4768,86.6174,141.879,2.86072,-59.4246,135.121
775.76,7.62648,2.66057,89.7519,86.6639,144.329,2.80881,-59.4246,136.02
775.78,7.62594,2.47744,89.7519,86.4787,144.329,2.80881,-59.4246,138.259
775.8,7.62648,2.58564,90.0728,86.4781,146.371,2.80881,-46.8231,132.875
775.82,7.62701,2.61125,90.5771,86.6639,148.004,2.80881,-46.8231,130.18
775.84,7.62701,2.61746,90.5771,86.6639,148.004,2.80881,-46.8231,132.419
775.86,7.62701,2.6308,90.9439,86.9426,148.646,2.80881,-46.8231,132.875
775.88,7.62594,2.46071,90.9439,87.1283,148.471,2.80881,-46.8231,135.121
775.9,7.62434,2.61518,91.6753,87.1283,148.471,2.80881,-46.8231,134.226
775.92,7.62487,2.53834,92.5945,87.1748,148.121,2.85781,-46.8231,127.934
775.94,7.62754,2.53835,92.5945,87.1283,148.121,2.85781,-46.8231,130.18
775.96,7.62754,2.48063,93.3715,87.1283,147.655,2.84649,-46.8231,130.628
775.98,7.62006,2.34717,93.3739,86.9426,147.654,2.84645,-67.0019,133.774
776,7.60878,2.50556,94.0157,86.9426,147.829,2.84645,-67.0019,133.774
776.02,7.60753,2.51409,94.0157,86.9426,148.178,2.84645,-67.0019,137.804
776.04,7.60753,2.51411,94.3825,86.8497,148.179,2.84645,-67.0019,137.817
776.06,7.60753,2.48285,94.1991,86.7103,147.712,2.84645,-67.0019,135.121
776.08,7.61003,2.44388,94.1991,86.7103,147.712,2.84645,-67.0019,135.569
776.1,7.61066,2.68181,93.8782,86.5246,147.012,2.84645,-67.0019,139.613
776.12,7.60753,2.49702,93.8782,86.3388,146.721,2.80635,-67.0019,138.715
776.14,7.60753,2.50837,93.3297,86.3388,146.721,2.80635,-48.9785,137.819
776.16,7.60063,2.53121,93.328,86.2459,148.121,2.83688,-48.9234,136.469
776.18,7.59812,2.48908,92.8237,85.9672,148.121,2.83688,-48.9234,136.02
776.2,7.60063,2.51733,92.2277,85.9672,150.979,2.83688,-48.9234,137.367
776.22,7.59749,2.54942,92.2277,85.6886,150.979,2.83688,-48.9234,136.918
776.24,7.59749,2.60979,91.2649,85.6421,154.363,2.83688,-48.9234,136.469
776.26,7.6,2.61627,91.2649,85.6421,157.572,2.83688,-48.9234,132.875
776.28,7.59937,2.52808,90.3507,85.4106,157.572,2.83688,-69.2049,128.397
776.3,7.59937,2.5564,90.3479,85.317,160.955,2.83688,-69.2669,126.137
776.32,7.59937,2.52131,89.8894,85.317,160.955,2.83688,-69.2669,123.891
776.34,7.59937,2.52131,89.798,85.0855,164.968,2.81713,-69.2669,127.474
776.36,7.59937,2.52566,89.7977,84.7597,164.98,2.82437,-69.2669,127.934
776.38,7.60125,2.476,89.8894,84.7597,169.181,2.82437,-69.2669,129.282
776.4,7.6,2.50832,89.798,84.3893,173.776,2.82437,-69.2669,126.595
776.42,7.60753,2.64828,89.7977,84.0166,173.79,2.82437,-56.2124,132.426
776.44,7.60753,2.64828,90.2104,84.0166,178.107,2.82437,-56.2124,132.875
776.46,7.60628,2.48335,90.2104,83.5999,178.107,2.82437,-56.2124,134.219
776.48,7.6069,2.63628,90.7147,83.4128,181.257,2.82437,-56.2124,135.57
776.5,7.60502,2.50322,91.4483,83.4128,181.257,2.82437,-56.2124,136.469
776.52,7.60314,2.48702,91.4483,83.2276,182.711,2.82437,-56.2124,134.678
776.54,7.60314,2.55007,92.2277,82.9484,184.232,2.78852,-56.2124,132.875
776.56,7.60753,2.57895,92.9612,82.9484,184.232,2.78852,-49.5823,133.774
776.58,7.60503,2.60085,92.9612,82.9021,185.919,2.74943,-49.5823,133.774
776.6,7.60251,2.61895,93.9699,82.7626,186.916,2.74931,-49.5823,133.324
776.62,7.60439,2.52518,95.2536,82.7626,186.916,2.74931,-49.5823,131.977
776.64,7.60439,2.5176,95.2536,82.5311,186.741,2.74931,-49.5823,135.112
776.66,7.60565,2.60248,96.7666,82.5304,186.741,2.74931,-49.5823,130.629
776.68,7.60502,2.53471,98.0504,82.2053,185.282,2.74931,-49.5823,129.731
776.7,7.60627,2.536,98.0504,82.2053,183.649,2.74931,-74.1469,133.324
776.72,7.60439,2.53091,98.9215,82.0195,183.649,2.74931,-74.1469,131.528
776.74,7.60439,2.46548,99.4258,81.8337,181.782,2.89877,-74.1469,130.18
776.76,7.59185,2.60283,99.4258,81.8337,179.973,2.89877,-74.1469,131.078
776.78,7.58434,2.48185,100.02,81.6485,179.973,2.86113,-74.1469,129.735
776.8,7.58055,2.52078,100.985,81.648,178.048,2.86101,-74.1469,129.282
776.82,7.57993,2.57637,100.985,81.7409,176.473,2.86101,-74.1469,133.774
776.84,7.57993,2.53249,101.579,81.7409,176.473,2.86101,-54.1117,130.639
776.86,7.57867,2.44243,101.947,81.8802,175.306,2.86101,-54.0504,128.383
776.88,7.57428,2.40888,101.947,82.066,176.065,2.86101,-54.0504,128.383
776.9,7.57303,2.53796,102.085,82.2512,176.065,2.86101,-54.0504,128.831
776.92,7.57303,2.47841,102.085,82.2517,178.923,2.77775,-54.0504,131.528
776.94,7.57428,2.50491,102.085,82.2982,182.132,2.77775,-54.0504,131.078
776.96,7.57366,2.3974,101.719,82.4371,182.132,2.77599,-54.0504,133.318
776.98,7.57115,2.47729,101.214,82.3446,185.399,2.77598,-59.301,136.469
777,7.5724,2.53328,101.214,82.3446,188.666,2.77598,-59.301,138.715
777.02,7.5724,2.58893,100.254,82.3446,188.666,2.77598,-59.301,141.402
777.04,7.5724,2.60797,99.5633,82.3446,191.583,2.77598,-59.301,139.164
777.06,7.57365,2.4301,99.5633,82.1589,193.858,2.77598,-59.301,134.672
777.08,7.5724,2.55275,99.1063,82.0199,193.858,2.77598,-59.301,135.568
777.1,7.57428,2.56904,98.8756,82.0195,195.083,2.91311,-59.301,135.57
777.12,7.57428,2.56904,98.8756,81.8337,195.433,2.91311,-67.0019,130.18
777.14,7.57553,2.57409,99.1042,81.88,195.433,2.88237,-67.0019,133.315
777.16,7.57554,2.54186,99.3341,81.7409,194.908,2.88227,-67.0019,136.918
777.18,7.57428,2.57565,99.3341,81.6944,193.916,2.88227,-67.0019,136.02
777.2,7.57428,2.53399,99.7926,81.648,193.916,2.88227,-67.0019,134.672
777.22,7.57428,2.53399,100.159,81.648,191.933,2.88227,-67.0019,130.18
777.24,7.57742,2.42231,100.159,81.6015,189.483,2.88227,-67.0019,128.383
777.26,7.58055,2.43151,100.343,81.6015,189.483,2.88227,-51.5178,128.832
777.28,7.58243,2.608,100.297,81.4626,187.738,2.74217,-51.5178,128.832
777.3,7.58118,2.60288,100.159,81.3229,186.391,2.74174,-51.5178,130.629
777.32,7.58118,2.53834,100.159,81.1371,186.391,2.75493,-51.5178,127.934
777.34,7.58493,2.61186,100.342,81.1371,185.518,2.75493,-51.5178,123.008
777.36,7.58557,2.59454,100.434,81.0442,185.107,2.75493,-51.5178,120.297
777.38,7.59561,2.44258,100.434,81.2764,185.107,2.75493,-74.6205,123.891
777.4,7.59686,2.65383,100.434,81.369,185.631,2.75493,-74.6205,123.443
777.42,7.59686,2.59981,100.618,81.3693,187.557,2.75493,-74.6205,122.094
777.44,7.60188,2.65032,100.893,81.4157,187.557,2.75493,-74.6205,117.602
777.46,7.60563,2.48255,100.893,81.4621,189.07,2.80136,-74.6205,117.154
777.48,7.60439,2.59486,101.397,81.648,190.008,2.8015,-74.6205,119.848
777.5,7.60314,2.62571,101.993,81.6944,189.133,2.80257,-74.6205,122.993
777.52,7.60314,2.62286,102.633,81.7407,189.133,2.80257,-57.4181,126.575
777.54,7.60878,2.49515,102.635,81.9266,187.499,2.80257,-57.3655,131.977
777.56,7.61066,2.5406,103.415,81.9731,185.632,2.80257,-57.3655,131.977
777.58,7.60879,2.46494,103.872,81.9731,185.632,2.80257,-57.3655,130.633
777.6,7.61004,2.54997,104.102,81.9731,182.599,2.80257,-57.3655,132.875
777.62,7.61004,2.52063,104.102,82.0195,179.857,2.80257,-57.3655,133.324
777.64,7.61004,2.47137,104.514,82.1584,177.472,2.78957,-57.3655,137.355
777.66,7.6138,2.5965,104.744,82.6233,176.123,2.8121,-56.8507,137.816
777.68,7.61846,2.46307,104.744,82.6233,176.123,2.8121,-56.8507,136.918
777.7,7.61568,2.5615,104.744,82.6233,176.123,2.8121,-56.8507,136.918
777.72,7.61568,2.60167,104.744,82.6233,176.123,2.8121,-56.8507,136.918
777.74,7.61505,2.55413,104.698,82.8091,175.89,2.8121,-56.8507,140.063
777.76,7.61756,2.38627,104.698,82.8091,175.89,2.8121,-56.8507,143.656
777.78,7.61756,2.38638,104.561,82.948,175.89,2.8121,-56.8507,145.448
777.8,7.61899,2.61489,104.607,82.9948,176.415,2.8121,-56.8507,141.41
777.82,7.61899,2.62917,104.698,83.0877,177.232,2.8121,-56.8507,141.41
777.84,7.61382,2.57994,104.835,82.9025,177.813,2.78632,-72.8009,140.067
777.86,7.61568,2.65841,104.79,82.9484,177.815,2.77978,-72.8497,141.859
777.88,7.60815,2.64743,104.561,82.6697,178.632,2.77978,-72.8497,144.555
777.9,7.60815,2.60496,104.332,82.7623,178.981,2.77978,-72.8497,144.555
777.92,7.60815,2.5472,104.332,82.7626,178.632,2.77978,-72.8497,145.004
777.94,7.60941,2.44526,103.781,82.8555,177.523,2.77978,-72.8497,142.758
777.96,7.60878,2.62557,102.959,82.9944,177.523,2.77978,-72.8497,139.623
777.98,7.60627,2.6238,102.177,83.1806,176.123,2.77978,-49.8293,135.121
778,7.6069,2.51176,101.581,83.5986,175.131,2.88915,-49.8293,135.57
778.02,7.6069,2.50804,101.169,83.9227,174.492,2.84938,-49.8293,135.123
778.04,7.60627,2.58201,101.122,84.4346,175.015,2.84926,-49.8293,136.02
778.06,7.60941,2.54571,101.122,84.7597,176.123,2.84926,-49.8293,135.57
778.08,7.60628,2.55699,101.122,84.7597,177.752,2.84926,-49.8293,134.675
778.1,7.60627,2.56312,100.847,84.899,179.565,2.84926,-49.8293,132.875
778.12,7.60753,2.58091,100.664,85.0848,179.565,2.84926,-63.0691,133.774
778.14,7.6094,2.67617,100.481,85.0385,180.845,2.81736,-63.0691,132.878
778.16,7.6069,2.60374,100.343,84.899,181.374,2.80037,-63.0691,132.875
778.18,7.61004,2.69158,100.205,84.899,181.782,2.80037,-63.0691,131.528
778.2,7.61004,2.59371,100.068,84.8061,182.19,2.80037,-63.0691,133.324
778.22,7.61004,2.63158,99.8843,84.6204,182.424,2.80037,-63.0691,131.528
778.24,7.61129,2.56985,99.8843,84.6204,182.424,2.80037,-63.0691,127.036
778.26,7.61505,2.49354,99.7926,84.4346,182.015,2.80037,-63.0485,125.688
778.28,7.61318,2.70018,99.7926,84.2957,182.015,2.83435,-63.0485,127.479
778.3,7.61317,2.70081,100.114,84.1095,180.848,2.82757,-63.0485,125.239
778.32,7.61846,2.51717,100.801,84.0166,178.165,2.82757,-63.0485,127.934
778.34,7.61757,2.55189,101.441,84.0166,174.559,2.82757,-63.0485,122.56
778.36,7.61846,2.5663,102.177,83.7379,170.931,2.82757,-63.0485,120.297
778.38,7.6206,2.50294,102.177,83.4593,167.664,2.82757,-51.4972,120.297
778.4,7.6206,2.50294,102.862,83.4593,164.872,2.82757,-51.4972,125.671
778.42,7.6222,2.60882,103.185,83.2271,162.472,2.7972,-51.4972,123.442
778.44,7.62541,2.55332,103.185,83.1342,162.472,2.78549,-51.4972,120.297
778.46,7.62594,2.59912,103.185,82.7637,160.204,2.78549,-51.4972,118.954
778.48,7.62273,2.51944,102.956,82.3446,157.688,2.78549,-51.4972,116.704
778.5,7.62273,2.49803,102.819,81.9731,155.471,2.78549,-51.4972,118.95
778.52,7.62646,2.49698,102.681,81.7879,154.076,2.78549,-73.5441,122.085
778.54,7.62327,2.64712,102.681,81.4157,153.196,2.78549,-73.6115,122.543
778.56,7.62701,2.52694,102.498,81.4157,153.605,2.83887,-73.6115,122.094
778.58,7.62541,2.45225,102.36,81.3695,153.605,2.8,-73.6115,121.646
778.6,7.62541,2.41707,102.36,81.2764,154.655,2.79988,-73.6115,123.891
778.62,7.62541,2.59516,102.452,81.23,155.821,2.79988,-73.6115,125.239
778.64,7.62221,2.73431,102.863,81.4152,156.81,2.79988,-73.6115,129.717
778.66,7.61953,2.48807,103.231,81.6015,157.63,2.79988,-53.268,131.078
778.68,7.61756,2.58067,103.598,81.5551,157.805,2.79988,-53.268,131.078
778.7,7.61756,2.59659,103.598,81.2764,157.222,2.82888,-53.268,128.832
778.72,7.61443,2.53681,103.781,81.2764,156.23,2.83143,-53.268,130.629
778.74,7.61505,2.64753,103.735,81.3229,156.23,2.83143,-53.268,127.036
778.76,7.61953,2.50639,103.598,81.3693,155.18,2.83143,-53.268,127.036
778.78,7.61444,2.48161,103.507,81.6471,154.656,2.83143,-53.268,131.514
778.8,7.61443,2.46602,103.506,81.6944,154.363,2.83143,-52.1767,132.875
778.82,7.6138,2.53697,103.873,81.648,154.48,2.80246,-52.1767,129.282
778.84,7.61443,2.51335,104.376,81.7406,154.421,2.80246,-52.1767,129.729
778.86,7.61505,2.5858,104.377,81.7873,155.296,2.8195,-52.1767,131.078
778.88,7.61505,2.56253,104.652,81.7873,157.28,2.8195,-52.1767,131.977
778.9,7.61505,2.55442,104.698,81.8799,157.28,2.8195,-52.1767,134.664
778.92,7.61694,2.66581,104.652,81.8337,159.672,2.8195,-52.1767,134.223
778.94,7.61756,2.6629,104.744,81.7873,162.822,2.8195,-71.0377,135.121
778.96,7.61569,2.67259,104.698,82.1577,165.265,2.77932,-71.0377,134.673
778.98,7.61899,2.60157,104.102,82.066,166.614,2.77374,-71.0377,135.57
779,7.61899,2.58484,103.415,82.1124,167.139,2.77374,-71.0377,134.223
779.02,7.61757,2.67643,103.415,82.1124,168.244,2.77374,-71.0377,134.671
779.04,7.59185,2.70944,102.589,82.0195,169.298,2.77374,-71.0377,134.672
779.06,7.58745,2.77668,101.856,82.0195,169.298,2.77374,-71.0377,134.672
779.08,7.58558,2.56615,101.124,82.1121,170.17,2.77374,-51.7826,134.224
779.1,7.58557,2.52941,100.251,82.2982,171.223,2.72761,-51.7237,136.469
779.12,7.58557,2.49986,99.4716,82.3446,172.506,2.77926,-51.7237,140.512
779.14,7.58495,2.44727,98.7403,82.4372,174.018,2.77926,-51.7237,143.647
779.16,7.58683,2.38927,98.2337,82.6233,176.823,2.77926,-51.7237,145.004
779.18,7.58557,2.53538,98.2337,82.5304,179.973,2.77926,-51.7237,149.047
779.2,7.58557,2.56147,97.6377,82.5304,182.365,2.77926,-51.7237,148.597
779.22,7.58557,2.44243,97.0875,82.6697,182.365,2.77926,-64.984,150.843
779.24,7.58745,2.55264,96.5832,82.7162,184.582,2.65308,-64.984,153.988
779.26,7.58557,2.50677,96.2164,82.9484,185.749,2.79592,-64.984,153.539
779.28,7.58682,2.57879,96.2621,83.1336,186.796,2.79592,-64.984,151.747
779.3,7.58683,2.6233,95.9414,83.1806,187.149,2.79592,-64.984,153.988
779.32,7.58557,2.55154,95.6663,82.9948,187.032,2.79592,-64.984,151.293
779.34,7.58182,2.60644,95.6663,82.9948,185.578,2.79592,-61.3301,147.71
779.36,7.58432,2.49137,95.8497,82.9484,182.599,2.79592,-61.3189,148.148
779.38,7.58432,2.52259,96.2623,83.0413,182.599,2.71938,-61.3189,149.496
779.4,7.58307,2.5453,96.6279,83.0413,178.586,2.81237,-61.3189,149.048
779.42,7.5862,2.50058,97.0417,83.0877,174.256,2.81266,-61.3189,149.047
779.44,7.58683,2.5296,97.4085,83.0413,170.756,2.81266,-61.3189,145.902
779.46,7.5862,2.45315,97.9113,83.0876,168.953,2.81266,-61.3189,144.559
779.48,7.5862,2.46769,98.2796,83.3664,168.189,2.81266,-48.8822,145.004
779.5,7.59059,2.45168,98.2796,83.5522,167.664,2.81266,-48.8822,145.902
779.52,7.59247,2.49857,98.5538,83.5522,167.548,2.80581,-48.8822,145.454
779.54,7.59498,2.38644,98.7381,84.0166,167.547,2.83898,-48.8822,141.41
779.56,7.59435,2.55792,98.3713,84.6204,167.256,2.83898,-48.8822,136.02
779.58,7.59435,2.55792,97.8685,85.0834,166.907,2.83898,-48.8822,137.363
779.6,7.6,2.51768,96.9042,85.4099,166.556,2.83898,-48.8822,138.266
779.62,7.59875,2.47159,95.8038,85.7815,165.856,2.83898,-73.2821,139.164
779.64,7.59875,2.47503,95.8038,86.1519,165.1,2.83898,-73.2821,141.403
779.66,7.60314,2.62356,94.7035,86.4317,164.689,2.81866,-73.2821,140.063
779.68,7.60314,2.62356,93.924,86.4317,164.63,2.85636,-73.2821,143.207
779.7,7.60753,2.40358,93.328,86.4317,164.63,2.85636,-73.2821,142.758
779.72,7.61066,2.60055,93.0988,86.6639,164.689,2.85636,-73.2821,137.816
779.74,7.60941,2.44369,92.6861,86.7103,164.805,2.85636,-73.2821,139.164
779.76,7.60941,2.55988,92.3652,86.8961,164.922,2.85636,-50.3853,142.309
779.78,7.60941,2.58493,92.1367,87.035,164.515,2.72276,-50.3853,140.069
779.8,7.60941,2.52623,91.7692,86.8497,163.23,2.72235,-50.3853,138.266
779.82,7.60753,2.47199,91.7692,86.7568,160.663,2.75383,-50.3853,137.816
779.84,7.60815,2.32771,91.2664,86.7568,160.663,2.75383,-50.3853,135.577
779.86,7.61317,2.4733,91.0356,86.571,158.038,2.75383,-50.3853,141.859
779.88,7.61317,2.47381,90.9439,86.5246,155.005,2.75383,-50.3853,142.309
779.9,7.61192,2.52535,90.8982,86.5709,152.213,2.75383,-50.3442,141.413
779.92,7.61192,2.51574,90.8064,86.6174,150.338,2.75869,-50.3441,143.656
779.94,7.61505,2.40605,90.6688,86.6639,149.404,2.75869,-50.3441,143.656
779.96,7.60755,2.45452,90.6688,86.7102,149.055,2.81391,-50.3441,145
779.98,7.60753,2.48962,90.4396,86.7568,149.229,2.81408,-50.3441,149.496
780,7.60627,2.54926,90.4396,86.7568,149.171,2.81408,-50.3441,149.945
780.02,7.61628,2.51537,90.3025,86.942,149.171,2.81408,-50.3441,151.289
780.04,7.61443,2.56142,89.8436,87.1283,148.587,2.81408,-66.1989,149.945
780.06,7.61129,2.60646,89.3851,87.2212,147.596,2.80137,-66.1989,145.902
780.08,7.61129,2.58158,88.7452,87.4064,147.189,2.81253,-66.1989,144.559
780.1,7.6138,2.55917,88.1931,87.4999,147.187,2.81256,-66.1989,145.902
780.12,7.61066,2.56359,87.6887,87.5463,147.537,2.81256,-66.1989,151.293
780.14,7.61317,2.39149,87.6887,87.6852,147.886,2.81256,-66.1989,155.771
780.16,7.61443,2.56599,87.5512,87.6856,147.887,2.81256,-66.1989,159.378
780.18,7.61443,2.61532,87.5512,87.825,148.121,2.81256,-49.294,158.48
780.2,7.6138,2.56838,87.597,88.0107,148.004,2.80782,-49.294,158.031
780.22,7.6138,2.41608,87.7346,88.1501,147.304,2.77667,-49.294,157.582
780.24,7.61631,2.43122,87.8263,88.2894,146.721,2.77667,-49.294,156.234
780.26,7.61443,2.51465,87.8721,88.4287,145.321,2.77667,-49.294,156.234
780.28,7.61443,2.52393,88.0092,88.3361,143.867,2.77667,-49.294,152.651
780.3,7.61505,2.55697,88.0097,88.3359,141.587,2.77667,-64.737,153.09
780.32,7.60878,2.5273,87.9638,88.2894,139.662,2.77667,-64.737,153.09
780.34,7.60503,2.63939,88.1924,87.8264,138.033,2.82615,-64.737,155.777
780.36,7.6,2.4272,88.1931,87.825,138.028,2.8263,-64.737,153.988
780.38,7.6,2.40858,88.1931,87.825,138.028,2.8263,-64.737,152.64
780.4,7.58437,2.49013,88.2388,87.5009,137.156,2.8263,-64.737,156.671
780.42,7.55044,2.42201,88.3306,87.0819,137.036,2.8263,-64.737,159.828
780.44,7.52284,2.42754,88.2389,86.7568,137.212,2.8263,-64.737,155.336
780.46,7.51909,2.50333,88.2389,86.1548,137.502,2.8263,-64.2443,158.023
780.48,7.51908,2.48348,88.2389,86.153,137.678,2.8263,-64.2428,159.828
780.5,7.51971,2.45147,88.3306,85.8743,137.97,2.80336,-64.2428,162.074
780.52,7.52158,2.40672,88.2849,85.4576,137.97,2.78996,-64.2428,160.73
780.54,7.51908,2.54991,88.2848,85.0384,138.028,2.78992,-64.2428,160.277
780.56,7.52347,2.38639,88.1014,84.6668,137.853,2.78992,-64.2428,160.726
780.58,7.52347,2.33814,87.7814,84.2501,137.737,2.78992,-64.2428,159.83
780.6,7.52222,2.51615,87.3678,84.063,136.978,2.78992,-53.7416,158.48
780.62,7.51908,2.52194,87.0469,83.8308,136.745,2.78992,-53.7416,158.031
780.64,7.52096,2.45459,87.0469,83.8308,136.454,2.71494,-53.7416,159.822
780.66,7.52096,2.47423,86.8176,83.4128,136.511,2.75552,-53.7416,162.523
780.68,7.52096,2.45442,86.3133,82.9484,136.511,2.75552,-53.7416,167.464
780.7,7.51971,2.54994,85.9007,82.5304,137.153,2.75552,-53.7416,167.464
780.72,7.52034,2.56502,85.4422,82.1124,138.028,2.75552,-53.7416,165.667
780.74,7.51971,2.60056,84.9379,81.9266,139.312,2.75552,-71.4907,163.87
780.76,7.51845,2.52622,84.4794,81.5551,141.529,2.80861,-71.4907,161.624
780.78,7.51845,2.56395,84.388,81.1384,143.68,2.80861,-71.4907,163.416
780.8,7.51971,2.51777,84.3877,81.1371,146.137,2.81183,-71.4907,166.117
780.82,7.51845,2.53922,84.3877,80.9049,148.471,2.81183,-71.4907,161.624
780.84,7.51783,2.63181,84.7076,80.7197,148.471,2.81183,-71.4907,157.146
780.86,7.51783,2.51031,85.1212,80.394,150.629,2.81183,-71.4907,160.726
780.88,7.51845,2.50204,85.488,79.9296,152.146,2.81183,-51.0236,161.175
780.9,7.51783,2.45458,85.8994,79.5128,153.193,2.76534,-51.0236,162.071
780.92,7.51657,2.5646,86.1757,78.722,153.488,2.83353,-51.0236,158.929
780.94,7.51908,2.59889,86.1757,78.2111,152.846,2.83353,-51.0236,157.132
780.96,7.51908,2.58204,86.3586,78.2111,151.916,2.83353,-51.0236,154.445
780.98,7.51783,2.54918,86.3133,77.6074,150.279,2.83353,-51.0236,153.539
781,7.5172,2.67037,86.2216,77.3287,150.279,2.83353,-51.0236,157.582
781.02,7.51907,2.66221,86.2216,77.1435,148.709,2.83353,-53.8564,157.134
781.04,7.52222,2.58368,85.9465,77.1429,147.362,2.74675,-53.8651,159.378
781.06,7.52222,2.58368,85.6256,77.3287,146.896,2.84659,-53.8651,159.378
781.08,7.52034,2.50578,85.2599,77.5139,146.954,2.84659,-53.8651,157.587
781.1,7.51971,2.56782,85.2588,77.7931,147.654,2.84659,-53.8651,157.582
781.12,7.51971,2.51287,84.9837,78.2576,148.879,2.84659,-53.8651,160.726
781.14,7.51783,2.40443,84.8009,78.2576,148.879,2.84659,-53.8651,165.652
781.16,7.51783,2.40409,84.4794,78.4898,149.579,2.84659,-64.8193,164.32
781.18,7.5172,2.52026,83.7917,78.722,150.338,2.63656,-64.8193,167.913
781.2,7.52096,2.54616,83.2873,79.0007,150.804,2.81077,-64.8193,171.507
781.22,7.52661,2.5249,82.8288,79.5116,151.563,2.81077,-64.8193,173.304
781.24,7.52473,2.65348,82.3704,79.6044,152.554,2.81077,-64.8193,172.855
781.26,7.52473,2.67409,82.3704,79.6509,153.313,2.81077,-64.8193,174.651
781.28,7.52535,2.48709,81.9133,79.6509,153.72,2.81077,-64.8193,175.995
781.3,7.52473,2.6124,81.27,79.8367,153.721,2.81077,-50.7147,175.999
781.32,7.531,2.52742,80.8115,80.0689,153.721,2.48108,-50.7147,171.956
781.34,7.536,2.51093,80.583,80.2078,153.489,2.8318,-50.7147,173.3
781.36,7.53602,2.51193,80.3531,80.6727,152.846,2.83288,-50.7147,177.347
781.38,7.53414,2.4498,80.078,81.0906,152.029,2.83288,-50.7147,175.101
781.4,7.53539,2.59393,79.7123,81.4611,151.913,2.83288,-50.7147,171.07
781.42,7.53664,2.58718,79.7112,81.9731,152.729,2.83288,-63.8927,165.667
781.44,7.53915,2.55836,79.4819,81.9731,154.713,2.83288,-63.8927,165.667
781.46,7.53915,2.52694,79.6648,82.3435,154.713,2.58318,-63.8927,165.667
781.48,7.53351,2.45578,79.757,82.8091,156.93,2.83387,-63.8927,165.667
781.5,7.54417,2.47849,79.8029,82.9019,158.913,2.83387,-63.8927,169.71
781.52,7.54792,2.51178,79.6658,83.3187,159.844,2.83387,-63.8927,168.814
781.54,7.54668,2.47447,79.3444,82.8091,160.313,2.83387,-63.8927,164.32
781.56,7.54668,2.5012,79.0235,82.3911,159.73,2.83387,-54.7917,159.828
781.58,7.54918,2.67868,79.0235,81.8354,158.741,2.83387,-54.7917,159.828
781.6,7.54731,2.44904,78.7484,81.8337,156.346,2.79675,-54.7917,153.539
781.62,7.54668,2.53527,78.7025,81.3693,156.346,2.69186,-54.7917,154.437
781.64,7.54731,2.6131,78.8397,81.1841,153.031,2.69186,-54.7917,151.75
781.66,7.54731,2.57966,79.3444,80.4869,150.396,2.69186,-54.7917,151.293
781.68,7.54668,2.59395,80.1238,79.7438,148.762,2.69186,-54.7917,149.945
781.7,7.54417,2.54486,80.9491,79.14,147.771,2.69186,-49.1293,146.351
781.72,7.54605,2.62121,81.6368,78.5362,147.187,2.69186,-49.1293,146.351
781.74,7.54668,2.51802,82.2328,78.1182,146.196,3.34722,-49.1293,149.496
781.76,7.54668,2.53185,82.2328,78.1182,145.262,2.65297,-49.1293,151.293
781.78,7.54856,2.3878,82.5528,77.6552,145.262,2.65297,-49.1293,149.054
781.8,7.54166,2.56197,82.7372,77.4216,143.279,2.65297,-49.1293,151.742
781.82,7.53539,2.48938,82.9205,77.2358,141.995,2.65297,-49.1293,154.886
781.84,7.53977,2.51548,83.012,77.0969,140.832,2.65297,-72.1205,150.856
781.86,7.53978,2.53531,82.783,77.0036,140.887,3.25378,-72.1908,149.945
781.88,7.53853,2.48938,82.4621,76.8178,142.054,3.25378,-72.1908,148.148
781.9,7.53477,2.65307,82.4621,76.6326,143.798,2.78848,-72.1908,148.596
781.92,7.52661,2.46649,82.2787,76.5856,145.379,2.78706,-72.1908,146.801
781.94,7.52661,2.50686,82.3704,76.5856,146.896,2.78706,-72.1908,145.902
781.96,7.51723,2.53739,82.6903,76.493,146.896,2.78706,-72.1908,146.798
781.98,7.51783,2.55352,83.3332,76.6785,148.121,2.78706,-56.9125,145.453
782,7.51908,2.54078,84.0667,76.632,148.412,2.54493,-56.9125,148.148
782.02,7.5172,2.63775,84.7981,76.5858,148.18,3.00681,-56.9125,146.805
782.04,7.5172,2.51727,85.4422,76.6785,146.896,3.00823,-56.9125,140.063
782.06,7.51657,2.51033,85.4422,76.7249,144.912,3.00823,-56.9125,142.309
782.08,7.51344,2.51916,85.8993,76.7249,142.237,3.00823,-56.9125,140.069
782.1,7.5103,2.49643,86.3591,76.8178,142.229,3.00823,-56.9125,140.063
782.12,7.51218,2.48256,87.001,77.0036,138.962,3.00823,-59.6099,138.715
782.14,7.51218,2.48256,87.6409,77.0962,135.414,2.16233,-59.6099,133.789
782.16,7.51155,2.51011,87.6887,77.2358,132.486,2.98824,-59.6099,129.731
782.18,7.51155,2.58067,87.2761,77.5145,130.036,2.98824,-59.6099,127.036
782.2,7.50967,2.57028,86.7718,77.7003,128.986,2.98824,-59.6099,124.79
782.22,7.51343,2.49742,86.7718,78.1647,129.628,2.98824,-59.6099,123.891
782.24,7.51343,2.49742,86.1757,78.1647,131.553,2.98824,-74.1881,126.586
782.26,7.5103,2.51203,85.7173,78.0718,131.553,2.98824,-74.1881,129.282
782.28,7.51217,2.436,84.7574,78.3033,134.344,2.62563,-74.1881,131.073
782.3,7.51155,2.64561,83.4707,78.4898,137.562,2.83378,-74.1881,132.875
782.32,7.51406,2.433,81.8202,78.9078,141.762,2.83378,-74.1881,134.672
782.34,7.51406,2.42858,80.129,79.093,146.938,2.83378,-74.1881,135.12
782.36,7.51218,2.54792,78.2899,79.2329,151.913,2.83378,-74.1881,133.324
782.38,7.51155,2.44778,78.2899,79.558,155.646,2.83378,-61.7719,131.977
782.4,7.51468,2.49893,77.0101,79.558,158.38,2.83378,-61.7719,133.768
782.42,7.51594,2.55687,76.1809,79.558,158.388,3.11385,-61.7719,131.977
782.44,7.51594,2.56005,75.9517,79.6044,159.263,2.84649,-61.7719,133.324
782.46,7.51782,2.60771,76.0888,79.4655,159.496,2.84649,-61.7719,140.042
782.48,7.51532,2.61591,76.0434,79.6973,159.963,2.84649,-61.7719,143.207
782.5,7.51657,2.44746,75.9975,79.7438,160.197,2.84649,-61.7719,149.047
782.52,7.53971,2.56882,76.0889,79.8827,159.848,2.84649,-72.9391,147.255
782.54,7.53978,2.56973,76.5018,79.8367,158.797,2.84649,-72.9732,148.148
782.56,7.5379,2.46321,76.5018,79.8367,158.563,3.30218,-72.9732,151.293
782.58,7.53852,2.45281,77.5531,79.9293,158.563,2.54925,-72.9732,154.428
782.6,7.5379,2.55113,79.1152,79.976,158.68,2.54694,-72.9732,157.582
782.62,7.54166,2.55114,80.5823,80.2547,160.255,2.54694,-72.9732,158.929
782.64,7.54166,2.51662,81.6793,80.2547,163.221,2.54694,-72.9732,156.69
782.66,7.54292,2.54439,82.6913,80.4404,167.431,2.54694,-71.7995,152.64
782.68,7.54605,2.51416,83.7,80.4869,171.106,2.54694,-71.7995,152.64
782.7,7.5448,2.4948,83.7,80.5333,174.081,3.03934,-71.7995,150.394
782.72,7.54041,2.59535,84.9379,80.5333,175.131,2.78923,-71.7995,146.351
782.74,7.54041,2.61075,86.084,80.5333,174.256,2.78923,-71.7995,145.902
782.76,7.54605,2.49033,87.0927,80.5798,174.256,2.78923,-71.7995,145.902
782.78,7.55043,2.45515,88.0983,80.4872,171.639,2.78923,-71.7995,146.798
782.8,7.55044,2.4615,89.0642,80.5798,169.123,2.78923,-68.5874,146.801
782.82,7.54731,2.53956,90.0728,80.5333,167.197,1.21389,-68.5874,145.902
782.84,7.54731,2.51537,91.1241,80.487,165.394,2.63765,-68.5874,146.35
782.86,7.54794,2.43551,91.1273,80.4869,162.414,2.64201,-68.5874,146.801
782.88,7.55044,2.57235,91.9526,80.5798,158.972,2.64201,-68.5874,142.758
782.9,7.5517,2.48127,92.7753,80.5798,158.972,2.64201,-68.5874,136.936
782.92,7.4965,2.60293,93.328,80.6262,156.288,2.64201,-83.5362,132.875
782.94,7.4965,2.57983,93.8323,80.7191,154.305,2.64201,-83.5362,132.875
782.96,7.47899,2.55305,94.1066,80.7191,153.374,3.12119,-83.5362,133.771
782.98,7.48082,2.56708,94.6576,80.6727,154.596,2.32726,-83.5362,132.426
783,7.48082,2.66173,94.6576,80.6727,154.596,2.32726,-83.5362,131.078
